# UNIQUE PLAYERS: 35
130: 0,1,12,3
60: 24,19,26,3
50: 19,24,26,3
40: 0,12,1,3
40: 24,19,26
39: 0,1,2,3,4
37: 0,1,12
34: 24,26,19,3
31: 24,26,3,19
30: 0,2,1,3,4
30: 0
30: 19,23,24,3,25
29: 26,24,19,3
29: 19,24,26
25: 0,1,2,4,3
24: 26,19,24,3
23: 0,2,1,4,3
22: 0,1,3,12
22: 19,26,24,3
20: 0,3,1,12
20: 24,26,19
19: 19,24,23,25,3
18: 2,0,1,3,4
17: 2,0,1,4,3
17: 0,3
17: 3
17: 19,23,24,25,3
16: 0,1,4,2,3
16: 0,1,2,4
16: 0,1
15: 1,0,12,3
15: 23,24,19,3,25
15: 19,24,3,26
14: 26,24,19
13: 23,19,24,3,25
13: 24,23,19,25,3
13: 24,23,19,3,25
13: 24,19,23,25,3
13: 24,19,23,3,25
12: 24
11: 0,2,1,4
11: 12,0,1,3
11: 19
11: 23,24,19,25,3
11: 19,24,23,3,25
11: 19,23,24,25
11: 19,24,23,25
11: 23,24,19,25
11: 24,19,3,26
10: 0,2,4,1,3
10: 1,0,2,3,4
10: 0,1,4,2
10: 5
10: 19,5
10: 23,19,24,25,3
10: 24,23,19,25
10: 24,19
9: 2,1,0,4,3
9: 1,12,0,3
9: 0,12,1
9: 13
9: 24,23,3,25,19
9: 24,19,23,25
9: 26,24,3,19
8: 1,0,2,4,3
8: 0,1,3,2,4
8: 19,20,5,14,21,13,22
8: 23,24,25,19,3
8: 23,24,3
8: 19,24,3
8: 19,26,24
7: 1,0,4,2,3
7: 2,1,0,3,4
7: 1,2,0,4,3
7: 0,1,3
7: 0,3,12,1
7: 24,23,25,19,3
7: 19,24
6: 0,1,3,4,2
6: 5,3
6: 0,12,3,1
6: 1,0,3,12
6: 20,19,5,14,21,13,22
6: 19,13
6: 24,23,25,3,19
6: 19,24,25,23,3
6: 23,24,3,19,25
6: 19,24,25,23
6: 23,24,19
6: 24,3
5: 2,3,0,1,4
5: 0,2,3,1,4
5: 2,0,1,4
5: 0,2
5: 1,3
5: 1,6,7,8,9,10,5,11,3
5: 8,3
5: 14,20,19,5,21,13,22
5: 14,19,20,5,21,13,22
5: 20,5,21,14,19,13,22
5: 20,19,14,5,21,13,22
5: 20,19,5,21,14,13,22
5: 5,19
5: 24,19,25,23,3
5: 24,3,25,23,19
5: 23,24,19,3
5: 24,23,3
5: 26,24,3
5: 26,19,24
5: 24,26
4: 2,0,3,1,4
4: 0,2,1,3
4: 2,1,0,4
4: 8,10,3
4: 5,9
4: 9,5
4: 1,12,0
4: 12,0,1
4: 5,9,14,15,16,13,17,18
4: 15,14,9,5,16,17,13,18
4: 5,9,15,14,16,13,17,18
4: 5,13
4: 19,5,14,20,21,13,22
4: 5,19,14,20,21,13,22
4: 14,19,5,20,21,13,22
4: 20,19,14,5,13,21,22
4: 5,20,19,14,21,13,22
4: 14,19,5,20,13,21,22
4: 5,20,13
4: 19,23,25,24,3
4: 19,23,3,25,24
4: 24,23,3,19,25
4: 19,3,23,24,25
4: 23,19,24,3
4: 19,23,24,3
4: 19,24,23,3
4: 23,19,24,25
4: 24,19,23
4: 24,23,19
4: 19,24,23
4: 24,3,26,19
4: 19,3,26,24
4: 24,3,19,26
4: 26,24
4: 27,28
3: 0,1,4,3,2
3: 0,4,1,2,3
3: 1,0,3,4,2
3: 4,0,2,1,3
3: 1,4,2,0,3
3: 0,2,4,1
3: 1,2,3
3: 0,2,1
3: 2,3
3: 2
3: 5,9,10
3: 9
3: 12,0,3,1
3: 1,0,12
3: 12
3: 5,9,15,14,16,17,13,18
3: 9,5,15,14,16,13,17,18
3: 14,9,15,5,16,13,17,18
3: 15,9,16,5,14,13,17,18
3: 15,5,9,14,16,17,13,18
3: 5,15,9,14,16,13,17,18
3: 20,5,14,19,21,13,22
3: 5,19,20,14,21,13,22
3: 20,5,13,19,21,14,22
3: 20,14,19,5,21,13,22
3: 19,5,14,20,13,21,22
3: 19,14,20,13,21,5,22
3: 5,20,21,22,13,19,14
3: 19,14,5,20,13,21,22
3: 19,14,20,5,21,13,22
3: 19,14,20,21,5,13,22
3: 13,20,21,5,14,19,22
3: 19,23,3,24,25
3: 24,19,3,23,25
3: 23,25,24,19,3
3: 25,23,24,19,3
3: 24,25,23,3,19
3: 23,19,25,24,3
3: 24,19,23,3
3: 24,23,25,19
3: 19,25,24,23
3: 23,19,24
3: 23,19,3
3: 23,24
3: 19,3
3: 24,19,3
3: 26,19,3,24
3: 24,26,3
3: 29,27
3: 29,30
3: 27
2: 4,2,0,1,3
2: 1,4,0,2,3
2: 1,0,3,2,4
2: 0,3,1,2,4
2: 1,2,0,3,4
2: 0,3,4,2,1
2: 4,1,2,0,3
2: 2,4,1,0,3
2: 2,0,1,3
2: 0,4,1,2
2: 2,1,4,0
2: 2,0,1
2: 0,1,4
2: 2,1,3
2: 0,1,2
2: 1,2
2: 1
2: 5,9,1,10,6,7,8,11,3
2: 8,7,3,11,1,9,10,6,5
2: 3,1,6,7,8,9,10,5,11
2: 9,5,1,6,7,8,10,11,3
2: 9,10,5,1,8,7,11,3,6
2: 8,7,1,9,3,6,10,5,11
2: 9,5,10,1,6,7,8,11
2: 8,10,1,9,3
2: 5,9,10,1,3
2: 9,5,1,3
2: 9,5,1,10
2: 8,10,7,3
2: 1,9,5
2: 9,10,1
2: 9,5,3
2: 5,1
2: 12,3,1,0
2: 12,1,0,3
2: 1,0
2: 9,16,5,15,14,13,17,18
2: 15,9,14,16,5,13,17,18
2: 9,16,15,13,17,14,5,18
2: 9,5,14,15,16,18,17,13
2: 16,9,5,15,14,13,17,18
2: 5,15,9,14,16,17,13,18
2: 5,9,14,15,16,13,18,17
2: 15,9,5,14,16,17,18,13
2: 15,5,9,14,17,16,13,18
2: 9,5,16,15,14,17,13,18
2: 5,9,15,14,17,16,13,18
2: 5,14,15,9,16,17,13,18
2: 15,9,5,14,16,13,18,17
2: 9,15,14,5,16,17,13,18
2: 5,13,15,17,9,14,18,16
2: 15,9,14,5,16,17,13,18
2: 5,9,16,15,14,13,17,18
2: 9,15,16,5,14,17,13,18
2: 9,14,15,5,16,13,17,18
2: 5,9,14,15,17,16,13,18
2: 15,14,9,5,16,13,17,18
2: 9,13,14,16,17,15,5,18
2: 9,5,15,16,14,13,17,18
2: 16,15,9,5,14,13,17,18
2: 5,15,14,9,16,13,17,18
2: 5,16,9,14,15,17,13,18
2: 9,5,14,15,16,13,17,18
2: 5,9,15,14,16,17,18,13
2: 9,14,5,15,16,17,13,18
2: 17,15,9,5,14,16,13,18
2: 9,5,14,15,16,17,13,18
2: 9,5,15,14,16,17,13,18
2: 5,17,15,9,14,16,13,18
2: 5,9,16,14,15,13,17,18
2: 14,15,17,9,5,18,16
2: 9,14,15,5,16,18,17
2: 5,9,14,13
2: 15,14,5,13
2: 14,15,5,9
2: 9,5,13
2: 5,18,15
2: 9,5,14
2: 5,15,9
2: 14,15,16
2: 5,9,14
2: 15,5,14
2: 14,13
2: 16
2: 5,14
2: 19,14,20,5,13,21,22
2: 19,5,20,14,21,13,22
2: 14,20,19,13,21,5,22
2: 20,14,19,21,13,5,22
2: 19,5,22,20,21,14,13
2: 19,14,20,21,13,5,22
2: 19,14,5,21,20,13,22
2: 5,19,14,13,21,20,22
2: 20,19,14,13,21,5,22
2: 5,20,13,14,19,21,22
2: 19,5,20,14,22,21,13
2: 5,13,21,20,14,19,22
2: 19,20,5,22,21,14,13
2: 19,14,5,22,20,21,13
2: 20,5,13,21,14,19,22
2: 19,20,5,21,14,13,22
2: 20,5,19,21,14,13,22
2: 5,14,20,19,21,22,13
2: 20,5,13,14,19,21,22
2: 20,19,13,5,14,21,22
2: 5,22,20,19,21,14,13
2: 20,14,5,19,21,13,22
2: 20,14,19,5,13,21,22
2: 19,14,5,20,21,13,22
2: 20,5,13,22,19,21,14
2: 19,5,20,21,14,13,22
2: 14,5,19,20,22,21,13
2: 19,5,22,20,21,14
2: 14,19,20,5,22,21
2: 20,19,21,14,5,22
2: 20,5,19,21,14,13
2: 19,5,20,14,21,13
2: 5,19,20,14,21,13
2: 19,21,14,20,13
2: 14,5,20,19,13
2: 20,19,14,13
2: 19,20,14,13
2: 20,5,21,13
2: 14,19,5,13
2: 14,20,13
2: 19,5,13
2: 20,5,14
2: 5,14,19
2: 5,19,14
2: 19,5,20
2: 5,20
2: 5,22
2: 14
2: 23,19,3,24,25
2: 24,19,25,3,23
2: 25,24,19,23,3
2: 19,24,3,23,25
2: 19,25,24,23,3
2: 19,24,3,25,23
2: 23,24,3,25,19
2: 23,24,25,3
2: 23,19,25,24
2: 19,23,25,24
2: 24,23,25,3
2: 24,19,25,23
2: 24,23
2: 23,19
2: 23
2: 26,3,19,24
2: 19,3,24,26
2: 19,26,3,24
2: 19,26
2: 26,19
2: 26
2: 30,31,32,27,28,29,33,34
2: 29,28,27,31,30,33,32,34
2: 27,28,30,29,31,33,32,34
2: 33,27,30
2: 29,27,33
2: 29,27,30
2: 27,29
2: 27,33
2: 28,27
1: 2,1,4,0,3
1: 0,3,2,4,1
1: 1,3,0,2,4
1: 2,0,4,1,3
1: 0,4,2,1,3
1: 1,2,3,0,4
1: 3,2,4,1,0
1: 1,2,4,0,3
1: 2,4,3,1,0
1: 4,2,1,0,3
1: 1,0,4,3,2
1: 0,3,1,4,2
1: 2,3,4,1,0
1: 4,1,2,3,0
1: 4,1,0,2,3
1: 4,0,1,2,3
1: 0,4,3,1,2
1: 3,0,1,4,2
1: 0,3,2,1,4
1: 2,1,3,0,4
1: 2,1,3,4,0
1: 2,3,1,4,0
1: 0,2,4,3
1: 1,3,0,2
1: 1,0,2,4
1: 2,4,0,1
1: 1,0,4,2
1: 1,4,0,2
1: 1,0,4,3
1: 2,0,4,1
1: 0,3,2,1
1: 0,1,2,3
1: 1,2,0,4
1: 1,0,2
1: 0,2,4
1: 0,4,1
1: 0,2,3
1: 2,1,4
1: 1,4
1: 2,4
1: 2,0
1: 4
1: 8,7,9,5,1,6,10,3,11
1: 5,9,7,10,1,3,11,6,8
1: 10,1,9,7,6,5,8,11,3
1: 8,10,9,5,7,1,11,3,6
1: 9,10,1,8,11,7,5,6,3
1: 1,8,9,3,11,10,7,5,6
1: 9,1,3,8,10,6,7,5,11
1: 5,8,1,6,7,9,10,11,3
1: 1,8,3,6,7,9,10,5,11
1: 5,8,7,9,1,10,3,6,11
1: 1,10,8,9,3,6,7,11,5
1: 8,1,9,10,3,7,5,6,11
1: 5,9,1,6,7,3,8,10,11
1: 1,8,9,3,10,11,7,5,6
1: 3,6,10,9,1,7,8,5,11
1: 3,8,1,11,9,7,10,5,6
1: 10,7,1,8,9,5,6,11,3
1: 11,10,3,9,8,7,6,1,5
1: 5,1,7,9,11,3,6,8,10
1: 1,9,10,11,7,5,3,6,8
1: 1,9,8,3,10,11,6,7,5
1: 8,10,5,9,1,7,3,11,6
1: 8,10,1,9,5,3,6,7,11
1: 10,8,9,5,1,7,3,11,6
1: 8,7,9,1,10,5,3,11,6
1: 8,9,10,1,5,7,6,11,3
1: 1,9,8,10,7,6,11,3,5
1: 1,7,8,6,11,9,10,3,5
1: 8,10,1,7,9,5,6,3,11
1: 9,1,5,10,8,3,6,7,11
1: 8,1,3,9,11,10,7,6,5
1: 1,9,10,3,6,7,8,11,5
1: 9,5,1,10,7,3,6,11,8
1: 9,8,5,10,1,7,3,6,11
1: 8,7,3,10,6,11,5,9,1
1: 1,7,8,11,6,10,9,3,5
1: 9,5,3,1,6,7,8,11,10
1: 8,11,1,3,7,6,10,9,5
1: 7,3,8,1,10,9,5,11,6
1: 5,9,7,8,10,3,1,6,11
1: 9,8,5,10,3,1,11,6,7
1: 1,11,9,7,3,8,10,6,5
1: 9,8,1,5,10,7,3,11,6
1: 10,1,8,6,7,11,3,9,5
1: 9,8,5,3,1,7,10,6,11
1: 7,9,8,1,5,10,6,11,3
1: 8,10,1,7,9,5,11,3,6
1: 1,9,3,10,11,7,8,5,6
1: 10,9,8,5,1,11,7,3,6
1: 5,9,1,8,10,11,7,6,3
1: 8,5,3,1,6,7,9,10,11
1: 5,10,8,9,7,11,1,6,3
1: 9,8,10,3,1,6,7,5,11
1: 5,1,7,10,9,6,8,11,3
1: 8,3,11,5,10,9,7,6,1
1: 8,7,11,3,1,10,6,9,5
1: 8,10,7,3,1,9,11,6,5
1: 1,5,6,10,11,7,9,8,3
1: 8,7,1,9,10,5,6,11,3
1: 5,9,10,1,8,7,11,6,3
1: 8,7,1,10,3,11,9,6,5
1: 7,8,3,1,6,9,10,5,11
1: 5,9,10,7,8,3,6,11,1
1: 8,7,1,5,10,9,6,3,11
1: 1,9,7,10,3,6,11,8,5
1: 8,9,1,5,7,10,11,6,3
1: 1,9,5,11,7,10,8,3,6
1: 7,8,10,9,5,11,1,6,3
1: 9,10,8,5,1,6,7,11,3
1: 5,9,1,10,8,6,7,11,3
1: 9,1,10,5,7,8,3,6,11
1: 9,5,8,10,1,3,6,7,11
1: 1,8,7,10,11,6,3,9,5
1: 5,9,7,10,8,1,6,11,3
1: 5,9,10,3,1,6,7,8,11
1: 10,5,6,1,7,8,9,11,3
1: 9,5,10,1,7,6,8,11,3
1: 8,1,6,7,10,3,9,5,11
1: 7,8,10,9,1,3,6,5,11
1: 8,7,1,11,6,9,10,5,3
1: 1,8,9,7,10,6,5,11,3
1: 7,8,10,9,6,1,3,5,11
1: 10,1,6,7,8,9,5,11,3
1: 6,9,10,11,7,1,8,5,3
1: 9,5,8,1,7,10,3,11,6
1: 8,7,11,6,3,1,10,9,5
1: 9,5,7,6,1,10,3,8,11
1: 9,8,5,7,1,10,6,11,3
1: 9,10,5,7,8,1,3,6,11
1: 5,10,1,6,7,8,9,11,3
1: 8,1,9,10,5,6,7,11,3
1: 5,9,1,10,7,3,11,6,8
1: 8,11,3,1,7,9,10,6,5
1: 10,1,8,9,5,7,11,3,6
1: 8,1,9,10,5,11,7,3,6
1: 9,1,6,10,5,11,3,8,7
1: 9,5,1,10,3,11,6,7,8
1: 1,11,6,7,8,3,9,10,5
1: 8,7,3,11,6,10,1,9,5
1: 8,7,10,1,9,3,6,11,5
1: 10,9,8,1,5,3,11,7,6
1: 1,9,8,10,3,5,7,6,11
1: 8,7,9,11,10,5,1,6,3
1: 9,5,1,10,7,6,8,11,3
1: 9,10,1,6,7,8,11,3,5
1: 5,1,6,8,9,10,11,3,7
1: 8,10,1,7,9,6,11,3,5
1: 10,9,7,8,1,11,3,6,5
1: 1,9,8,10,7,11,5,6,3
1: 9,8,5,1,10,3,6,7,11
1: 8,10,7,9,5,1,11,6,3
1: 1,10,7,9,5,8,6,11,3
1: 10,8,3,1,6,7,9,5,11
1: 8,1,7,3,9,10,6,11,5
1: 1,9,7,10,5,8,11,6,3
1: 5,10,8,7,1,9,6,11,3
1: 7,10,8,9,1,11,3,5,6
1: 7,9,8,5,1,10,3,6,11
1: 5,10,9,1,8,11,7,6,3
1: 5,9,1,10,11,3,6,7,8
1: 8,9,1,10,5,3,6,7,11
1: 9,1,10,5,7,11,3,6,8
1: 8,3,7,6,10,11,1,9,5
1: 9,1,10,5,7,8,3,11,6
1: 5,10,7,1,8,9,6,11,3
1: 8,1,9,7,11,3,6,10,5
1: 8,10,5,9,7,1,6,3,11
1: 5,10,9,8,1,6,7,11,3
1: 1,6,7,8,9,10,11,5,3
1: 8,5,10,1,9,7,3,6,11
1: 5,1,6,7,8,9,10,11,3
1: 7,10,1,8,9,5,11,6,3
1: 5,9,3,1,11,10,8,7,6
1: 8,1,10,5,9,7,3,11,6
1: 10,8,1,3,7,6,11,9,5
1: 8,1,9,10,3,5,7,6,11
1: 10,9,5,1,3,11,7,6,8
1: 5,1,10,9,11,8,7,6,3
1: 7,3,1,6,8,9,10,5,11
1: 5,10,9,1,8,7,11,6,3
1: 8,9,10,7,6,1,11,5,3
1: 8,1,7,5,9,10,11,6,3
1: 8,7,10,6,11,1,9,3,5
1: 5,1,10,6,7,8,9,11,3
1: 5,7,11,10,8,6,1,9,3
1: 8,10,9,5,1,7,6,11,3
1: 8,9,3,10,7,5,1,6,11
1: 5,10,9,8,1,7,3,6,11
1: 1,8,3,10,7,9,11,5,6
1: 8,6,7,10,1,11,3,9,5
1: 8,1,3,6,7,11,9,10,5
1: 10,1,9,8,7,6,11,3,5
1: 8,7,10,1,9,11,5,6,3
1: 8,7,1,3,9,5,10,6,11
1: 10,5,1,6,7,8,9,11,3
1: 6,8,7,10,9,1,11,3,5
1: 8,1,7,11,10,9,3,6,5
1: 10,1,9,5,7,8,11,6,3
1: 8,3,10,7,11,1,6,9,5
1: 9,10,8,5,3,1,6,7,11
1: 5,9,1,8,10,3,6,7,11
1: 5,10,9,1,7,6,11,3,8
1: 7,8,1,10,9,11,3,6,5
1: 5,8,9,1,3,6,7,10,11
1: 8,11,1,7,9,10,3,6,5
1: 1,8,9,3,6,7,10,11,5
1: 9,5,1,3,10,11,6,7,8
1: 3,9,11,1,6,7,8,10,5
1: 5,8,7,1,9,11,10,6,3
1: 1,8,10,7,11,6,3,9,5
1: 9,5,1,6,10,7,11,8,3
1: 8,9,10,5,1,3,11,7,6
1: 5,9,8,10,7,1,11,6,3
1: 8,9,7,1,11,3,10,6,5
1: 7,8,1,3,11,6,5,9,10
1: 7,8,1,10,9,3,11,6,5
1: 10,9,8,5,1,3,7,6,11
1: 9,5,10,1,7,8,11,3,6
1: 8,9,10,1,7,3,5,11,6
1: 9,10,8,5,1,7,6,11,3
1: 1,8,9,3,11,7,6,10,5
1: 7,10,5,8,1,6,9,11,3
1: 5,10,8,9,1,7,11,6,3
1: 8,7,3,11,10,1,6,9,5
1: 11,10,3,1,6,7,8,9,5
1: 10,9,7,8,1,3,5,6,11
1: 8,7,10,1,3,9,5,11,6
1: 10,9,5,1,8,3,6,7,11
1: 8,7,10,1,9,5,3,11,6
1: 9,1,5,3,7,10,8,11,6
1: 1,8,10,7,9,11,3,6,5
1: 1,10,9,3,11,5,8,6,7
1: 8,10,7,3,1,11,9,6,5
1: 5,10,3,1,6,7,8,9,11
1: 1,11,5,10,9,6,3,8,7
1: 10,9,5,8,7,1,11,3,6
1: 1,10,8,5,7,3,6,9,11
1: 8,7,1,5,9,10,11,3,6
1: 1,9,8,10,7,11,5,3,6
1: 9,8,1,10,5,3,6,7,11
1: 10,8,9,6,1,11,7,3,5
1: 8,7,1,9,3,10,5,6,11
1: 5,9,1,3,11,10,8,7,6
1: 8,7,1,9,10,5,3,6,11
1: 1,8,7,11,9,10,5,3,6
1: 5,11,10,9,8,7,6,1,3
1: 8,10,1,11,6,7,9,5,3
1: 9,5,1,10,3,8,6,7,11
1: 1,9,5,8,10,11,7,6,3
1: 9,5,10,6,8,1,3,7,11
1: 8,5,1,9,6,7,10,11,3
1: 10,8,1,7,11,3,6,9,5
1: 8,1,10,9,7,5,3,6,11
1: 8,7,9,10,1,5,3,11,6
1: 1,8,9,10,5,3,7,11,6
1: 9,5,1,8,10,3,7,6,11
1: 1,6,7,8,9,10,11,3,5
1: 10,3,1,6,7,8,9,5,11
1: 8,10,1,6,7,9,5,11,3
1: 8,9,7,1,10,5,3,11,6
1: 9,10,5,1,8,3,6,7,11
1: 8,1,10,9,6,7,11,3,5
1: 8,9,10,7,11,1,6,3,5
1: 8,5,9,7,10,1,6,11,3
1: 8,11,1,3,6,7,10,9,5
1: 1,9,10,7,8,11,6,5,3
1: 1,8,7,10,9,3,6,5,11
1: 8,3,9,10,1,7,5,6,11
1: 9,8,10,5,1,7,11,6,3
1: 10,1,7,8,9,3,6,5,11
1: 1,8,11,10,7,3,9,6,5
1: 5,11,3,1,6,7,8,9,10
1: 8,9,5,7,10,3,11,1,6
1: 9,5,7,8,10,3,1,6,11
1: 8,9,1,5,6,7,10,11,3
1: 9,5,10,1,3,8,6,7,11
1: 9,5,8,10,3,11,1,7,6
1: 9,1,3,8,11,6,7,10,5
1: 8,7,3,9,10,1,6,11,5
1: 9,5,10,8,1,7,3,6,11
1: 6,5,8,7,10,9,1,11,3
1: 8,5,10,1,11,9,7,6,3
1: 5,9,8,7,10,3,1,6,11
1: 1,9,10,11,3,5,8,6,7
1: 8,9,5,7,1,6,10,11,3
1: 8,7,1,10,5,9,3,11,6
1: 5,9,10,7,8,3,1,11,6
1: 8,3,1,6,7,9,10,11,5
1: 8,10,7,1,9,3,6,11,5
1: 10,7,8,1,5,9,3,11,6
1: 5,1,9,10,8,3,6,7,11
1: 9,1,6,5,11,7,10,8,3
1: 9,5,8,7,3,10,1,11,6
1: 10,9,1,5,7,8,3,6,11
1: 8,10,9,1,5,11,3,7,6
1: 9,1,5,7,8,10,6,11,3
1: 10,1,8,6,7,3,9,5,11
1: 9,8,3,10,7,1,6,5,11
1: 10,8,7,6,3,1,11,9,5
1: 8,10,9,3,1,7,5,6,11
1: 10,8,1,9,5,3,11,6,7
1: 8,5,1,9,10,6,7,11,3
1: 1,10,8,7,11,3,9,5,6
1: 8,1,9,10,5,7,6,11,3
1: 10,1,8,6,11,7,3,9,5
1: 8,7,1,6,10,11,3,9,5
1: 9,10,1,5,3,6,7,8,11
1: 8,7,3,11,1,6,9,10,5
1: 10,1,8,6,7,9,11,3,5
1: 8,7,9,1,10,11,6,5,3
1: 9,1,10,8,5,7,11,6,3
1: 9,8,10,1,11,5,7,3,6
1: 8,9,1,10,5,7,11,3,6
1: 1,10,7,5,6,8,9,11,3
1: 8,10,7,9,5,1,11,3,6
1: 9,10,7,8,5,3,1,6,11
1: 1,7,8,9,10,11,3,6,5
1: 8,10,9,5,7,3,11,1,6
1: 1,8,7,9,10,3,5,11,6
1: 8,9,5,6,1,10,7,3,11
1: 5,10,1,9,8,7,6,11,3
1: 9,5,8,10,1,6,7,11,3
1: 5,10,9,1,7,6,8,11,3
1: 1,10,9,5,3,6,7,8,11
1: 9,1,8,10,7,11,5,3,6
1: 8,3,9,11,1,5,10,6,7
1: 8,7,10,9,5,1,3,6,11
1: 9,10,5,1,6,7,8,11,3
1: 5,9,7,1,8,10,6,11
1: 1,9,8,11,7,10,5,6
1: 8,7,10,1,9,11,6,5
1: 8,10,1,7,9,3,6,11
1: 5,9,8,10,1,7,11,6
1: 7,8,10,9,1,5,6,11
1: 8,7,1,10,11,9,5,6
1: 8,7,1,10,9,5,6,11
1: 5,1,9,10,6,7,8,11
1: 7,6,8,5,9,10,1,11
1: 8,7,10,1,5,9,6,11
1: 1,10,8,9,7,5,6,11
1: 1,6,7,8,9,10,11,3
1: 9,5,10,1,7,8,11,6
1: 8,1,9,5,10,6,7,11
1: 9,7,5,11,10,8,1,6
1: 1,9,5,10,8,7,11,6
1: 9,5,1,10,6,7,8,11
1: 8,10,1,9,7,5,6,11
1: 9,5,1,6,7,8,10,11
1: 9,5,8,10,1,7,6,11
1: 9,5,1,6,8,10,11,7
1: 8,9,5,1,7,6,10,11
1: 1,11,8,6,7,10,9,5
1: 8,9,10,7,1,6,5,11
1: 10,5,1,7,9,6,8,11
1: 9,1,7,10,8,6,5,11
1: 1,7,8,9,10,5,6,11
1: 10,5,7,8,9,11,3
1: 7,3,6,1,8,10,11
1: 8,5,10,9,7,1,3
1: 10,9,8,5,7,1,3
1: 5,1,10,9,8,11,3
1: 8,1,11,10,9,6,3
1: 8,10,5,9,1,7,3
1: 8,6,11,7,10,1,3
1: 5,9,10,1,7,3
1: 10,9,8,5,1,3
1: 10,8,5,9,1,3
1: 8,10,6,7,9,3
1: 8,5,10,6,1,11
1: 10,1,11,5,9,3
1: 5,9,1,10,8,3
1: 5,1,10,9,8,3
1: 7,8,1,6,9,3
1: 5,9,10,8,1,3
1: 1,8,9,10,5,3
1: 8,7,9,1,5,3
1: 10,5,7,9,8,3
1: 9,5,8,1,10,3
1: 3,1,5,8,9
1: 5,1,11,10,9
1: 1,9,5,8,3
1: 7,10,1,5,8
1: 8,5,10,9,3
1: 9,1,5,8,3
1: 9,5,8,11,3
1: 9,7,8,1,10
1: 10,1,5,9,3
1: 10,1,8,9,3
1: 9,10,5,1,3
1: 5,10,8,9,11
1: 8,9,1,5,7
1: 1,5,9,11,3
1: 8,9,5,1,3
1: 7,8,10,1,5
1: 10,9,5,1,3
1: 10,9,5,11,3
1: 5,9,3,1,10
1: 9,8,5,7,3
1: 7,9,10,5,8
1: 5,10,9,3
1: 5,9,3,1
1: 1,7,8,10
1: 9,8,5,3
1: 8,5,10,7
1: 8,7,1,10
1: 9,10,5,1
1: 9,11,5,3
1: 10,1,7,8
1: 10,9,1,8
1: 8,7,10,1
1: 10,5,9,1
1: 10,5,8,3
1: 3,10,9,1
1: 10,1,5,3
1: 8,9,3,1
1: 8,10,7,1
1: 9,5,8,3
1: 8,7,10,3
1: 9,5,8
1: 9,11,3
1: 8,5,10
1: 8,7,3
1: 9,1,10
1: 10,9,8
1: 10,1,3
1: 8,9,3
1: 5,1,9
1: 5,10,3
1: 9,5,1
1: 5,1,3
1: 9,1,5
1: 1,10,9
1: 8,7,1
1: 10,5,11
1: 10,9
1: 10,3
1: 8,7
1: 8,5
1: 11,5
1: 9,1
1: 5,10
1: 10
1: 8
1: 12,1,3,0
1: 1,12,3,0
1: 12,3,0,1
1: 3,1,12,0
1: 3,0,12,1
1: 12,0,3
1: 12,1,0
1: 12,1,3
1: 0,12,3
1: 1,0,3
1: 3,12
1: 3,0
1: 0,12
1: 12,3
1: 9,15,17,5,14,16,13,18
1: 15,9,14,5,16,18,17,13
1: 5,17,13,9,16,15,14,18
1: 5,15,9,14,18,16,17,13
1: 9,16,15,5,17,14,13,18
1: 15,9,5,18,17,16,14,13
1: 5,9,16,13,15,14,17,18
1: 14,9,15,5,13,17,16,18
1: 14,9,15,13,16,5,17,18
1: 15,14,5,9,13,16,17,18
1: 5,14,15,16,9,17,13,18
1: 9,14,16,15,5,13,17,18
1: 16,5,9,14,15,13,17,18
1: 9,16,5,15,14,17,13,18
1: 5,14,9,15,16,18,17,13
1: 15,9,14,16,13,5,17,18
1: 5,15,16,9,14,13,18,17
1: 9,5,16,17,15,14,13,18
1: 5,9,14,16,15,13,17,18
1: 9,14,15,17,5,16,13,18
1: 16,13,5,9,14,15,17,18
1: 5,14,15,9,16,13,18,17
1: 5,16,15,14,9,18,13,17
1: 9,16,5,14,15,17,13,18
1: 9,15,14,5,17,16,13,18
1: 14,5,9,13,15,17,16,18
1: 5,9,15,13,14,16,17,18
1: 5,9,16,13,14,15,18,17
1: 5,9,14,15,16,18,13,17
1: 18,16,13,14,5,15,17,9
1: 16,14,15,18,13,5,17,9
1: 16,14,17,9,13,15,5,18
1: 14,15,5,9,16,17,18,13
1: 9,16,5,17,15,13,14,18
1: 13,14,9,16,17,15,5,18
1: 13,15,9,14,5,16,17,18
1: 15,17,9,5,14,16,13,18
1: 14,15,9,5,16,13,18,17
1: 9,15,5,14,16,13,17,18
1: 14,9,16,5,15,13,17,18
1: 14,5,9,15,16,13,17,18
1: 14,5,16,9,18,15,17,13
1: 15,9,14,5,16,18,13,17
1: 9,5,16,15,17,14,13,18
1: 16,14,9,15,13,17,18,5
1: 15,17,16,13,9,14,5,18
1: 5,14,17,9,15,16,13,18
1: 9,16,15,5,14,13,17,18
1: 5,14,9,15,13,16,17,18
1: 14,5,15,9,16,13,17,18
1: 5,15,9,14,13,16,17,18
1: 5,13,9,14,15,18,17,16
1: 5,14,15,17,9,16,13,18
1: 9,15,5,14,13,16,17,18
1: 14,5,9,15,13,18,16,17
1: 14,13,9,5,16,15,17,18
1: 15,9,14,5,16,13,17,18
1: 5,9,16,15,14,18,13,17
1: 9,14,18,16,15,5,13,17
1: 9,15,16,14,5,13,17,18
1: 5,14,9,17,15,18,16,13
1: 15,9,14,16,13,17,5,18
1: 5,15,9,17,16,14,13,18
1: 15,14,5,9,16,17,13,18
1: 5,14,16,17,15,9,18,13
1: 14,5,9,15,16,17,13,18
1: 9,5,15,14,16,18,17,13
1: 16,5,15,9,17,14,13,18
1: 5,14,15,9,18,16,13,17
1: 14,15,9,5,16,13,17,18
1: 15,9,14,18,16,5,13,17
1: 5,9,16,13,15,18,17,14
1: 17,9,15,14,5,13,16,18
1: 9,5,15,14,13,16,17,18
1: 15,5,9,14,13,16,17,18
1: 16,17,13,15,9,5,14,18
1: 15,14,17,5,9,16,13,18
1: 5,16,17,15,9,14,18,13
1: 5,14,9,15,16,13,17,18
1: 15,16,9,13,14,5,17,18
1: 9,16,15,5,14,17,13,18
1: 15,9,5,14,16,13,17,18
1: 5,14,17,16,13,18,9,15
1: 9,14,16,13,5,15,17,18
1: 5,14,17,15,9,16,18,13
1: 16,13,14,15,17,9,5,18
1: 5,14,15,13,17,9,18,16
1: 5,9,15,17,14,18,16,13
1: 9,15,16,17,5,14,13,18
1: 9,5,16,14,15,17,13,18
1: 15,5,9,13,18,16,14,17
1: 16,15,9,5,14,17,13,18
1: 14,13,5,15,9,16,17,18
1: 5,16,9,15,14,17,13,18
1: 9,14,13,15,17,5,18,16
1: 14,15,9,5,16,17,13,18
1: 9,5,14,15,13,16,17,18
1: 14,16,17,13,9,15,5,18
1: 16,15,17,5,14,13,18,9
1: 13,15,17,9,5,14,16,18
1: 5,14,9,16,13,17,15,18
1: 15,9,5,14,16,17,13,18
1: 9,5,13,15,14,16,18,17
1: 16,15,13,14,17,9,5,18
1: 14,9,15,16,5,13,17,18
1: 9,5,14,16,15,17,18,13
1: 15,5,9,17,14,16,13,18
1: 5,9,15,17,14,16,13,18
1: 5,9,15,13,16,17,14,18
1: 16,9,5,14,15,17,18,13
1: 15,9,5,16,13,17,14,18
1: 5,9,16,14,15,17,13,18
1: 15,14,5,16,9,13,17,18
1: 5,13,18,15,16,9,14,17
1: 14,15,5,17,9,18,16,13
1: 5,9,15,16,14,17,13,18
1: 5,15,9,14,13,18,16,17
1: 9,14,15,16,13,17,5,18
1: 14,15,17,9,5,18,16,13
1: 13,14,9,16,15,5,17,18
1: 9,5,13,15,14,16,17,18
1: 14,9,13,16,17,5,15,18
1: 16,15,5,9,14,18,13,17
1: 14,9,15,16,17,13,5,18
1: 15,9,14,13,17,5,18,16
1: 5,9,16,13,15,17,14,18
1: 15,5,14,9,13,16,17,18
1: 15,17,9,14,16,5,13,18
1: 16,13,9,14,5,17,15,18
1: 9,5,15,14,16,17,18,13
1: 5,9,17,14,15,16,13,18
1: 15,5,14,9,16,17,13,18
1: 5,15,17,9,13,16,14,18
1: 9,15,14,13,17,5,18,16
1: 15,5,14,17,9,16,13,18
1: 14,16,5,15,9,17,13,18
1: 5,15,9,16,14,17,18,13
1: 5,15,14,17,9,16,13,18
1: 9,18,15,14,16,17,5,13
1: 9,16,15,13,17,18,14,5
1: 9,18,13,17,5,16,15,14
1: 16,9,15,5,14,17,13,18
1: 16,9,14,15,17,5,18,13
1: 9,5,15,14,17,13,16,18
1: 13,5,9,15,14,17,16,18
1: 5,9,13,16,15,14,17,18
1: 14,9,13,16,18,17,15,5
1: 9,5,14,16,15,13,17,18
1: 9,15,13,5,14,16,17,18
1: 9,15,5,14,17,16,13,18
1: 9,14,5,15,13,17,18,16
1: 16,13,17,14,15,5,9,18
1: 9,16,14,5,15,18,17,13
1: 15,9,5,13,14,17,16,18
1: 16,9,5,14,18,13,15,17
1: 9,16,17,15,14,5,13,18
1: 16,15,14,13,17,9,5,18
1: 5,13,15,9,14,17,16,18
1: 16,9,5,18,17,13,14,15
1: 9,14,5,15,17,16,18,13
1: 5,9,15,14,16,13,18,17
1: 9,15,14,16,13,5,17,18
1: 13,15,16,9,5,17,14,18
1: 9,5,16,17,14,15,13,18
1: 16,9,5,14,15,17,13,18
1: 15,9,5,16,14,13,17,18
1: 16,15,17,13,14,5,18,9
1: 14,15,9,5,17,16,13,18
1: 16,13,14,15,17,9,18,5
1: 15,17,5,9,16,13,14,18
1: 16,17,13,9,15,5,14,18
1: 14,13,15,17,9,16,18,5
1: 14,9,16,13,15,5,18,17
1: 5,16,9,14,15,13,17,18
1: 5,9,15,14,16,18,13,17
1: 5,13,16,17,9,14,18,15
1: 5,16,14,15,9,17,13,18
1: 5,14,9,17,15,13,16,18
1: 9,14,15,17,16,13,5,18
1: 14,9,16,5,18,15,17,13
1: 13,5,9,14,16,15,18,17
1: 9,5,14,15,17,16,13,18
1: 9,14,15,13,17,16,18,5
1: 14,9,13,16,15,17,18,5
1: 5,14,9,17,16,15,18,13
1: 17,5,16,9,15,14,13,18
1: 15,9,14,16,18,17,5,13
1: 17,5,15,9,14,16,13,18
1: 5,15,14,9,17,16,18,13
1: 15,9,5,14,17,16,13,18
1: 9,16,15,13,5,17,14,18
1: 16,9,14,15,17,13,5,18
1: 9,15,5,16,14,13,17,18
1: 9,5,15,16,17,14,13,18
1: 9,16,15,14,17,5,13,18
1: 5,9,14,16,15,18,13,17
1: 9,15,5,14,16,17,18
1: 9,5,15,14,16,13,17
1: 15,5,18,9,16,17,14
1: 14,15,9,16,5,13,17
1: 9,14,15,17,16,5,18
1: 5,14,15,18,9,17,16
1: 5,15,9,16,14,17,13
1: 5,15,9,14,17,16,13
1: 15,5,9,14,17,16,13
1: 5,15,14,16,9,17,18
1: 5,14,9,16,15,17,18
1: 5,14,15,9,16,17,13
1: 14,15,9,5,16,17,18
1: 5,9,15,14,16,13,17
1: 15,5,14,9,16,17,13
1: 5,14,9,15,16,17,18
1: 14,15,9,13,17,5,16
1: 15,9,5,14,17,16,18
1: 14,5,15,9,17,18,16
1: 9,15,5,14,17,18,16
1: 9,5,14,15,17,18,16
1: 15,17,9,5,14,18,16
1: 5,14,17,15,9,18,16
1: 9,5,15,14,16,17,18
1: 15,14,9,5,16,17,13
1: 5,14,9,15,18,13
1: 9,5,16,15,14,13
1: 14,9,5,16,15,18
1: 9,5,14,15,16,13
1: 16,14,9,15,5,13
1: 15,5,14,17,9,13
1: 5,14,15,9,16,13
1: 5,9,15,14,16,18
1: 9,5,15,14,16,13
1: 15,9,5,14,16,13
1: 15,14,9,17,13
1: 15,9,14,5,16
1: 9,5,16,17,13
1: 5,15,9,13,16
1: 16,9,15,14,13
1: 15,5,14,9,16
1: 9,5,14,15,16
1: 16,18,9,14,5
1: 5,15,9,16,13
1: 5,14,16,18,13
1: 9,15,14,13
1: 9,15,5,14
1: 14,5,18,9
1: 9,5,15,13
1: 5,16,9,13
1: 9,5,15,14
1: 17,5,14,16
1: 9,5,14,13
1: 5,9,15,14
1: 5,15,9,14
1: 15,14,9,13
1: 14,5,15
1: 5,16,18
1: 9,15,5
1: 9,5,16
1: 5,16,13
1: 9,15,13
1: 5,13,18
1: 16,9,13
1: 5,14,16
1: 9,16,13
1: 17,5,13
1: 14,16,15
1: 5,9,13
1: 16,5,9
1: 14,5,13
1: 5,9,15
1: 9,13
1: 5,15
1: 13,14
1: 14,15
1: 15,13
1: 14,9
1: 18,15
1: 15
1: 20,13,19,14,21,5,22
1: 20,13,21,5,19,14,22
1: 5,19,21,14,22,20,13
1: 5,14,19,20,22,21,13
1: 5,21,20,19,14,13,22
1: 5,19,22,20,21,14,13
1: 5,19,20,22,21,14,13
1: 19,14,21,20,13,5,22
1: 20,5,14,13,21,19,22
1: 5,14,20,21,19,13,22
1: 5,19,20,14,13,21,22
1: 5,19,21,20,22,14,13
1: 5,13,20,21,22,19,14
1: 19,14,20,5,21,22,13
1: 19,14,22,20,5,21,13
1: 14,19,20,13,22,5,21
1: 5,19,14,21,20,13,22
1: 21,13,20,5,19,14,22
1: 20,5,21,22,13,14,19
1: 5,14,20,19,13,21,22
1: 19,20,14,21,13,5,22
1: 20,19,13,5,21,14,22
1: 21,20,5,19,14,13,22
1: 20,19,13,14,21,5,22
1: 20,5,19,22,13,14,21
1: 13,20,21,19,14,5,22
1: 19,13,14,20,21,22,5
1: 19,5,14,20,22,21,13
1: 20,5,19,14,21,13,22
1: 5,20,13,21,19,14,22
1: 5,20,13,19,14,21,22
1: 5,20,21,14,13,19,22
1: 20,13,14,19,21,22,5
1: 20,13,22,19,5,21,14
1: 20,21,13,5,14,19,22
1: 5,20,22,21,13,14,19
1: 5,13,20,21,14,19,22
1: 20,13,19,5,21,14,22
1: 20,5,21,22,13,19,14
1: 14,19,13,5,21,22,20
1: 13,14,20,21,19,5,22
1: 19,5,20,14,21,22,13
1: 14,19,20,5,13,22,21
1: 20,19,14,21,13,5,22
1: 5,22,20,21,14,13,19
1: 19,5,14,22,20,21,13
1: 5,21,20,14,19,22,13
1: 5,21,20,14,13,19,22
1: 5,20,14,21,13,22,19
1: 20,14,13,21,5,19,22
1: 14,5,22,20,21,19,13
1: 5,20,21,14,19,13,22
1: 5,13,22,20,19,21,14
1: 14,20,19,13,5,21,22
1: 20,13,5,21,14,19,22
1: 20,21,5,19,14,13,22
1: 20,19,21,13,14,22,5
1: 19,20,14,5,13,21,22
1: 20,14,5,22,13,21,19
1: 14,20,19,21,13,5,22
1: 14,5,21,19,20,13,22
1: 5,20,13,21,14,19,22
1: 20,5,21,13,22,19,14
1: 20,19,5,13,21,14,22
1: 21,20,5,14,19,13,22
1: 13,22,20,5,21,14,19
1: 20,19,5,22,21,14,13
1: 13,5,14,20,19,21,22
1: 14,5,20,19,21,22,13
1: 20,14,21,19,5,13,22
1: 14,19,5,22,20,21,13
1: 19,20,5,14,13,21,22
1: 20,19,14,21,5,13,22
1: 14,21,5,20,19,22,13
1: 5,20,14,19,13,21,22
1: 13,19,22,20,5,21,14
1: 14,5,20,19,22,21,13
1: 5,19,13,20,22,14,21
1: 5,14,19,20,21,13,22
1: 20,19,22,21,14,5,13
1: 20,14,21,5,19,13,22
1: 19,20,14,13,21,5,22
1: 19,14,20,5,22,21,13
1: 20,5,14,19,13,21,22
1: 19,20,5,13,22,21,14
1: 20,19,14,13,5,21,22
1: 19,14,5,20,13,22,21
1: 14,5,19,13,20,21,22
1: 20,14,19,5,21,22,13
1: 5,19,14,22,20,21,13
1: 20,21,13,5,19,14,22
1: 14,20,5,19,21,13,22
1: 5,19,13,22,20,21,14
1: 19,14,20,13,22,21,5
1: 21,19,20,5,14,13,22
1: 21,19,5,13,14,20,22
1: 20,13,5,14,19,21,22
1: 19,20,14,21,22,5,13
1: 19,14,13,21,22,20,5
1: 5,19,21,13,14,20,22
1: 14,19,5,21,13,20,22
1: 13,20,19,14,5,22,21
1: 5,14,19,13,21,22,20
1: 14,19,5,21,20,13,22
1: 19,14,20,5,13,22,21
1: 20,5,21,13,19,14,22
1: 20,19,5,14,21,22,13
1: 5,14,19,13,20,21,22
1: 13,5,21,14,20,19,22
1: 14,5,19,20,21,13,22
1: 21,5,14,22,20,19,13
1: 20,13,21,19,14,5,22
1: 5,21,20,13,14,22,19
1: 13,20,5,21,19,14,22
1: 20,21,14,19,5,13,22
1: 5,21,20,13,14,19,22
1: 5,14,19,22,20,21,13
1: 14,19,20,5,13,21,22
1: 5,19,20,21,14,13,22
1: 14,20,19,5,21,22,13
1: 20,5,22,19,14,13,21
1: 20,13,19,21,5,14,22
1: 19,14,20,13,5,21,22
1: 20,13,14,22,19,5,21
1: 20,22,5,19,21,14,13
1: 19,5,20,13,14,21,22
1: 5,14,20,19,22,21,13
1: 20,14,5,19,21,22,13
1: 19,14,21,13,5,20,22
1: 20,14,5,19,22,21,13
1: 19,5,21,14,20,13,22
1: 20,5,14,21,19,13,22
1: 19,22,20,21,14,13,5
1: 19,14,13,20,5,21,22
1: 5,14,21,19,20,13,22
1: 20,13,14,19,5,21,22
1: 22,19,5,20,14,21,13
1: 20,13,21,5,22,19,14
1: 20,5,19,13,22,21,14
1: 14,19,20,21,5,22,13
1: 14,19,5,21,20,22,13
1: 19,5,20,14,13,21,22
1: 5,20,13,14,22,19,21
1: 14,13,20,21,19,5,22
1: 5,20,19,22,21,14,13
1: 14,19,5,20,21,22,13
1: 14,5,19,20,21,22,13
1: 19,20,5,21,22,14,13
1: 5,19,14,20,22,21,13
1: 5,13,19,22,20,21,14
1: 5,19,14,13,22,20,21
1: 19,14,13,20,21,5,22
1: 19,5,21,20,14,13,22
1: 19,13,14,20,21,5,22
1: 19,20,13,14,21,5,22
1: 5,22,20,14,13,19,21
1: 5,14,21,13,19,22,20
1: 20,13,5,21,19,14,22
1: 5,20,21,19,14,13,22
1: 14,13,19,5,20,21,22
1: 5,21,14,20,19,13,22
1: 13,20,19,14,21,22,5
1: 5,20,13,21,14,22,19
1: 14,19,20,13,5,21,22
1: 5,20,22,19,21,14,13
1: 13,20,21,14,5,19,22
1: 5,20,19,14,21,22,13
1: 20,14,5,21,19,13,22
1: 5,20,14,21,19,13,22
1: 19,5,21,14,20,22,13
1: 20,5,21,14,13,19,22
1: 19,5,22,20,14,21,13
1: 20,14,19,21,5,22,13
1: 14,5,13,19,21,20,22
1: 19,5,14,13,20,21,22
1: 21,5,14,20,19,13,22
1: 20,14,19,5,13,22,21
1: 14,19,5,22,20,21
1: 20,14,19,21,5,13
1: 19,5,14,22,20,21
1: 19,5,20,22,21,14
1: 20,22,5,19,21,14
1: 19,14,13,5,20,21
1: 5,20,22,21,19,14
1: 19,5,21,22,20,14
1: 5,19,20,22,14,21
1: 5,21,20,13,19,14
1: 5,20,21,14,19,13
1: 20,19,14,5,21,13
1: 22,14,21,5,19,20
1: 19,14,5,22,20,21
1: 19,5,20,14,21,22
1: 20,19,5,14,21,13
1: 5,14,22,20,19,21
1: 14,5,20,21,19,22
1: 19,20,22,5,21,14
1: 19,20,14,5,21,13
1: 19,14,20,5,13,22
1: 5,19,14,22,20,21
1: 5,20,21,19,14,13
1: 19,5,14,20,22,21
1: 19,22,20,21,5,14
1: 14,22,21,19,5,20
1: 5,14,19,21,20,22
1: 20,14,19,21,5,22
1: 5,19,20,14,21,22
1: 14,19,5,20,21,13
1: 14,19,20,5,21,22
1: 19,14,22,20,5,21
1: 14,19,5,20,22,13
1: 5,14,20,19,21,22
1: 5,20,21,22,19,14
1: 14,19,5,21,20,22
1: 14,19,5,20,22,21
1: 5,20,19,22,21,14
1: 20,19,14,13,21
1: 20,5,19,22,13
1: 5,21,20,22,13
1: 14,19,20,5,21
1: 19,14,5,20,21
1: 5,14,20,22,13
1: 20,14,13,19,5
1: 20,13,14,5,21
1: 19,14,5,22,20
1: 5,21,20,19,13
1: 20,14,5,19,13
1: 5,19,13,20,14
1: 5,19,20,14,13
1: 20,14,19,5,13
1: 19,14,5,21,13
1: 14,19,5,21,20
1: 19,20,21,13
1: 14,5,19,13
1: 5,19,20,14
1: 20,5,19,13
1: 20,14,5,13
1: 20,19,5,13
1: 20,5,14,13
1: 19,5,20,13
1: 19,20,5,13
1: 19,5,14,13
1: 20,22,5,13
1: 5,19,14,13
1: 14,19,5,21
1: 13,19,22,14
1: 20,5,19,14
1: 14,5,20,22
1: 21,13,20,5
1: 20,22,21,13
1: 5,22,19,13
1: 19,14,20,13
1: 14,19,5
1: 5,20,14
1: 19,14,5
1: 20,21,13
1: 5,19,20
1: 5,14,21
1: 5,21,13
1: 19,20,14
1: 19,20,5
1: 5,13,19
1: 13,5,19
1: 22,19,5
1: 5,14,13
1: 14,19,20
1: 19,14,13
1: 5,19,21
1: 14,13,19
1: 20,13
1: 21,5
1: 13,20
1: 19,14
1: 14,22
1: 21,13
1: 22
1: 21
1: 20
1: 23,25,24,3,19
1: 24,19,3,25,23
1: 23,25,19,3,24
1: 25,19,24,23,3
1: 24,25,19,23,3
1: 23,24,25,3,19
1: 24,3,23,19,25
1: 23,19,3,25,24
1: 25,23,19,24,3
1: 3,25,24,19,23
1: 23,3,24,25,19
1: 19,3,23,25,24
1: 19,3,25,24,23
1: 25,23,24,3
1: 23,25,24,3
1: 24,25,23,19
1: 23,24,25,19
1: 25,23,24,19
1: 24,25,19,23
1: 23,25,24,19
1: 24,25,19,3
1: 24,23,19,3
1: 24,25,23,3
1: 25,24,3
1: 23,24,25
1: 23,19,25
1: 19,23,3
1: 23,3,24
1: 25,23,24
1: 23,3
1: 19,25
1: 25
1: 3,26,24,19
1: 26,3,24,19
1: 3,24
1: 26,3
1: 27,33,28,31,30,34,32,29
1: 31,30,28,34,27,29,32,33
1: 30,31,29,27,28,32,34,33
1: 30,31,32,29,27,34,28,33
1: 28,29,27,31,34,30,32,33
1: 31,29,27,28,32,34,33,30
1: 27,28,31,29,32,30,33,34
1: 30,27,34,31,28,33,29,32
1: 30,31,28,33,34,29,27,32
1: 29,30,34,27,31,32,28,33
1: 27,33,28,30,31,34,32,29
1: 28,27,30,29,32,31,34,33
1: 30,28,27,29,31,34,32,33
1: 29,30,31,33,28,27,32,34
1: 27,28,29,31,33,30,32,34
1: 31,34,27,28,33,30,32,29
1: 27,28,30,31,29,34,32,33
1: 31,28,27,29,30,33,34,32
1: 27,28,29,30,31,34,33,32
1: 29,33,31,34,28,32,30,27
1: 32,31,27,34,30,28,29,33
1: 27,28,32,31,30,33,29,34
1: 31,27,34,30,28,32,29,33
1: 31,30,33,28,29,32,34,27
1: 27,28,34,30,33,31,32,29
1: 27,28,31,30,29,33,32,34
1: 32,27,28,31,30,34,29,33
1: 27,29,34,32,28,31,30,33
1: 27,28,30,29,31,32,34,33
1: 29,30,27,28,34,31,33,32
1: 29,30,28,34,27,31,32,33
1: 27,28,29,34,32,33,31,30
1: 27,29,31,32,30,33,34
1: 28,29,31,27,33,32,30
1: 29,27,32,30,31,34,28
1: 32,27,29,31,34,30,28
1: 27,28,34,30,29,31,32
1: 29,28,33,27,30,34
1: 32,27,29,33,28,30
1: 30,31,28,27,32,33
1: 32,31,29,30,27,33
1: 34,27,29,30,31,32
1: 29,28,27,30,31,33
1: 29,28,27,34,31,30
1: 31,27,28,30,29,32
1: 29,34,30,27,28,31
1: 27,28,29,31,30,33
1: 27,30,33,29,34
1: 27,28,30,31,33
1: 28,27,32,34,33
1: 28,29,27,30,31
1: 28,27,30,31,33
1: 29,30,31,27,33
1: 27,32,29,31,34
1: 27,32,31,30,33
1: 30,29,33,31,27
1: 29,34,30,31,33
1: 27,30,31,29,33
1: 29,31,34,27,30
1: 29,27,30,34,33
1: 29,30,27,31
1: 28,27,31,30
1: 27,28,29,30
1: 29,27,32,33
1: 28,31,27,33
1: 29,33,30,34
1: 27,29,30,31
1: 28,27,31,29
1: 30,29,31,33
1: 33,27,31,29
1: 31,28,29,34
1: 28,27,33,29
1: 29,31,34,30
1: 30,31,27,32
1: 28,29,27,31
1: 30,29,28,27
1: 29,31,28,33
1: 29,28,27,33
1: 30,29,33,27
1: 29,30,31,33
1: 32,27,31,28
1: 28,31,33,30
1: 27,29,31,30
1: 29,31,28,30
1: 27,34,30
1: 28,27,31
1: 31,30,33
1: 27,28,33
1: 29,28,30
1: 30,29,33
1: 30,31,34
1: 30,32,27
1: 33,29,30
1: 27,29,30
1: 32,31,33
1: 30,34,27
1: 27,30,31
1: 27,29,28
1: 28,27,29
1: 33,30,27
1: 30,33,29
1: 31,32,29
1: 29,30,33
1: 30,29
1: 27,34
1: 32,33
1: 27,30
1: 31,29
1: 30,33
1: 33,30
1: 33
1: 30
