# UNIQUE PLAYERS: 195
5192: 7,13,65
4246: 59,80,23
3823: 59,23,80
3574: 65,7,13
2784: 7,65,13
1603: 92,132,65
1503: 13,7,65
1476: 33,70,127
1463: 33,66,56
1261: 70,33,127
1025: 89,76,99
961: 80,59,23
926: 23,59,80
785: 29,76,187
784: 65,13,7
760: 136,16,101
753: 65,26,10
720: 118,80,23
680: 103,85,109
674: 63,14,44
631: 51,52,53
621: 38,114,101
611: 10,26,65
609: 33,56,66
600: 92,65,132
599: 89,90,91
589: 140,2,123
587: 128,47,38
581: 63,44,14
569: 29,187,76
539: 38,101,114
527: 89,99,76
507: 114,38,101
503: 136,101,16
491: 70,21,55,48
489: 76,89,99
487: 65,10,26
482: 140,159,186
474: 44,63,14
473: 33,127,70
464: 88,14,48
440: 114,101,38
440: 92,36,167
438: 87,90,19
426: 70,71,72
411: 179,60,126
407: 66,72,3
407: 87,1,177
406: 84,85,86
403: 70,72,71
399: 24,25,26
398: 11,108,73
397: 70,55,21,48
396: 42,46,49
396: 36,92,167
388: 68,43,190
383: 76,53,10
382: 88,48,14
381: 133,32,134
373: 70,3,83
365: 87,177,1
356: 92,167,36
355: 24,63,100
355: 71,13,10
354: 14,63,44
352: 85,103,109
350: 83,23,27
347: 89,128,94
345: 102,6,172
343: 65,154,155
341: 59,139,131
331: 4,5,6
331: 70,127,33
322: 90,89,91
319: 70,73,77
319: 133,134,32
316: 24,100,63
316: 76,29,187
315: 15,16,17
315: 70,83,3
315: 101,38,114
315: 26,10,65
313: 10,65,26
309: 76,99,89
307: 118,23,80
303: 35,113,44
303: 140,123,2
302: 113,35,44
300: 96,64,42
298: 32,63,156
296: 128,89,94
290: 11,30,132
289: 65,92,132
286: 66,33,56
285: 146,78,101
284: 47,38,128
283: 187,29,76
282: 101,114,38
279: 70,46,122,48
271: 14,88,48
269: 96,42,64
269: 174,30,175
268: 132,92,65
267: 48,88,14
264: 189,157,123
263: 66,3,72
263: 142,70,74
261: 23,83,27
258: 76,10,53
254: 110,13,26
252: 70,136,122,80
251: 38,47,128
250: 47,128,38
249: 52,51,53
249: 70,142,74
249: 33,89,146
247: 80,118,23
246: 95,52,6
246: 102,144,145
245: 92,93,94
244: 13,65,7
242: 167,92,36
240: 43,68,190
236: 46,42,49
236: 103,138,78
235: 70,192,62
234: 5,4,6
234: 89,91,90
229: 26,65,10
228: 140,65,63,27
225: 111,161,148
225: 103,162,38
225: 33,181,55
224: 87,46,38,27
223: 68,190,43
222: 70,21,48,55
220: 65,140,63,27
219: 44,14,63
216: 148,149,150
216: 80,23,59
214: 24,51,52
213: 108,11,73
213: 66,180,124
212: 111,148,161
211: 158,159,14
210: 71,10,13
208: 24,52,51
207: 187,76,29
206: 52,95,6
206: 59,131,139
205: 6,102,172
203: 32,156,63
200: 146,101,78
200: 103,38,162
199: 33,129,130
199: 161,148,111
198: 149,148,150
197: 24,26,25
197: 111,141,58
197: 102,172,6
195: 51,57,58
194: 11,73,108
191: 178,91,25
190: 85,84,86
189: 52,53,51
189: 103,78,138
186: 66,177,94
185: 70,30,157,14
184: 64,188,150
182: 72,66,3
181: 16,136,101
180: 33,146,89
180: 23,27,83
179: 5,23,193
177: 110,26,13
175: 23,80,59
174: 13,27,28
174: 151,152,55
172: 159,158,14
172: 171,6,23
172: 136,7,32,23
171: 111,58,141
171: 65,155,154
171: 103,194,115
170: 103,99,13,10
170: 30,11,132
169: 140,63,27,65
169: 101,136,16
167: 136,137,48,65
165: 65,81,52,48
165: 37,55,126,13
163: 103,109,85
163: 179,126,60
162: 27,13,28
162: 171,23,6
162: 189,123,157
159: 30,174,175
158: 6,5,4
158: 140,105,18
158: 54,76,173
157: 56,115,116
157: 90,87,19
157: 165,81,166
156: 158,14,159
155: 32,133,134
155: 64,150,188
154: 35,44,113
154: 46,49,42
154: 58,170,10
154: 43,190,68
152: 99,76,89
152: 70,30,14,157
152: 136,7,23,32
151: 128,38,47
151: 156,32,63
150: 42,96,64
150: 111,35,80,10
150: 76,187,29
149: 33,87,124,125
149: 163,21,55
149: 153,30,176
149: 23,5,193
146: 37,126,13,55
146: 33,42,159,32
145: 2,140,123
144: 159,140,186
143: 63,32,156
142: 25,6,67
142: 33,52,31,101
142: 10,13,71
140: 26,110,13
140: 56,33,66
140: 87,19,90
139: 99,89,76
139: 10,76,53
139: 11,132,30
139: 42,85,100,48
138: 53,76,10
138: 55,70,21,48
137: 13,110,26
137: 66,56,33
137: 37,13,126,55
137: 76,54,173
136: 33,55,181
136: 140,184,124
135: 5,6,4
135: 3,66,72
134: 84,86,85
134: 56,66,33
134: 172,102,6
132: 52,6,95
130: 18,3,19
130: 148,161,111
128: 11,12,13,14
128: 167,36,92
127: 111,80,35,10
127: 111,92,120,23
127: 140,18,105
127: 101,16,136
126: 11,106,107
126: 113,44,35
126: 89,94,128
126: 36,167,92
126: 7,136,32,23
125: 3,70,83
125: 48,14,88
125: 42,49,46
125: 70,122,136,80
125: 165,166,81
124: 138,103,78
124: 152,151,55
123: 4,6,5
123: 97,13,98
122: 0,1,2,3
122: 14,48,88
122: 154,65,155
122: 13,71,10
122: 70,140,64,101
121: 90,72,143
121: 54,173,76
120: 51,58,57
120: 33,4,60,79
120: 16,101,136
119: 73,108,11
119: 178,25,91
118: 65,136,137,48
117: 73,11,108
116: 85,109,103
116: 37,135,114
115: 25,67,6
115: 149,52,73,80
115: 153,34,154
113: 33,68,23,69
113: 14,44,63
113: 11,107,106
113: 70,8,112,45
113: 51,52,24
113: 87,78,124,14
113: 130,182,183
112: 140,186,159
111: 40,41,38,13
111: 6,67,25
111: 6,25,67
111: 93,92,94
111: 111,35,10,80
111: 156,63,32
111: 163,55,21
111: 7,136,23,32
110: 65,52,81,48
110: 70,136,80,122
110: 51,136,120,55
110: 70,64,140,101
108: 90,91,89
108: 83,27,23
108: 85,42,100,48
107: 66,124,180
107: 70,122,46,48
107: 130,183,182
106: 13,28,27
106: 11,104,105
106: 40,42,7,76
105: 23,118,80
105: 161,111,148
105: 140,124,184
104: 11,12,14,13
104: 172,6,102
104: 111,136,74,14
104: 40,7,42,76
103: 33,34,35,6
103: 20,30,66,23
103: 103,41,55,48
103: 136,48,137,65
103: 8,137,60,80
103: 33,103,168,169
103: 177,87,1
103: 0,29,46,101
102: 108,73,11
102: 105,140,18
102: 8,31,91,80
101: 23,101,121,65
101: 70,55,48,21
101: 1,87,177
101: 182,183,130
100: 71,70,72
100: 55,9,13,80
100: 133,11,25,65
100: 29,46,0,101
100: 182,130,183
100: 10,170,58
99: 76,35,82
99: 111,8,126,99
98: 140,63,65,27
98: 37,8,147
97: 18,19,3
97: 111,0,85,60
97: 40,87,136,122
97: 70,62,192
97: 149,54,91,10
96: 103,99,10,13
96: 111,80,1,160
96: 33,103,4,94
96: 59,164,102,48
95: 0,64,58,65
95: 115,56,116
95: 33,87,125,124
95: 37,55,13,126
95: 0,46,29,101
94: 33,35,34,6
94: 59,29,32,26
94: 146,33,89
94: 111,38,94,10
94: 90,143,72
94: 84,35,100,44
94: 33,103,169,168
94: 30,153,176
93: 51,53,52
93: 4,62,63
93: 54,119,20
93: 10,71,13
92: 59,47,32,60
92: 61,35,42
92: 33,68,69,23
92: 87,38,46,27
92: 87,46,27,38
92: 97,98,13
92: 37,126,55,13
92: 63,156,32
92: 84,100,35,44
92: 33,42,32,159
92: 55,163,21
92: 29,0,46,101
91: 16,15,17
91: 73,70,77
91: 0,85,111,60
91: 37,114,135
91: 60,126,179
90: 35,49,50
90: 64,96,42
90: 73,3,13,27
90: 111,10,35,80
90: 45,122,91,123
89: 7,8,9,10
89: 80,23,118
89: 111,8,99,126
89: 139,59,131
89: 111,1,80,160
89: 6,172,102
88: 59,47,60,32
88: 20,54,119
88: 33,130,129
88: 30,132,11
88: 103,115,194
87: 15,17,16
87: 91,89,90
87: 92,111,120,23
87: 136,70,122,80
87: 8,37,147
87: 111,38,10,94
87: 72,90,143
87: 70,48,21,55
87: 153,176,30
86: 89,33,146
86: 20,42,39,25
86: 20,42,25,39
86: 13,10,71
86: 136,32,7,23
86: 157,189,123
85: 11,105,104
84: 46,47,23,48
84: 0,58,64,65
84: 0,51,66,55
84: 103,13,99,10
84: 117,36,91,25
84: 127,33,70
84: 148,111,161
84: 33,32,159,42
84: 107,1,27,10
83: 20,21,22,23
83: 78,146,101
83: 33,52,101,31
83: 29,91,131,10
82: 30,114,99,27
81: 40,41,13,38
81: 0,111,85,60
81: 138,78,103
81: 34,153,154
80: 73,27,13,3
80: 127,70,33
80: 137,136,48,65
80: 55,37,126,13
80: 70,157,30,14
80: 33,4,103,94
80: 20,7,66,101
80: 40,7,76,42
79: 8,7,9,10
79: 29,59,32,26
79: 135,114,37
79: 170,58,10
79: 107,1,10,27
78: 35,50,49
78: 106,11,107
78: 140,27,63,65
78: 70,74,142
78: 148,150,149
78: 117,68,1,25
77: 3,18,19
77: 136,65,137,48
77: 102,145,144
77: 72,143,90
77: 27,23,83
76: 70,77,73
76: 55,21,163
76: 33,111,46,8
76: 194,103,115
75: 61,42,35
75: 20,66,30,23
75: 8,73,74,14
75: 14,158,159
75: 70,64,101,140
75: 33,84,76,42
74: 42,64,96
74: 100,63,24
74: 162,103,38
74: 21,163,55
74: 87,78,14,124
73: 4,63,62
73: 46,87,38,27
73: 149,150,148
73: 70,81,9,27
73: 7,32,136,23
72: 50,35,49
72: 89,56,44,65
72: 49,46,42
72: 70,80,136,122
72: 33,89,76,64
72: 51,24,52
72: 40,73,137,38
72: 7,23,136,32
71: 20,22,21,23
71: 103,13,10,99
71: 44,35,113
71: 87,33,124,125
71: 33,87,20,131
71: 37,13,55,126
71: 154,34,153
71: 33,89,64,76
71: 111,136,14,74
71: 70,46,48,122
71: 177,66,94
70: 73,3,27,13
70: 23,80,118
70: 101,23,121,65
70: 123,140,2
69: 51,0,66,55
69: 3,73,13,27
69: 78,103,138
69: 29,102,143,13
69: 101,78,146
69: 54,149,91,10
68: 59,29,26,32
68: 76,82,35
68: 73,13,27,3
68: 52,35,101,102
68: 54,20,119
68: 38,128,47
68: 75,66,108
68: 131,59,139
68: 55,126,13,37
68: 70,140,101,64
67: 59,32,47,60
67: 75,108,66
67: 137,48,136,65
67: 52,149,73,80
67: 153,154,34
67: 37,36,76,185
67: 5,193,23
66: 42,35,61
66: 33,60,4,79
66: 33,87,131,20
66: 135,37,114
66: 55,126,37,13
66: 52,51,24
66: 40,68,170,101
65: 0,2,1,3
65: 70,112,8,45
65: 51,120,136,55
65: 30,70,157,14
65: 105,18,140
65: 33,159,42,32
65: 60,179,126
64: 6,4,5
64: 49,35,50
64: 62,63,4
64: 82,76,35
64: 103,55,41,48
64: 84,36,65,81
64: 129,33,130
64: 132,11,30
64: 140,65,27,63
64: 8,60,137,80
64: 21,70,55,48
64: 76,173,54
64: 180,66,124
63: 27,28,13
63: 6,52,95
63: 84,36,81,65
63: 63,140,27,65
63: 68,117,1,25
63: 7,66,101,20
63: 70,101,64,140
63: 46,70,122,48
62: 29,30,31,32
62: 11,54,55,56
62: 11,54,56,55
62: 62,4,63
62: 73,8,74,14
62: 11,75,55,45
62: 108,75,66
62: 65,140,27,63
62: 2,123,140
62: 159,14,158
62: 33,32,42,159
62: 133,25,11,65
62: 70,27,9,81
62: 140,70,64,101
62: 190,43,68
61: 55,13,9,80
61: 11,75,45,55
61: 56,116,115
61: 32,134,133
61: 141,58,111
61: 20,64,85,3
61: 111,1,160,80
61: 70,9,27,81
61: 170,10,58
61: 20,68,73,150
60: 25,24,26
60: 35,76,82
60: 83,70,3
60: 111,94,38,10
60: 149,73,52,80
60: 34,154,153
60: 63,100,24
60: 33,64,89,76
60: 38,103,162
60: 11,7,31,101
59: 36,37,38,39
59: 50,49,35
59: 42,61,35
59: 111,92,23,120
59: 36,84,81,65
59: 108,66,75
59: 78,101,146
59: 55,23,134,80
59: 0,46,101,29
59: 188,64,150
58: 21,22,23,20
58: 29,59,26,32
58: 103,10,13,99
58: 117,36,25,91
58: 111,85,0,60
58: 111,10,38,94
58: 27,83,23
58: 55,70,48,21
58: 20,66,7,101
58: 66,94,177
58: 58,10,170
58: 192,70,62
57: 42,43,44,45
57: 64,42,96
57: 20,119,54
57: 136,137,65,48
57: 42,20,39,25
57: 33,76,89,64
57: 126,60,179
57: 29,131,91,10
56: 26,13,110
56: 23,12,100,27
56: 55,37,13,126
56: 37,147,8
56: 36,11,137,101
56: 40,68,101,170
56: 42,85,48,100
56: 51,0,54,100
56: 33,84,42,76
55: 8,73,14,74
55: 11,45,75,55
55: 132,30,11
55: 146,89,33
55: 101,146,78
55: 40,73,38,137
55: 7,76,40,42
55: 149,54,10,91
55: 55,27,150,80
54: 59,32,29,26
54: 81,65,52,48
54: 52,48,81,65
54: 29,102,13,143
54: 33,159,32,42
54: 103,33,168,169
54: 140,64,70,101
54: 0,51,54,100
53: 37,36,38,39
53: 49,50,35
53: 58,51,57
53: 52,65,81,48
53: 98,97,13
53: 35,52,101,102
53: 104,11,105
53: 70,8,45,112
53: 54,4,23,81
53: 147,37,8
53: 0,54,51,100
52: 11,56,54,55
52: 52,81,65,48
52: 3,72,66
52: 13,97,98
52: 8,147,37
52: 0,52,137,103
52: 103,33,4,94
52: 32,7,136,23
52: 8,91,31,80
51: 37,30,75,76
51: 52,78,38,6
51: 13,26,110
51: 111,80,10,35
51: 58,111,141
51: 136,70,80,122
51: 51,136,55,120
51: 147,8,37
51: 40,136,87,122
51: 33,31,52,101
51: 1,177,87
51: 0,54,100,51
51: 40,36,1,159
51: 36,37,76,185
51: 65,1,48,191
51: 1,48,191,65
50: 33,35,6,34
50: 57,51,58
50: 105,104,11
50: 58,141,111
50: 103,33,169,168
50: 85,100,42,48
50: 190,68,43
50: 111,33,46,8
49: 0,66,51,55
49: 55,9,80,13
49: 81,52,65,48
49: 52,35,102,101
49: 103,10,99,13
49: 36,84,65,81
49: 10,53,76
49: 65,89,44,56
49: 56,89,44,65
49: 87,33,131,20
49: 66,75,108
49: 64,85,20,3
49: 64,85,3,20
49: 136,111,74,14
49: 10,58,170
48: 36,38,37,39
48: 52,48,65,81
48: 73,13,3,27
48: 65,89,56,44
48: 141,111,58
48: 136,51,120,55
48: 144,102,145
48: 30,70,14,157
48: 84,35,44,100
48: 42,33,159,32
48: 66,7,101,20
48: 7,40,76,42
47: 72,70,71
47: 4,38,13,26
47: 63,27,140,65
47: 29,143,102,13
47: 55,152,151
47: 42,33,32,159
47: 164,59,102,48
47: 11,133,25,65
47: 70,48,55,21
47: 11,7,101,31
47: 40,42,76,7
47: 29,91,10,131
47: 20,68,150,73
46: 8,7,10,9
46: 40,38,41,13
46: 57,58,51
46: 73,8,14,74
46: 95,6,52
46: 66,108,75
46: 123,2,140
46: 12,23,100,27
46: 142,74,70
46: 154,153,34
46: 11,36,137,101
46: 11,36,101,137
46: 7,76,42,40
45: 3,83,70
45: 83,3,70
45: 70,45,8,112
45: 45,91,122,123
45: 8,111,126,99
45: 54,4,81,23
45: 151,55,152
45: 40,87,122,136
45: 73,149,52,80
45: 20,85,3,64
45: 65,132,92
45: 21,55,163
45: 21,70,48,55
45: 70,101,140,64
45: 136,23,7,32
45: 183,182,130
45: 94,66,177
45: 123,189,157
44: 47,46,23,48
44: 0,66,55,51
44: 72,3,66
44: 86,84,85
44: 91,90,89
44: 35,52,102,101
44: 75,11,55,45
44: 38,13,4,26
44: 54,23,4,81
44: 33,20,87,131
44: 134,133,32
44: 152,55,151
44: 128,94,89
44: 85,64,3,20
44: 84,100,44,35
44: 55,134,23,80
44: 68,40,170,101
44: 64,70,140,101
44: 32,136,7,23
44: 8,31,80,91
43: 20,22,23,21
43: 37,36,39,38
43: 52,81,48,65
43: 85,86,84
43: 35,111,80,10
43: 0,85,60,111
43: 119,54,20
43: 70,80,122,136
43: 6,23,171
43: 42,100,85,48
42: 25,26,24
42: 59,60,47,32
42: 63,62,4
42: 66,30,23,20
42: 33,4,79,60
42: 43,100,13,6
42: 73,52,149,80
42: 8,137,80,60
42: 59,164,48,102
42: 87,124,78,14
42: 30,176,153
42: 33,42,84,76
42: 36,76,185,37
42: 159,186,140
42: 33,46,111,8
41: 35,42,61
41: 63,4,62
41: 33,23,68,69
41: 106,107,11
41: 111,99,8,126
41: 8,111,99,126
41: 27,63,140,65
41: 45,78,100,102
41: 70,157,14,30
41: 18,140,105
41: 143,90,72
41: 0,52,103,137
41: 33,169,103,168
41: 91,178,25
41: 0,29,101,46
41: 84,33,76,42
41: 40,36,159,1
41: 36,40,1,159
40: 46,47,48,23
40: 67,6,25
40: 8,74,73,14
40: 111,0,60,85
40: 65,101,23,121
40: 87,136,122,40
40: 70,14,30,157
40: 14,159,158
40: 85,64,20,3
40: 42,20,25,39
40: 143,72,90
40: 81,165,166
40: 81,70,9,27
40: 111,74,136,14
40: 181,33,55
40: 183,130,182
40: 191,1,48,65
40: 33,46,8,111
39: 29,31,30,32
39: 82,35,76
39: 35,82,76
39: 43,100,6,13
39: 52,101,35,102
39: 104,105,11
39: 107,11,106
39: 36,117,25,91
39: 89,65,44,56
39: 136,87,122,40
39: 154,155,65
39: 42,43,38,56
39: 59,102,164,48
39: 40,38,73,137
39: 173,54,76
39: 184,124,140
39: 36,1,159,40
38: 73,27,3,13
38: 105,11,104
38: 44,113,35
38: 65,23,101,121
38: 23,121,101,65
38: 89,56,65,44
38: 49,42,46
38: 78,138,103
38: 137,8,60,80
38: 0,103,52,137
38: 23,134,55,80
38: 25,91,178
38: 85,100,48,42
38: 7,40,42,76
38: 36,1,40,159
38: 37,76,36,185
38: 149,91,54,10
37: 19,18,3
37: 28,13,27
37: 64,0,58,65
37: 38,87,46,27
37: 102,52,35,101
37: 52,102,35,101
37: 55,13,126,37
37: 111,94,10,38
37: 20,85,64,3
37: 38,162,103
37: 55,21,70,48
37: 194,115,103
36: 7,8,10,9
36: 43,42,44,45
36: 53,52,51
36: 52,102,101,35
36: 8,70,112,45
36: 36,117,91,25
36: 149,52,80,73
36: 18,105,140
36: 117,68,25,1
36: 11,31,7,101
36: 177,1,87
36: 136,111,14,74
36: 85,42,48,100
36: 157,123,189
35: 36,38,39,37
35: 59,32,60,47
35: 67,25,6
35: 66,30,20,23
35: 27,73,13,3
35: 3,73,27,13
35: 43,6,100,13
35: 103,55,48,41
35: 4,38,26,13
35: 0,111,60,85
35: 45,122,123,91
35: 89,65,56,44
35: 29,143,13,102
35: 136,87,40,122
35: 70,14,157,30
35: 132,65,92
35: 140,70,101,64
35: 51,54,0,100
35: 42,40,7,76
35: 36,76,37,185
35: 54,149,10,91
35: 33,8,46,111
35: 31,8,91,80
34: 33,34,6,35
34: 42,43,45,44
34: 68,33,23,69
34: 78,52,38,6
34: 9,55,13,80
34: 6,95,52
34: 99,103,13,10
34: 109,103,85
34: 111,120,92,23
34: 92,120,111,23
34: 33,124,87,125
34: 81,54,4,23
34: 12,100,23,27
34: 64,20,85,3
34: 68,117,25,1
34: 80,23,55,134
34: 33,64,76,89
34: 89,33,64,76
34: 70,81,27,9
34: 7,66,20,101
34: 55,33,181
34: 48,1,191,65
34: 55,80,27,150
33: 0,1,3,2
33: 29,30,32,31
33: 36,37,39,38
33: 38,52,78,6
33: 43,6,13,100
33: 38,4,13,26
33: 111,10,80,35
33: 35,111,10,80
33: 119,20,54
33: 92,111,23,120
33: 23,101,65,121
33: 65,137,136,48
33: 55,151,152
33: 20,3,85,64
33: 103,0,52,137
33: 23,55,134,80
33: 0,100,54,51
33: 1,48,65,191
33: 55,80,150,27
33: 55,27,80,150
32: 58,57,51
32: 48,52,81,65
32: 52,65,48,81
32: 109,85,103
32: 87,33,125,124
32: 8,126,99,111
32: 114,135,37
32: 48,137,136,65
32: 52,149,80,73
32: 8,80,60,137
32: 36,137,101,11
32: 59,102,48,164
32: 70,9,81,27
32: 21,55,70,48
32: 23,6,171
32: 91,25,178
32: 40,76,7,42
32: 7,42,40,76
31: 20,23,22,21
31: 47,59,60,32
31: 59,60,32,47
31: 46,87,27,38
31: 102,52,101,35
31: 33,131,87,20
31: 65,136,48,137
31: 30,99,114,27
31: 70,122,80,136
31: 89,146,33
31: 111,10,94,38
31: 60,8,137,80
31: 36,11,101,137
31: 25,133,11,65
31: 87,14,78,124
31: 66,7,20,101
31: 20,66,101,7
31: 42,7,76,40
30: 11,14,12,13
30: 21,22,20,23
30: 35,61,42
30: 52,38,78,6
30: 103,41,48,55
30: 8,70,45,112
30: 36,25,91,117
30: 111,126,8,99
30: 4,54,23,81
30: 102,100,78,45
30: 87,136,40,122
30: 94,89,128
30: 0,137,52,103
30: 36,137,11,101
30: 80,23,134,55
30: 89,33,76,64
30: 43,42,56,38
30: 42,43,56,38
30: 186,159,140
30: 107,27,1,10
30: 193,5,23
29: 11,13,12,14
29: 33,6,35,34
29: 46,23,47,48
29: 66,23,30,20
29: 30,66,23,20
29: 52,78,6,38
29: 4,33,60,79
29: 52,101,102,35
29: 53,10,76
29: 91,122,123,45
29: 139,131,59
29: 29,13,143,102
29: 136,51,55,120
29: 85,20,64,3
29: 100,24,63
29: 36,101,11,137
29: 81,166,165
29: 78,87,14,124
29: 33,168,103,169
29: 7,11,101,31
29: 7,20,66,101
29: 7,23,32,136
29: 84,33,42,76
29: 1,107,10,27
29: 68,73,150,20
29: 68,73,20,150
29: 55,150,27,80
29: 80,150,55,27
28: 0,2,3,1
28: 11,13,14,12
28: 22,21,23,20
28: 21,23,22,20
28: 47,46,48,23
28: 8,74,14,73
28: 76,75,30,37
28: 37,75,76,30
28: 13,98,97
28: 55,75,11,45
28: 4,13,38,26
28: 48,136,137,65
28: 114,30,99,27
28: 65,63,140,27
28: 45,78,102,100
28: 94,128,89
28: 20,64,3,85
28: 42,25,39,20
28: 8,60,80,137
28: 11,133,65,25
28: 174,175,30
28: 7,11,31,101
28: 0,101,46,29
28: 46,0,29,101
28: 37,36,185,76
28: 107,10,1,27
28: 1,107,27,10
28: 73,68,150,20
27: 12,11,13,14
27: 23,21,22,20
27: 23,22,21,20
27: 33,6,34,35
27: 37,75,30,76
27: 55,80,9,13
27: 81,52,48,65
27: 4,26,38,13
27: 80,111,35,10
27: 101,23,65,121
27: 8,99,126,111
27: 80,111,1,160
27: 36,101,137,11
27: 33,103,94,4
27: 32,33,159,42
27: 40,38,137,73
27: 25,178,91
27: 0,51,100,54
27: 40,76,42,7
27: 124,184,140
27: 124,140,184
27: 65,1,191,48
27: 23,193,5
26: 7,9,8,10
26: 30,29,31,32
26: 45,43,42,44
26: 43,42,45,44
26: 23,47,46,48
26: 8,14,74,73
26: 75,76,37,30
26: 65,52,48,81
26: 100,43,6,13
26: 55,103,41,48
26: 85,0,111,60
26: 101,65,23,121
26: 23,54,4,81
26: 87,33,20,131
26: 20,33,87,131
26: 136,65,48,137
26: 27,140,63,65
26: 100,12,27,23
26: 144,145,102
26: 87,40,136,122
26: 52,73,149,80
26: 63,24,100
26: 111,160,1,80
26: 162,38,103
26: 164,59,48,102
26: 78,87,124,14
26: 55,21,48,70
26: 66,101,7,20
26: 23,7,136,32
26: 32,7,23,136
26: 7,42,76,40
26: 33,76,84,42
26: 184,140,124
26: 37,185,76,36
26: 1,191,48,65
26: 29,131,10,91
26: 33,111,8,46
26: 115,103,194
25: 40,13,41,38
25: 40,38,13,41
25: 51,66,0,55
25: 30,66,20,23
25: 73,74,8,14
25: 8,14,73,74
25: 52,38,6,78
25: 86,85,84
25: 27,13,73,3
25: 43,13,6,100
25: 75,11,45,55
25: 45,11,75,55
25: 10,111,35,80
25: 36,91,25,117
25: 84,81,36,65
25: 80,70,136,122
25: 126,55,13,37
25: 8,80,137,60
25: 65,11,133,25
25: 176,153,30
25: 7,31,11,101
25: 7,32,23,136
25: 115,194,103
24: 42,45,43,44
24: 0,55,66,51
24: 71,72,70
24: 30,20,66,23
24: 76,75,37,30
24: 80,55,9,13
24: 111,99,126,8
24: 30,114,27,99
24: 23,100,12,27
24: 12,100,27,23
24: 136,120,51,55
24: 20,39,42,25
24: 103,52,0,137
24: 23,134,80,55
24: 23,80,134,55
24: 80,55,23,134
24: 33,76,64,89
24: 33,101,52,31
24: 52,24,51
24: 33,169,168,103
24: 73,40,137,38
24: 123,157,189
24: 1,191,65,48
24: 191,48,1,65
24: 68,20,73,150
24: 80,55,150,27
24: 31,8,80,91
24: 8,91,80,31
24: 8,80,31,91
23: 0,3,1,2
23: 12,11,14,13
23: 22,23,21,20
23: 30,29,32,31
23: 29,32,30,31
23: 66,20,30,23
23: 37,76,75,30
23: 37,30,76,75
23: 52,6,78,38
23: 33,60,79,4
23: 13,73,27,3
23: 55,11,75,45
23: 75,55,11,45
23: 36,91,117,25
23: 63,27,65,140
23: 38,111,10,94
23: 87,40,122,136
23: 20,3,64,85
23: 100,84,35,44
23: 68,1,25,117
23: 11,65,133,25
23: 68,40,101,170
23: 85,48,100,42
23: 100,85,42,48
23: 64,140,70,101
23: 76,7,42,40
23: 70,48,46,122
23: 29,46,101,0
23: 37,76,185,36
23: 186,140,159
23: 65,48,1,191
23: 54,91,149,10
23: 33,8,111,46
23: 20,73,68,150
23: 27,55,150,80
23: 8,80,91,31
22: 8,9,7,10
22: 37,38,36,39
22: 40,13,38,41
22: 65,0,64,58
22: 72,71,70
22: 75,76,30,37
22: 77,70,73
22: 9,13,55,80
22: 35,102,52,101
22: 41,103,55,48
22: 115,116,56
22: 117,91,36,25
22: 0,60,85,111
22: 92,120,23,111
22: 65,101,121,23
22: 65,23,121,101
22: 89,44,56,65
22: 33,125,87,124
22: 81,4,54,23
22: 134,32,133
22: 29,13,102,143
22: 102,78,100,45
22: 42,39,25,20
22: 33,4,94,103
22: 68,1,117,25
22: 23,171,6
22: 6,171,23
22: 136,23,32,7
22: 76,42,7,40
22: 36,40,159,1
22: 62,70,192
22: 193,23,5
21: 0,3,2,1
21: 20,23,21,22
21: 20,21,23,22
21: 28,27,13
21: 47,23,46,48
21: 32,59,47,60
21: 68,33,69,23
21: 29,32,59,26
21: 32,59,29,26
21: 55,80,13,9
21: 93,94,92
21: 92,94,93
21: 3,13,73,27
21: 100,43,13,6
21: 43,13,100,6
21: 11,55,75,45
21: 101,121,23,65
21: 114,37,135
21: 99,30,114,27
21: 136,55,120,51
21: 51,120,55,136
21: 55,136,120,51
21: 155,65,154
21: 35,84,100,44
21: 0,103,137,52
21: 52,33,31,101
21: 126,179,60
21: 136,32,23,7
21: 124,66,180
21: 0,101,29,46
21: 40,1,36,159
21: 150,64,188
21: 29,10,131,91
20: 29,32,31,30
20: 23,46,47,48
20: 11,55,54,56
20: 0,58,65,64
20: 20,66,23,30
20: 30,75,76,37
20: 78,52,6,38
20: 52,6,38,78
20: 48,52,65,81
20: 87,27,46,38
20: 107,106,11
20: 36,25,117,91
20: 91,45,122,123
20: 114,99,30,27
20: 65,63,27,140
20: 23,12,27,100
20: 42,38,43,56
20: 43,42,38,56
20: 40,170,68,101
20: 73,40,38,137
20: 66,20,7,101
20: 7,101,66,20
20: 76,7,40,42
20: 55,150,80,27
19: 21,20,22,23
19: 26,25,24
19: 31,29,30,32
19: 33,69,68,23
19: 66,20,23,30
19: 37,76,30,75
19: 30,37,75,76
19: 13,55,9,80
19: 98,13,97
19: 13,73,3,27
19: 102,35,52,101
19: 99,103,10,13
19: 55,103,48,41
19: 45,75,11,55
19: 13,38,4,26
19: 4,13,26,38
19: 111,85,60,0
19: 91,123,122,45
19: 122,45,91,123
19: 91,122,45,123
19: 8,126,111,99
19: 4,54,81,23
19: 27,12,100,23
19: 136,122,70,80
19: 102,29,13,143
19: 126,37,13,55
19: 55,13,37,126
19: 13,37,126,55
19: 45,100,78,102
19: 42,25,20,39
19: 80,8,60,137
19: 90,19,87
19: 19,87,90
19: 32,33,42,159
19: 166,81,165
19: 173,76,54
19: 140,64,101,70
19: 23,136,7,32
19: 70,122,48,46
19: 29,0,101,46
19: 40,159,1,36
19: 40,159,36,1
19: 36,37,185,76
19: 65,191,1,48
19: 192,62,70
19: 80,8,31,91
18: 9,8,7,10
18: 32,30,29,31
18: 37,38,39,36
18: 41,40,38,13
18: 45,43,44,42
18: 53,51,52
18: 60,59,47,32
18: 0,65,58,64
18: 20,30,23,66
18: 77,73,70
18: 59,32,26,29
18: 59,26,29,32
18: 33,79,4,60
18: 65,81,48,52
18: 10,103,13,99
18: 4,26,13,38
18: 70,112,45,8
18: 131,139,59
18: 136,80,70,122
18: 102,29,143,13
18: 85,20,3,64
18: 85,3,64,20
18: 76,33,89,64
18: 31,33,52,101
18: 43,38,56,42
18: 42,38,56,43
18: 70,27,81,9
18: 64,70,101,140
18: 0,100,51,54
18: 42,76,40,7
18: 42,40,76,7
18: 46,70,48,122
18: 177,94,66
18: 188,150,64
18: 48,191,1,65
18: 1,10,107,27
18: 29,10,91,131
18: 111,33,8,46
18: 80,150,27,55
17: 30,31,29,32
17: 31,30,29,32
17: 35,33,34,6
17: 42,45,44,43
17: 43,44,42,45
17: 42,44,43,45
17: 43,45,42,44
17: 54,11,55,56
17: 32,59,60,47
17: 76,30,75,37
17: 78,38,52,6
17: 38,52,6,78
17: 100,13,43,6
17: 102,101,52,35
17: 101,52,102,35
17: 38,4,26,13
17: 35,80,111,10
17: 4,81,54,23
17: 136,48,65,137
17: 114,27,30,99
17: 27,114,99,30
17: 74,70,142
17: 100,102,78,45
17: 45,102,78,100
17: 136,40,87,122
17: 149,73,80,52
17: 155,154,65
17: 64,20,3,85
17: 20,25,42,39
17: 25,42,39,20
17: 60,137,8,80
17: 137,60,8,80
17: 103,33,94,4
17: 64,33,76,89
17: 42,56,43,38
17: 102,59,48,164
17: 7,31,101,11
17: 42,76,7,40
17: 70,48,122,46
17: 46,122,70,48
17: 191,1,65,48
17: 91,149,54,10
17: 111,46,33,8
17: 150,80,27,55
17: 80,55,27,150
17: 31,91,8,80
16: 12,13,11,14
16: 17,15,16
16: 41,40,13,38
16: 0,65,64,58
16: 73,77,70
16: 59,26,32,29
16: 13,9,55,80
16: 9,80,55,13
16: 80,9,13,55
16: 101,52,35,102
16: 55,48,103,41
16: 75,45,11,55
16: 65,84,36,81
16: 45,91,123,122
16: 56,44,89,65
16: 111,126,99,8
16: 87,131,33,20
16: 140,27,65,63
16: 55,120,136,51
16: 13,126,37,55
16: 102,78,45,100
16: 87,122,40,136
16: 87,122,136,40
16: 20,25,39,42
16: 137,8,80,60
16: 1,111,160,80
16: 11,137,36,101
16: 55,80,134,23
16: 80,55,134,23
16: 59,48,102,164
16: 81,70,27,9
16: 68,170,40,101
16: 30,175,174
16: 20,7,101,66
16: 20,101,66,7
16: 51,54,100,0
16: 46,29,0,101
16: 76,36,37,185
16: 131,29,10,91
16: 73,68,20,150
16: 20,73,150,68
16: 150,80,55,27
15: 13,11,12,14
15: 16,17,15
15: 26,24,25
15: 30,32,29,31
15: 34,33,35,6
15: 65,64,0,58
15: 30,76,75,37
15: 75,30,76,37
15: 75,37,76,30
15: 80,9,55,13
15: 87,38,27,46
15: 13,27,3,73
15: 13,27,73,3
15: 27,73,3,13
15: 6,43,13,100
15: 25,36,91,117
15: 111,60,0,85
15: 85,111,0,60
15: 87,20,33,131
15: 114,30,27,99
15: 27,63,65,140
15: 51,55,136,120
15: 126,55,37,13
15: 126,13,37,55
15: 145,144,102
15: 145,102,144
15: 150,148,149
15: 150,149,148
15: 78,45,102,100
15: 38,10,111,94
15: 149,80,52,73
15: 85,3,20,64
15: 60,8,80,137
15: 11,101,36,137
15: 33,94,4,103
15: 55,134,80,23
15: 64,33,89,76
15: 38,43,56,42
15: 87,124,14,78
15: 38,40,137,73
15: 7,101,31,11
15: 36,159,40,1
15: 1,65,48,191
15: 149,10,91,54
15: 20,150,73,68
14: 19,3,18
14: 31,29,32,30
14: 38,40,41,13
14: 45,42,44,43
14: 56,11,54,55
14: 55,54,56,11
14: 47,59,32,60
14: 58,0,64,65
14: 33,69,23,68
14: 74,8,14,73
14: 80,55,13,9
14: 94,92,93
14: 6,100,43,13
14: 35,101,52,102
14: 10,13,103,99
14: 10,35,111,80
14: 80,35,111,10
14: 8,45,70,112
14: 116,56,115
14: 0,60,111,85
14: 111,60,85,0
14: 92,23,120,111
14: 65,81,84,36
14: 63,140,65,27
14: 65,27,63,140
14: 122,70,136,80
14: 136,55,51,120
14: 55,51,136,120
14: 51,55,120,136
14: 126,13,55,37
14: 13,55,126,37
14: 100,78,102,45
14: 45,102,100,78
14: 157,70,30,14
14: 80,8,137,60
14: 0,137,103,52
14: 52,0,103,137
14: 103,52,137,0
14: 117,1,68,25
14: 33,31,101,52
14: 43,56,38,42
14: 38,56,43,42
14: 56,38,43,42
14: 43,56,42,38
14: 102,59,164,48
14: 11,65,25,133
14: 87,14,124,78
14: 40,101,68,170
14: 73,137,38,40
14: 31,11,7,101
14: 74,111,136,14
14: 100,85,48,42
14: 100,42,85,48
14: 51,0,100,54
14: 32,136,23,7
14: 23,32,7,136
14: 23,7,32,136
14: 42,7,40,76
14: 84,76,33,42
14: 33,76,42,84
14: 42,33,84,76
14: 37,185,36,76
14: 149,10,54,91
14: 131,29,91,10
14: 91,31,8,80
14: 91,8,31,80
13: 13,12,11,14
13: 13,12,14,11
13: 3,19,18
13: 30,31,32,29
13: 36,39,37,38
13: 45,42,43,44
13: 54,56,11,55
13: 60,59,32,47
13: 6,52,78,38
13: 33,79,60,4
13: 55,13,80,9
13: 6,43,100,13
13: 75,55,45,11
13: 26,4,38,13
13: 80,111,10,35
13: 70,45,112,8
13: 85,111,60,0
13: 92,23,111,120
13: 81,36,84,65
13: 130,33,129
13: 100,27,12,23
13: 23,27,12,100
13: 100,12,23,27
13: 102,13,29,143
13: 102,13,143,29
13: 120,51,136,55
13: 136,120,55,51
13: 78,102,100,45
13: 78,100,45,102
13: 78,45,100,102
13: 25,20,42,39
13: 80,60,8,137
13: 35,84,44,100
13: 103,0,137,52
13: 52,0,137,103
13: 103,4,33,94
13: 55,80,23,134
13: 76,89,33,64
13: 52,33,101,31
13: 42,56,38,43
13: 38,56,42,43
13: 11,25,133,65
13: 166,165,81
13: 33,168,169,103
13: 55,48,21,70
13: 38,137,73,40
13: 31,7,101,11
13: 7,101,11,31
13: 111,74,14,136
13: 42,100,48,85
13: 64,140,101,70
13: 32,23,7,136
13: 94,177,66
13: 10,1,107,27
13: 10,91,29,131
13: 20,150,68,73
13: 150,55,27,80
12: 23,22,20,21
12: 23,20,22,21
12: 32,29,30,31
12: 32,31,30,29
12: 11,56,55,54
12: 54,11,56,55
12: 0,64,65,58
12: 33,23,69,68
12: 23,66,30,20
12: 74,8,73,14
12: 74,73,14,8
12: 30,75,37,76
12: 76,30,37,75
12: 75,30,37,76
12: 76,37,75,30
12: 6,38,52,78
12: 81,65,48,52
12: 10,99,103,13
12: 13,103,99,10
12: 117,91,25,36
12: 111,23,92,120
12: 120,111,92,23
12: 65,84,81,36
12: 65,121,101,23
12: 123,45,122,91
12: 45,123,122,91
12: 122,91,45,123
12: 65,44,89,56
12: 56,89,65,44
12: 87,124,33,125
12: 27,114,30,99
12: 100,23,12,27
12: 12,27,100,23
12: 55,136,51,120
12: 78,100,102,45
12: 10,38,111,94
12: 73,149,80,52
12: 52,80,149,73
12: 149,80,73,52
12: 30,157,70,14
12: 64,3,85,20
12: 25,39,42,20
12: 84,44,35,100
12: 4,33,103,94
12: 1,68,25,117
12: 33,101,31,52
12: 56,43,38,42
12: 133,65,11,25
12: 27,70,9,81
12: 21,55,48,70
12: 175,174,30
12: 23,32,136,7
12: 42,33,76,84
12: 36,159,1,40
12: 131,10,91,29
12: 10,29,91,131
12: 68,20,150,73
11: 1,0,2,3
11: 1,0,3,2
11: 8,9,10,7
11: 7,10,8,9
11: 9,7,8,10
11: 8,10,9,7
11: 36,39,38,37
11: 55,11,54,56
11: 55,56,11,54
11: 54,55,56,11
11: 20,23,30,66
11: 74,14,8,73
11: 75,37,30,76
11: 38,78,52,6
11: 80,13,9,55
11: 81,48,52,65
11: 38,46,87,27
11: 6,13,43,100
11: 6,13,100,43
11: 10,103,99,13
11: 41,103,48,55
11: 103,48,55,41
11: 11,45,55,75
11: 55,75,45,11
11: 26,4,13,38
11: 45,70,8,112
11: 36,65,84,81
11: 23,121,65,101
11: 123,91,122,45
11: 65,56,89,44
11: 23,4,54,81
11: 99,114,30,27
11: 27,100,12,23
11: 12,23,27,100
11: 74,142,70
11: 13,102,143,29
11: 55,120,51,136
11: 55,51,120,136
11: 126,37,55,13
11: 100,102,45,78
11: 10,111,38,94
11: 38,111,94,10
11: 80,137,8,60
11: 160,111,1,80
11: 111,80,160,1
11: 1,111,80,160
11: 68,25,117,1
11: 23,55,80,134
11: 55,23,80,134
11: 42,32,159,33
11: 43,38,42,56
11: 38,43,42,56
11: 164,102,59,48
11: 65,133,11,25
11: 40,101,170,68
11: 68,170,101,40
11: 40,170,101,68
11: 21,48,55,70
11: 73,137,40,38
11: 40,137,38,73
11: 73,38,40,137
11: 137,38,40,73
11: 40,137,73,38
11: 31,7,11,101
11: 136,74,111,14
11: 74,136,14,111
11: 100,48,85,42
11: 66,20,101,7
11: 124,180,66
11: 33,42,76,84
11: 84,42,76,33
11: 76,37,185,36
11: 131,10,29,91
11: 10,29,131,91
11: 10,131,91,29
11: 46,33,111,8
11: 68,150,73,20
11: 150,27,80,55
11: 80,31,8,91
10: 7,10,9,8
10: 23,20,21,22
10: 31,30,32,29
10: 31,32,29,30
10: 38,37,36,39
10: 45,44,43,42
10: 42,44,45,43
10: 48,46,47,23
10: 32,47,59,60
10: 64,0,65,58
10: 51,0,55,66
10: 9,13,80,55
10: 13,3,73,27
10: 13,43,100,6
10: 13,100,43,6
10: 35,102,101,52
10: 101,35,52,102
10: 10,13,99,103
10: 13,10,103,99
10: 13,99,103,10
10: 55,41,103,48
10: 117,25,36,91
10: 120,92,23,111
10: 23,65,121,101
10: 23,65,101,121
10: 121,23,101,65
10: 65,121,23,101
10: 44,89,56,65
10: 8,99,111,126
10: 54,81,23,4
10: 54,81,4,23
10: 4,23,54,81
10: 54,23,81,4
10: 137,136,65,48
10: 65,137,48,136
10: 65,27,140,63
10: 122,70,80,136
10: 80,70,122,136
10: 102,100,45,78
10: 25,42,20,39
10: 42,39,20,25
10: 60,80,8,137
10: 137,80,8,60
10: 84,44,100,35
10: 52,103,0,137
10: 111,160,80,1
10: 137,36,11,101
10: 11,101,137,36
10: 117,25,68,1
10: 134,55,23,80
10: 23,80,55,134
10: 42,32,33,159
10: 133,11,65,25
10: 25,11,133,65
10: 101,170,68,40
10: 176,30,153
10: 111,14,136,74
10: 101,66,7,20
10: 54,0,100,51
10: 54,51,0,100
10: 32,23,136,7
10: 180,124,66
10: 42,84,76,33
10: 42,76,33,84
10: 84,76,42,33
10: 1,36,40,159
10: 40,1,159,36
10: 65,191,48,1
10: 1,65,191,48
10: 27,1,107,10
10: 10,107,1,27
10: 149,91,10,54
10: 10,131,29,91
10: 8,33,46,111
10: 150,27,55,80
10: 27,55,80,150
10: 31,80,8,91
10: 80,31,91,8
10: 80,8,91,31
9: 7,9,10,8
9: 10,8,9,7
9: 17,16,15
9: 38,36,37,39
9: 44,43,42,45
9: 54,55,11,56
9: 55,56,54,11
9: 55,54,11,56
9: 56,54,11,55
9: 65,0,58,64
9: 66,0,55,51
9: 55,0,66,51
9: 0,51,55,66
9: 73,74,14,8
9: 29,26,59,32
9: 29,32,26,59
9: 32,29,59,26
9: 6,52,38,78
9: 4,33,79,60
9: 3,27,73,13
9: 3,13,27,73
9: 13,6,100,43
9: 100,6,43,13
9: 101,102,35,52
9: 99,13,10,103
9: 75,45,55,11
9: 38,13,26,4
9: 13,4,38,26
9: 35,10,111,80
9: 10,111,80,35
9: 45,8,70,112
9: 85,0,60,111
9: 120,92,111,23
9: 111,120,23,92
9: 36,81,84,65
9: 84,65,36,81
9: 121,101,23,65
9: 91,45,123,122
9: 122,91,123,45
9: 56,65,89,44
9: 99,8,126,111
9: 81,54,23,4
9: 30,27,99,114
9: 30,27,114,99
9: 114,99,27,30
9: 63,65,27,140
9: 100,23,27,12
9: 13,29,143,102
9: 102,143,29,13
9: 120,51,55,136
9: 13,37,55,126
9: 13,55,37,126
9: 13,126,55,37
9: 45,100,102,78
9: 78,102,45,100
9: 94,111,10,38
9: 30,14,70,157
9: 157,30,14,70
9: 157,70,14,30
9: 39,42,25,20
9: 52,103,137,0
9: 1,160,80,111
9: 1,80,111,160
9: 4,103,33,94
9: 89,76,33,64
9: 32,42,159,33
9: 102,48,59,164
9: 65,11,25,133
9: 133,25,65,11
9: 68,101,170,40
9: 38,137,40,73
9: 38,73,137,40
9: 38,73,40,137
9: 101,7,11,31
9: 111,14,74,136
9: 23,136,32,7
9: 76,42,40,7
9: 46,122,48,70
9: 42,84,33,76
9: 76,33,84,42
9: 159,36,1,40
9: 36,185,76,37
9: 62,192,70
9: 27,107,1,10
9: 1,27,107,10
9: 1,10,27,107
9: 54,10,149,91
9: 10,91,131,29
9: 91,29,131,10
9: 73,20,68,150
9: 73,150,68,20
9: 80,27,55,150
9: 31,80,91,8
8: 3,0,2,1
8: 2,0,1,3
8: 11,14,13,12
8: 22,21,20,23
8: 21,20,23,22
8: 21,23,20,22
8: 29,31,32,30
8: 32,29,31,30
8: 35,33,6,34
8: 37,39,38,36
8: 41,38,40,13
8: 38,13,40,41
8: 38,40,13,41
8: 43,45,44,42
8: 32,47,60,59
8: 47,60,59,32
8: 65,64,58,0
8: 23,33,68,69
8: 29,26,32,59
8: 60,33,4,79
8: 80,13,55,9
8: 9,55,80,13
8: 13,80,9,55
8: 13,55,80,9
8: 65,48,52,81
8: 102,101,35,52
8: 35,101,102,52
8: 99,10,13,103
8: 55,41,48,103
8: 45,75,55,11
8: 55,45,75,11
8: 26,13,38,4
8: 80,35,10,111
8: 8,112,70,45
8: 45,70,112,8
8: 84,65,81,36
8: 101,65,121,23
8: 122,123,91,45
8: 45,123,91,122
8: 33,124,125,87
8: 130,129,33
8: 20,87,33,131
8: 33,20,131,87
8: 27,99,114,30
8: 100,27,23,12
8: 23,100,27,12
8: 23,27,100,12
8: 102,45,100,78
8: 94,111,38,10
8: 136,122,87,40
8: 20,39,25,42
8: 25,68,1,117
8: 134,23,80,55
8: 80,134,23,55
8: 64,76,33,89
8: 64,89,33,76
8: 64,76,89,33
8: 89,64,33,76
8: 42,159,33,32
8: 56,42,43,38
8: 102,164,48,59
8: 48,70,21,55
8: 73,38,137,40
8: 11,101,7,31
8: 136,74,14,111
8: 42,48,85,100
8: 64,101,70,140
8: 140,101,64,70
8: 101,70,64,140
8: 76,84,42,33
8: 76,37,36,185
8: 150,188,64
8: 48,1,65,191
8: 10,149,54,91
8: 91,54,149,10
8: 8,33,111,46
8: 46,33,8,111
8: 8,46,33,111
8: 150,68,73,20
8: 27,150,55,80
8: 80,91,8,31
7: 12,13,14,11
7: 32,31,29,30
7: 34,33,6,35
7: 37,39,36,38
7: 38,36,39,37
7: 47,23,48,46
7: 47,48,46,23
7: 23,46,48,47
7: 56,54,55,11
7: 56,11,55,54
7: 47,60,32,59
7: 58,64,0,65
7: 66,55,0,51
7: 23,30,66,20
7: 66,23,20,30
7: 74,73,8,14
7: 73,14,8,74
7: 76,37,30,75
7: 32,29,26,59
7: 38,6,52,78
7: 79,33,60,4
7: 46,38,87,27
7: 13,100,6,43
7: 13,43,6,100
7: 100,13,6,43
7: 100,6,13,43
7: 102,35,101,52
7: 101,102,52,35
7: 10,99,13,103
7: 13,10,99,103
7: 99,13,103,10
7: 103,48,41,55
7: 38,26,4,13
7: 60,111,0,85
7: 111,23,120,92
7: 81,65,36,84
7: 122,45,123,91
7: 123,122,91,45
7: 89,44,65,56
7: 99,111,126,8
7: 4,23,81,54
7: 129,130,33
7: 131,33,87,20
7: 33,131,20,87
7: 27,30,114,99
7: 99,27,114,30
7: 12,27,23,100
7: 27,12,23,100
7: 80,136,70,122
7: 136,122,80,70
7: 80,136,122,70
7: 40,122,87,136
7: 80,73,52,149
7: 73,80,149,52
7: 52,80,73,149
7: 157,30,70,14
7: 3,20,64,85
7: 60,80,137,8
7: 60,137,80,8
7: 80,60,137,8
7: 100,35,84,44
7: 80,1,111,160
7: 11,137,101,36
7: 33,94,103,4
7: 25,1,68,117
7: 68,25,1,117
7: 134,23,55,80
7: 101,52,33,31
7: 32,42,33,159
7: 56,43,42,38
7: 38,42,56,43
7: 56,42,38,43
7: 59,48,164,102
7: 65,133,25,11
7: 81,9,70,27
7: 9,70,27,81
7: 78,14,87,124
7: 169,33,168,103
7: 170,68,40,101
7: 68,101,40,170
7: 170,101,40,68
7: 55,48,70,21
7: 31,11,101,7
7: 11,31,101,7
7: 136,14,74,111
7: 74,136,111,14
7: 100,48,42,85
7: 100,42,48,85
7: 85,48,42,100
7: 140,101,70,64
7: 101,70,140,64
7: 100,0,54,51
7: 122,70,46,48
7: 101,0,46,29
7: 46,29,101,0
7: 84,42,33,76
7: 76,36,185,37
7: 36,185,37,76
7: 91,29,10,131
7: 131,91,29,10
7: 8,111,46,33
7: 150,55,80,27
6: 8,10,7,9
6: 22,20,23,21
6: 6,33,35,34
6: 13,40,38,41
6: 43,44,45,42
6: 23,47,48,46
6: 46,48,47,23
6: 11,55,56,54
6: 32,60,59,47
6: 66,0,51,55
6: 55,66,0,51
6: 51,66,55,0
6: 69,33,23,68
6: 69,68,33,23
6: 69,33,68,23
6: 23,20,66,30
6: 23,66,20,30
6: 20,23,66,30
6: 30,23,66,20
6: 73,14,74,8
6: 14,8,73,74
6: 14,74,8,73
6: 14,8,74,73
6: 32,59,26,29
6: 26,59,32,29
6: 78,38,6,52
6: 78,6,52,38
6: 6,78,52,38
6: 60,4,33,79
6: 79,33,4,60
6: 13,9,80,55
6: 9,80,13,55
6: 13,80,55,9
6: 87,27,38,46
6: 46,27,87,38
6: 13,6,43,100
6: 13,103,10,99
6: 13,99,10,103
6: 55,48,41,103
6: 45,11,55,75
6: 45,55,11,75
6: 38,26,13,4
6: 13,38,26,4
6: 80,10,35,111
6: 45,8,112,70
6: 60,0,85,111
6: 101,121,65,23
6: 99,111,8,126
6: 99,126,8,111
6: 23,54,81,4
6: 81,4,23,54
6: 81,23,54,4
6: 20,87,131,33
6: 137,48,65,136
6: 99,114,27,30
6: 143,102,13,29
6: 120,136,55,51
6: 120,136,51,55
6: 120,55,136,51
6: 102,45,78,100
6: 100,78,45,102
6: 73,80,52,149
6: 52,73,80,149
6: 30,157,14,70
6: 3,85,20,64
6: 3,85,64,20
6: 25,20,39,42
6: 100,84,44,35
6: 19,90,87
6: 101,36,137,11
6: 25,117,68,1
6: 117,25,1,68
6: 1,68,117,25
6: 134,80,23,55
6: 64,89,76,33
6: 52,31,33,101
6: 31,52,33,101
6: 38,42,43,56
6: 102,164,59,48
6: 27,9,70,81
6: 78,124,87,14
6: 14,87,78,124
6: 169,33,103,168
6: 101,170,40,68
6: 170,68,101,40
6: 170,40,101,68
6: 101,68,170,40
6: 48,70,55,21
6: 38,40,73,137
6: 137,38,73,40
6: 175,30,174
6: 11,101,31,7
6: 74,111,14,136
6: 42,48,100,85
6: 7,20,101,66
6: 7,101,20,66
6: 101,66,20,7
6: 46,0,101,29
6: 29,101,46,0
6: 76,185,37,36
6: 76,185,36,37
6: 185,37,36,76
6: 191,65,1,48
6: 1,27,10,107
6: 107,27,10,1
6: 10,1,27,107
6: 27,1,10,107
6: 54,10,91,149
6: 10,91,149,54
6: 131,91,10,29
6: 91,10,29,131
6: 91,131,29,10
6: 111,46,8,33
6: 111,8,33,46
6: 46,111,33,8
6: 68,150,20,73
6: 150,68,20,73
6: 91,8,80,31
5: 3,0,1,2
5: 9,8,10,7
5: 12,14,13,11
5: 22,20,21,23
5: 32,30,31,29
5: 30,32,31,29
5: 34,35,33,6
5: 38,37,39,36
5: 38,13,41,40
5: 38,41,13,40
5: 44,42,43,45
5: 56,55,54,11
5: 60,32,47,59
5: 68,23,33,69
5: 23,33,69,68
5: 14,73,8,74
5: 30,76,37,75
5: 32,26,59,29
5: 26,29,59,32
5: 38,6,78,52
5: 38,78,6,52
5: 78,6,38,52
5: 60,33,79,4
5: 46,38,27,87
5: 94,93,92
5: 13,3,27,73
5: 6,100,13,43
5: 41,55,103,48
5: 10,80,35,111
5: 35,80,10,111
5: 25,36,117,91
5: 91,36,117,25
5: 117,25,91,36
5: 25,117,91,36
5: 60,0,111,85
5: 23,92,111,120
5: 23,92,120,111
5: 81,84,36,65
5: 65,81,36,84
5: 81,65,84,36
5: 65,36,84,81
5: 123,91,45,122
5: 56,65,44,89
5: 87,125,33,124
5: 126,111,8,99
5: 4,81,23,54
5: 23,4,81,54
5: 87,131,20,33
5: 131,87,33,20
5: 137,65,48,136
5: 114,27,99,30
5: 27,99,30,114
5: 27,23,100,12
5: 136,80,122,70
5: 143,29,102,13
5: 100,45,102,78
5: 38,10,94,111
5: 10,38,94,111
5: 80,52,149,73
5: 80,149,52,73
5: 80,149,73,52
5: 103,137,52,0
5: 103,137,0,52
5: 137,0,52,103
5: 80,111,160,1
5: 137,11,101,36
5: 137,36,101,11
5: 103,4,94,33
5: 4,33,94,103
5: 1,25,68,117
5: 80,134,55,23
5: 76,89,64,33
5: 31,52,101,33
5: 101,52,31,33
5: 101,33,52,31
5: 32,159,33,42
5: 42,159,32,33
5: 159,33,42,32
5: 56,38,42,43
5: 25,133,65,11
5: 124,87,78,14
5: 103,169,33,168
5: 101,40,170,68
5: 137,40,38,73
5: 101,31,11,7
5: 74,14,136,111
5: 48,100,42,85
5: 48,100,85,42
5: 66,101,20,7
5: 20,101,7,66
5: 101,20,7,66
5: 54,0,51,100
5: 54,100,0,51
5: 76,40,42,7
5: 76,40,7,42
5: 48,70,46,122
5: 46,48,122,70
5: 101,0,29,46
5: 55,181,33
5: 76,42,84,33
5: 1,40,36,159
5: 185,76,37,36
5: 107,10,27,1
5: 10,107,27,1
5: 27,10,1,107
5: 10,27,1,107
5: 91,10,54,149
5: 91,149,10,54
5: 91,131,10,29
5: 46,8,111,33
5: 8,46,111,33
5: 73,20,150,68
5: 27,150,80,55
5: 80,27,150,55
5: 91,80,8,31
4: 1,3,0,2
4: 10,8,7,9
4: 10,7,9,8
4: 10,7,8,9
4: 9,7,10,8
4: 13,11,14,12
4: 13,14,11,12
4: 13,14,12,11
4: 22,23,20,21
4: 31,32,30,29
4: 41,38,13,40
4: 45,44,42,43
4: 46,23,48,47
4: 23,48,47,46
4: 47,32,59,60
4: 64,58,0,65
4: 51,55,66,0
4: 23,68,69,33
4: 23,68,33,69
4: 68,69,33,23
4: 30,20,23,66
4: 74,14,73,8
4: 14,73,74,8
4: 30,37,76,75
4: 32,26,29,59
4: 81,48,65,52
4: 27,87,46,38
4: 38,87,27,46
4: 38,27,87,46
4: 27,87,38,46
4: 3,27,13,73
4: 27,13,3,73
4: 99,10,103,13
4: 41,48,103,55
4: 45,55,75,11
4: 11,55,45,75
4: 26,38,4,13
4: 13,26,4,38
4: 35,10,80,111
4: 10,35,80,111
4: 8,112,45,70
4: 91,117,36,25
4: 60,85,111,0
4: 60,111,85,0
4: 81,36,65,84
4: 123,122,45,91
4: 123,45,91,122
4: 44,56,89,65
4: 125,33,87,124
4: 126,99,111,8
4: 126,8,99,111
4: 23,81,4,54
4: 23,81,54,4
4: 87,20,131,33
4: 65,48,136,137
4: 30,99,27,114
4: 99,27,30,114
4: 27,30,99,114
4: 63,65,140,27
4: 27,140,65,63
4: 122,136,70,80
4: 102,143,13,29
4: 143,13,102,29
4: 13,143,102,29
4: 143,102,29,13
4: 143,29,13,102
4: 120,55,51,136
4: 100,45,78,102
4: 94,38,111,10
4: 38,94,111,10
4: 122,87,136,40
4: 73,52,80,149
4: 14,30,70,157
4: 14,70,30,157
4: 39,25,20,42
4: 35,44,84,100
4: 1,160,111,80
4: 160,1,80,111
4: 101,11,36,137
4: 137,101,36,11
4: 94,33,4,103
4: 103,94,33,4
4: 25,117,1,68
4: 31,33,101,52
4: 159,42,33,32
4: 164,48,59,102
4: 25,65,11,133
4: 25,65,133,11
4: 25,11,65,133
4: 65,25,11,133
4: 103,168,169,33
4: 21,48,70,55
4: 48,55,70,21
4: 137,73,38,40
4: 31,101,7,11
4: 14,136,111,74
4: 74,14,111,136
4: 101,20,66,7
4: 101,140,64,70
4: 122,46,70,48
4: 46,101,0,29
4: 101,46,0,29
4: 46,101,29,0
4: 159,40,36,1
4: 185,36,76,37
4: 191,48,65,1
4: 10,149,91,54
4: 10,91,54,149
4: 54,91,10,149
4: 111,8,46,33
4: 150,20,68,73
4: 80,91,31,8
3: 2,3,0,1
3: 3,2,0,1
3: 3,1,0,2
3: 2,0,3,1
3: 9,10,8,7
3: 10,9,8,7
3: 14,11,12,13
3: 12,14,11,13
3: 35,34,33,6
3: 38,41,40,13
3: 41,13,40,38
3: 13,40,41,38
3: 44,43,45,42
3: 44,45,43,42
3: 44,42,45,43
3: 48,23,47,46
3: 55,11,56,54
3: 54,56,55,11
3: 47,32,60,59
3: 32,60,47,59
3: 60,47,59,32
3: 65,58,0,64
3: 64,65,0,58
3: 51,55,0,66
3: 55,51,66,0
3: 55,0,51,66
3: 55,51,0,66
3: 69,68,23,33
3: 23,69,33,68
3: 30,23,20,66
3: 14,74,73,8
3: 26,32,29,59
3: 26,29,32,59
3: 26,59,29,32
3: 27,3,73,13
3: 48,55,41,103
3: 41,55,48,103
3: 13,4,26,38
3: 80,10,111,35
3: 45,112,70,8
3: 116,115,56
3: 91,25,117,36
3: 25,117,36,91
3: 91,36,25,117
3: 85,60,111,0
3: 85,60,0,111
3: 23,111,92,120
3: 120,111,23,92
3: 23,120,92,111
3: 65,56,44,89
3: 44,65,89,56
3: 124,33,87,125
3: 125,87,124,33
3: 33,125,124,87
3: 99,126,111,8
3: 126,8,111,99
3: 20,33,131,87
3: 48,137,65,136
3: 65,48,137,136
3: 99,30,27,114
3: 27,23,12,100
3: 13,29,102,143
3: 143,13,29,102
3: 13,143,29,102
3: 13,102,29,143
3: 38,94,10,111
3: 10,111,94,38
3: 136,40,122,87
3: 122,136,87,40
3: 122,40,87,136
3: 122,40,136,87
3: 122,87,40,136
3: 80,52,73,149
3: 157,14,30,70
3: 14,70,157,30
3: 3,64,85,20
3: 39,20,42,25
3: 39,42,20,25
3: 80,137,60,8
3: 137,60,80,8
3: 137,80,60,8
3: 44,84,35,100
3: 137,52,0,103
3: 137,103,52,0
3: 160,1,111,80
3: 80,1,160,111
3: 94,103,33,4
3: 25,1,117,68
3: 25,68,117,1
3: 76,64,89,33
3: 89,64,76,33
3: 76,64,33,89
3: 76,33,64,89
3: 31,101,52,33
3: 52,101,31,33
3: 52,31,101,33
3: 159,33,32,42
3: 102,48,164,59
3: 65,25,133,11
3: 11,25,65,133
3: 9,81,70,27
3: 81,27,70,9
3: 81,9,27,70
3: 27,70,81,9
3: 27,9,81,70
3: 124,87,14,78
3: 124,78,87,14
3: 103,168,33,169
3: 169,103,168,33
3: 168,103,169,33
3: 103,169,168,33
3: 101,40,68,170
3: 101,68,40,170
3: 137,73,40,38
3: 101,11,7,31
3: 14,111,136,74
3: 136,14,111,74
3: 48,85,42,100
3: 48,42,100,85
3: 101,64,140,70
3: 101,140,70,64
3: 54,100,51,0
3: 51,100,0,54
3: 100,51,54,0
3: 46,48,70,122
3: 101,29,46,0
3: 181,55,33
3: 76,33,42,84
3: 159,36,40,1
3: 159,1,40,36
3: 185,76,36,37
3: 185,37,76,36
3: 191,65,48,1
3: 10,27,107,1
3: 27,107,10,1
3: 10,54,149,91
3: 8,111,33,46
3: 46,8,33,111
3: 150,73,68,20
3: 27,80,150,55
3: 91,80,31,8
2: 2,1,3,0
2: 1,2,0,3
2: 3,2,1,0
2: 2,1,0,3
2: 10,9,7,8
2: 9,10,7,8
2: 14,11,13,12
2: 14,12,11,13
2: 14,12,13,11
2: 14,13,11,12
2: 35,6,33,34
2: 34,35,6,33
2: 35,34,6,33
2: 38,39,36,37
2: 39,36,38,37
2: 38,39,37,36
2: 13,38,40,41
2: 13,41,38,40
2: 44,45,42,43
2: 46,48,23,47
2: 23,48,46,47
2: 48,47,46,23
2: 48,23,46,47
2: 60,47,32,59
2: 64,65,58,0
2: 66,55,51,0
2: 0,55,51,66
2: 66,51,55,0
2: 66,51,0,55
2: 69,23,33,68
2: 23,30,20,66
2: 6,38,78,52
2: 6,78,38,52
2: 4,60,33,79
2: 79,60,4,33
2: 60,4,79,33
2: 60,79,33,4
2: 4,79,33,60
2: 4,79,60,33
2: 65,48,81,52
2: 27,46,87,38
2: 27,38,87,46
2: 27,3,13,73
2: 48,103,41,55
2: 41,48,55,103
2: 55,45,11,75
2: 55,11,45,75
2: 26,38,13,4
2: 13,26,38,4
2: 26,13,4,38
2: 10,80,111,35
2: 8,45,112,70
2: 112,8,45,70
2: 91,117,25,36
2: 25,91,117,36
2: 23,120,111,92
2: 36,65,81,84
2: 65,36,81,84
2: 84,81,65,36
2: 81,84,65,36
2: 122,123,45,91
2: 65,44,56,89
2: 87,124,125,33
2: 87,125,124,33
2: 99,8,111,126
2: 126,111,99,8
2: 81,23,4,54
2: 131,33,20,87
2: 20,131,33,87
2: 48,136,65,137
2: 137,65,136,48
2: 48,65,137,136
2: 27,65,63,140
2: 27,100,23,12
2: 122,80,136,70
2: 94,10,38,111
2: 40,122,136,87
2: 30,14,157,70
2: 3,64,20,85
2: 39,20,25,42
2: 100,44,35,84
2: 100,44,84,35
2: 44,84,100,35
2: 35,100,84,44
2: 137,0,103,52
2: 52,137,103,0
2: 137,103,0,52
2: 137,52,103,0
2: 52,137,0,103
2: 80,160,111,1
2: 160,80,1,111
2: 160,80,111,1
2: 80,160,1,111
2: 101,11,137,36
2: 4,103,94,33
2: 103,94,4,33
2: 94,4,33,103
2: 117,1,25,68
2: 134,55,80,23
2: 101,31,52,33
2: 52,101,33,31
2: 159,32,33,42
2: 32,159,42,33
2: 159,42,32,33
2: 48,59,102,164
2: 48,102,59,164
2: 133,65,25,11
2: 9,70,81,27
2: 9,27,70,81
2: 78,14,124,87
2: 168,169,103,33
2: 168,33,103,169
2: 168,169,33,103
2: 168,33,169,103
2: 169,103,33,168
2: 170,101,68,40
2: 48,55,21,70
2: 101,31,7,11
2: 101,7,31,11
2: 14,74,111,136
2: 14,74,136,111
2: 48,42,85,100
2: 48,85,100,42
2: 101,7,66,20
2: 101,64,70,140
2: 100,0,51,54
2: 100,51,0,54
2: 51,100,54,0
2: 48,46,70,122
2: 48,46,122,70
2: 48,122,46,70
2: 29,101,0,46
2: 76,42,33,84
2: 42,76,84,33
2: 76,84,33,42
2: 159,1,36,40
2: 1,36,159,40
2: 185,36,37,76
2: 65,48,191,1
2: 48,65,1,191
2: 27,10,107,1
2: 91,54,10,149
2: 10,54,91,149
2: 91,10,131,29
2: 91,31,80,8
2: 31,91,80,8
1: 2,3,1,0
1: 3,1,2,0
1: 1,3,2,0
1: 14,13,12,11
1: 6,35,34,33
1: 34,6,35,33
1: 6,35,33,34
1: 6,33,34,35
1: 39,37,38,36
1: 39,38,36,37
1: 39,37,36,38
1: 13,41,40,38
1: 13,38,41,40
1: 48,47,23,46
1: 60,32,59,47
1: 58,0,65,64
1: 64,58,65,0
1: 65,58,64,0
1: 55,66,51,0
1: 68,23,69,33
1: 68,69,23,33
1: 69,23,68,33
1: 26,32,59,29
1: 79,60,33,4
1: 79,4,33,60
1: 48,65,81,52
1: 48,81,52,65
1: 48,65,52,81
1: 46,27,38,87
1: 27,38,46,87
1: 38,46,27,87
1: 27,46,38,87
1: 101,35,102,52
1: 48,55,103,41
1: 48,103,55,41
1: 112,70,8,45
1: 45,112,8,70
1: 112,8,70,45
1: 25,91,36,117
1: 60,85,0,111
1: 23,111,120,92
1: 120,23,111,92
1: 120,23,92,111
1: 36,81,65,84
1: 121,23,65,101
1: 91,123,45,122
1: 125,87,33,124
1: 124,87,125,33
1: 126,99,8,111
1: 20,131,87,33
1: 131,87,20,33
1: 27,65,140,63
1: 80,122,136,70
1: 122,80,70,136
1: 122,136,80,70
1: 80,122,70,136
1: 10,94,38,111
1: 94,10,111,38
1: 94,38,10,111
1: 136,122,40,87
1: 40,136,122,87
1: 80,73,149,52
1: 14,157,70,30
1: 14,30,157,70
1: 14,157,30,70
1: 64,3,20,85
1: 3,20,85,64
1: 25,39,20,42
1: 39,25,42,20
1: 100,35,44,84
1: 44,35,100,84
1: 160,111,80,1
1: 1,80,160,111
1: 101,36,11,137
1: 137,101,11,36
1: 101,137,11,36
1: 94,33,103,4
1: 94,103,4,33
1: 94,4,103,33
1: 1,117,68,25
1: 1,117,25,68
1: 134,80,55,23
1: 89,76,64,33
1: 31,101,33,52
1: 101,31,33,52
1: 159,32,42,33
1: 164,102,48,59
1: 48,102,164,59
1: 164,48,102,59
1: 81,27,9,70
1: 9,81,27,70
1: 14,78,87,124
1: 78,124,14,87
1: 14,87,124,78
1: 169,168,103,33
1: 168,103,33,169
1: 170,40,68,101
1: 48,21,70,55
1: 48,21,55,70
1: 137,40,73,38
1: 101,11,31,7
1: 14,111,74,136
1: 54,51,100,0
1: 100,54,51,0
1: 48,70,122,46
1: 122,70,48,46
1: 122,46,48,70
1: 122,48,46,70
1: 101,46,29,0
1: 1,159,40,36
1: 159,40,1,36
1: 1,159,36,40
1: 48,191,65,1
1: 91,10,149,54
1: 46,111,8,33
1: 73,150,20,68
1: 150,20,73,68
1: 27,80,55,150
0: 1,2,3,0
0: 23,21,20,22
0: 6,34,35,33
0: 6,34,33,35
0: 34,6,33,35
0: 35,6,34,33
0: 39,38,37,36
0: 39,36,37,38
0: 41,13,38,40
0: 47,48,23,46
0: 48,46,23,47
0: 56,55,11,54
0: 58,64,65,0
0: 58,65,64,0
0: 58,65,0,64
0: 23,69,68,33
0: 23,20,30,66
0: 4,60,79,33
0: 60,79,4,33
0: 79,4,60,33
0: 48,81,65,52
0: 38,27,46,87
0: 48,41,103,55
0: 48,41,55,103
0: 112,70,45,8
0: 112,45,70,8
0: 112,45,8,70
0: 91,25,36,117
0: 121,65,101,23
0: 121,101,65,23
0: 121,65,23,101
0: 44,89,65,56
0: 56,44,65,89
0: 44,56,65,89
0: 44,65,56,89
0: 124,125,87,33
0: 124,33,125,87
0: 125,33,124,87
0: 125,124,33,87
0: 125,124,87,33
0: 124,87,33,125
0: 124,125,33,87
0: 131,20,87,33
0: 131,20,33,87
0: 48,65,136,137
0: 10,94,111,38
0: 122,136,40,87
0: 157,14,70,30
0: 44,100,35,84
0: 35,44,100,84
0: 44,100,84,35
0: 35,100,44,84
0: 44,35,84,100
0: 101,137,36,11
0: 137,11,36,101
0: 4,94,33,103
0: 4,94,103,33
0: 1,25,117,68
0: 101,33,31,52
0: 48,164,59,102
0: 48,59,164,102
0: 48,164,102,59
0: 9,27,81,70
0: 27,81,9,70
0: 27,81,70,9
0: 14,124,78,87
0: 124,14,87,78
0: 124,78,14,87
0: 14,124,87,78
0: 14,78,124,87
0: 124,14,78,87
0: 169,168,33,103
0: 31,101,11,7
0: 14,136,74,111
0: 101,7,20,66
0: 64,101,140,70
0: 100,54,0,51
0: 122,48,70,46
0: 48,122,70,46
0: 101,29,0,46
0: 1,40,159,36
0: 48,65,191,1
0: 150,73,20,68
