74: 1,2,3,4
66: 1,3,4,2
56: 1,3,2,4
46: 1,2,4,3
42: 3,1,2,4
42: 1,4,2,3
41: 2,1,3,4
38: 2,1,4,3
36: 2,3,1,4
35: 1,4,3,2
33: 2,4,1,3
31: 2,4,3,1
30: 3,4,2,1
27: 3,2,1,4
26: 3,1,4,2
24: 2,3,4,1
22: 4,1,3,2
20: 4,2,1,3
20: 3,2,4,1
19: 3,4,1,2
19: 4,3,2,1
19: 4,2,3,1
17: 4,1,2,3
12: 4,3,1,2
169: 1,4,5,6
88: 4,1,5,6
78: 1,4,6,5
76: 1,5,4,6
43: 4,1,6,5
32: 1,6,4,5
27: 1,5,6,4
26: 5,1,4,6
26: 5,4,1,6
26: 4,5,1,6
25: 4,5,6,1
25: 1,6,5,4
19: 5,4,6,1
18: 5,1,6,4
16: 6,1,4,5
15: 6,4,1,5
15: 5,6,1,4
13: 4,6,1,5
12: 6,1,5,4
12: 5,6,4,1
11: 6,5,4,1
8: 6,5,1,4
8: 4,6,5,1
6: 6,4,5,1
129: 1,7,8,9
86: 1,7,9,8
75: 7,1,8,9
71: 1,8,7,9
52: 7,1,9,8
44: 1,8,9,7
42: 1,9,7,8
34: 8,1,7,9
31: 1,9,8,7
30: 8,7,1,9
27: 7,8,1,9
24: 7,9,1,8
17: 7,8,9,1
16: 7,9,8,1
15: 8,9,7,1
14: 9,1,7,8
13: 8,1,9,7
13: 9,7,1,8
13: 9,8,7,1
12: 9,8,1,7
11: 8,9,1,7
11: 9,7,8,1
10: 8,7,9,1
10: 9,1,8,7
91: 1,10,11,12
64: 10,1,11,12
59: 1,11,10,12
58: 1,10,12,11
50: 10,1,12,11
49: 1,11,12,10
46: 1,12,10,11
35: 1,12,11,10
33: 10,11,1,12
30: 11,1,10,12
29: 11,10,1,12
27: 10,11,12,1
26: 12,1,10,11
22: 11,1,12,10
22: 11,10,12,1
22: 10,12,11,1
19: 11,12,10,1
19: 10,12,1,11
19: 12,10,11,1
19: 12,11,10,1
18: 12,1,11,10
17: 12,11,1,10
11: 12,10,1,11
9: 11,12,1,10
