# UNIQUE PLAYERS: 2176
3: 251,485
2: 21,22
2: 71,72
2: 201,202
2: 224,225,226
2: 279,280
2: 299,300
2: 488,489,490
2: 509,510
2: 35,670,671
2: 781,782
2: 35,826,827,341
2: 995,996
2: 1064,74
2: 1095,1096,680
2: 1333,1435
2: 1823,1824,1825
1: 0,1
1: 2,3,4,5
1: 6,7
1: 8,9,10
1: 11,12,13,14,15,16
1: 17,18
1: 19,20
1: 23,24,25,26
1: 27,28,29
1: 30,31,32,33
1: 34,35,36,37
1: 38,39
1: 40,41
1: 42,43
1: 44,45,46,47
1: 48,49
1: 50,51,52,53
1: 54,55
1: 56,57
1: 58,59
1: 60,61
1: 62,63,64,65
1: 66,67,68
1: 69,70
1: 73,74,75
1: 76,77
1: 78,79,80,81,82,83,84,85,86,87,88,89,90
1: 91,92
1: 93,94,95
1: 96,97
1: 98,99,100,101,102,103,104,105,106,107
1: 108,109,110
1: 111,112,113,114,115,116,117
1: 118,119,120
1: 121,92,91
1: 122,123,124,125,126
1: 127,128
1: 129,130
1: 131,132,133,134,135,136,137
1: 22,138,139
1: 60,140
1: 141,142,143,144
1: 145,146
1: 147,148
1: 149,150,151,152,153,154,155,156,157,158,159,160,161,162,163,164,165,166,167,168,169,170,171,172,173
1: 174,175,176,177,178
1: 179,180
1: 181,182,183
1: 184,185,186,187,188
1: 189,190,191,192
1: 193,194,195,196
1: 197,198,199,200
1: 35,203,204,205,206,207,208,209,210
1: 211,22,212,213
1: 214,215,216,217
1: 218,219,220,221,222,223
1: 227,228
1: 229,230,231
1: 232,233,234
1: 235,236,237,238,239,240,241
1: 242,243
1: 244,245,246
1: 247,248
1: 249,250
1: 251,252,253
1: 254,255,256
1: 257,175,258,259
1: 260,261,262,263,264,265,266
1: 267,268,269
1: 270,271
1: 272,273,193,274,194,275
1: 276,277,278
1: 34,281
1: 282,283,284,285
1: 286,287,288,289,290
1: 291,292,293,294,295
1: 296,297,298
1: 301,302,303,304,305,306,155,307,308,309,310,311
1: 312,313
1: 314,315,316,317,318
1: 319,320,321,322
1: 323,324,325,326,327
1: 328,329
1: 330,331,332,333
1: 334,18,335,336
1: 337,338,339
1: 203,35,340,341,342
1: 343,344
1: 345,346,347
1: 348,349
1: 350,351,352,353
1: 354,355,356,357,358,359,360,361,362
1: 363,364
1: 365,366,367
1: 252,368,369,370,371
1: 372,373,374,375,376,377,378,379,380,381
1: 382,383,384,385,386,387,388,389
1: 390,391,392,393,394,395,396,397
1: 398,399,400
1: 401,402,403,404,405,406,407,408
1: 409,410,411,412,413,414,415,416,417,418,419,420
1: 421,422,423,424,425,426,427
1: 428,429
1: 430,431
1: 432,35,433,434,435,436,437
1: 27,438,439,440
1: 441,219,442,443,444,445,446,447,448,449,450,451,452,453
1: 454,455
1: 456,457,458
1: 459,460,461,462
1: 463,464
1: 465,466,467
1: 468,469
1: 470,471
1: 472,203,473,474
1: 62,244,475
1: 476,477,478,479,480
1: 481,482,483,484
1: 486,487
1: 337,491,492,339
1: 493,494,466
1: 495,496,19
1: 497,203,498
1: 499,500,501,502,503
1: 504,505,506,507,508
1: 511,512,513
1: 514,515
1: 516,517
1: 518,519
1: 19,496,520
1: 521,522,523,524,525,526,527,528
1: 529,530,531,532,533,534
1: 535,536
1: 537,538,539,540
1: 541,542,543
1: 544,545,546,547
1: 548,19
1: 549,550,551,552
1: 553,271
1: 554,555,556,557
1: 558,559,560,561
1: 562,563
1: 564,565,566
1: 271,270
1: 567,568
1: 569,570,571
1: 572,323,573,574,575,576,577,578
1: 579,580,581
1: 582,583,584,585,586,587,588,589
1: 413,409,590,591,592,419,593,416,594,595,596
1: 597,598,599
1: 600,601
1: 602,603,604,605,606
1: 607,608,609,610
1: 611,612,613,614,615
1: 616,617,618,619,620,621,622
1: 252,623,624,625
1: 626,627,628,629,630,631,632,633
1: 634,635,636,637,638,639,640
1: 641,494,642,643,644
1: 645,646,647,648,649,650,651
1: 652,653,654,655,656
1: 657,658,659,660,661,496,662
1: 432,663,664,465,466,665,434,433,666,436
1: 667,668
1: 3,669
1: 672,673,674,675
1: 676,677,678
1: 679,680,681,682
1: 683,684,685
1: 686,687
1: 688,689,537,539
1: 690,691,692,693
1: 384,694
1: 496,520
1: 695,696,697
1: 22,21
1: 582,698,699,700,586
1: 203,701,702,703,704
1: 705,706,707,708
1: 709,710
1: 711,712,713,714
1: 715,716,717,718,719,720,721,722,723,724,725,726,727
1: 728,729,730,731
1: 732,541,733,734,735
1: 736,737,738,739,740,741
1: 742,529,743,534,532,531,744,745
1: 746,747,748,749,750
1: 751,752,753
1: 754,755,756,757,758
1: 759,760,300
1: 71,761
1: 762,763,764,765,766
1: 767,768,769,770
1: 771,772,773,774
1: 775,776,777
1: 778,779
1: 495,780
1: 709,783,784,710,785,786
1: 787,788,789,790
1: 791,792,793,794
1: 795,796
1: 797,798,799
1: 630,800,801,802
1: 803,804,805
1: 806,807,808,809,810,811,812,813
1: 814,94,815,751,816,817,334,818,819,682,820,821,822,823,824
1: 825,73
1: 71,828,497
1: 829,830,831,832,833
1: 57,834
1: 835,836
1: 837,838
1: 839,840,841,35,842
1: 489,843
1: 844,845
1: 60,846,847,128
1: 658,662
1: 848,849,850
1: 851,852,853,854,855,856
1: 857,858,859
1: 558,860,761
1: 35,203,861,862,863,864,865
1: 866,867,868,869,870,871,872,873,874,98,875
1: 876,877,878,879,880,881,882,883,884,885
1: 886,887,888
1: 889,890,891,892,893,894,895
1: 896,897,898
1: 899,900,901
1: 902,903
1: 904,902,905
1: 906,907
1: 35,203,670,908,909
1: 910,911
1: 912,913
1: 914,915
1: 916,497,917,918,919
1: 409,416
1: 920,921,922,923,924
1: 925,926
1: 927,928,929,930,931
1: 932,792,791,933,934
1: 21,935,336
1: 936,463,464
1: 937,938,939,940,941
1: 834,57
1: 247,942,943,944,945
1: 946,947,948,949,950
1: 203,951,952
1: 953,954
1: 955,956,834
1: 146,145,957,958
1: 432,959,960,961,642
1: 962,963,964,965
1: 244,475,966
1: 967,968,969,970
1: 62,244,475,971
1: 972,973,974,975,976
1: 34,35,36
1: 977,978,979,980,981
1: 982,983,984
1: 985,986,987
1: 641,988,989
1: 94,990,991
1: 992,993,994,402
1: 997,998
1: 34,36,37
1: 999,1000,1001
1: 495,1002,19,1003
1: 1004,1005,1006,1007,1008,1009,1010
1: 1011,1012,1013
1: 1014,1015,1016,1017,1018,1019
1: 1020,1021,402,1022,1023,1024,1025
1: 1026,1027,1028,1029
1: 62,251,244,475
1: 1030,1031
1: 1032,1033,1034
1: 23,1035,24
1: 1036,1037,1038,1039,1040
1: 268,463,464,1041
1: 1042,1043,1044,1045
1: 39,1046
1: 1047,1048
1: 1049,1050,1051
1: 1052,1053,1054
1: 558,1055
1: 62,251,792
1: 1056,1057,1058,1059,1060,1061,1062,1063
1: 19,1065
1: 1066,1067
1: 680,1068
1: 1069,1070,558,1055
1: 34,37,1071,1072,1073,1074
1: 529,531
1: 529,1075,1076,533,1077,531,532,534
1: 203,244,1078,60
1: 1079,1080,1081
1: 1082,1083,1084,1085
1: 1065,19
1: 1086,1087,1088
1: 1089,1090,1091,1092,1093,1094
1: 1097,245,1098,1099
1: 1100,669
1: 803,805,804,1101
1: 1102,1103,1104,1105
1: 1052,1106
1: 1107,19
1: 1108,1109,1110
1: 1111,1112
1: 658,914,1113,274
1: 658,914,1114,915,662
1: 19,1115
1: 1116,1117,1118,1119,1120,1121,1122,1123,1124,1125
1: 62,1126,251
1: 1127,1128,1129,1130,1131,1132
1: 886,888,1133,1134
1: 1135,1136,193,194,94
1: 496,657
1: 1137,1138,1139
1: 1140,1141,1142,1143
1: 2,1144
1: 60,244
1: 669,1100,1145
1: 558,1146,1147
1: 1148,1149
1: 1150,1151,1152,1153,1154,1155
1: 1156,579,140,61
1: 1157,1158
1: 1159,1160,1161
1: 1162,1163,541,1164
1: 1165,1115,489,1166
1: 665,503
1: 1167,1168
1: 1169,1170,1171
1: 1172,1173,1174,1175,1176,1177,1178,1179
1: 529,1180
1: 1181,1182,1183,1184,1185,1186
1: 1187,131,135
1: 1188,1189
1: 680,1190,1191
1: 76,1192,1193,1194,77
1: 1195,1196,1197,1198
1: 910,1199
1: 505,1200,1201,1202
1: 141,1203,1204
1: 1205,1206,1207,1208,1209
1: 548,997
1: 1210,143,1211,572,1212,1213,1214
1: 1215,1216,56,1217
1: 203,35,670,497
1: 1051,1218,1219,1220
1: 1221,1222
1: 62,251,475,244
1: 1223,1224
1: 1225,1226,1227,77,1228
1: 558,755,1229,560
1: 1230,1231,1232
1: 1233,1234,1235,1236,1237,1238,1239,1240,1241
1: 337,71,339
1: 680,1242,1243,1244
1: 1245,432,1246
1: 1247,1248,1249
1: 495,346,1250
1: 297,1251,1252,1253
1: 268,1254,1255
1: 1225,76,1256,1257,1258,1259,1260
1: 94,1261,1262,1263
1: 1264,1265,1266,1267,1268,1269
1: 761,1113,1270
1: 1271,1272,1273,1014
1: 1274,1275,1276,1277,1278,1279,1280
1: 1281,1108,1282
1: 1283,1284,1285,341,37
1: 1286,1287,1288,1289,1290
1: 1291,1292,1293
1: 1294,1295,1296
1: 1297,1298
1: 1299,1300,1301,1302,1303,1304
1: 1305,1306,1307,1308
1: 1309,1310,1311,1312,1313,1314,1315,1316,1317,1318,1319,1320,1321
1: 201,1322
1: 1323,520,1324,1325,1326,1327,1328,1329,1330,1331,1332
1: 1333,1334,1335
1: 272,1114,1336,1337
1: 982,1338
1: 71,1339,336,1340,1341,1342,1343,1344,1345,1346,1347
1: 466,664,1348
1: 788,1349,982,1350,1351
1: 60,61,128,127
1: 267,1352
1: 1353,1354,1355,1356,630
1: 1357,1358,1359,1360,1361,1362,1363,1364
1: 503,665,1365
1: 1366,544,1367
1: 1368,1369,1370,1371
1: 1322,201
1: 1372,1373,1374,475
1: 1349,1375,432,1376
1: 1377,175,197,1378,1030
1: 1379,1380
1: 1381,1382,1383
1: 1384,1385,1386
1: 1387,1388,1389
1: 440,1390,1391
1: 1392,1393,1394
1: 1395,1396,61,494,60
1: 1397,1398,1399,1400
1: 432,960,642,961
1: 1401,1402,1403
1: 1404,1405
1: 432,1406,433,1407,1408,434,1409
1: 1410,1411,1412,1413,1020
1: 1414,1415,1416,1417
1: 1418,1419
1: 232,1420,1421
1: 337,339,492
1: 1422,1423,1424,1425,1426,1427
1: 469,1428,1429
1: 35,203,342,671,670
1: 1430,1431
1: 2,627,993,1432,3,1433
1: 1434,94
1: 680,1242,1436
1: 1437,1438,1439,1440
1: 1441,35,1442
1: 1443,1444,1445,1446,1447,1448,1449
1: 1450,1451
1: 433,1408,1452,666,1453
1: 203,35,670,1454
1: 432,203,35,497,865,1455,1456,1457,1458
1: 558,1055,1459
1: 1460,1461,1462
1: 323,324,326
1: 1463,1464,1465
1: 1466,1467,1468
1: 251,485,792
1: 1469,1470,1471
1: 1472,1473,1474,1475
1: 1475,347,1476
1: 1477,1478
1: 1479,1480,1481,1482,1483,1484,1485,1486,1487,1488,1489,1490,1491
1: 1492,1493
1: 1494,1495,1496
1: 1497,1498,1499,1500
1: 19,1501
1: 1115,1502,1503,1504,1505,1506
1: 1507,641
1: 432,641,665,1508,960,1452
1: 1509,1510,1511,1512,1513,1514,1320,1515,1516,1517,1518,1519,1520,1521,1522,1523
1: 1524,1525
1: 1526,1527,1528
1: 23,1529,1530
1: 1531,175,1030
1: 1532,1533,1534
1: 35,207,1535,1536
1: 1537,1538,982
1: 21,1539,1540,1541,1542,1126
1: 1543,1544,1545,1546,1547
1: 641,1548,1549,1550,989
1: 1551,1552,1553
1: 1554,1555,1556,1557
1: 195,1558,1559
1: 232,1560
1: 1561,1562,1563,1564
1: 235,315,1565,316
1: 1566,1567,1568,1569
1: 1570,1571
1: 1572,1573,1574,1575
1: 1576,1577,1578,1579
1: 1065,94,990
1: 922,1580
1: 1581,1582,1583
1: 541,1584,1585,542
1: 35,203,115,1586,1587,111
1: 1588,143,1589,1590,1591,1592
1: 1593,1594,1595
1: 1596,1597,1598
1: 1599,1600,1601,1602,1603,1604,755,1605,1606
1: 1167,1607
1: 1608,1609,1610,1611,1612,1613
1: 465,466,664,665
1: 1614,1615
1: 1616,19
1: 1617,1618,1619,1620,1621,1622,1623,1624
1: 1625,1626,1627
1: 1628,1629,1630
1: 73,518
1: 1631,1182
1: 1632,1633
1: 1634,1635,1636,1637
1: 1638,1639,1640
1: 1531,175,1641,1030
1: 35,842,671
1: 1642,1643,95
1: 73,1644,518,75
1: 1645,1646
1: 1647,1648
1: 1649,1650,1651
1: 1652,1653,1654,1655,1656,1657,1658,1659,1660
1: 1661,1662,1663,1664,1665,1666,1667,1668
1: 1669,1670,1671
1: 1672,1673,1674,1675
1: 1676,1677,1678,1679,1680
1: 1285,37
1: 942,91
1: 1681,126,1682,1683,1398
1: 1684,1685,1686
1: 92,91,1687
1: 203,433,1398,1688,1689,1690
1: 1691,1692,1693
1: 490,843,489,1694,1695
1: 1696,1697
1: 73,74
1: 1698,1699,797
1: 1700,1701,1702
1: 1703,1704
1: 60,128
1: 465,641,665,467
1: 1705,1672,1706,1707,1708
1: 1128,1709,1710
1: 35,1711,1712,1713
1: 1714,1715
1: 1716,1717,1718,1719
1: 1645,1720,1721
1: 1722,1072,579,1071
1: 1723,788,1724,1725,755,1726,1727,1728
1: 1729,1730
1: 1274,1731,1732
1: 60,1733,244,847
1: 1734,1735,1736,1737,1716
1: 1049,1738,1739
1: 1740,485,1741,27
1: 62,792,791
1: 1742,1743,1744,1745
1: 1746,1747,1748
1: 1749,1750,1751
1: 1752,1753,1754,1755
1: 1638,1756,1757,1639
1: 1164,1758,1162,541
1: 541,1759
1: 1760,1761,1762
1: 1226,558,77
1: 1531,175,1763,1030
1: 323,1764,1765,1766,1767,1768,1769,1770
1: 1771,1772,1773,398
1: 1296,432,1774
1: 1150,1151,1152,1153,1775,1155
1: 1776,1777,1778
1: 1779,1780,1781,1782,1783,1784,1785
1: 1786,1787,1788,1789
1: 1790,1791,1792
1: 1793,1794,92,1795,1796,1797
1: 1798,1799,1800,1801,1802,1803
1: 1804,19,630,1354
1: 1805,69,70
1: 35,203,1806,1807,205,801,208,206,210
1: 1808,1809
1: 1810,203,35,37
1: 1811,1812,1813
1: 1814,1548,1815,485,469
1: 1816,1817,971,1818
1: 792,932,791
1: 1819,1820,1821
1: 1822,915
1: 466,664,1348,1826
1: 537,540,539,1827
1: 826,35,341
1: 244,468
1: 71,935,336
1: 94,1828
1: 1829,1830,1831,1832
1: 679,680,1833,1242
1: 1834,1835
1: 1836,1837,1838
1: 1839,1840
1: 1841,1560
1: 1842,1843
1: 792,791
1: 1844,1845
1: 142,1296,1846
1: 1485,1847,1848,1849
1: 1850,1851,1852
1: 680,1853,1854,682,679
1: 1855,1856,1857,1858
1: 558,1859
1: 999,1860,1861,1430,1350
1: 1862,1863
1: 1864,1865,1866
1: 1435,1867,1868,1869
1: 1870,1871
1: 143,1591
1: 466,465,665
1: 1872,1616,1873,1874
1: 1875,1876,1877
1: 529,1077,531,532,534
1: 1878,1879,1880,1881,1882
1: 1808,188,1883,1884,1885,1886,1887,1888
1: 1128,1709
1: 1889,1890
1: 1002,495,19
1: 2,3,200
1: 1891,1892,1893,1894
1: 466,1895,1896
1: 1897,1898,1899,1900,1901
1: 71,1902,413,1903,933,1340,1904
1: 35,203,111,1905
1: 71,176
1: 1182,1906
1: 1907,247,1908,1909
1: 1910,1911,1912
1: 1913,1914,1915,1916
1: 1337,296,761
1: 398,1917
1: 1918,1919
1: 244,641,761,644
1: 658,496,662,1920
1: 1921,1922,1923,1924
1: 62,251
1: 1925,1926,1380
1: 1927,1928,1929
1: 1930,1931,1932,1933,1934,1935
1: 1100,1936,1937
1: 761,1113,1938,1939
1: 1940,1941,1526,1527
1: 1561,1864,1942
1: 1943,1046
1: 1944,761
1: 1798,1800,1945,1521,1946
1: 1947,1948,1949,1950
1: 1951,802,601
1: 1952,1953,1954,1955,1956,1957,1958,1959,1960,1961,1962
1: 1963,1964,124,1965,1966
1: 1967,1968,1969,1970,1971
1: 1972,1973,1974,1975,1976
1: 1055,558,1977
1: 1978,712
1: 1584,1979,542
1: 1027,1028,1026,1980,1981
1: 1982,1983,1984,1985
1: 1986,1987
1: 942,1616
1: 1988,1989,1990
1: 272,280,1991,1336
1: 1992,1993
1: 184,1994,1850
1: 709,1995,1996,1997
1: 1998,1999,2000,2001
1: 942,2002,848
1: 2003,2004,2005,2006
1: 2007,2008,2009,2010,2011,2012,2013
1: 2014,2015,2016,515,514
1: 2017,2018,2019,2020
1: 475,2021
1: 2022,942
1: 76,2023,2024,2025,2026
1: 2027,2028,2029,2030
1: 2031,2032,2033
1: 2034,1542
1: 2035,2036,2037,2038,2039,2040
1: 2041,2042,124,2043,2044
1: 1733,2045,35,2046,60
1: 766,2047,2048,2049,2050,2051,2052,201
1: 2053,1218,468
1: 2054,2055,2056,2057
1: 2058,2059,2060
1: 2061,2062,2063,2064,2065,2066
1: 2067,2068,1131,1672,92
1: 2069,2070,2071,2072
1: 680,1436
1: 2073,2074
1: 760,1200,1202,2075,505,696,2076
1: 942,2077
1: 1095,1096,2078,680,2079
1: 2080,2081,2082,2083
1: 495,2084
1: 1730,2085,1864
1: 2086,2087,2088
1: 2089,2090,2091,2092,2093,2094,2095,2096
1: 2097,2098
1: 127,496,128,2099
1: 23,2100,2101
1: 2102,2103,56,2104,1156,1217,2105
1: 9,2106,2107,2108
1: 337,2109,2110
1: 2111,991,2112,2113,1158
1: 2114,2115,2116,2117
1: 2118,2119,2120,2121,2122
1: 219,2123,2124,2125,2126,2127,2128
1: 2129,2130
1: 2131,2132
1: 27,995,1944,760
1: 485,469
1: 2133,2134,2135,2136
1: 2137,2138,2139,2140
1: 2141,2142,2143,2144,2145,2146
1: 466,2147
1: 709,2148,2149,2150,2151
1: 1855,2152,1857,1858
1: 1085,2153,2154,2155,2156,2157,2158,2159,2160,2161,2162,2163
1: 2164,2165,2166,2167
1: 2168,2169,2170,2171
1: 2172,2173,2174
1: 1967,1561,2175
