# UNIQUE PLAYERS: 2059
1: 0,1,2,3,4,5,6,7
1: 8,9,10,11,12,13,14,15
1: 16,17,18,19,20,21,22,23
1: 24,25,26,27,28,29,30,31
1: 32,33,9,23,34,35,36,37
1: 38,39,40,41,42,43,44,45
1: 46,47,48,49,50,51,52,53
1: 54,55,56,57,58,59,60,61
1: 62,63,64,65,66,67,68,69
1: 39,41,38,70,44,43,71,72
1: 33,73,74,75,32,76,77,78
1: 79,80,81,82,83,84,85,86
1: 87,88,89,90,91,92,93,94
1: 95,96,97,98,99,100,101,102
1: 103,104,105,106,107,108,109,110
1: 111,112,113,114,115,86,116,117
1: 118,119,120,121,122,123,124,125
1: 126,127,128,129,130,131,132,133
1: 134,118,135,136,137,138,139,140
1: 141,142,143,144,145,146,147,148
1: 83,149,150,151,84,152,153,154
1: 87,155,156,90,157,91,158,92
1: 159,160,96,161,100,95,102,162
1: 109,163,164,105,165,103,166,167
1: 168,169,112,170,171,114,111,172
1: 173,174,175,119,176,121,123,177
1: 129,178,133,126,179,180,181,182
1: 134,135,183,136,184,185,138,186
1: 141,178,187,188,189,190,143,179
1: 135,191,183,175,186,192,184,136
1: 193,168,149,194,188,82,195,189
1: 191,196,197,198,199,200,136,201
1: 175,135,202,186,203,204,173,205
1: 206,207,208,209,210,211,212,213
1: 214,215,216,217,218,219
1: 220,221,222,223,224,225,226
1: 227,228,229,230,231,232,233,234
1: 235,236,237,238,239,240,241,242
1: 235,239,238,237,236,243,242,244
1: 227,228,229,215,231,219,245,246
1: 247,248,249,250,251,252,253,254
1: 255,256,257,258,259,260,261,262
1: 263,264,265,266,267,268,269,270
1: 271,272,273,274,275,276,277,278
1: 279,280,281,282,283,284,285,286
1: 255,287,288,289,290,137,291,292
1: 280,293,294,295,296,297,128,298
1: 255,299,289,300,260,301,302,137
1: 141,303,304,305,306,307,308,309
1: 249,252,310,250,311,312,313,314
1: 256,315,257,259,261,316,317,318
1: 319,320,321,322,323,324,325,326
1: 273,277,272,271,327,328,274,329
1: 283,330,331,285,332,333,334,279
1: 335,287,291,336,337,338,292,137
1: 339,340,280,341,283,342,343,344
1: 345,260,300,346,347,348,349,350
1: 351,352,286,353,354,355,356,357
1: 358,359,360,361,362,363,364,365
1: 304,339,341,305,306,303,308,340
1: 366,345,367,368,369,370,349,347
1: 351,371,372,319,352,312,373,354
1: 366,360,358,359,335,361,364,374
1: 280,375,295,376,377,378,379,297
1: 255,380,381,382,383,384,289,385
1: 366,386,387,367,368,369,370,388
1: 389,390,391,392,150,79,393,394
1: 395,258,317,90,363,318,396,397
1: 398,266,97,263,399,400,401,402
1: 403,404,405,406,107,407,408,409
1: 283,410,411,412,281,331,413,79
1: 291,414,415,416,417,418,137,419
1: 420,421,128,422,376,294,423,424
1: 425,426,416,137,427,185,428,429
1: 430,431,303,307,432,433,434,435
1: 389,436,437,438,392,439,440,441
1: 317,442,363,443,444,318,90,397
1: 266,445,446,268,447,101,448,449
1: 404,408,328,407,450,451,108,452
1: 282,283,412,410,331,285,453,454
1: 291,455,419,425,456,457,458,137
1: 283,422,344,459,423,460,461,462
1: 346,463,416,427,137,185,419,464
1: 465,410,466,467,398,468,439,469
1: 406,425,427,122,470,329,471,472
1: 431,473,474,303,432,309,461,179
1: 475,476,185,477,464,478,479,480
1: 465,438,481,482,483,484,172,485
1: 406,486,471,487,488,489,490,472
1: 475,491,476,464,492,478,493,494
1: 495,496,497,498,499,500,501,502
1: 503,504,505,506,507,508,509,510
1: 511,512,513,514,515,516,517,518
1: 519,520,521,522,523,524,525,526
1: 527,528,529,530,531,532,533,534
1: 535,536,537,538,539,540,541,542
1: 543,544,545,546,547,548,549,550
1: 551,535,503,552,553,554,555,556
1: 557,558,559,560,561,562,563,564
1: 565,495,497,566,567,498,568,569
1: 504,505,508,507,570,571,572,573
1: 511,515,513,574,575,576,577,578
1: 520,519,579,521,522,580,581,582
1: 527,583,584,585,586,587,588,589
1: 590,591,537,592,593,594,595,596
1: 527,597,598,599,600,601,602,603
1: 604,605,606,607,608,609,610,611
1: 527,583,565,612,613,614,615,500
1: 616,504,503,607,617,526,618,619
1: 597,563,561,598,557,558,560,620
1: 621,607,622,623,604,608,610,509
1: 527,583,565,624,625,626,627,612
1: 616,504,607,570,628,629,630,631
1: 546,632,543,633,634,544,635,550
1: 551,302,636,535,555,637,638,639
1: 621,628,640,608,631,641,642,643
1: 251,644,248,645,646,647,648,311
1: 256,649,650,261,651,652,653,654
1: 655,656,657,658,659,265,320,263
1: 660,661,662,663,664,665,329,666
1: 410,667,279,668,332,669,645,670
1: 288,671,289,292,672,673,674,675
1: 676,677,294,678,280,298,679,295
1: 299,680,674,681,289,682,683,301
1: 684,685,686,303,687,688,689,690
1: 645,646,372,691,692,693,694,695
1: 256,696,261,650,697,649,260,698
1: 322,656,320,321,264,657,699,658
1: 700,364,661,660,663,701,329,702
1: 332,703,704,667,705,706,707,708
1: 673,292,672,709,675,710,711,712
1: 713,340,714,341,715,716,342,717
1: 681,674,718,289,719,720,721,722
1: 351,723,724,725,726,727,728,357
1: 364,673,358,359,729,730,731,732
1: 713,684,340,341,733,734,303,703
1: 696,366,735,736,718,370,737,720
1: 351,738,373,371,726,352,739,740
1: 256,364,673,735,741,358,742,732
1: 676,280,375,743,744,745,295,746
1: 380,299,747,289,680,748,683,749
1: 366,735,750,751,752,753,736,370
1: 0,6,1,3,754,755,756,757
1: 758,759,760,761,762,763,764,765
1: 766,767,768,769,770,771,772,764
1: 773,24,774,775,776,777,778,779
1: 32,780,781,782,783,766,784,785
1: 39,41,40,786,787,788,789,790
1: 791,792,793,51,794,795,796,797
1: 798,799,800,801,802,803,768,804
1: 805,806,807,808,809,810,811,812
1: 39,41,40,813,814,790,815,816
1: 780,32,817,818,819,820,821,822
1: 823,824,825,826,827,828,829,830
1: 831,832,833,834,835,836,837,838
1: 839,840,841,842,843,844,845,846
1: 847,848,849,850,851,852,853,854
1: 855,856,857,823,858,859,860,861
1: 862,863,832,864,865,866,867,868
1: 855,857,869,825,870,827,871,872
1: 873,874,875,876,877,878,879,836
1: 880,881,882,883,884,885,886,887
1: 823,824,826,886,888,889,149,890
1: 831,833,891,892,837,836,893,894
1: 841,846,839,895,896,843,897,898
1: 849,899,848,900,901,850,902,903
1: 855,904,905,906,907,194,860,908
1: 834,909,866,910,868,911,912,862
1: 855,913,914,870,915,872,869,916
1: 875,874,917,918,878,919,920,921
1: 922,888,923,904,194,924,925,926
1: 875,927,928,929,894,930,931,932
1: 886,913,933,881,934,883,914,935
1: 875,936,937,874,938,917,919,920
1: 922,888,194,923,904,883,881,939
1: 912,894,936,929,930,940,928,941
1: 917,875,936,942,937,943,919,944
1: 945,946,947,948,949,950
1: 951,952,953,954,955,956,957
1: 958,959,960,945,946,961,962
1: 963,964,953,965,966,967,968
1: 969,970,971,972,962,973,974
1: 975,976,977,978,979,961,980
1: 981,982,983,984,985,986
1: 962,970,969,971,987,972
1: 988,951,989,990,991,992
1: 496,993,567,994,500,995,498,996
1: 997,998,999,507,506,1000,573,1001
1: 1002,1003,514,575,511,515,1004,1005
1: 1006,520,1007,1008,519,1009,522,1010
1: 527,1011,1012,528,1013,1014,1015,1016
1: 1017,1018,617,1019,1020,553,1021,1022
1: 1023,1024,1025,1026,1027,546,1028,620
1: 1029,639,1030,1031,997,556,553,1032
1: 564,559,557,597,1033,1034,1035,1036
1: 1037,567,565,1038,1039,1040,1041,1042
1: 997,507,570,571,572,504,1043,1044
1: 575,1045,1046,511,1047,1048,515,1049
1: 520,1007,522,1010,1050,1051,1052,1053
1: 1011,527,584,1054,1037,1055,587,1056
1: 591,1057,1058,596,1059,540,1060,590
1: 1026,597,564,565,600,603,1061,1062
1: 1063,1064,610,997,604,1065,609,641
1: 527,565,583,612,1066,613,614,1067
1: 1068,617,1069,616,1070,504,629,1071
1: 564,597,598,1072,1073,626,1074,1075
1: 1064,1063,621,640,604,623,1076,1077
1: 565,612,1066,527,1011,1078,1061,625
1: 1068,570,631,1071,629,616,1069,1057
1: 1079,1080,546,1081,1082,635,1083,544
1: 1029,639,555,551,556,1084,1032,1085
1: 1086,1057,621,1077,640,1087,623,1088
1: 1089,1090,1091,1092,1093
1: 214,1094,1095,1096,1097
1: 1098,1099,1100,1101,1102,1103,1104
1: 1097,1105,1106,1107,1108,232,1109,1110
1: 1111,239,1112,1113,1114,1115
1: 1111,239,1112,1113,1115,1116,1117
1: 1097,1118,1105,1107,1106,1119,1120
1: 1121,1122,1123,1124,1125,1126,1127
1: 1128,1129,1130,1131,1132,1133,1134
1: 1135,1136,1137,1138,1139,1140,1141
1: 1129,1142,1143,1144,1145,1146,1147
1: 1148,1149,1150,1151,1152,1153,1154
1: 1155,978,1156,1157,1158,1159,977,1160
1: 1161,1162,1163,1164,1165,1166,1167
1: 1149,1150,1168,1152,1169,1170,1153
1: 1129,1171,1172,1173,1174,1175,1176,1145
1: 757,1177,1178,1179,1180,1181,1182,1183
1: 1184,1185,1186,1187,1188,1189,1190,1191
1: 1192,1193,1194,1195,1196,1197,779,1198
1: 1199,1200,1201,1184,1202,1203,1204,1205
1: 1206,1207,1208,1209,1210,1211,1212,809
1: 1213,1214,1215,1216,1217,1218,1219,1220
1: 799,1221,803,802,1222,1223,1224,1225
1: 788,1206,1226,1212,1227,1228,1209,1229
1: 822,1221,1230,1231,1171,799,1232,1233
1: 1179,1234,1235,1236,1237,1238,1239,1240
1: 1241,1242,1243,1244,1191,1245,1246,1247
1: 1248,1249,1196,1250,1251,1252,1253,1254
1: 1233,1255,1256,1241,1257,1203,1258,1259
1: 1209,809,1260,1261,1262,1263,1264,1265
1: 1266,1250,1267,1213,1268,1269,1270,1271
1: 1272,1273,1221,799,1274,1275,1276,1222
1: 1277,1209,809,1196,1260,1251,1278,1279
1: 1255,1241,1280,1281,1282,1174,1259,1283
1: 823,1284,1285,1286,1287,1288,1289,1290
1: 1291,1292,1293,1294,832,1295,1296,1297
1: 1298,1299,845,844,1300,1301,1302,49
1: 1303,848,1304,1305,1306,1307,1308,1309
1: 1310,855,1311,1312,1313,1314,1315,1316
1: 1317,866,1318,1319,832,1320,1321,911
1: 870,1322,855,1323,1324,1325,1326,1327
1: 1328,1329,1330,1331,1332,1333,1334,1335
1: 880,1336,1337,884,916,1338,1339,1340
1: 823,826,1341,904,1342,1343,1344,1290
1: 1345,1292,1291,1295,1346,1347,1348,1349
1: 896,1299,1350,845,1300,49,1351,1352
1: 1304,1303,848,1353,1354,1308,1355,1309
1: 1356,1357,1358,68,1359,908,1360,855
1: 1319,911,866,1321,1320,1361,1362,1363
1: 870,1364,1340,916,1365,1366,1367
1: 1368,1328,1369,876,1334,1370,1371,1372
1: 1284,1373,1358,925,1374,1375,1376,1377
1: 1378,1329,1328,1379,931,1380,1381,1382
1: 880,916,1365,1337,884,1340,907,1383
1: 1368,1330,1384,1385,876,1386,1387,1388
1: 1284,904,1376,1373,1375,1389,1390,1391
1: 1378,928,1379,1329,1382,1380,1392,1393
1: 1368,1385,1386,1384,1394,1387,1395,1393
1: 1396,1397,1398,1399,1400,1401,1042,1402
1: 1476,1477,1478,1479,998,1480,1481,1482
1: 1403,1404,1405,1406,1407,1408,1409,1410
1: 1483,1484,1485,1486,522,1487,1488,1489
1: 1411,1412,1413,1414,1415,1416,1417,1418
1: 1490,1491,1492,1493,1494,1495,1496,1497
1: 1411,1419,1397,1420,1421,1422,1423,1424
1: 1492,1498,636,1499,1496,1500,1501,1502
1: 1425,1426,1427,1033,1428,1429,1430,1431
1: 1086,1503,1504,1505,1506,1507,1508,1509
1: 1396,1398,1432,1433,1434,1038,567,1435
1: 1476,1477,998,1479,1510,1511,1512,1513
1: 1436,1404,1437,1438,1439,1407,1440,1441
1: 1484,1485,1514,1486,1515,1516,1517,1518
1: 1412,1442,1443,1444,1011,1445,1446,1447
1: 1491,1478,1519,1087,1520,1521,1522,1523
1: 1448,1449,1450,1423,1451,1452,1421,1453
1: 1524,1498,1499,1525,1086,1526,604,1527
1: 1454,1449,1455,1456,1406,1066,583,1457
1: 1528,1529,1530,1517,1531,1532,1071,1533
1: 1458,1459,1452,1460,1430,1461,1462,1463
1: 1524,1086,1534,1535,1536,1537,1538,1539
1: 1464,1465,1466,1467,1468,1469,1457,1470
1: 1411,1079,1081,1406,1471,1472,1473,1474
1: 1492,1496,1540,1029,1541,1542,636,1502
1: 1425,1033,1426,1427,1459,1431,1430,1475
1: 1086,1524,1506,1543,1505,1507,1504,1508
1: 1544,1545,823,1546,828,1547,150,85
1: 1548,156,1549,835,1550,1551,1552,1553
1: 841,846,1554,1555,1556,843,95,1557
1: 1558,1559,1560,1561,1562,1563,106,1564
1: 1565,1566,904,112,823,1567,1568,861
1: 927,119,1569,1570,910,1571,1572,1573
1: 1574,1575,1576,872,1577,1566,869,178
1: 927,1578,836,1579,874,1580,382,1581
1: 1582,1583,1584,188,141,143,1585,147
1: 1544,1545,1586,85,150,82,1587,149
1: 1548,156,1549,1551,831,1552,1588,835
1: 846,841,895,1555,1589,1554,845,843
1: 1560,1563,1559,1558,1564,1561,106,1590
1: 1591,1592,1593,112,1594,934,906,1595
1: 119,199,910,834,1571,1550,1573,1596
1: 1597,1544,1574,178,872,1576,1598,1599
1: 927,874,836,192,1600,1601,1580,1602
1: 1582,1603,1604,188,1584,190,1605,1606
1: 1607,874,1608,1609,1610,1611,192,1612
1: 1613,888,1614,194,1555,923,1615,1616
1: 199,1550,1617,156,1612,1618,1619,1620
1: 1607,874,1621,1622,1623,1608,1624,1625
1: 495,566,1626,1627,1628,583,1629,1630
1: 503,504,509,508,653,1631,1632,1633
1: 511,514,513,518,1634,1635,1636,1637
1: 1638,1639,519,1640,1641,1642,1643,1644
1: 527,530,533,1645,1646,1647,1648,1649
1: 1650,592,749,537,680,1651,1652,1653
1: 547,635,1654,1655,1656,1648,1657,1658
1: 1659,749,503,1660,637,1661,1651,1652
1: 558,561,562,560,1662,1663,1664,1665
1: 495,566,568,614,1626,1666,569,1667
1: 504,1668,508,1631,505,1632,1669,999
1: 511,575,514,578,1634,574,1670,1671
1: 1640,519,1672,1673,1674,1644,521,1639
1: 527,1675,1676,587,1677,586,589,1678
1: 592,1650,593,1679,1680,711,1681,1682
1: 1654,547,527,1683,558,1684,1685,1686
1: 608,604,1687,1688,674,1017,606,1689
1: 527,565,1083,583,612,1690,1691,1692
1: 1693,1640,504,1674,1694,1695,607,1696
1: 1654,558,1683,561,1697,560,1662,584
1: 509,592,1679,608,1698,1699,1700,1701
1: 527,1702,583,624,557,1703,1692,1704
1: 1693,1679,1705,1682,1706,1707,1708,1709
1: 1710,1648,635,550,545,1711,1712,1657
1: 749,1660,535,1084,637,1713,680,1714
1: 1698,509,1715,1716,1717,1701,750,1718
1: 644,648,1719,645,692,1720,1721,647
1: 1722,365,1723,1724,1725,1631,261,1726
1: 1727,1728,1729,264,657,1730,1731,1732
1: 1733,1640,662,1643,1734,663,1674,1735
1: 706,1736,670,1737,667,1738,1739,668
1: 1740,1741,747,1742,672,1743,1744,711
1: 676,1710,677,547,1745,668,1746,1747
1: 682,1748,747,1740,674,1749,711,301
1: 684,1750,1663,1686,1655,1751,686,1752
1: 1753,692,1720,1754,691,645,1755,648
1: 256,365,1756,1757,1726,697,1758,653
1: 656,264,1759,320,657,1760,1761,1730
1: 1733,1640,1674,662,1673,1762,1735,1763
1: 706,1678,1764,704,1736,1765,1766,1767
1: 672,1650,1768,1769,1741,1770,709,1771
1: 703,677,1750,547,340,1697,1772,1773
1: 1774,674,696,1771,672,1775,1776,719
1: 724,725,1777,1778,728,723,1779,1780
1: 1768,730,364,1781,729,1782,1783,1784
1: 703,1773,1750,1686,340,1697,686,1785
1: 1768,696,1786,718,1774,1787,1788,1775
1: 1779,738,1777,728,1778,373,1789,739
1: 1768,1782,256,1790,1791,1696,1792,1793
1: 676,1710,1745,1737,1794,1795,1747,1746
1: 1740,682,1748,747,1796,1797,1798,748
1: 1799,696,1786,718,752,366,1787,476
1: 1800,1801,1802,10,1803,1804,1805,1806
1: 1807,1319,1808,1809,1810,1320,1811,37
1: 1364,1323,1812,1813,1814,1815,28,1816
1: 32,1807,1808,35,1331,34,1817,1371
1: 1366,1340,1818,1819,1820,1821,1822,42
1: 1823,1824,2,1825,1826,1827,916,1828
1: 1301,1829,1830,1831,49,1352,1832,1299
1: 848,1378,1308,1833,1834,1835,1836,1837
1: 67,1356,1838,1839,68,1840,1841,1842
1: 1364,1843,1818,1822,1340,41,1820,1367
1: 1802,1844,1845,32,1846,1847,1848,1849
1: 1850,1822,1851,1356,1375,1852,1853,1854
1: 1810,1855,1856,1857,1858,1859,54,1860
1: 1123,948,1861,1862,949,1863,1864
1: 955,1865,1866,1134,1867,953,1868
1: 1869,1870,1871,1872,1873,1874
1: 1875,1144,964,989,1876,1877
1: 1878,1168,1879,1880,971,1170
1: 975,1156,977,978,1881,1882
1: 1883,1161,984,1884,985,1885,1886
1: 971,1170,1887,1888,1889,970
1: 1875,1172,1877,953,1890,1891
1: 1627,1628,1892,1893,1894,1895,1629,1896
1: 1897,1724,653,1898,1899,1900,1901,1632
1: 1902,1903,516,511,1904,1905,1906,1907
1: 523,519,1733,1641,1674,1673,524,1908
1: 1909,1738,1649,530,1675,1910,1645,1911
1: 749,1651,302,1650,680,1653,672,1897
1: 547,676,1710,1738,1895,1909,1912,1913
1: 749,1084,680,302,1651,1914,1915,1916
1: 558,684,1917,1918,1655,1702,1919,1920
1: 1627,495,1628,1921,1720,568,314,1922
1: 1897,1898,1726,1923,1924,653,1631,1925
1: 1902,1926,1927,1928,1904,1929,1930,1931
1: 1674,1932,1640,1644,1933,1641,1673,1638
1: 1678,1765,1934,1911,527,1676,706,704
1: 1935,672,1650,711,592,1679,593,1936
1: 547,1654,1697,1772,1773,1937,1684,558
1: 672,1651,1774,718,1938,1939,608,1940
1: 1697,1779,1941,724,1778,1942,1780,725
1: 1693,1696,1775,730,1781,1943,1944,1923
1: 1654,1697,1683,1686,1664,1945,558,1655
1: 1799,1715,1774,1946,1938,1947,1787,1948
1: 1779,1702,1777,624,1926,1934,1949,1950
1: 1693,1951,1696,1679,1707,1952,1781,1953
1: 1710,1082,547,1954,1894,676,745,1712
1: 749,1084,302,1740,1651,1748,1955,1915
1: 1799,1693,1679,1956,1947,1948,750,1699
1: 1089,947,1957,1091,1958,1959
1: 1960,1134,1961,1962,1963
1: 958,214,1964,969,960
1: 1965,1966,1967,1101,992
1: 970,969,1106,228,960,1968,1969,1970
1: 1971,980,1972,1973,1974
1: 1975,1976,1977,1978,1979,1980,1981,982
1: 958,969,970,1982,228
1: 988,1983,1967,1984,1985
1: 1398,1400,1986,1042,994,1396,567,1402
1: 1071,1987,1477,1001,1988,1989,998,1527
1: 1403,1002,1990,1991,1992,1993,1994,1995
1: 1485,522,1996,1997,1998,1999,1006,1008
1: 2000,527,1011,583,2001,2002,2003,2004
1: 1019,1499,1017,1018,2005,1492,553,2006
1: 1419,2007,1023,2008,1449,1411,2009,2010
1: 2011,1499,1019,2012,1029,636,1502,553
1: 1033,1034,1461,2013,2014,559,2015,2016
1: 1398,1042,1396,1400,2017,2018,2019,567
1: 2020,1071,2021,2022,573,504,1513,2023
1: 1995,2024,1438,1049,1993,2025,2026,1991
1: 527,2027,1444,1011,1456,2028,583,2029
1: 1057,2030,1058,1059,2031,1491,1519,1523
1: 564,1011,1073,2032,2033,600,1066,2034
1: 1086,1019,1492,604,2035,610,2036,2037
1: 527,1066,1454,2038,565,2039,612,2040
1: 1071,2041,2020,2042,617,1532,2043,1068
1: 2014,564,1461,1073,1034,2032,2044,2045
1: 1086,2046,2047,1087,1076,2048,2049,623
1: 1066,1464,1456,1468,1465,1061,2050,2051
1: 1071,2020,1057,629,2052,570,2053,2054
1: 1082,1079,1023,1471,2055,1081,2056,2057
1: 1540,2011,639,556,636,1029,2012,2058
1: 1086,2046,1087,1057,2049,2047,640,1504
