# UNIQUE PLAYERS: 83
4: 24,40
4: 18,8
3: 8,0
3: 12,22
3: 18,12
3: 18,4
3: 18,30
3: 12,24
3: 43,18
3: 24,37
3: 24,43
2: 12,21
2: 8,22
2: 0,24
2: 8,10
2: 18,37
2: 43,12
2: 24,4
2: 43,62
2: 18,10
2: 8,4
2: 12,43
2: 24,0
2: 18,22
2: 43,17
2: 18,0
2: 24,9
2: 24,70
2: 18,66
2: 18,64
1: 0,1,2,3
1: 4,5,6,7
1: 8,9,10,11
1: 12,13,14,15
1: 16,17,18,19
1: 20,21,22,23
1: 24,25,26,27
1: 28,29,30,31
1: 0,5
1: 8,13
1: 12,9
1: 4,1
1: 21,16
1: 20,17
1: 28,25
1: 21,24
1: 20,28
1: 12,4
1: 8,21
1: 12,20
1: 21,20
1: 8,12
1: 30,32,11,33
1: 17,28,6,20
1: 12,15,34,13
1: 21,8,35,36
1: 24,25,27,19
1: 37,10,29,18
1: 22,4,14,38
1: 39,16,1,9
1: 12,8
1: 30,28
1: 32,17
1: 21,15
1: 24,10
1: 22,16
1: 37,25
1: 4,39
1: 12,30
1: 22,24
1: 4,37
1: 21,32
1: 21,4
1: 22,4
1: 24,10,21,26
1: 0,40,17,13
1: 39,41,42,16
1: 19,30,43,4
1: 12,25,2,44
1: 8,35,45,6
1: 18,5,28,31
1: 22,46,32,29
1: 39,30
1: 0,10
1: 19,41
1: 12,35
1: 18,46
1: 8,25
1: 22,5
1: 24,39
1: 0,19
1: 18,24
1: 30,10,47,12
1: 8,29,41,35
1: 5,4,48,46
1: 18,31,13,27
1: 0,16,15,26
1: 49,50,51,43
1: 24,28,42,52
1: 17,40,25,44
1: 30,29
1: 31,5
1: 0,50
1: 49,16
1: 17,28
1: 30,31
1: 17,49
1: 0,30
1: 17,18
1: 17,0
1: 18,2,9,19
1: 4,37,49,53
1: 8,0,42,54
1: 28,10,55,6
1: 43,31,56,5
1: 24,13,21,16
1: 25,12,29,57
1: 17,58,14,11
1: 4,2
1: 28,0
1: 43,13
1: 58,25
1: 24,31
1: 12,17
1: 43,58
1: 28,4
1: 12,28
1: 18,28
1: 15,1,30,12
1: 17,49,47,48
1: 24,59,19,60
1: 29,5,28,9
1: 18,61,26,11
1: 37,4,8,35
1: 10,43,21,2
1: 16,22,32,14
1: 18,49
1: 4,15
1: 1,37
1: 17,61
1: 5,10
1: 24,22
1: 29,43
1: 18,5
1: 29,17
1: 59,1
1: 18,29
1: 24,59
1: 59,29
1: 24,18
1: 24,62,20,63
1: 43,40,64,26
1: 12,15,47,11
1: 35,49,17,65
1: 0,10,22,29
1: 18,66,6,5
1: 67,4,39,14
1: 8,21,68,16
1: 12,49
1: 15,35
1: 0,66
1: 21,67
1: 24,15
1: 0,8
1: 21,18
1: 21,0
1: 67,25,5,39
1: 24,37,32,26
1: 18,17,29,69
1: 35,65,8,41
1: 10,61,43,62
1: 0,11,22,20
1: 17,25
1: 37,11
1: 67,8
1: 0,61
1: 43,35
1: 65,10
1: 65,18
1: 37,67
1: 43,65
1: 37,65
1: 43,70,64,5
1: 26,67,8,71
1: 24,19,63,37
1: 18,66,39,72
1: 17,22,30,29
1: 4,61,0,33
1: 26,39
1: 70,19
1: 8,24
1: 61,67
1: 43,30
1: 66,17
1: 4,22
1: 8,66
1: 43,61
1: 18,70
1: 4,26
1: 8,43
1: 43,4
1: 8,43,65,29
1: 10,49,22,73
1: 71,12,74,23
1: 24,17,75,46
1: 15,18,30,63
1: 20,4,9,28
1: 10,65
1: 22,71
1: 18,20
1: 4,49
1: 17,15
1: 22,17
1: 8,18
1: 9,43,26,34
1: 18,64,46,40
1: 22,8,74,76
1: 4,12,70,77
1: 75,17,66,44
1: 24,71,63,51
1: 9,71,22
1: 18,4,17
1: 43,24,8
1: 12,64,75
1: 43,9
1: 9,12
1: 43,8,12,74
1: 9,18,14,10
1: 64,24,17,37
1: 34,0,63,6
1: 0,43,18,64
1: 8,24,9,34
1: 18,18,40,13
1: 66,24,63,78
1: 0,37,65,30
1: 9,8,43,79
1: 0,24,18,8
1: 18,9,37,66
1: 9,24
1: 71,10,22,76
1: 43,30,37,80
1: 24,4,67,70
1: 18,34,65,20
1: 30,71
1: 43,10
1: 24,34
1: 24,30
1: 4,30,10,12
1: 18,8,17,25
1: 28,74,24,65
1: 71,52,43,40
1: 4,8
1: 71,74
1: 28,52
1: 18,71
1: 4,28
1: 28,71
1: 4,18
1: 71,66,30,39
1: 18,40,43,25
1: 24,70,10,17
1: 74,4,8,65
1: 40,71
1: 70,74
1: 66,18
1: 70,66
1: 40,66
1: 18,75,70,8
1: 12,66,49,63
1: 37,7,74,10
1: 24,71,4,64
1: 24,7
1: 12,75
1: 37,71
1: 24,12
1: 37,18
1: 12,18
1: 24,66,12,10
1: 74,18,59,29
1: 30,64,70,63
1: 4,25,43,22
1: 64,25
1: 30,4
1: 74,24
1: 74,30
1: 64,30
1: 18,74
1: 24,66,25,10
1: 17,4,40,5
1: 37,43,49
1: 30,69
1: 30,24,37,17
1: 25,18
1: 74,81
1: 37,64
1: 82,67
1: 70,0
1: 74,25
1: 37,82
1: 74,37
1: 43,24
1: 43,74
1: 17,24
1: 74,33
1: 25,0
1: 43,5
1: 70,67
1: 37,8
1: 64,12
1: 64,74
1: 70,25
1: 43,64
1: 70,18
1: 43,70
1: 8,40,12,10
1: 66,24,69
1: 30,67,34
1: 5,49,22
1: 8,5
1: 30,66
1: 30,8
