6: 70,58
4: 68,70
4: 31,99
4: 31,89
4: 70,73
4: 70,109
3: 68,36
3: 70,68
3: 70,49
3: 58,49
3: 58,70
3: 58,89
3: 31,11
3: 31,49
3: 31,57
2: 57,31
2: 68,61
2: 49,23
2: 70,81
2: 70,69
2: 49,85
2: 58,23
2: 70,51
2: 68,31
2: 11,85
2: 99,31
2: 11,49
2: 85,23
2: 99,58
2: 109,99
2: 11,58
2: 89,122
2: 99,23
2: 109,31
2: 49,107
2: 109,85
2: 99,109
2: 49,99
2: 31,102
2: 31,58
2: 58,102
2: 85,58
2: 59,130
2: 58,68
2: 58,31
2: 31,146
2: 70,111
2: 73,31
2: 57,99
2: 73,81
2: 146,57
2: 70,146
2: 109,23
2: 70,57
2: 146,70
2: 58,57
2: 70,99
1: 1,2
1: 3,4
1: 5,6
1: 7,8
1: 9,10
1: 11,12
1: 13,14
1: 15,16
1: 17,18
1: 19,20
1: 21,22
1: 23,24
1: 25,26
1: 27,28
1: 29,30
1: 31,32
1: 1,3
1: 5,7
1: 11,9
1: 15,13
1: 17,19
1: 23,21
1: 27,25
1: 29,31
1: 15,5,17,29
1: 11,1,23,27
1: 15,11
1: 23,33
1: 34,35
1: 36,25
1: 37,38
1: 39,5
1: 40,41
1: 42,43
1: 11,44
1: 45,46
1: 47,48
1: 49,50
1: 51,52
1: 3,53
1: 54,4
1: 31,55
1: 19,56
1: 23,34
1: 36,37
1: 40,39
1: 11,42
1: 47,45
1: 51,49
1: 54,3
1: 31,19
1: 31,36,54,51
1: 11,23,40,47
1: 11,36
1: 31,23
1: 11,31
1: 1,31,49,51
1: 57,58,54,55
1: 59,60,37,47
1: 61,11,62,25
1: 58,1
1: 61,60
1: 11,59
1: 61,58
1: 11,57
1: 61,11
1: 63,64,23,65
1: 54,66,56,67
1: 68,69,37,5
1: 61,70,10,71
1: 61,69
1: 63,66
1: 64,54
1: 61,63
1: 68,64
1: 72,61,71,5
1: 73,69,74,37
1: 68,49,75,76
1: 23,56,11,1
1: 69,72
1: 61,73
1: 68,56
1: 69,49
1: 69,68
1: 69,77,45,51
1: 49,68,34,78
1: 55,27,79,31
1: 70,56,80,23
1: 58,57,2,1
1: 36,81,82,83
1: 69,58
1: 68,55
1: 36,49
1: 80,38,23,61
1: 68,51,56,84
1: 85,70,54,86
1: 58,49,31,87
1: 55,88,89,63
1: 90,59,27,48
1: 55,70
1: 68,80
1: 58,90
1: 49,68
1: 58,55
1: 49,58
1: 91,55,81,92
1: 31,93,89,46
1: 56,34,69,94
1: 49,15,86,38
1: 70,23,80,95
1: 96,58,5,27
1: 45,97,54,98
1: 99,100,51,11
1: 31,23,45,100
1: 49,96,93,97
1: 58,70,55,56
1: 91,99,34,15
1: 96,91
1: 96,31
1: 70,96
1: 70,54,81,82
1: 89,91,101,45
1: 96,102,80,103
1: 86,51,5,36
1: 104,63,105,68
1: 58,57,56,106
1: 47,49,27,55
1: 11,7,31,2
1: 96,49,86,63
1: 104,51,11,57
1: 58,89,102,54
1: 70,7,47,91
1: 7,104
1: 96,89
1: 96,7
1: 58,96
1: 70,107,108,47
1: 109,94,69,55
1: 63,89,110,111
1: 64,51,27,91
1: 68,23,112,56
1: 31,81,102,75
1: 104,49,113,80
1: 58,45,34,54
1: 49,58,94,64
1: 31,109,107,51
1: 70,63,45,23
1: 81,104,89,68
1: 31,63
1: 49,104
1: 81,109
1: 70,31
1: 81,49
1: 89,69,72,27
1: 96,114,109,54
1: 70,107,25,115
1: 85,61,102,56
1: 68,79,55,34
1: 49,81,116,80
1: 11,104,88,58
1: 31,108,17,51
1: 31,85,79,81
1: 96,61,89,107
1: 11,70,69,108
1: 49,68,114,104
1: 11,61
1: 85,96
1: 11,68
1: 102,58,112,47
1: 89,108,85,55
1: 36,104,27,25
1: 68,117,51,80
1: 49,8,63,5
1: 70,23,15,118
1: 99,45,2,91
1: 11,119,17,61
1: 89,119
1: 104,68
1: 36,108
1: 23,49
1: 102,117
1: 11,45
1: 99,8
1: 99,89
1: 104,11
1: 23,102
1: 36,70
1: 36,99
1: 23,104
1: 23,36
1: 36,109,80,104
1: 81,70,55,107
1: 68,58,61,18
1: 102,49,75,45
1: 89,27,63,56
1: 11,31,101,112
1: 85,40,96,47
1: 99,23,29,57
1: 109,81
1: 27,36
1: 102,40
1: 109,68
1: 27,102
1: 11,27
1: 109,11
1: 68,58,17,76
1: 89,61,120,45
1: 31,40,121,63
1: 122,59,113,49
1: 11,27,111,75
1: 102,70,56,80
1: 109,99,123,47
1: 85,5,124,23
1: 89,70
1: 68,40
1: 102,27
1: 85,61
1: 59,109
1: 122,5
1: 89,68
1: 11,102
1: 122,85
1: 31,59
1: 99,31,40,39
1: 58,85,54,82
1: 109,27,97,51
1: 96,107,101,80
1: 102,70,37,55
1: 49,112,59,42
1: 89,23,29,105
1: 11,113,25,47
1: 11,112
1: 27,89
1: 49,113
1: 107,102
1: 96,85
1: 109,27
1: 99,96
1: 11,109
1: 23,109,15,2
1: 99,111,56,96
1: 70,80,40,91
1: 11,112,59,101
1: 31,102,5,8
1: 49,107,82,55
1: 85,75,27,29
1: 125,89,126,37
1: 31,112
1: 49,102
1: 111,23
1: 107,70
1: 89,11
1: 99,80
1: 75,125
1: 109,89
1: 31,111
1: 99,75
1: 49,31
1: 107,99,97,127
1: 63,85,40,128
1: 31,82,101,114
1: 109,73,15,27
1: 49,122,129,112
1: 58,102,93,37
1: 23,89,55,75
1: 68,70,130,131
1: 99,68
1: 122,63
1: 58,82
1: 23,73
1: 109,70
1: 89,107
1: 49,89
1: 97,58,68,116
1: 49,29,132,2
1: 70,11,15,133
1: 99,23,73,26
1: 93,102,109,134
1: 31,85,135,55
1: 125,8,136,5
1: 89,80,137,138
1: 31,8
1: 97,80
1: 85,99
1: 58,93
1: 29,125
1: 102,70
1: 89,23
1: 49,11
1: 102,97
1: 85,29
1: 85,31
1: 139,85,140,40
1: 111,102,59,141
1: 49,96,5,142
1: 31,42,135,63
1: 58,107,114,127
1: 99,15,54,143
1: 70,11,61,72
1: 101,89,144,118
1: 101,107
1: 139,11
1: 111,96
1: 70,102
1: 49,15
1: 99,42
1: 70,139
1: 31,101
1: 111,85
1: 49,111
1: 31,70
1: 58,145,146,122
1: 85,29,147,113
1: 59,114,49,148
1: 70,102,61,149
1: 99,81,96,115
1: 89,15,80,69
1: 26,130,23,101
1: 31,11,150,131
1: 26,102
1: 99,145
1: 11,89
1: 58,114
1: 31,81
1: 70,29
1: 15,85
1: 70,26
1: 58,15
1: 99,59
1: 57,23,55,149
1: 111,89,80,151
1: 152,11,130,47
1: 69,70,61,146
1: 68,101,99,153
1: 58,96,131,113
1: 31,112,59,54
1: 49,51,127,144
1: 51,111
1: 68,112
1: 89,58
1: 69,101
1: 57,96
1: 152,23
1: 69,152
1: 69,70
1: 58,69
1: 49,81,101,117
1: 70,51,68,42
1: 57,80,59,47
1: 58,146,150,29
1: 99,111,114,37
1: 69,89,145,15
1: 73,130,23,19
1: 31,11,61,112
1: 49,80
1: 73,11
1: 57,81
1: 99,51
1: 69,130
1: 99,57
1: 73,99
1: 73,68,80,154
1: 70,114,109,155
1: 36,81,130,59
1: 69,89,47,51
1: 58,146,107,29
1: 31,57,61,26
1: 99,111,82,92
1: 23,101,84,131
1: 68,69
1: 58,101
1: 36,89
1: 23,114
1: 31,68
1: 70,57,101,154
1: 132,27,49,29
1: 73,59,51,156
1: 146,68,125,157
1: 31,107,81,131
1: 58,89,80,149
1: 99,55,23,18
1: 130,158,96,102
1: 132,158
1: 70,107
1: 73,27
1: 146,55
1: 70,132
1: 58,59
1: 73,58
1: 89,57,155,114
1: 145,59,2,55
1: 31,146,157,112
1: 73,58,159,27
1: 36,81,139,29
1: 69,70,66,82
1: 160,23,42,17
1: 68,125,102,149
1: 36,146
1: 70,145
1: 69,59
1: 68,23
1: 160,125
1: 73,160
1: 36,69
1: 49,114,29,59
1: 57,58,112,47
1: 107,99,73,161
1: 31,68,82,80
1: 109,125,54,92
1: 146,101,145,34
1: 2,23,162,36
1: 139,70,69,26
1: 68,139
1: 146,114
1: 125,49
1: 107,101
1: 58,2
1: 107,31
1: 58,125
1: 109,146
1: 109,107
1: 69,73,17,36
1: 31,139,85,27
1: 57,109,145,163
1: 23,111,51,108
1: 58,61,59,25
1: 146,102,101,164
1: 70,107,150,29
1: 68,49,96,165
1: 146,111
1: 68,73
1: 49,57
1: 139,69
1: 23,107
1: 61,70
1: 109,58
1: 61,68
1: 139,146
1: 139,61
1: 109,139
1: 57,70,17,51
1: 58,139,80,163
1: 146,166,101,149
1: 68,73,81,108
1: 109,145,167,115
1: 31,69,85,126
1: 162,102,59,130
1: 96,99,61,113
1: 57,69
1: 166,96
1: 73,109
1: 58,99
1: 102,68
1: 162,139
1: 31,145
1: 102,146
1: 162,73
1: 57,166
1: 57,162
1: 58,73,167,108
1: 70,157,101,85
1: 146,23,80,15
1: 109,166,61,168
1: 99,125,169,170
1: 69,91,17,130
1: 68,31,55,10
1: 57,162,49,171
1: 146,157
1: 58,91
1: 99,73
1: 109,162
1: 23,68
1: 69,125
1: 70,166
1: 146,69
1: 57,58
1: 99,70
1: 99,146
1: 146,57,162,17
1: 109,73,23,11
1: 61,82,69,2
1: 70,85,172,101
1: 58,59,31,55
1: 49,122,166,165
1: 113,167,125,132
1: 68,99,130,154
1: 58,167
1: 146,82
1: 59,61
1: 99,113
1: 73,49
1: 122,68
1: 146,73
1: 122,58
1: 109,59
1: 109,122
1: 145,109,61,5
1: 23,17,81,73
1: 58,85,31,150
1: 139,173,82,15
1: 99,11,167,149
1: 70,162,101,112
1: 146,69,125,42
1: 59,57,68,116
1: 146,162
1: 59,17
1: 11,139
1: 145,173
1: 99,69
1: 85,59
1: 146,58
1: 11,145
1: 85,11
1: 146,85
