17 18 15
17 18 15
17 18 15
17 18 15
1 2
1 2
14 15 16 17 18 19
14 15 16 17 18 19
17 16 14 15 18 19
17 16 14 15 18 19
17 16 19 14 15 18
17 16 19 14 15 18
16 15 14 17 19 18
16 15 14 17 19 18
17 15 19 14 18 16
17 15 19 14 18 16
15 17 19 16 14 18
15 17 19 16 14 18
14 17 15 16 19 18
14 17 15 16 19 18
14 17 15 19 18 16
14 17 15 19 18 16
16 15 17 14 19 18
16 15 17 14 19 18
14 17 15 16 18 19
14 17 15 16 18 19
17 15 14 16 18 19
17 15 14 16 18 19
14 17 15 18 16 19
14 17 15 18 16 19
16 17 15 14 18 19
16 17 15 14 18 19
15 17 16 19 18 14
15 17 16 19 18 14
15 17 18 16 14 19
15 17 18 16 14 19
15 18 14 17 16 19
15 18 14 17 16 19
15 17 18 19 14 16
15 17 18 19 14 16
16 14 17 15 18 19
16 14 17 15 18 19
15 18 17 19 14 16
15 18 17 19 14 16
18 15 19 17 14 16
18 15 19 17 14 16
19 17 18 14 15 16
19 17 18 14 15 16
15 17 19 18 16 14
15 17 19 18 16 14
18 15 17 19 16 14
18 15 17 19 16 14
18 16 14 17 15 19
18 16 14 17 15 19
14 17 16 18 15 19
14 17 16 18 15 19
15 18 19 17 14 16
15 18 19 17 14 16
17 15 18 14 16 19
17 15 18 14 16 19
16 15 14 17 18 19
16 15 14 17 18 19
18 14 17 15 16 19
18 14 17 15 16 19
18 15 14 17 16 19
18 15 14 17 16 19
15 16 14 18 19 17
15 16 14 18 19 17
18 15 17 19 14 16
18 15 17 19 14 16
15 14 17 18 19
15 14 17 18 19
17 14 15 18 19
17 14 15 18 19
15 18 17 19 14
15 18 17 19 14
17 18 19 14 15
17 18 19 14 15
18 17 15 19 14
18 17 15 19 14
14 15 17 18
14 15 17 18
15 17 18 14
15 17 18 14
18 14 17 15
18 14 17 15
14 18 17
14 18 17
19 18 14
19 18 14
15 18 17
15 18 17
15 18 19
15 18 19
17 18
17 18
3 2 4
1 5 6
1 7 2
2 7 8
8 3 9
1 9 10
8 3 5
11 12 8
1 3 10
11 13 5
1 9
