15 1 2 3 4 5 6 7 8 9 10 11 12 13 14 15
15 13 1 5 3 8 4 2 6 11 14 12 9 10 7 15
15 1 3 4 7 2 8 5 13 6 10 11 12 14 9 15
15 3 4 1 13 7 5 14 8 15 2 9 12 11 6 10
15 1 13 3 4 5 14 8 2 7 9 10 11 12 6 15
15 3 4 1 8 11 12 6 9 10 2 15 13 14 5 7
15 15 7 3 4 13 1 2 6 9 11 14 10 5 8 12
15 1 13 2 3 4 7 8 9 6 5 11 14 12 10 15
15 1 5 2 8 6 14 13 3 4 9 12 11 10 7 15
15 14 8 6 2 5 1 13 3 4 7 9 10 12 11 15
15 7 3 14 5 8 1 4 2 15 13 6 9 10 11 12
15 3 5 8 7 9 4 1 13 14 6 15 10 2 12 11
15 3 4 1 5 9 10 8 14 7 12 2 6 11 13 15
15 3 14 2 13 1 12 6 10 9 11 7 8 15 5 4
15 1 13 3 4 5 10 9 6 12 2 11 15 8 7 14
15 3 4 5 14 7 1 13 8 9 11 10 2 6 12 15
15 4 3 5 1 13 7 14 2 8 10 9 6 12 11 15
15 1 13 3 4 5 14 7 8 9 10 2 6 12 15 11
15 3 7 4 5 1 13 10 8 11 12 15 6 9 14 2
15 13 7 5 4 1 14 3 11 12 2 10 8 9 6 15
15 3 5 2 14 7 13 1 4 11 6 9 8 10 12 15
15 3 4 5 2 1 13 8 14 11 15 7 6 12 9 10
15 5 2 8 6 1 13 10 3 12 4 11 15 7 9 14
15 13 10 1 14 9 7 5 3 8 2 4 15 6 12 11
15 13 3 5 4 14 2 6 8 12 1 10 11 15 9 7
15 1 13 3 4 15 5 2 8 14 12 10 9 11 6 7
15 3 2 1 13 4 5 8 14 7 6 15 9 11 12 10
15 14 5 8 2 4 3 7 13 1 9 15 6 10 12 11
15 4 3 1 10 12 11 9 13 8 5 6 2 7 14 15
15 10 5 1 3 4 13 8 7 2 9 6 11 14 12 15
15 10 9 12 11 13 1 3 8 5 14 15 6 2 7 4
15 3 13 1 4 7 10 11 9 15 5 8 14 12 2 6
15 7 3 4 5 2 8 6 15 13 1 12 11 14 9 10
15 7 5 3 4 2 8 6 15 1 13 12 11 10 9 14
15 3 4 7 1 13 14 8 5 10 9 2 6 11 12 15
15 3 7 4 13 2 1 15 6 10 9 11 12 5 14 8
15 3 4 1 13 15 5 7 11 8 14 6 2 10 9 12
15 4 3 5 7 15 14 8 2 13 1 6 11 9 12 10
15 3 7 4 11 12 15 13 6 8 9 1 5 14 2 10
15 3 13 1 4 14 2 5 7 9 10 6 11 12 8 15
15 3 5 9 8 14 10 4 7 2 15 6 13 1 12 11
15 5 4 3 2 7 1 10 9 14 8 6 11 15 12 13
