100 1 2 3 4 5 6 7 8 9 10 11 12 13 14 15 16 17 18 19 20 21 22 23 24 25 26 27 28 29 30 31 32 33 34 35 36 37 38 39 40 41 42 43 44 45 46 47 48 49 50 51 52 53 54 55 56 57 58 59 60 61 62 63 64 65 66 67 68 69 70 71 72 73 74 75 76 77 78 79 80 81 82 83 84 85 86 87 88 89 90 91 92 93 94 95 96 97 98 99 100
100 1 2 3 4 5 6 7 8 9 10 11 12 13 14 15 16 17 18 19 20 21 22 23 24 25 26 27 28 29 30 31 32 33 34 35 36 37 38 39 40 41 42 43 44 45 46 47 48 49 50 51 52 53 54 55 56 57 58 59 60 61 62 63 64 65 66 67 68 69 70 71 72 73 74 75 76 77 78 79 80 81 82 83 84 85 86 87 88 89 90 91 92 93 94 95 96 97 98 99 100
100 1 2 3 4 5 6 7 8 9 10 11 12 13 14 15 16 17 18 19 20 21 22 23 24 25 26 27 28 29 30 31 32 33 34 35 36 37 38 39 40 41 42 43 44 45 46 47 48 49 50 51 52 53 54 55 56 57 58 59 60 61 62 63 64 65 66 67 68 69 70 71 72 73 74 75 76 77 78 79 80 81 82 83 84 85 86 87 88 89 90 91 92 93 94 95 96 97 98 99 100
100 1 2 3 4 5 6 7 8 9 10 11 12 13 14 15 16 17 18 19 20 21 22 23 24 25 26 27 28 29 30 31 32 33 34 35 36 37 38 39 40 41 42 43 44 45 46 47 48 49 50 51 52 53 54 55 56 57 58 59 60 61 62 63 64 65 66 67 68 69 70 71 72 73 74 75 76 77 78 79 80 81 82 83 84 85 86 87 88 89 90 91 92 93 94 95 96 97 98 99 100
100 1 2 3 4 5 6 7 8 9 10 11 12 13 14 15 16 17 18 19 20 21 22 23 24 25 26 27 28 29 30 31 32 33 34 35 36 37 38 39 40 41 42 43 44 45 46 47 48 49 50 51 52 53 54 55 56 57 58 59 60 61 62 63 64 65 66 67 68 69 70 71 72 73 74 75 76 77 78 79 80 81 82 83 85 86 87 88 89 90 91 92 93 94 95 96 97 98 99 100 101
100 1 2 3 4 5 6 7 8 9 10 11 12 13 14 15 16 17 18 19 20 21 22 23 24 25 26 27 28 29 30 31 32 33 34 35 36 37 38 39 40 41 42 43 44 45 46 47 48 49 50 51 52 53 54 55 56 57 58 59 60 61 62 63 64 65 66 67 68 69 70 71 72 73 74 75 76 77 78 79 80 81 82 83 85 86 87 88 89 90 91 92 93 94 95 96 97 98 99 100 101
100 2 3 19 4 8 7 22 102 66 23 5 1 51 6 103 104 10 32 71 24 35 9 65 18 105 17 13 42 34 47 26 89 69 95 28 64 106 107 68 108 52 50 109 33 11 29 62 12 67 14 27 56 57 110 111 112 44 25 21 59 113 90 93 58 16 114 115 80 116 117 118 98 119 53 48 46 120 40 39 101 55 121 122 123 36 37 99 94 30 74 15 124 60 72 125 61 126 45 77 127
100 2 3 19 4 8 7 22 102 66 23 6 5 51 1 103 10 35 32 104 71 24 65 18 9 105 17 13 42 34 47 26 68 89 69 95 64 107 106 29 28 108 52 50 62 109 33 12 11 14 27 67 56 57 111 110 58 30 112 44 93 21 25 113 90 59 114 80 53 116 117 98 119 55 118 48 46 40 115 39 15 122 120 121 16 36 94 37 99 101 124 123 49 60 125 74 61 45 77 72 128
100 2 3 19 4 8 7 22 66 102 5 23 6 51 1 103 10 35 32 104 71 24 65 18 9 13 17 42 105 34 47 26 68 106 89 69 95 107 64 29 28 108 52 50 109 62 12 11 33 14 27 67 56 16 110 57 58 30 25 112 93 21 59 113 90 111 114 80 116 53 44 117 98 119 55 48 37 118 46 122 36 39 15 121 40 94 124 99 120 101 123 49 60 125 74 115 77 61 128 72 45
100 2 3 7 19 4 8 22 102 5 23 6 51 1 35 66 71 32 10 103 104 65 13 24 17 42 14 9 105 25 47 18 89 26 107 68 34 64 95 106 28 108 50 62 29 52 109 12 27 11 33 56 67 69 112 61 16 21 57 110 59 58 90 36 30 113 114 111 44 117 80 98 116 53 46 93 49 55 37 119 125 118 74 15 48 70 122 121 94 99 101 40 123 39 60 43 124 115 127 20 77
100 2 3 7 19 4 8 22 102 5 23 6 51 1 35 66 71 32 10 103 104 65 13 24 17 42 14 9 105 25 47 18 89 26 107 34 68 64 95 106 28 108 50 29 52 62 109 12 27 11 33 56 67 69 61 112 16 21 57 110 58 90 36 59 30 113 114 111 44 117 80 98 116 53 93 46 55 37 15 119 125 118 74 49 48 70 122 121 94 99 101 40 123 60 39 43 124 115 127 20 77
100 2 3 7 4 19 8 22 102 5 23 6 51 66 1 35 32 71 10 103 65 104 13 24 17 42 14 9 105 47 25 18 89 26 68 107 34 64 95 106 28 108 50 29 62 52 12 27 11 33 56 67 109 69 61 112 57 16 110 58 90 21 36 59 30 113 114 111 44 117 80 116 98 93 60 53 73 88 74 46 55 37 15 119 118 70 49 125 48 101 94 99 121 43 123 40 129 127 39 124 115
100 3 2 7 19 4 8 22 102 6 5 23 51 66 1 35 32 71 10 65 104 13 24 17 42 14 9 103 105 47 25 68 18 89 26 34 95 64 106 29 28 108 50 67 107 52 27 11 12 56 16 33 109 69 57 58 112 110 62 37 61 90 36 80 59 111 30 117 114 116 74 44 73 60 88 113 98 21 101 93 15 119 118 70 48 49 125 99 46 53 94 39 121 123 43 72 40 115 124 55 130
100 3 2 7 19 4 8 22 6 5 102 51 66 1 23 32 35 71 17 10 13 104 65 24 42 14 9 28 105 25 47 89 68 34 95 29 103 26 64 106 18 11 108 50 67 27 52 33 107 56 12 59 16 109 69 112 57 58 61 110 62 39 37 90 36 80 111 117 30 114 116 74 44 43 98 60 88 49 119 73 101 93 15 70 21 118 99 46 53 113 94 48 72 38 123 121 125 40 130 55 115
100 3 2 7 19 4 8 22 5 6 102 66 32 1 23 71 24 17 10 13 35 51 65 42 14 9 25 105 95 104 47 68 64 106 89 103 26 34 18 28 108 11 29 67 27 50 52 56 110 12 59 107 33 69 62 109 57 16 112 61 58 43 37 90 39 36 114 80 111 117 30 15 116 74 49 70 98 119 46 73 101 60 88 21 45 44 118 93 99 53 94 48 38 55 125 123 121 115 72 113 40
100 3 2 7 19 4 5 8 6 22 32 102 1 71 51 24 17 10 13 23 35 66 42 25 65 18 14 95 105 104 47 34 64 9 68 106 12 26 103 28 89 11 29 108 50 56 27 52 67 110 59 107 16 62 33 69 57 109 61 112 36 58 37 39 90 43 114 80 111 117 15 49 30 74 116 88 46 70 73 101 44 55 131 53 60 93 119 125 98 21 40 118 115 99 94 54 38 20 45 72 121
100 2 3 7 4 19 5 8 6 10 22 32 23 1 51 17 102 24 71 25 13 66 18 65 35 42 14 95 12 105 104 64 47 106 34 68 28 103 26 9 11 89 29 108 50 27 56 52 67 16 59 110 33 107 62 69 61 109 39 112 57 36 37 58 43 90 114 117 111 15 44 30 49 74 116 70 80 46 131 55 40 73 60 93 132 98 21 125 101 38 48 45 53 94 99 88 123 118 115 20 72
100 2 3 7 4 19 5 8 6 10 22 32 23 1 51 17 102 24 71 25 13 66 18 65 35 42 14 95 12 105 104 64 47 106 34 68 28 103 26 9 11 89 29 108 50 27 56 52 16 59 110 33 107 67 62 69 61 109 39 112 57 36 37 58 43 90 114 117 111 15 44 30 49 74 116 70 80 46 73 131 55 40 60 93 132 98 21 125 101 38 48 45 53 99 88 94 123 118 115 72 20
100 2 3 7 4 19 5 8 6 10 22 32 23 1 51 17 24 102 71 25 13 66 18 14 65 35 42 95 105 104 64 47 106 68 26 103 9 28 11 12 34 89 29 108 50 27 56 61 52 16 59 110 33 107 62 69 39 112 67 36 58 57 37 109 44 43 49 114 117 30 111 15 90 74 116 73 101 70 46 80 21 131 55 133 40 45 60 98 93 132 125 38 88 48 115 53 99 123 118 72 20
100 2 3 4 7 19 5 8 6 10 22 23 1 51 32 24 102 17 71 25 13 18 9 14 35 66 95 42 105 26 64 68 47 106 104 34 28 11 12 103 65 29 108 27 50 56 89 52 16 61 59 110 69 33 107 37 62 67 112 36 58 57 39 15 43 49 109 44 114 117 30 111 116 55 74 101 80 73 90 21 131 46 70 133 60 40 98 93 45 88 132 48 20 125 38 53 115 99 72 119 123
100 2 3 4 7 19 5 8 6 10 22 23 1 51 24 102 17 71 32 13 18 9 25 14 35 66 95 42 105 26 64 68 47 106 34 12 103 28 11 104 29 65 27 50 15 56 108 89 37 52 16 61 59 110 69 33 107 62 112 20 58 36 57 67 39 43 49 117 44 38 30 111 116 74 55 21 109 73 45 80 131 46 101 70 90 133 60 40 98 93 88 132 48 125 72 114 53 115 99 123 119
100 2 3 4 19 7 5 8 6 10 22 23 1 51 24 102 17 71 32 13 9 25 14 35 18 66 95 42 34 26 64 68 47 105 106 12 103 28 11 104 15 29 65 27 50 56 108 89 44 37 52 16 59 110 69 33 39 107 61 62 112 36 45 43 20 57 67 74 49 117 38 30 109 73 40 116 55 21 80 58 90 131 77 46 101 88 133 111 70 72 98 93 60 132 125 48 53 115 99 124 114
100 3 2 4 19 7 5 6 8 10 22 23 51 24 102 17 32 71 1 14 25 13 18 66 9 35 95 42 34 27 26 47 68 64 28 105 11 103 106 29 12 65 56 15 50 104 108 44 33 37 16 69 52 59 107 110 61 62 38 36 112 57 43 39 45 67 48 74 49 117 80 89 109 20 21 30 73 98 70 116 58 90 88 111 77 46 131 125 72 40 55 53 132 101 133 60 93 99 115 124 114
100 2 3 4 7 19 5 6 8 22 10 23 17 51 24 102 32 14 71 13 25 9 1 35 34 66 27 42 18 95 47 68 26 64 105 28 65 103 29 11 15 12 106 56 50 104 108 33 44 59 52 37 69 16 107 61 62 110 38 43 36 39 112 45 67 21 80 57 48 74 49 117 20 46 109 30 89 73 98 90 77 58 88 131 125 72 40 55 70 111 116 53 132 101 133 60 54 99 93 123 124
100 2 3 4 7 19 5 6 8 22 10 23 17 24 102 51 32 14 13 25 71 9 1 35 34 27 42 95 18 47 66 68 26 64 105 28 65 29 11 15 12 106 56 59 50 36 33 104 108 44 37 52 103 16 61 107 62 110 39 38 48 43 112 45 69 30 67 117 49 80 74 57 20 46 109 89 73 21 58 98 90 88 77 53 131 91 40 55 70 111 116 72 101 133 60 125 54 99 123 124 93
100 2 3 4 5 7 19 8 6 22 10 17 23 51 102 13 24 32 14 71 25 1 34 27 35 42 9 20 47 95 26 68 105 64 28 18 12 15 11 56 65 59 106 29 50 33 36 52 44 37 74 103 16 108 69 30 110 61 48 112 62 45 107 39 38 57 43 49 117 46 67 80 40 73 109 58 98 55 88 91 54 89 77 131 133 116 53 21 70 99 101 111 94 123 124 72 31 60 132 125 93
100 3 2 4 5 19 7 8 6 22 10 17 23 51 102 13 24 14 32 71 25 35 1 27 34 26 42 9 20 47 95 18 68 28 12 15 11 64 56 65 106 59 29 50 33 36 105 44 52 74 37 103 108 16 30 110 48 61 62 45 46 40 39 38 107 69 112 57 43 49 117 80 67 58 73 89 98 55 31 88 91 54 116 131 133 21 77 81 53 111 70 94 99 109 123 93 124 72 60 132 125
100 2 3 4 5 7 19 8 6 22 10 17 23 51 24 102 13 1 14 35 32 12 25 71 42 34 27 9 95 26 47 20 18 28 68 15 56 65 106 59 11 29 33 37 50 108 40 44 52 74 36 46 39 30 110 103 61 48 62 16 105 45 38 107 112 57 43 69 49 117 64 67 58 89 73 55 21 31 88 91 54 80 98 63 131 133 109 77 81 116 53 93 99 70 124 60 132 111 125 72 123
100 2 3 4 5 7 19 8 6 22 10 17 23 51 24 102 13 14 35 32 12 1 25 47 71 27 42 34 9 20 95 26 18 68 28 15 56 106 65 59 11 69 33 50 29 44 40 52 74 36 37 46 39 30 110 103 38 61 48 62 105 45 107 112 57 117 43 16 49 108 64 67 55 124 21 91 89 53 88 73 31 54 58 98 63 133 109 77 80 81 94 116 93 90 60 131 132 70 99 111 125
100 2 3 4 5 6 19 7 10 8 1 22 17 23 102 13 14 24 35 32 9 12 25 47 34 27 42 20 51 26 18 95 15 28 11 68 56 29 50 106 59 65 30 46 44 39 40 69 33 74 37 36 38 57 52 62 61 45 112 71 110 16 117 107 103 49 48 64 31 43 108 124 58 90 89 54 55 91 73 53 78 67 21 98 88 133 63 80 109 77 81 93 60 99 116 105 131 132 70 134 94
100 2 3 4 5 6 19 7 8 10 1 22 17 23 13 102 14 24 35 32 9 12 20 25 47 34 42 27 26 51 18 95 15 28 33 11 56 29 50 30 65 44 39 40 59 69 68 74 37 36 38 57 52 62 61 46 112 58 71 110 45 16 106 48 103 49 64 117 31 43 108 124 89 91 90 73 98 78 107 55 67 21 80 88 54 63 133 53 77 81 93 70 105 60 116 131 132 99 72 134 111
100 2 3 4 5 6 19 7 8 10 1 22 17 23 102 13 24 35 14 32 9 12 20 25 47 42 27 26 51 34 18 95 15 28 33 21 29 11 50 65 30 39 69 40 59 44 68 74 37 38 46 56 36 43 54 52 57 62 61 112 58 71 110 16 45 49 48 103 106 64 89 117 31 108 91 124 98 107 55 67 78 77 86 88 73 63 133 53 81 90 94 131 70 60 132 93 135 72 99 111 136
100 2 3 4 5 19 6 7 8 10 1 22 17 23 13 24 14 35 32 102 12 20 9 25 47 42 27 15 26 18 95 28 51 33 34 21 29 68 11 50 65 39 30 69 43 31 40 74 59 37 56 36 46 38 54 52 57 62 112 58 45 61 110 44 48 103 49 91 16 106 71 64 89 117 108 93 63 41 77 124 55 107 67 78 88 86 53 98 73 94 81 60 90 131 70 132 99 109 135 133 72
100 2 3 5 4 19 6 7 8 10 1 22 17 23 13 15 14 32 35 24 102 12 20 9 47 25 26 11 42 18 28 95 27 33 51 34 21 68 39 29 30 65 43 31 69 74 40 59 36 37 56 57 46 38 62 50 16 52 112 54 45 44 61 64 48 103 58 91 71 89 49 117 41 110 108 55 93 63 77 106 124 78 107 67 98 88 86 73 53 90 94 81 60 131 70 99 135 133 72 111 92
100 2 3 5 4 6 1 7 19 8 22 10 23 17 13 15 14 32 102 24 12 9 20 25 47 18 26 11 27 42 35 28 95 34 33 51 21 68 29 30 36 56 39 31 40 59 69 43 50 74 37 65 57 46 38 52 62 16 112 45 54 61 48 64 103 58 91 44 89 117 49 71 41 63 55 93 77 124 67 78 98 88 60 86 53 81 107 90 70 73 94 110 131 108 109 76 99 135 133 137 92
100 2 3 5 4 6 1 7 19 8 22 10 23 17 13 15 14 32 102 9 12 20 24 25 18 26 11 47 27 42 35 33 28 95 34 51 16 21 68 29 30 36 43 56 39 31 40 59 69 50 74 37 65 62 46 38 52 54 57 45 112 61 48 64 77 103 58 91 44 89 71 41 63 117 49 55 93 124 67 78 98 88 60 86 53 81 107 90 70 94 110 108 76 131 109 99 133 73 137 92 135
100 2 3 1 5 4 7 19 8 6 10 22 9 13 17 15 14 102 12 32 18 23 20 25 26 11 24 35 47 28 33 21 42 95 27 16 34 38 31 30 39 40 29 36 50 59 43 37 46 44 57 62 74 56 52 65 48 112 61 54 93 51 58 45 69 49 41 63 89 55 91 68 77 103 64 71 67 78 124 88 117 60 81 86 98 70 94 53 66 131 138 90 137 76 73 87 133 110 108 92 80
100 2 3 1 5 4 7 19 8 6 10 22 9 13 17 15 14 102 12 32 18 23 20 25 11 26 24 35 47 28 33 21 42 95 27 16 34 38 31 30 39 40 29 36 50 59 43 37 46 44 57 62 56 52 65 48 112 74 61 51 58 93 54 69 49 41 63 89 55 68 45 103 64 71 91 77 67 124 88 78 117 60 81 86 98 70 94 53 66 131 138 90 137 76 73 87 133 79 110 108 92
100 2 3 1 5 4 7 8 19 6 10 22 9 13 17 15 14 102 12 32 18 23 20 25 11 26 24 35 28 30 33 27 16 42 95 21 38 34 29 47 31 39 40 36 50 43 37 46 62 41 44 56 65 48 112 61 57 74 51 58 54 52 49 45 93 63 89 55 68 69 59 64 71 91 77 66 103 124 67 88 78 117 81 94 86 98 70 53 60 138 90 80 131 137 73 76 87 133 79 110 108
100 2 3 1 5 4 7 8 19 6 10 22 9 13 17 15 14 102 12 32 18 23 20 25 11 26 24 35 28 30 33 27 16 42 21 38 95 34 31 29 47 39 40 44 50 36 37 43 46 62 65 41 56 55 51 48 57 74 54 61 49 45 112 52 67 63 89 58 68 69 59 64 77 71 66 103 83 88 91 117 124 78 81 70 53 94 86 98 60 138 90 80 137 76 87 75 139 73 133 79 97
100 2 3 1 5 4 7 8 6 19 10 22 9 13 14 15 17 102 32 12 18 20 16 21 23 26 25 11 24 27 28 30 33 31 38 95 34 29 35 47 39 40 36 44 50 41 42 37 43 57 65 46 48 56 54 55 45 51 62 49 61 112 52 63 74 89 67 58 59 66 64 69 77 68 103 88 71 117 78 81 124 80 70 53 86 83 138 93 94 91 73 137 90 87 97 75 60 133 79 92 99
100 2 1 3 5 4 7 8 6 19 10 9 22 12 13 14 15 17 102 20 18 16 32 21 23 24 11 25 26 28 27 31 30 38 95 34 33 35 29 47 46 36 40 43 44 39 37 41 50 42 48 55 54 56 45 51 49 52 57 62 59 112 61 63 65 58 89 74 66 77 64 69 67 53 80 103 88 71 68 70 81 124 73 86 78 83 94 91 87 93 60 137 79 90 117 97 75 92 99 84 133
100 2 1 3 5 4 7 8 6 10 19 9 22 12 14 13 15 17 102 11 16 20 18 32 21 23 24 25 26 27 28 31 30 29 34 95 38 33 35 46 36 40 43 37 42 39 41 50 44 48 55 47 57 54 56 45 51 49 52 62 59 61 63 112 65 58 89 74 66 67 64 53 69 70 77 71 68 124 78 81 86 73 88 83 80 91 92 94 93 99 90 87 84 60 79 97 117 137 75 98 76
100 2 1 3 5 4 6 7 8 10 19 9 22 12 13 14 15 16 11 17 20 18 21 102 23 24 25 28 26 27 29 30 32 31 95 38 33 37 35 46 40 43 36 34 39 41 42 50 44 49 48 51 47 54 53 45 52 55 56 57 60 59 61 63 62 89 58 74 66 65 67 64 112 69 77 70 68 71 73 87 81 78 124 80 88 83 99 72 91 85 92 75 94 86 90 93 96 79 97 84 98
100 1 2 3 5 4 6 7 8 9 10 11 12 13 14 15 16 17 18 19 20 21 22 23 24 25 26 27 28 29 30 31 32 38 33 37 34 35 36 43 39 46 40 41 42 44 45 49 47 48 50 53 51 52 54 55 56 60 57 59 63 61 62 64 65 58 66 67 68 69 89 70 71 72 73 74 81 78 124 77 80 75 79 88 83 87 91 85 92 86 90 93 94 95 96 76 97 98 84 119 99
100 1 2 3 5 4 6 7 8 9 10 11 12 13 14 15 16 17 18 19 20 21 22 23 24 25 26 27 28 29 30 31 32 38 33 34 35 36 37 43 39 46 40 41 42 44 45 49 47 48 50 51 52 53 54 55 56 57 58 59 61 60 62 63 64 65 66 67 68 69 70 71 72 73 74 81 78 77 79 80 75 88 87 83 91 85 86 89 90 92 93 94 95 96 97 98 124 76 84 82 119
100 1 2 3 4 5 6 7 8 9 10 11 12 13 14 15 16 17 18 19 20 21 22 23 24 25 26 27 28 29 30 31 32 33 38 34 35 36 37 39 40 41 42 43 44 45 46 47 48 49 50 51 52 53 54 55 56 57 58 59 60 61 62 63 64 65 66 67 68 69 70 71 72 73 74 81 75 76 77 78 79 80 88 82 83 85 86 87 89 90 91 92 93 94 95 96 97 98 100 101 84
