144 1 2 3 4 5 6 7 8 9 10 11 12 13 14 15 16 17 18 19 20 21 22 23 24 25 26 27 28 29 30 31 32 33 34 35 36 37 38 39 40 41 42 43 44 45 46 47 48 49 50 51 52 53 54 55 56 57 58 59 60 61 62 63 64 65 66 67 68 69 70 71 72 73 74 75 76 77 78 79 80 81 82 83 84 85 86 87 88 89 90 91 92 93 94 95 96 97 98 99 100 101 102 103 104 105 106 107 108 109 110 111 112 113 114 115 116 117 118 119 120 121 122 123 124 125 126 127 128 129 130 131 132 133 134 135 136 137 138 139 140 141 142 143 144
120 2 1 37 13 7 8 12 11 3 41 90 19 9 34 24 75 6 39 15 17 28 56 27 18 33 53 57 38 61 16 35 5 25 22 60 32 44 59 77 20 36 40 65 43 62 64 14 4 31 46 84 63 58 83 94 55 42 76 86 80 47 85 30 29 92 49 21 81 74 48 70 96 69 50 72 71 67 52 66 10 88 79 68 54 82 51 26 78 97 98 103 99 102 107 95 91 73 87 89 45 93 100 117 101 108 106 104 105 119 112 113 110 118 115 116 114 23 120 109 111
115 37 5 16 13 30 7 76 1 48 17 2 9 8 34 6 24 75 90 4 35 61 12 27 21 40 3 11 22 32 59 42 33 31 56 18 15 26 39 28 57 55 84 38 41 65 68 60 14 74 51 49 25 52 29 54 70 69 79 36 81 94 53 19 93 62 44 96 72 50 46 43 73 63 95 71 92 83 58 20 91 89 64 100 85 80 66 78 86 104 119 113 106 108 98 110 107 77 101 97 112 118 67 103 87 117 10 47 99 115 82 105 88 102 116 45
101 12 145 37 34 16 8 3 2 1 11 9 146 29 147 148 6 90 17 33 13 26 76 35 57 51 31 149 75 44 22 30 19 53 71 14 150 5 56 151 64 61 58 28 152 52 36 84 60 27 68 55 153 93 96 59 41 25 4 81 49 73 48 62 77 80 101 85 39 38 21 154 72 155 83 156 78 95 91 110 100 157 106 108 98 158 113 112 66 159 32 42 160 104 161 50 74 89 63 86 43 69
87 12 13 1 5 7 2 9 61 11 17 84 76 37 26 90 75 8 41 31 16 15 57 18 48 3 52 24 29 4 6 35 33 53 22 65 56 19 34 14 71 44 27 39 58 59 40 38 49 28 51 68 60 64 25 72 20 36 96 21 30 55 79 83 78 80 101 70 62 73 81 95 91 110 94 100 85 98 107 97 93 108 119 77 106 113 54 112
84 22 1 11 7 44 8 16 13 75 59 2 27 35 20 3 12 34 90 28 17 9 58 15 55 61 96 83 76 40 41 29 37 48 18 21 56 68 33 57 14 60 51 72 31 39 94 19 52 65 95 38 73 36 81 110 80 5 6 25 24 93 49 101 98 85 84 30 53 71 107 97 78 91 106 62 100 64 4 79 70 77 26 108 119
74 11 16 1 7 2 13 34 12 3 27 24 15 20 18 21 22 40 39 8 61 76 57 28 83 9 44 59 58 75 25 14 30 56 29 96 48 5 73 55 35 90 52 41 68 95 94 51 81 110 65 72 71 36 97 60 80 53 19 37 93 98 49 38 31 17 6 78 33 91 107 101 106 84 85
72 9 30 12 37 38 16 8 2 68 61 57 34 72 20 13 14 7 1 28 53 11 29 44 3 40 48 75 17 59 22 39 35 65 21 15 19 81 76 73 18 55 94 5 27 60 95 24 58 41 49 93 97 96 56 51 52 31 36 6 80 71 101 98 78 91 33 83 110 106 107 25 90
69 2 145 1 11 19 8 68 151 48 44 9 76 75 81 34 28 146 12 150 30 3 72 22 39 21 147 41 55 14 29 57 60 53 73 83 153 49 52 152 96 51 56 38 71 98 58 95 13 33 101 35 27 110 80 36 78 149 91 59 93 157 106 61 16 156 6 5 17 31
62 145 11 22 1 3 21 8 2 34 28 75 48 150 27 146 30 147 72 41 12 44 151 14 57 59 55 71 53 29 19 56 73 152 68 83 101 38 81 80 51 60 149 95 49 93 36 58 76 96 33 91 39 153 98 157 106 110 35 13 52 78 9
57 3 145 1 72 11 2 21 27 146 22 34 48 12 28 75 150 30 83 68 41 57 147 39 8 56 55 44 149 53 152 33 38 58 59 14 151 73 153 60 95 36 76 29 71 81 101 19 93 96 110 98 80 91 157 106 49 51
55 145 11 72 2 30 1 22 48 8 21 3 41 68 34 29 27 19 151 150 28 55 81 76 53 152 146 147 149 38 14 39 44 75 59 73 96 83 56 60 71 95 33 36 12 58 57 93 80 110 157 91 101 153 98 106
55 146 145 11 1 2 21 29 72 14 8 22 3 39 68 34 56 44 149 157 75 150 152 28 147 58 27 48 83 73 151 41 59 81 76 55 60 57 71 12 96 30 53 38 19 36 80 33 110 101 95 98 91 153 93 106
55 146 145 1 11 8 38 21 34 76 2 48 72 30 3 150 29 75 56 22 57 14 27 147 39 151 68 149 152 71 58 55 41 53 19 28 33 83 12 101 81 73 44 59 60 95 91 110 36 93 80 96 106 157 153 98
55 145 2 30 1 38 146 12 19 72 57 11 8 3 14 150 29 39 34 28 147 149 152 53 44 58 76 75 71 151 73 60 41 81 59 68 21 83 22 110 56 48 96 101 33 36 27 55 157 93 91 80 95 106 153 98
