19 1 2 3 4 5 6 7 8 9 10 11 12 13 14 15 16 17 18 19
19 1 2 4 3 5 6 8 7 9 10 12 11 13 15 14 16 19 18 17
19 2 1 5 3 4 6 8 9 7 11 10 12 14 13 16 15 19 18 17
19 1 2 4 5 3 6 10 7 8 9 11 14 13 19 16 15 17 18 12
19 1 2 5 3 4 6 7 8 9 10 12 11 13 14 15 19 18 17 16
19 2 1 4 5 3 7 6 8 9 11 10 12 16 15 14 13 19 18 17
19 2 1 3 4 5 7 6 8 9 10 12 11 13 16 15 14 18 19 17
19 2 3 1 5 4 7 8 12 9 6 10 11 13 16 14 15 18 19 17
19 3 1 2 4 5 7 8 12 9 10 11 6 13 14 15 16 18 19 17
19 3 2 1 4 5 7 6 8 9 12 10 13 14 15 11 16 18 19 17
19 2 1 3 5 4 12 7 6 8 9 10 14 15 13 16 19 17 11 18
19 14 15 16 19 13 12 11 10 8 18 9 7 6 4 5 3 2 17 1
19 2 4 1 3 5 12 7 6 9 8 10 11 14 13 15 17 18 19 16
19 17 18 19 1 15 9 12 11 10 14 13 2 4 3 5 16 7 8 6
19 4 5 3 17 6 2 19 16 10 7 9 8 1 11 12 13 14 15 18
19 18 17 19 16 15 14 13 12 11 10 9 8 7 6 5 4 3 2 1
19 1 2 3 4 5 6 7 8 9 10 12 11 13 14 15 16 18 17 19
19 1 2 3 4 5 6 7 8 9 11 10 12 13 16 14 15 19 18 17
19 1 2 3 4 5 6 7 9 8 10 11 12 13 14 15 16 19 18 17
19 1 2 3 4 5 6 7 9 8 10 11 12 13 14 16 15 19 17 18
18 3 2 4 5 1 12 8 7 6 10 9 14 11 13 15 19 17 18
18 5 2 4 1 3 7 12 8 9 6 10 11 14 15 19 17 13 18
18 4 5 3 1 2 6 7 8 9 12 10 11 13 15 14 19 18 17
18 2 5 4 1 3 8 9 7 6 12 10 15 13 14 11 19 17 18
18 5 2 4 1 3 8 7 12 6 10 9 11 13 15 14 17 19 18
18 1 2 5 4 3 8 7 9 6 12 10 13 11 14 15 18 19 17
18 3 5 2 4 1 8 7 6 9 13 11 14 10 15 12 17 19 18
18 5 3 4 2 1 6 7 8 9 11 10 12 14 13 15 19 17 18
18 5 4 3 2 7 6 1 9 8 11 13 10 14 12 17 19 15 18
18 4 5 1 2 9 7 8 10 12 11 18 6 14 13 3 17 19 15
18 4 8 9 6 12 15 7 10 1 2 11 14 5 13 17 19 18 3
18 3 2 4 15 8 12 14 10 9 7 11 6 18 17 1 19 5 13
18 3 5 13 15 4 14 9 12 11 8 10 2 7 6 18 17 19 1
18 5 1 3 4 13 14 12 15 11 9 10 6 7 18 17 8 19 2
18 5 3 13 4 1 2 12 9 15 14 11 18 10 7 6 17 8 19
18 12 5 3 13 4 1 9 2 8 14 11 18 19 15 17 10 7 6
18 13 10 1 12 2 5 4 3 9 11 15 14 8 7 18 19 17 6
18 5 3 4 2 1 12 13 10 9 14 15 11 18 19 6 8 7 17
18 3 5 1 2 4 7 13 12 9 15 10 6 8 14 11 17 18 19
18 3 1 4 2 5 12 13 7 6 8 9 10 15 11 19 18 17 14
18 2 5 3 1 4 13 10 12 7 6 8 11 9 19 18 17 15 14
18 14 5 1 2 3 10 13 8 6 12 7 18 17 11 4 19 9 15
18 14 5 3 2 1 13 12 10 7 8 6 18 19 11 17 15 9 4
18 4 9 2 1 3 14 5 13 12 6 10 7 19 15 18 17 8 11
18 4 2 1 14 3 5 7 13 6 8 9 15 19 18 17 10 12 11
18 4 5 1 2 14 13 8 15 10 6 18 7 19 17 3 9 11 12
18 4 5 2 3 1 14 12 9 13 8 6 7 10 15 18 17 19 11
18 5 4 2 1 3 12 14 11 9 13 7 10 8 6 19 18 17 15
18 4 5 1 2 3 14 12 11 10 7 6 8 9 13 19 15 17 18
18 4 3 5 2 1 11 14 7 8 10 12 9 15 13 6 18 19 17
18 4 3 2 1 5 11 7 14 10 8 9 6 15 19 13 18 12 17
18 4 3 2 1 5 7 10 11 6 14 9 8 15 12 13 19 18 17
18 4 5 2 1 3 7 8 10 6 15 13 9 12 14 19 18 11 17
18 3 4 5 7 1 2 11 6 9 10 8 13 12 15 19 18 17 14
18 4 2 1 3 7 5 11 8 6 9 13 15 14 12 10 19 18 17
18 3 11 1 2 5 6 7 14 8 10 9 15 4 13 19 18 17 12
18 4 5 11 2 1 10 12 7 8 6 14 15 9 3 19 18 17 13
18 1 4 5 11 2 3 7 6 8 9 10 12 15 13 18 17 19 14
18 1 2 7 5 4 8 14 6 10 9 3 11 12 15 19 17 13 18
18 5 1 2 4 3 6 8 10 7 15 11 14 18 17 13 9 12 19
17 7 1 5 2 3 12 11 9 6 8 10 13 15 4 14 18 17
17 4 2 5 1 3 9 7 11 14 13 8 12 6 15 18 10 17
17 4 3 2 1 5 12 11 9 13 7 14 15 10 8 6 18 17
17 4 2 1 6 3 5 11 14 12 13 7 8 15 10 9 18 17
17 7 5 4 6 2 1 8 3 14 12 11 17 13 10 15 18 9
17 5 1 2 7 17 4 6 13 11 12 3 14 9 15 10 18 8
17 1 2 3 5 7 6 14 4 13 8 17 11 9 10 15 18 12
16 5 1 2 3 4 11 8 17 7 10 9 14 13 15 18 6
14 7 1 2 4 5 3 9 11 10 13 14 15 8 6
6 2 1 4 3 7 5
