27 1 2 3 4 5 6 7 8 9 10 11 12 13 14 15 16 17 18 19 20 21 22 23 24 25 26 27
27 3 1 2 4 7 5 9 13 11 8 12 14 6 15 10 16 25 24 21 20 19 27 22 23 17 18 26
27 11 10 4 15 3 5 8 9 2 14 6 7 1 12 26 23 16 25 13 19 17 18 27 20 24 22 21
27 1 2 5 3 4 9 19 10 8 27 6 15 24 7 26 11 12 17 14 16 23 20 21 13 22 25 18
27 1 2 3 5 9 4 27 7 15 6 8 11 10 14 12 13 16 18 26 19 20 25 23 24 17 22 21
27 6 1 4 7 5 10 19 3 2 8 9 13 15 11 16 17 12 26 24 27 22 25 14 18 23 20 21
27 22 19 14 24 21 18 25 23 26 16 13 12 17 20 15 27 7 11 10 5 6 3 8 4 9 1 2
27 22 18 21 25 23 14 13 16 20 24 19 26 17 12 15 11 7 27 10 6 8 5 3 4 9 1 2
26 3 11 1 7 26 8 2 19 5 21 4 17 10 27 12 9 6 14 16 13 23 15 24 22 25 20
26 2 6 1 4 3 5 26 19 24 9 10 7 8 11 22 27 12 16 17 14 15 13 25 20 23 18
25 1 3 5 4 9 6 10 2 8 24 11 12 7 19 22 26 15 25 16 14 23 13 20 21 18
25 12 3 1 13 9 2 25 22 21 7 8 11 16 5 15 17 10 6 4 14 20 18 26 19 24
25 1 4 6 5 27 2 9 20 17 8 11 19 24 26 10 7 21 14 18 12 13 15 23 25 16
23 1 18 21 20 9 4 10 6 19 14 5 3 2 26 13 11 24 8 7 12 25 15 16
19 1 12 3 25 2 9 8 13 10 21 15 6 14 16 20 18 26 19 24
5 3 4 11 13 26
