70 58
70 58
70 58
70 58
70 58
70 58
68 70
68 70
68 70
68 70
31 99
31 99
31 99
31 99
31 89
31 89
31 89
31 89
70 73
70 73
70 73
70 73
70 109
70 109
70 109
70 109
68 36
68 36
68 36
70 68
70 68
70 68
70 49
70 49
70 49
58 49
58 49
58 49
58 70
58 70
58 70
58 89
58 89
58 89
31 11
31 11
31 11
31 49
31 49
31 49
31 57
31 57
31 57
57 31
57 31
68 61
68 61
49 23
49 23
70 81
70 81
70 69
70 69
49 85
49 85
58 23
58 23
70 51
70 51
68 31
68 31
11 85
11 85
99 31
99 31
11 49
11 49
85 23
85 23
99 58
99 58
109 99
109 99
11 58
11 58
89 122
89 122
99 23
99 23
109 31
109 31
49 107
49 107
109 85
109 85
99 109
99 109
49 99
49 99
31 102
31 102
31 58
31 58
58 102
58 102
85 58
85 58
59 130
59 130
58 68
58 68
58 31
58 31
31 146
31 146
70 111
70 111
73 31
73 31
57 99
57 99
73 81
73 81
146 57
146 57
70 146
70 146
109 23
109 23
70 57
70 57
146 70
146 70
58 57
58 57
70 99
70 99
1 2
3 4
5 6
7 8
9 10
11 12
13 14
15 16
17 18
19 20
21 22
23 24
25 26
27 28
29 30
31 32
1 3
5 7
11 9
15 13
17 19
23 21
27 25
29 31
15 5 17 29
11 1 23 27
15 11
23 33
34 35
36 25
37 38
39 5
40 41
42 43
11 44
45 46
47 48
49 50
51 52
3 53
54 4
31 55
19 56
23 34
36 37
40 39
11 42
47 45
51 49
54 3
31 19
31 36 54 51
11 23 40 47
11 36
31 23
11 31
1 31 49 51
57 58 54 55
59 60 37 47
61 11 62 25
58 1
61 60
11 59
61 58
11 57
61 11
63 64 23 65
54 66 56 67
68 69 37 5
61 70 10 71
61 69
63 66
64 54
61 63
68 64
72 61 71 5
73 69 74 37
68 49 75 76
23 56 11 1
69 72
61 73
68 56
69 49
69 68
69 77 45 51
49 68 34 78
55 27 79 31
70 56 80 23
58 57 2 1
36 81 82 83
69 58
68 55
36 49
80 38 23 61
68 51 56 84
85 70 54 86
58 49 31 87
55 88 89 63
90 59 27 48
55 70
68 80
58 90
49 68
58 55
49 58
91 55 81 92
31 93 89 46
56 34 69 94
49 15 86 38
70 23 80 95
96 58 5 27
45 97 54 98
99 100 51 11
31 23 45 100
49 96 93 97
58 70 55 56
91 99 34 15
96 91
96 31
70 96
70 54 81 82
89 91 101 45
96 102 80 103
86 51 5 36
104 63 105 68
58 57 56 106
47 49 27 55
11 7 31 2
96 49 86 63
104 51 11 57
58 89 102 54
70 7 47 91
7 104
96 89
96 7
58 96
70 107 108 47
109 94 69 55
63 89 110 111
64 51 27 91
68 23 112 56
31 81 102 75
104 49 113 80
58 45 34 54
49 58 94 64
31 109 107 51
70 63 45 23
81 104 89 68
31 63
49 104
81 109
70 31
81 49
89 69 72 27
96 114 109 54
70 107 25 115
85 61 102 56
68 79 55 34
49 81 116 80
11 104 88 58
31 108 17 51
31 85 79 81
96 61 89 107
11 70 69 108
49 68 114 104
11 61
85 96
11 68
102 58 112 47
89 108 85 55
36 104 27 25
68 117 51 80
49 8 63 5
70 23 15 118
99 45 2 91
11 119 17 61
89 119
104 68
36 108
23 49
102 117
11 45
99 8
99 89
104 11
23 102
36 70
36 99
23 104
23 36
36 109 80 104
81 70 55 107
68 58 61 18
102 49 75 45
89 27 63 56
11 31 101 112
85 40 96 47
99 23 29 57
109 81
27 36
102 40
109 68
27 102
11 27
109 11
68 58 17 76
89 61 120 45
31 40 121 63
122 59 113 49
11 27 111 75
102 70 56 80
109 99 123 47
85 5 124 23
89 70
68 40
102 27
85 61
59 109
122 5
89 68
11 102
122 85
31 59
99 31 40 39
58 85 54 82
109 27 97 51
96 107 101 80
102 70 37 55
49 112 59 42
89 23 29 105
11 113 25 47
11 112
27 89
49 113
107 102
96 85
109 27
99 96
11 109
23 109 15 2
99 111 56 96
70 80 40 91
11 112 59 101
31 102 5 8
49 107 82 55
85 75 27 29
125 89 126 37
31 112
49 102
111 23
107 70
89 11
99 80
75 125
109 89
31 111
99 75
49 31
107 99 97 127
63 85 40 128
31 82 101 114
109 73 15 27
49 122 129 112
58 102 93 37
23 89 55 75
68 70 130 131
99 68
122 63
58 82
23 73
109 70
89 107
49 89
97 58 68 116
49 29 132 2
70 11 15 133
99 23 73 26
93 102 109 134
31 85 135 55
125 8 136 5
89 80 137 138
31 8
97 80
85 99
58 93
29 125
102 70
89 23
49 11
102 97
85 29
85 31
139 85 140 40
111 102 59 141
49 96 5 142
31 42 135 63
58 107 114 127
99 15 54 143
70 11 61 72
101 89 144 118
101 107
139 11
111 96
70 102
49 15
99 42
70 139
31 101
111 85
49 111
31 70
58 145 146 122
85 29 147 113
59 114 49 148
70 102 61 149
99 81 96 115
89 15 80 69
26 130 23 101
31 11 150 131
26 102
99 145
11 89
58 114
31 81
70 29
15 85
70 26
58 15
99 59
57 23 55 149
111 89 80 151
152 11 130 47
69 70 61 146
68 101 99 153
58 96 131 113
31 112 59 54
49 51 127 144
51 111
68 112
89 58
69 101
57 96
152 23
69 152
69 70
58 69
49 81 101 117
70 51 68 42
57 80 59 47
58 146 150 29
99 111 114 37
69 89 145 15
73 130 23 19
31 11 61 112
49 80
73 11
57 81
99 51
69 130
99 57
73 99
73 68 80 154
70 114 109 155
36 81 130 59
69 89 47 51
58 146 107 29
31 57 61 26
99 111 82 92
23 101 84 131
68 69
58 101
36 89
23 114
31 68
70 57 101 154
132 27 49 29
73 59 51 156
146 68 125 157
31 107 81 131
58 89 80 149
99 55 23 18
130 158 96 102
132 158
70 107
73 27
146 55
70 132
58 59
73 58
89 57 155 114
145 59 2 55
31 146 157 112
73 58 159 27
36 81 139 29
69 70 66 82
160 23 42 17
68 125 102 149
36 146
70 145
69 59
68 23
160 125
73 160
36 69
49 114 29 59
57 58 112 47
107 99 73 161
31 68 82 80
109 125 54 92
146 101 145 34
2 23 162 36
139 70 69 26
68 139
146 114
125 49
107 101
58 2
107 31
58 125
109 146
109 107
69 73 17 36
31 139 85 27
57 109 145 163
23 111 51 108
58 61 59 25
146 102 101 164
70 107 150 29
68 49 96 165
146 111
68 73
49 57
139 69
23 107
61 70
109 58
61 68
139 146
139 61
109 139
57 70 17 51
58 139 80 163
146 166 101 149
68 73 81 108
109 145 167 115
31 69 85 126
162 102 59 130
96 99 61 113
57 69
166 96
73 109
58 99
102 68
162 139
31 145
102 146
162 73
57 166
57 162
58 73 167 108
70 157 101 85
146 23 80 15
109 166 61 168
99 125 169 170
69 91 17 130
68 31 55 10
57 162 49 171
146 157
58 91
99 73
109 162
23 68
69 125
70 166
146 69
57 58
99 70
99 146
146 57 162 17
109 73 23 11
61 82 69 2
70 85 172 101
58 59 31 55
49 122 166 165
113 167 125 132
68 99 130 154
58 167
146 82
59 61
99 113
73 49
122 68
146 73
122 58
109 59
109 122
145 109 61 5
23 17 81 73
58 85 31 150
139 173 82 15
99 11 167 149
70 162 101 112
146 69 125 42
59 57 68 116
146 162
59 17
11 139
145 173
99 69
85 59
146 58
11 145
85 11
146 85
