252 486
252 486
252 486
22 23
22 23
72 73
72 73
202 203
202 203
225 226 227
225 226 227
280 281
280 281
300 301
300 301
489 490 491
489 490 491
510 511
510 511
36 671 672
36 671 672
782 783
782 783
36 827 828 342
36 827 828 342
996 997
996 997
1065 75
1065 75
1096 1097 681
1096 1097 681
1334 1436
1334 1436
1824 1825 1826
1824 1825 1826
1 2
3 4 5 6
7 8
9 10 11
12 13 14 15 16 17
18 19
20 21
24 25 26 27
28 29 30
31 32 33 34
35 36 37 38
39 40
41 42
43 44
45 46 47 48
49 50
51 52 53 54
55 56
57 58
59 60
61 62
63 64 65 66
67 68 69
70 71
74 75 76
77 78
79 80 81 82 83 84 85 86 87 88 89 90 91
92 93
94 95 96
97 98
99 100 101 102 103 104 105 106 107 108
109 110 111
112 113 114 115 116 117 118
119 120 121
122 93 92
123 124 125 126 127
128 129
130 131
132 133 134 135 136 137 138
23 139 140
61 141
142 143 144 145
146 147
148 149
150 151 152 153 154 155 156 157 158 159 160 161 162 163 164 165 166 167 168 169 170 171 172 173 174
175 176 177 178 179
180 181
182 183 184
185 186 187 188 189
190 191 192 193
194 195 196 197
198 199 200 201
36 204 205 206 207 208 209 210 211
212 23 213 214
215 216 217 218
219 220 221 222 223 224
228 229
230 231 232
233 234 235
236 237 238 239 240 241 242
243 244
245 246 247
248 249
250 251
252 253 254
255 256 257
258 176 259 260
261 262 263 264 265 266 267
268 269 270
271 272
273 274 194 275 195 276
277 278 279
35 282
283 284 285 286
287 288 289 290 291
292 293 294 295 296
297 298 299
302 303 304 305 306 307 156 308 309 310 311 312
313 314
315 316 317 318 319
320 321 322 323
324 325 326 327 328
329 330
331 332 333 334
335 19 336 337
338 339 340
204 36 341 342 343
344 345
346 347 348
349 350
351 352 353 354
355 356 357 358 359 360 361 362 363
364 365
366 367 368
253 369 370 371 372
373 374 375 376 377 378 379 380 381 382
383 384 385 386 387 388 389 390
391 392 393 394 395 396 397 398
399 400 401
402 403 404 405 406 407 408 409
410 411 412 413 414 415 416 417 418 419 420 421
422 423 424 425 426 427 428
429 430
431 432
433 36 434 435 436 437 438
28 439 440 441
442 220 443 444 445 446 447 448 449 450 451 452 453 454
455 456
457 458 459
460 461 462 463
464 465
466 467 468
469 470
471 472
473 204 474 475
63 245 476
477 478 479 480 481
482 483 484 485
487 488
338 492 493 340
494 495 467
496 497 20
498 204 499
500 501 502 503 504
505 506 507 508 509
512 513 514
515 516
517 518
519 520
20 497 521
522 523 524 525 526 527 528 529
530 531 532 533 534 535
536 537
538 539 540 541
542 543 544
545 546 547 548
549 20
550 551 552 553
554 272
555 556 557 558
559 560 561 562
563 564
565 566 567
272 271
568 569
570 571 572
573 324 574 575 576 577 578 579
580 581 582
583 584 585 586 587 588 589 590
414 410 591 592 593 420 594 417 595 596 597
598 599 600
601 602
603 604 605 606 607
608 609 610 611
612 613 614 615 616
617 618 619 620 621 622 623
253 624 625 626
627 628 629 630 631 632 633 634
635 636 637 638 639 640 641
642 495 643 644 645
646 647 648 649 650 651 652
653 654 655 656 657
658 659 660 661 662 497 663
433 664 665 466 467 666 435 434 667 437
668 669
4 670
673 674 675 676
677 678 679
680 681 682 683
684 685 686
687 688
689 690 538 540
691 692 693 694
385 695
497 521
696 697 698
23 22
583 699 700 701 587
204 702 703 704 705
706 707 708 709
710 711
712 713 714 715
716 717 718 719 720 721 722 723 724 725 726 727 728
729 730 731 732
733 542 734 735 736
737 738 739 740 741 742
743 530 744 535 533 532 745 746
747 748 749 750 751
752 753 754
755 756 757 758 759
760 761 301
72 762
763 764 765 766 767
768 769 770 771
772 773 774 775
776 777 778
779 780
496 781
710 784 785 711 786 787
788 789 790 791
792 793 794 795
796 797
798 799 800
631 801 802 803
804 805 806
807 808 809 810 811 812 813 814
815 95 816 752 817 818 335 819 820 683 821 822 823 824 825
826 74
72 829 498
830 831 832 833 834
58 835
836 837
838 839
840 841 842 36 843
490 844
845 846
61 847 848 129
659 663
849 850 851
852 853 854 855 856 857
858 859 860
559 861 762
36 204 862 863 864 865 866
867 868 869 870 871 872 873 874 875 99 876
877 878 879 880 881 882 883 884 885 886
887 888 889
890 891 892 893 894 895 896
897 898 899
900 901 902
903 904
905 903 906
907 908
36 204 671 909 910
911 912
913 914
915 916
917 498 918 919 920
410 417
921 922 923 924 925
926 927
928 929 930 931 932
933 793 792 934 935
22 936 337
937 464 465
938 939 940 941 942
835 58
248 943 944 945 946
947 948 949 950 951
204 952 953
954 955
956 957 835
147 146 958 959
433 960 961 962 643
963 964 965 966
245 476 967
968 969 970 971
63 245 476 972
973 974 975 976 977
35 36 37
978 979 980 981 982
983 984 985
986 987 988
642 989 990
95 991 992
993 994 995 403
998 999
35 37 38
1000 1001 1002
496 1003 20 1004
1005 1006 1007 1008 1009 1010 1011
1012 1013 1014
1015 1016 1017 1018 1019 1020
1021 1022 403 1023 1024 1025 1026
1027 1028 1029 1030
63 252 245 476
1031 1032
1033 1034 1035
24 1036 25
1037 1038 1039 1040 1041
269 464 465 1042
1043 1044 1045 1046
40 1047
1048 1049
1050 1051 1052
1053 1054 1055
559 1056
63 252 793
1057 1058 1059 1060 1061 1062 1063 1064
20 1066
1067 1068
681 1069
1070 1071 559 1056
35 38 1072 1073 1074 1075
530 532
530 1076 1077 534 1078 532 533 535
204 245 1079 61
1080 1081 1082
1083 1084 1085 1086
1066 20
1087 1088 1089
1090 1091 1092 1093 1094 1095
1098 246 1099 1100
1101 670
804 806 805 1102
1103 1104 1105 1106
1053 1107
1108 20
1109 1110 1111
1112 1113
659 915 1114 275
659 915 1115 916 663
20 1116
1117 1118 1119 1120 1121 1122 1123 1124 1125 1126
63 1127 252
1128 1129 1130 1131 1132 1133
887 889 1134 1135
1136 1137 194 195 95
497 658
1138 1139 1140
1141 1142 1143 1144
3 1145
61 245
670 1101 1146
559 1147 1148
1149 1150
1151 1152 1153 1154 1155 1156
1157 580 141 62
1158 1159
1160 1161 1162
1163 1164 542 1165
1166 1116 490 1167
666 504
1168 1169
1170 1171 1172
1173 1174 1175 1176 1177 1178 1179 1180
530 1181
1182 1183 1184 1185 1186 1187
1188 132 136
1189 1190
681 1191 1192
77 1193 1194 1195 78
1196 1197 1198 1199
911 1200
506 1201 1202 1203
142 1204 1205
1206 1207 1208 1209 1210
549 998
1211 144 1212 573 1213 1214 1215
1216 1217 57 1218
204 36 671 498
1052 1219 1220 1221
1222 1223
63 252 476 245
1224 1225
1226 1227 1228 78 1229
559 756 1230 561
1231 1232 1233
1234 1235 1236 1237 1238 1239 1240 1241 1242
338 72 340
681 1243 1244 1245
1246 433 1247
1248 1249 1250
496 347 1251
298 1252 1253 1254
269 1255 1256
1226 77 1257 1258 1259 1260 1261
95 1262 1263 1264
1265 1266 1267 1268 1269 1270
762 1114 1271
1272 1273 1274 1015
1275 1276 1277 1278 1279 1280 1281
1282 1109 1283
1284 1285 1286 342 38
1287 1288 1289 1290 1291
1292 1293 1294
1295 1296 1297
1298 1299
1300 1301 1302 1303 1304 1305
1306 1307 1308 1309
1310 1311 1312 1313 1314 1315 1316 1317 1318 1319 1320 1321 1322
202 1323
1324 521 1325 1326 1327 1328 1329 1330 1331 1332 1333
1334 1335 1336
273 1115 1337 1338
983 1339
72 1340 337 1341 1342 1343 1344 1345 1346 1347 1348
467 665 1349
789 1350 983 1351 1352
61 62 129 128
268 1353
1354 1355 1356 1357 631
1358 1359 1360 1361 1362 1363 1364 1365
504 666 1366
1367 545 1368
1369 1370 1371 1372
1323 202
1373 1374 1375 476
1350 1376 433 1377
1378 176 198 1379 1031
1380 1381
1382 1383 1384
1385 1386 1387
1388 1389 1390
441 1391 1392
1393 1394 1395
1396 1397 62 495 61
1398 1399 1400 1401
433 961 643 962
1402 1403 1404
1405 1406
433 1407 434 1408 1409 435 1410
1411 1412 1413 1414 1021
1415 1416 1417 1418
1419 1420
233 1421 1422
338 340 493
1423 1424 1425 1426 1427 1428
470 1429 1430
36 204 343 672 671
1431 1432
3 628 994 1433 4 1434
1435 95
681 1243 1437
1438 1439 1440 1441
1442 36 1443
1444 1445 1446 1447 1448 1449 1450
1451 1452
434 1409 1453 667 1454
204 36 671 1455
433 204 36 498 866 1456 1457 1458 1459
559 1056 1460
1461 1462 1463
324 325 327
1464 1465 1466
1467 1468 1469
252 486 793
1470 1471 1472
1473 1474 1475 1476
1476 348 1477
1478 1479
1480 1481 1482 1483 1484 1485 1486 1487 1488 1489 1490 1491 1492
1493 1494
1495 1496 1497
1498 1499 1500 1501
20 1502
1116 1503 1504 1505 1506 1507
1508 642
433 642 666 1509 961 1453
1510 1511 1512 1513 1514 1515 1321 1516 1517 1518 1519 1520 1521 1522 1523 1524
1525 1526
1527 1528 1529
24 1530 1531
1532 176 1031
1533 1534 1535
36 208 1536 1537
1538 1539 983
22 1540 1541 1542 1543 1127
1544 1545 1546 1547 1548
642 1549 1550 1551 990
1552 1553 1554
1555 1556 1557 1558
196 1559 1560
233 1561
1562 1563 1564 1565
236 316 1566 317
1567 1568 1569 1570
1571 1572
1573 1574 1575 1576
1577 1578 1579 1580
1066 95 991
923 1581
1582 1583 1584
542 1585 1586 543
36 204 116 1587 1588 112
1589 144 1590 1591 1592 1593
1594 1595 1596
1597 1598 1599
1600 1601 1602 1603 1604 1605 756 1606 1607
1168 1608
1609 1610 1611 1612 1613 1614
466 467 665 666
1615 1616
1617 20
1618 1619 1620 1621 1622 1623 1624 1625
1626 1627 1628
1629 1630 1631
74 519
1632 1183
1633 1634
1635 1636 1637 1638
1639 1640 1641
1532 176 1642 1031
36 843 672
1643 1644 96
74 1645 519 76
1646 1647
1648 1649
1650 1651 1652
1653 1654 1655 1656 1657 1658 1659 1660 1661
1662 1663 1664 1665 1666 1667 1668 1669
1670 1671 1672
1673 1674 1675 1676
1677 1678 1679 1680 1681
1286 38
943 92
1682 127 1683 1684 1399
1685 1686 1687
93 92 1688
204 434 1399 1689 1690 1691
1692 1693 1694
491 844 490 1695 1696
1697 1698
74 75
1699 1700 798
1701 1702 1703
1704 1705
61 129
466 642 666 468
1706 1673 1707 1708 1709
1129 1710 1711
36 1712 1713 1714
1715 1716
1717 1718 1719 1720
1646 1721 1722
1723 1073 580 1072
1724 789 1725 1726 756 1727 1728 1729
1730 1731
1275 1732 1733
61 1734 245 848
1735 1736 1737 1738 1717
1050 1739 1740
1741 486 1742 28
63 793 792
1743 1744 1745 1746
1747 1748 1749
1750 1751 1752
1753 1754 1755 1756
1639 1757 1758 1640
1165 1759 1163 542
542 1760
1761 1762 1763
1227 559 78
1532 176 1764 1031
324 1765 1766 1767 1768 1769 1770 1771
1772 1773 1774 399
1297 433 1775
1151 1152 1153 1154 1776 1156
1777 1778 1779
1780 1781 1782 1783 1784 1785 1786
1787 1788 1789 1790
1791 1792 1793
1794 1795 93 1796 1797 1798
1799 1800 1801 1802 1803 1804
1805 20 631 1355
1806 70 71
36 204 1807 1808 206 802 209 207 211
1809 1810
1811 204 36 38
1812 1813 1814
1815 1549 1816 486 470
1817 1818 972 1819
793 933 792
1820 1821 1822
1823 916
467 665 1349 1827
538 541 540 1828
827 36 342
245 469
72 936 337
95 1829
1830 1831 1832 1833
680 681 1834 1243
1835 1836
1837 1838 1839
1840 1841
1842 1561
1843 1844
793 792
1845 1846
143 1297 1847
1486 1848 1849 1850
1851 1852 1853
681 1854 1855 683 680
1856 1857 1858 1859
559 1860
1000 1861 1862 1431 1351
1863 1864
1865 1866 1867
1436 1868 1869 1870
1871 1872
144 1592
467 466 666
1873 1617 1874 1875
1876 1877 1878
530 1078 532 533 535
1879 1880 1881 1882 1883
1809 189 1884 1885 1886 1887 1888 1889
1129 1710
1890 1891
1003 496 20
3 4 201
1892 1893 1894 1895
467 1896 1897
1898 1899 1900 1901 1902
72 1903 414 1904 934 1341 1905
36 204 112 1906
72 177
1183 1907
1908 248 1909 1910
1911 1912 1913
1914 1915 1916 1917
1338 297 762
399 1918
1919 1920
245 642 762 645
659 497 663 1921
1922 1923 1924 1925
63 252
1926 1927 1381
1928 1929 1930
1931 1932 1933 1934 1935 1936
1101 1937 1938
762 1114 1939 1940
1941 1942 1527 1528
1562 1865 1943
1944 1047
1945 762
1799 1801 1946 1522 1947
1948 1949 1950 1951
1952 803 602
1953 1954 1955 1956 1957 1958 1959 1960 1961 1962 1963
1964 1965 125 1966 1967
1968 1969 1970 1971 1972
1973 1974 1975 1976 1977
1056 559 1978
1979 713
1585 1980 543
1028 1029 1027 1981 1982
1983 1984 1985 1986
1987 1988
943 1617
1989 1990 1991
273 281 1992 1337
1993 1994
185 1995 1851
710 1996 1997 1998
1999 2000 2001 2002
943 2003 849
2004 2005 2006 2007
2008 2009 2010 2011 2012 2013 2014
2015 2016 2017 516 515
2018 2019 2020 2021
476 2022
2023 943
77 2024 2025 2026 2027
2028 2029 2030 2031
2032 2033 2034
2035 1543
2036 2037 2038 2039 2040 2041
2042 2043 125 2044 2045
1734 2046 36 2047 61
767 2048 2049 2050 2051 2052 2053 202
2054 1219 469
2055 2056 2057 2058
2059 2060 2061
2062 2063 2064 2065 2066 2067
2068 2069 1132 1673 93
2070 2071 2072 2073
681 1437
2074 2075
761 1201 1203 2076 506 697 2077
943 2078
1096 1097 2079 681 2080
2081 2082 2083 2084
496 2085
1731 2086 1865
2087 2088 2089
2090 2091 2092 2093 2094 2095 2096 2097
2098 2099
128 497 129 2100
24 2101 2102
2103 2104 57 2105 1157 1218 2106
10 2107 2108 2109
338 2110 2111
2112 992 2113 2114 1159
2115 2116 2117 2118
2119 2120 2121 2122 2123
220 2124 2125 2126 2127 2128 2129
2130 2131
2132 2133
28 996 1945 761
486 470
2134 2135 2136 2137
2138 2139 2140 2141
2142 2143 2144 2145 2146 2147
467 2148
710 2149 2150 2151 2152
1856 2153 1858 1859
1086 2154 2155 2156 2157 2158 2159 2160 2161 2162 2163 2164
2165 2166 2167 2168
2169 2170 2171 2172
2173 2174 2175
1968 1562 2176
