1 6.820765827156671
2 42.68078342738529
3 1.0759183825062613
4 1.8087844050045114
5 0.5474196738330317
6 0.4543521194905429
7 2.624486981698773
8 0.6392289509743961
9 0.8996644362874168
10 2.201165634826067
11 0.5659878331776618
12 3.5830718087794993
13 0.38129706150072956
14 0.10921243733216442
15 0.3973749862279113
16 0.4869603332129779
17 1.4918463469756837
18 1.4207919664556754
19 1.8054560571362355
20 1.6010715310466146
21 0.010988721615437631
22 1.7943628574820314
23 12.858705731057885
24 1.3739197637581013
25 0.9821694597218236
26 2.653657149288672
27 0.5147238921580798
28 23.196387734725395
29 6.024268709143753
30 0.37462832890291325
31 3.2926908322862554
32 0.3564242553007729
33 3.9231417522026715
34 2.7468179476814627
35 0.14159935326991718
36 0.12040289923188842
37 5.369815289366678
38 5.526205313487807
39 2.74481807888261
40 0.07923613095631542
41 1.388401229593589
42 4.811028594412587
43 0.3271814635874221
44 17.38918095365315
45 3.871344612014703
46 0.24277586899920914
47 9.288366744646254
48 0.8422784776289401
49 0.8500254774884201
50 0.1857393849867673
51 8.803080856890118
52 0.35219566620187187
53 104.1247100743384
54 0.1696345854702028
55 0.27080203188168933
56 0.02770994937353518
57 9.561622658726261
58 1.4439782473568388
59 0.7231021401076354
60 0.6219119313621219
61 4.865147486828016
62 1.0192346107790515
63 1.8598604404369836
64 1.041694647994727
65 1.2130672727971332
66 1.0134406634793112
67 2.958720851326708
68 1.886761381226441
69 3.190793906246108
70 3.866464814174617
71 0.13612779690171667
72 10.376642441308555
73 0.8473244185208461
74 1.466410069529399
75 1.7193979514118043
76 3.384147509621235
77 3.7732823472482977
78 0.07452647264844146
79 0.02867301586976043
80 0.017948027322210194
81 1.0214695337861572
82 0.4653319310252556
83 0.1598223372659378
84 0.03932377040400218
85 7.877648863406288
86 0.5952781943434486
87 0.8281796049967776
88 0.16695202840117376
89 44.91318334099552
90 72.86589467577083
91 3.533804108796402
92 0.4726463311796251
93 0.30502055347706614
94 0.15326511038372798
95 1.0844887251034707
96 1.128289511028827
97 1.5554573055084842
98 172.01858506287434
99 0.6182581447864235
100 0.9339336153049802
101 1.2158133380174807
102 6.517683726359333
103 2.4936527699504336
104 2.203181219733382
105 3.4858434595764156
106 1.924803576938348
107 0.513248004191605
108 2.084581511954756
109 1.1105927583699557
110 0.6283864634880755
111 0.22536278493510992
112 0.437302495180955
113 4.331598139533517
114 0.5726273496181019
115 2.5344831309407048
116 2.5680302355937443
117 3.922646519184888
118 1.384366149474412
119 0.4553946145708142
120 1.0440733303243594
121 0.47238829968246565
122 0.02297388962520149
123 0.2587573443182522
124 0.3329198986358354
125 0.4334897266394833
126 0.1929158101031885
127 1.0198859631518076
128 1.7422980461981317
129 1.6427441775638272
130 2.283607657411128
131 0.2613892201087626
132 1.2774120886802773
133 0.15418802704050522
134 0.5633217279038241
135 1.5738947674893353
136 606.252908175565
137 0.09670742886895796
138 0.715427305903797
139 4.2637477372644295
140 9.925080665412763
141 9.681125766760598
142 1.7623236780875478
143 0.03161685510768784
144 3.513533740127276
145 10.165741673252773
146 0.04711633632616693
147 0.9292324823566117
148 1.4285872844586245
149 0.3246746746630487
150 0.7701107431972564
151 0.5221269226783868
152 5.661961653385458
153 2.187731900486341
154 4.559140842368586
155 3.091191662633785
156 2.8802579657758387
157 0.11180792821306994
158 1.889017126118603
159 2.298033666733591
160 0.37778955139056497
161 0.16680592910813433
162 7.387093722266142
163 1.0923323636422098
164 0.4628160050158571
165 1.5340554741488424
166 4.182964997352281
167 0.7485399022418495
168 112.2988339696455
169 0.38059406357481523
170 7.457104791043528
171 3.296390776921473
172 1.3346953303988207
173 0.1479575288816842
174 0.7404149558568
175 4.258555740748179
176 1.1434930345426544
177 2.7535027458809713
178 1.2707728720215206
179 5.956419439291807
180 12.334044881315057
181 17.29650373581438
182 5.639020624361856
183 0.7698525469989882
184 0.09660773722479828
185 1.533259108275267
186 0.1808324129668692
187 0.16199646012597144
188 0.9360444844521467
189 0.2617655173312231
190 0.5386126543926649
191 11.805028571368513
192 0.9776592591859974
193 13.904826183544083
194 2.0080043158820797
195 34.26639407513774
196 0.21130971932186515
197 2.1725672144496366
198 8.668671921397607
199 0.43005226740997077
200 8.751703261197973
201 0.5695601719838155
202 0.15249542471717653
203 0.04264957010367081
204 1.2067595746521427
205 0.27221807950340987
206 0.046320677982003455
207 2.0581715424670204
208 0.05299182827066504
209 0.2885011229668912
210 0.18766368309049997
211 0.46990573907868244
212 0.2999671875830923
213 0.38691840385608506
214 1.1689101474400423
215 0.38404083372511066
216 4.2771658944586965
217 0.3076631974273635
218 0.8094288954117791
219 0.0008709509556428722
220 0.7046278483476476
221 3.136473171015879
222 0.11442151770221547
223 2.0889302964680874
224 12.32141624775014
225 138.6075409756355
226 1.3536994043446742
227 0.5519564646786497
228 150.48249243281361
229 15.725757691966672
230 9.714451136360259
231 1.303449130857205
232 0.4283447404182785
233 0.22887227789850417
234 0.036258011486043025
235 2.670956082058692
236 1.9405675000680813
237 17.65268457447689
238 0.2377696092849739
239 2.7121316145627676
240 0.223618791118345
241 0.0028243024319645348
242 0.01704420459002926
243 0.1751258050308624
244 74.30635845664983
245 0.8219851881982472
246 4.2501512981366485
247 30.22762324628346
248 1.2621179133438007
249 2.021780946749017
250 0.002685752845928395
251 0.19956204966604088
252 31.004870385809586
253 2.032593978037697
254 0.576535387176006
255 18.86855357576847
256 0.6930323954243529
257 0.16663194673850767
258 0.5677788670714659
259 2.6095457595700156
260 10.879624924987963
261 851.3858009653966
262 0.12389766927072064
263 0.05487212806569767
264 0.9654946929269983
265 1.4598156249973444
266 1.479289660779346
267 0.5225611610889536
268 0.6235044168893551
269 0.12528124521892453
270 0.9087429186706792
271 0.7285089099350414
272 1.150633079079427
273 0.047259513013737986
274 2.277374414207393
275 0.2840833141162179
276 1.039361561272759
277 1.3528808488078838
278 0.2325726359301495
279 0.100909044113729
280 1.6377370425485744
281 2.0350487201032883
282 0.7793884761450364
283 26.805147379088265
284 0.09475992758864875
285 0.00012565629362351282
286 0.3634848333304865
287 0.5454743268001254
288 1.0852077285340276
289 38.97693133702336
290 5.880641287600029
291 3.5506144933389874
292 0.6689643594286873
293 8.095222042399023
294 0.14611458699306493
295 0.283102837234439
296 0.7427897941698491
297 0.8972087696103856
298 7.038011120474071
299 0.7946294832629666
300 0.0018304578395807992
301 0.786247494588454
302 0.24469569106783767
303 0.6198690666908572
304 30.666533887265604
305 0.211790779279661
306 5.496267217936019
307 19.851850867482867
308 0.006786162449036085
309 6.419842372766707
310 0.6818193528946619
311 13.093912231309941
312 1.4496097161294272
313 0.07461427320371201
314 1.568858775114486
315 0.02541715107876948
316 1.8261253874789627
317 0.2393809582356954
318 0.09292828962762899
319 0.044898190698310754
320 2.7970565899970214
321 17.485549320271627
322 0.4307200601300905
323 0.2403168382562531
324 0.7884120922236583
325 1.4686743151926176
326 1.3404180164805983
327 6.226223271228449
328 4.8373725148450095
329 0.427388948834409
330 0.4994135289913442
331 0.20662981718162485
332 4.85242891240311
333 1.324936725050447
334 0.772177418531998
335 4.875846985714315
336 0.40494631585369983
337 1.0263886236938413
338 0.021694645159271147
339 1.21473429377993
340 0.8406751646115825
341 0.13148009649800702
342 3.460392163942905
343 0.8775401294629747
344 12.214028315125015
345 3.207111278507235
346 1.0798535135894574
347 0.8932307099547528
348 0.5940503535147331
349 0.6236298199779303
350 5.902818380000228
351 14.44355411563623
352 0.20478836744540665
353 1.1148612604978159
354 0.0713470408593245
355 3.901947559635032
356 3.7041475296607844
357 0.9062768028088843
358 0.13293619803596987
359 0.09807908880289755
360 0.744626857104916
361 0.003916515994233925
362 0.62444688110345
363 1.9460323993544488
364 39.55695763420456
365 1.1130140820586911
366 0.04081331621276071
367 5.147471358272698
368 1.8701292325096945
369 0.03292822633940691
370 0.3890835777280731
371 0.4145670339813956
372 1.0407737796235887
373 18.205202401063463
374 0.5545850178496223
375 0.014498872886470587
376 1.5729746672940073
377 0.8743024609861294
378 0.8500009299547723
379 10.420730512966607
380 0.42996940606241907
381 0.4755037523789014
382 572.8165356320404
383 2.180844608949891
384 2.3540970450922254
385 1.1549347425140017
386 1.0292459807692904
387 34.615498184968786
388 0.05110950360145393
389 0.6840979692317549
390 0.8452584634694956
391 15.219960097733932
392 2.631136007522552
393 0.7377124762617282
394 10.763997407453568
395 13.477256480784643
396 11.441732747740884
397 0.6421332571148679
398 0.6008590459459003
399 121.50721133250748
400 2.714526792285672
401 0.1873335964987446
402 2.7685590988109854
403 0.7720052055630009
404 0.2812458354331612
405 0.599441136414192
406 0.03365555390810164
407 2.884762957358285
408 54.72502547948207
409 2.201545888818902
410 1.4777707689888573
411 7.845182490640855
412 0.18005679629416121
413 0.37376735730934935
414 1.3316795194196078
415 1.1292485509852686
416 1.1629916912342366
417 0.9052153262276531
418 6.739762238769457
419 2.026807435789981
420 1.5793609434651736
421 6.665184220202509
422 0.7248756063358421
423 7.526664129690651
424 0.6003462511576559
425 1.4702906134674008
426 0.7843563470670948
427 0.23834518051864498
428 3.6515648019360367
429 0.9205393890864474
430 0.10083369198417573
431 1.5939753392709837
432 0.035095805478480714
433 2.027152162532715
434 3.3138249321170163
435 1.844010349757561
436 10.821371696410786
437 0.08144520972001976
438 0.4067747025750055
439 1.8592100115584391
440 13.46181168232509
441 6.018131011744556
442 15.876561285788505
443 0.6092643215952263
444 4.313153265154957
445 0.1486496586010858
446 0.09805706027158231
447 0.6855613455596952
448 2.128623944400264
449 0.008960784313989893
450 0.8181621917725131
451 0.4085117944249025
452 0.16895060100801046
453 0.03696782590608174
454 1.0343902133744667
455 51.20241761372025
456 0.35330327688403357
457 2.1528928725056327
458 0.1280405523244323
459 0.5326938488379391
460 0.09407046631321717
461 4.4626246041280995
462 2.363407724371124
463 0.5616603716905537
464 11.81752265643792
465 1.5115247528611635
466 0.47235420224792335
467 0.49035946141667663
468 5.382592223158855
469 0.49697196110066827
470 5.2043833387310725
471 1.1871806182486195
472 1.4008418415368658
473 0.2806977712496911
474 0.5439373706212103
475 1.0435915296189036
476 0.4895219490686665
477 0.47688896938130865
478 13.994504244120298
479 0.3885625021379515
480 1.4006371564013518
481 25.33678658732504
482 1.0473519395069482
483 0.9851841152434979
484 1.0814612878173253
485 0.27134506046686324
486 0.04665248285178952
487 0.0122926396957906
488 0.3737201536100786
489 3.653591943349053
490 8.374597507949993
491 9.026856819016455
492 1.657544066940724
493 1.5991732905940024
494 12.96459997537218
495 0.12385488498695185
496 1.730253434065294
497 0.3179399687420677
498 2.5612882181644374
499 0.3552311448312752
500 0.7752163611189468
501 0.6727844631938362
502 3.8319943611546803
503 1.5733239361599394
504 0.12546185181497072
505 19.0016769136376
506 5.56018413702744
507 0.54461161745375
508 0.8710989368418315
509 18.321323410978977
510 4.4475804608692595
511 1.3330907365109985
512 0.00023506036677806573
513 0.10315726318677873
514 26.089860820062686
515 9.954155820666607
516 2.1134252771504176
517 1.254818714917397
518 1.0656929054912496
519 0.6046419306139028
520 2.924767818395721
521 1.6904767292715701
522 0.1377278073827214
523 1.3233300992278343
524 0.07582887242331758
525 4.031036460059378
526 0.6380829190566143
527 2.99114224782755
528 74.59173946188035
529 2.271727526192112
530 2.664753910214018
531 1.7029632664749885
532 17.617335019491836
533 0.6847515394310764
534 16.474929219871804
535 0.21427895780858852
536 5.623981543228354
537 0.14131771858615563
538 1.1975793439510212
539 1.047498706564964
540 1.96480225166842
541 27.466007845052047
542 0.35013260538892627
543 2.8975932516005938
544 0.17085561926399787
545 2.918310687797539
546 0.7786883922679941
547 2.0022758045746816
548 0.7256947289121216
549 7.298446583698131
550 0.1149642669540583
551 0.6738748644032442
552 0.24790113826457694
553 0.20261923773089563
554 0.8987710648134776
555 2.245888858447661
556 0.3607348802553266
557 10.2498421422826
558 3.5546662187134137
559 1.0522363551168294
560 2.599093020583235
561 0.3420814531727284
562 1.9453355212344496
563 0.09360826528427792
564 26.040660246345816
565 1.6673256821930864
566 93.36126003591478
567 0.24805329334655088
568 7.353286424490257
569 0.8056279800598528
570 6.073510479336835
571 0.374277228604673
572 0.7235310677379939
573 0.3304474262942553
574 0.9399177942330648
575 1.4648772466398328
576 2.744784979335512
577 0.45790874672007226
578 0.04258102417523713
579 0.2139630044362545
580 0.15209948742988463
581 0.09459704734413081
582 0.6756680153280823
583 0.4312348950099477
584 0.6374544167927699
585 7.977110511644784
586 3.0427899490948143
587 1.9152373670110814
588 0.23256801052710951
589 0.6166632415715813
590 0.41267668804262553
591 1.988752269164138
592 13.805354616099281
593 9.627334828997654
594 47.934017282231366
595 0.07919166117223711
596 103.10694714856207
597 0.48169305438808074
598 1.9866631939441073
599 0.8928006576856702
600 8.417348621523843
601 3.801835005806271
602 0.01924653296564947
603 0.4637598936118675
604 0.33008214994177004
605 0.12345111252918495
606 1.0640486027894431
607 9.382128590042079
608 2.790811675008632
609 3.626786327308007
610 17.277210619429976
611 0.6747710947927559
612 15.583346137912676
613 14.703869813345792
614 0.2022791131074683
615 2.720141424420137
616 0.048323093409772984
617 0.46122141152046703
618 6.0313421400777605
619 0.5360827888811974
620 2.7535472080341474
621 1.9089451998894946
622 0.06733495557958682
623 0.17978272810621015
624 0.06963496582325579
625 0.2838869081248295
626 0.052851287267998065
627 8.832852496915036
628 0.17744355001773834
629 0.9891002036851534
630 0.9691368673219429
631 13.447948419478278
632 0.2239207659438118
633 0.3219739924950597
634 0.4822160562389861
635 0.05824791549507521
636 6.999368045040859
637 0.46336521400370045
638 0.1463940404071832
639 0.9846916644375717
640 2.0432043657696113
641 0.39841289429545396
642 6.19345443226971
643 0.17154915089553965
644 0.7808246901268696
645 0.22978560705078507
646 0.7814906830725691
647 3.4514626573064104
648 3.2327118522684004
649 0.1745793694411501
650 1.9316406415121383
651 0.13311152981570598
652 1.3684298543222104
653 1.8199694954984647
654 13.10474918079103
655 0.4534301992872745
656 0.21141085529774986
657 0.7743469867432584
658 1.4669822968022088
659 0.17607500360006756
660 0.0867323509543629
661 1.3004424649785857
662 1.2250002799554949
663 18.30226702650176
664 0.16352757066433027
665 0.9566970546451404
666 5.859384020029779
667 0.763519059839318
668 1.027811182505347
669 7.907269630032005
670 0.2622005590680571
671 0.2070640841866287
672 1.651610210391324
673 0.042463282909775996
674 22.277619769964495
675 5.2655811020448535
676 0.28646319620679184
677 0.16384166355781668
678 0.07739127919382051
679 0.10515282657487299
680 12.56950886498522
681 39.049806476632774
682 11.068174892650001
683 0.49149873805528876
684 2.397362931403503
685 0.15382765713028812
686 0.033256422346499004
687 1.9209067123789858
688 0.8420486975447036
689 1.4802607289711458
690 0.45877084796020373
691 1.8232039244864993
692 0.07137337301728036
693 0.9236790333202604
694 4.0618772981315585
695 0.35102538773240033
696 0.18782015370930483
697 103.77358241172725
698 1.2867355605592175
699 0.13775471125053892
700 0.33787815807374644
701 2.5636631859300545
702 0.6562375364451735
703 0.020600810192430482
704 0.10320982650090073
705 3.7911185016471682
706 10.231211395238798
707 0.41275738149161406
708 0.8367980532955174
709 0.2791109455481803
710 5.984346287767465
711 0.4103927579654193
712 1.4978626976977794
713 7.732025460415695
714 0.09160175206818863
715 0.3803362913842422
716 0.15180907764475893
717 0.08397670921651801
718 0.13493769553063806
719 0.07581468667234254
720 0.33644696950540154
721 4.908124159155123
722 0.15473063759315367
723 1.9271937756192723
724 0.27016418290639177
725 1.5401440558326844
726 0.2637672831959028
727 8.760692631247913
728 1.1096202717137578
729 0.502478551479877
730 0.4974168556042712
731 0.2640249830782007
732 0.9963395050791933
733 0.5594625657593195
734 8.442136814606538
735 3.4006309530988728
736 5.613685513014027
737 1.082243997090856
738 2.47159898677528
739 11.202452009187821
740 0.06507710456956892
741 0.005188158362539919
742 1.7106382106301932
743 0.06344445435399115
744 0.7589460713775962
745 0.8312243001361769
746 2.4436225074115225
747 1.1696611674324024
748 1.485691429890107
749 1.482536373411257
750 3.1087901747217437
751 1.1500148205672642
752 28.196961632476434
753 0.3399383955623699
754 0.9078550712190858
755 0.32243185336520563
756 0.04698558885289445
757 3.897754509667185
758 1.0299263717917917
759 1.4220685696185804
760 0.09246519761464685
761 3.7802838456243957
762 1.4690590608113165
763 1.556872781012356
764 6.842393921894593
765 0.09637636643084829
766 3.740835800929859
767 0.007811384354361619
768 6.957683570442882
769 0.04563905353921432
770 0.575688199480456
771 3.506098527118771
772 0.3707045304843246
773 0.015062751263126879
774 0.7200959892285931
775 0.11831885247278073
776 12.097676751321666
777 0.527528121276629
778 2.116927716345603
779 0.9522759052712915
780 1.1649681714161788
781 2.7185688565215984
782 0.1647480975962712
783 4.552360401724968
784 0.1206577891060506
785 0.40728960972258615
786 0.04773378845278858
787 1.0489623859202135
788 1.7814381501702068
789 1.022078597624982
790 66.72707605204867
791 57.02894415621371
792 20.77329756996138
793 9.09686399286488
794 3.4088296752731955
795 0.1697795368939049
796 8.701089890649563
797 10.476817845130567
798 3.492315491118128
799 1.0394933073213137
800 0.4100583208351061
801 137.72203823302442
802 2.0047170244381154
803 0.4490713216951321
804 39.34245541799126
805 0.6913157665454674
806 0.20373427147256618
807 2.348115605200464
808 0.007204160114012252
809 0.005591814045469477
810 0.09335907230676337
811 0.009970087165268041
812 3.742922010984619
813 0.2497692395582869
814 1.1097177829667781
815 0.06769908287582821
816 0.025365817481206056
817 1.7753007635302163
818 1.4521329937282994
819 0.7725749627533438
820 0.038985149962085935
821 0.20641577089434626
822 0.48639400360385004
823 2.4255264734660873
824 11.319806406987784
825 1.1197628092588627
826 1.5585893134400817
827 0.9207238974570041
828 0.02047239161972657
829 0.00473177221277239
830 0.8919961085664762
831 1.4721783081330573
832 3.9073960267731285
833 0.295136255307848
834 0.7415239324836651
835 0.8620345860236036
836 1.5938876297885995
837 0.25011435074926924
838 3.958314211703496
839 0.8268695101467735
840 0.9535518241856294
841 0.7460379860768672
842 0.9047243169044882
843 0.7837818535604401
844 1.073048471557924
845 7.812949262454438
846 16.382176526506814
847 0.4222914706109029
848 0.07244093618589455
849 0.8970210754641731
850 3.450462518111699
851 0.5116641832590983
852 6.792948509529091
853 13.031503065430735
854 0.6438874263787334
855 0.5686332216981861
856 0.9782320499551088
857 0.4251740614385191
858 20.85380090163172
859 0.13691189645109225
860 0.44631309144521786
861 3.7703201742833734
862 0.4464492873893757
863 0.5667695450130238
864 7.11176971134414
865 0.007520243381380121
866 4.79859851331982
867 1.486257376554777
868 0.29797560383892957
869 2.5052758670926134
870 0.8700152879118317
871 0.530227211860074
872 1.3330245973322241
873 0.9560160148036777
874 67.4159879412063
875 0.8624876605299318
876 3.9743138866541186
877 4.078378549301311
878 0.09031264411197261
879 1.3263791615522509
880 1.6878498176905123
881 0.004697649205122026
882 1.2822840067399857
883 3.7603229593013383
884 0.15242669459593003
885 0.27070321712231804
886 0.4986774880478952
887 1.262347560619927
888 13.334123378788856
889 0.8912614047667886
890 0.6919149146370702
891 1.009817736808405
892 47.28409670210658
893 0.6708205756249077
894 0.0957462067983718
895 0.4091969766658422
896 2.345983795927775
897 9.706354653726686
898 0.006155164018435377
899 0.08277160013426346
900 0.37889913331095987
901 3.4310260031867705
902 1.880616216045261
903 2.7062990341108994
904 1.9757898691587301
905 6.05236203783408
906 0.6525736810949967
907 5.6790820392144115
908 0.3188336587187636
909 0.22524751924064035
910 1.872806498712774
911 0.0670075909976113
912 0.5020950620591794
913 13.869847544013624
914 1.0470674295205566
915 5.428110054072007
916 10.231129869785587
917 0.4178019010906743
918 0.22311592201134325
919 0.2749185920070477
920 0.5388749009637338
921 4.1750422087008205
922 0.7250209685763718
923 3.62796822094425
924 0.41255199700080625
925 4.228354314729872
926 2.9459006677754243
927 1.0194023626373143
928 1.0970871117028418
929 4.072401622528654
930 0.09510747736186327
931 1.562630660887588
932 0.9081959663605583
933 0.0785743181546245
934 0.6797039353748155
935 0.07383717065426718
936 0.30053267585448307
937 12.951310530886087
938 13.388762488829336
939 13.556219497997073
940 1.5945474736375644
941 2.4041675355039844
942 0.2127068141346993
943 0.9937514136649346
944 0.6017442213133549
945 0.477703589138033
946 11.41188816800545
947 2.1273278184638564
948 7.154565345977194
949 0.9362914831453873
950 0.9134566281352765
951 0.406164616210302
952 0.3370879316490551
953 4.049577994945249
954 0.3986078557995609
955 0.4249186156082061
956 0.9242307812119459
957 0.4599751326510666
958 23.5009065450391
959 0.06816492258311391
960 0.536993435618295
961 1.56950401444011
962 1.6905422896565743
963 1.7074636900634943
964 3.108886948428907
965 0.015821811943005703
966 0.6770441719541109
967 0.5031019648215831
968 2.460957928246128
969 0.1231998526275486
970 1.6958304293324669
971 0.3151597325565493
972 20.992715427710923
973 1.094537017108559
974 1.1725580148061172
975 1.3975560036099388
976 0.1483281694627736
977 0.6518022831966653
978 24.137425110427714
979 2.9437532156277073
980 1.517745690647494
981 2.4498305935262756
982 0.4976156082538037
983 0.05655439102032774
984 0.05193799642367845
985 1.7122712366570991
986 0.00722065555949332
987 57.21309908497777
988 3.4254751582953604
989 45.476835473782685
990 1.1817634352686162
991 1.8859929041296863
992 1.9813628948675333
993 20.6244976767341
994 1.6377311191875927
995 0.6565473719514483
996 1.1139138819686158
997 0.3899118585970002
998 0.8726809716075371
999 0.21379507041944884
1000 0.737410088569442
