1 1.7814644294037871
2 0.33820908295169655
3 0.8052945661090019
4 2.1878629950775625
5 8.009615551821486
6 1.124199828412685
7 2.904204932133068
8 29.270694703671253
9 1.3143498551198538
10 3.996897297256439
11 0.1484746434372373
12 0.0803874063208253
13 0.005387401957169986
14 0.028535935251215623
15 0.4398463326669309
16 1.5120336128027922
17 0.8484747940765286
18 1.3305797656195977
19 3.6945894314986134
20 8.30600204906484
21 5.084521085703542
22 217.9682151737834
23 0.45053702311121574
24 2.0547542858891514
25 7.485755138866593
26 1.1573054824681555
27 2.3645564603744944
28 1.1211240330547922
29 2.19491974008031
30 1.6107007106788256
31 9.398231708880148
32 1.0101518429406777
33 0.4893273604691255
34 4.885038061287177
35 0.08107334331892005
36 22.251686971521256
37 3.367304395795687
38 20.32638291940293
39 11.563749152392099
40 0.7517387135760071
41 3.5255453845605764
42 0.3672855624721246
43 34.830017144825575
44 0.732410551605159
45 0.3111181087883268
46 0.5869271401469518
47 0.49062602772609737
48 2.960225014729104
49 13.3263136072957
50 1.5636353098735225
51 0.8495885953627518
52 2.2319686763543585
53 0.5431273881237976
54 4.821899286096555
55 4.051738264969392
56 2.636174784890812
57 0.051896916816973476
58 0.3351749721444742
59 0.9833560189029077
60 0.019720424143844745
61 0.9820635925437835
62 16.408237373555416
63 1.6959598905423408
64 1.843699274709738
65 0.28163871548182146
66 8.006802658724117
67 4.7377885348397415
68 21.60161903071533
69 0.6080821406911231
70 4.389408866983062
71 5.345487632217364
72 0.5611343784802261
73 4.599217166770468
74 0.7343098195382272
75 1.4153394300710989
76 4.206065668800877
77 2.0900866529464848
78 1.472994396524689
79 0.4129606696793531
80 1.3693916593967068
81 4.448755093865792
82 0.5833247429277627
83 0.5834470637462084
84 0.7976079303811147
85 0.05023197554274539
86 0.059722767305570676
87 0.3486382995965973
88 0.05794017069798367
89 1.3187626164399822
90 3.4726128184639053
91 0.6483747767295887
92 0.7514201119192436
93 0.0008194696595674458
94 15.473328159687119
95 1.5292058009301244
96 0.9202734036485044
97 0.2770086439952177
98 0.5686524366389355
99 0.19752594319741737
100 3.915390795998749
101 0.4734813978553811
102 0.007002715222541313
103 0.08150395625344245
104 0.5836572005270757
105 57.054305668514
106 0.5446644955760201
107 1.6793393350011043
108 0.056431485962878954
109 0.504921261302029
110 0.16708513594009508
111 6.684297867577131
112 0.3953988343838085
113 0.6223553722436839
114 0.4034404141286739
115 11.2800439800405
116 1.3806728477681676
117 0.07030802417762179
118 12.13661120201995
119 0.30478158161969254
120 6.368044445260416
121 5.3307612552878325
122 0.9595211928965469
123 0.07653688721966205
124 3.252718619495134
125 0.3007230933455814
126 3.933832834413034
127 3.7879869184961406
128 48.188938495307845
129 639.5326072509891
130 1.2892937826888309
131 0.042145696037978075
132 5.829187334600487
133 0.8579955826481958
134 0.3942963276265727
135 1.0688011604282994
136 9.551460270821398
137 0.6319265557817548
138 3.2940366424319496
139 0.16128592892504975
140 0.1768755855336167
141 3.097256288891627
142 0.5105846808109048
143 0.06543267853320282
144 0.7804923525508755
145 2.8026158105053023
146 0.04257131140631271
147 1.0697841559857542
148 5.474843422251961
149 2.8226368984672714
150 1.4770753367424105
151 0.9087838406415986
152 1.5852901001550481
153 0.08179372753092896
154 8.100530932738051
155 1.2239644856385474
156 0.13883879130173285
157 2.1001698047121566
158 3.5499553110366353
159 0.6600350300072281
160 0.38457931593534045
161 0.4889137809854484
162 0.15749170525753373
163 0.9161715549973987
164 0.6163831292187021
165 0.674830171762635
166 0.3415721294495761
167 0.37561116255449395
168 0.1308620553864629
169 1.2239563614142157
170 0.2760363164097935
171 3.1217339983258223
172 0.03242054718409351
173 2375.337105145351
174 2.0199374216641623
175 2.366927365344132
176 0.13638058401255668
177 0.4387940951412551
178 0.5063690148436839
179 0.3423530336484271
180 0.7567802045799663
181 0.7368054812968232
182 1.1749596820830515
183 9.073084435502736
184 0.7874968996161595
185 1.114920670005183
186 2.452973532788349
187 0.5909802515504025
188 2.2940843433638323
189 0.2753369683330673
190 5.899267730844624
191 11.694792686926487
192 0.6189535080828127
193 0.04504275563042109
194 0.05089658901601282
195 13.557502596348884
196 0.312041403135736
197 0.7351336941617632
198 1.6063515355945601
199 1.6130784457145557
200 0.56126196856763
201 0.9889141221934257
202 1.0322649880150048
203 1.2533060846308761
204 1.5388345485434425
205 5.567667344605593
206 1.7835785926385435
207 0.7902832956059587
208 0.34775239896342264
209 1.313695871522033
210 1.5471420762505181
211 2.040014326581869
212 0.9801558384467526
213 0.10623938850286525
214 1.9841946837219624
215 0.6733645468214422
216 0.5702514263149754
217 3.8898875309225667
218 0.5071224200392649
219 1.9570214123480527
220 4.862641391426036
221 0.08986172964558076
222 1.9603787122618235
223 0.15724224935045836
224 1.6126424619851125
225 1.3406868106488343
226 0.69263191372947
227 6.610259772046509
228 0.20176858669016035
229 0.6911140939519018
230 0.06525669459043865
231 5.8250002388547735
232 0.18936400684851118
233 0.2509525163102154
234 2.543922784857291
235 0.4573548035930981
236 10.043231410956404
237 2.2548591114229595
238 1.1216597443784762
239 1.023721406182245
240 6.491279604250989
241 1.8282996644046152
242 7.362645925057157
243 1.8769295835697448
244 1.6713371007505455
245 3.7950799672273043
246 0.8219298049983875
247 1.2514210955088303
248 1.2177685763100845
249 0.38717509988069504
250 0.24829246892532095
251 0.0759867734546816
252 5.014850181822414
253 26.974658551339203
254 0.0021063241235107053
255 9.982308992594954
256 0.16025884388903247
257 55.564833984283965
258 1.7771637963578646
259 0.0038711313322237055
260 9.909842329631186
261 3.453122270862999
262 0.12405115956748274
263 0.12490933847602442
264 1.2646165844850632
265 0.44969258172034887
266 0.041608965752251426
267 0.6153555929305049
268 0.575962773448464
269 0.4785679269853927
270 0.7085985230295517
271 1.0215850214606352
272 1.0372002278223806
273 0.5339199633956919
274 0.8370841564428586
275 1.8457938688977602
276 0.6731834603168956
277 0.08406903875561755
278 9.32897976929609
279 9.514218788926906
280 8.493141790080116
281 2.182062975563694
282 2.5786682082426036
283 2.2766977449911168
284 0.2003580482946298
285 2.5664809535356903
286 0.41586837003417804
287 2.5510937369373203
288 2.6101801467069103
289 0.9670000138714718
290 4.90162490078581
291 0.9064794281407769
292 21.95340271015819
293 0.013125153106674406
294 0.22010558587057283
295 120.17928037343749
296 1.789898956040454
297 0.06693028681677127
298 0.32519153808208695
299 4.717787842628836
300 6.803535140249689
301 0.4904776575443581
302 0.05222954104562906
303 0.42951595443383067
304 28.090396897438414
305 1.428119501211598
306 0.11155158527728494
307 3.8528273164756563
308 3.506193418328781
309 0.3985727009161624
310 0.22435768108870272
311 0.578255081499036
312 1.5085711038510983
313 0.017441568157442515
314 0.9806425003214824
315 1.158195650150852
316 0.9365015511922362
317 0.8409241800911299
318 6.378404599622429
319 0.29216978865024146
320 1.0483385789965611
321 1.7128444113580508
322 0.5126583101719869
323 0.011394618661037411
324 2.4989344034296685
325 0.04788119077289841
326 7.259795803065546
327 1.9362621846781911
328 1.1813562209277393
329 0.21929614998813296
330 0.22352698968200418
331 3.2687238797951124
332 2.870249427352285
333 0.06396103526104696
334 0.3661164026729227
335 1.748207912635056
336 0.15333581573298213
337 7.063160933533853
338 39.648327292830956
339 0.09485282898849308
340 0.3197347037326679
341 3.235295822920774
342 0.4275301050931034
343 0.8147997816266045
344 1.5072568303844183
345 0.13322510055992362
346 0.7936664489339993
347 0.2971458172527674
348 1.2457292538647675
349 1.5705538278731022
350 0.12929574523890755
351 6.576383730117545
352 0.135065110458166
353 0.1588785565372361
354 1.421168685097795
355 0.5832997542221307
356 0.5871638650843585
357 0.07166319403710111
358 1.4664196391573305
359 0.788846537674043
360 14.529437242935098
361 0.005511860541949867
362 1.2084734281164191
363 0.048112691186781555
364 3.945669750867383
365 0.327847042974064
366 0.007868067373485452
367 0.6586916948576933
368 0.13407315283252777
369 0.9065168052497932
370 0.587240300048909
371 11.518610832963681
372 1.1087261563416326
373 1.020688238910596
374 0.24691105760204987
375 0.08499314600643168
376 0.7627862158156291
377 6.289435412403172
378 1.6689723739658697
379 1.9318801855198422
380 0.07158286234131302
381 16.075611100839325
382 3.380938443344114
383 0.4269018831830813
384 0.209967597137636
385 0.47367474106506047
386 17.529117714385386
387 0.36183782012676236
388 0.26637511319705987
389 2.871948048977939
390 0.022435845828886122
391 0.6824970017154957
392 0.039177289639128685
393 38.93049422688967
394 0.06328395534248876
395 0.8699155956036686
396 1.4247435621536055
397 0.9153097491031599
398 0.578252676503592
399 5.770386842583349
400 0.16489247754287054
401 1.4933382943587843
402 4.095681640580923
403 0.1707426066932608
404 0.19748714192995334
405 7.135300098986936
406 136.95922036817512
407 2.7322511370249716
408 0.5495676397693348
409 2.5826968063293663
410 9.221312898131853
411 0.8780510974912163
412 6.166838075797699
413 0.01418049461211691
414 0.2208831873189451
415 4.000301904418433
416 1.555199155333747
417 0.5094640643747818
418 0.6925455507556832
419 2.59267872110854
420 0.4229540646299291
421 16.47783169807026
422 0.3569360739396264
423 3.693424449053883
424 6.566233603301747
425 0.14635385485401434
426 0.7143324875905273
427 3.575497885825068
428 0.9277241488594646
429 2.8451355261905817
430 0.4916483899603988
431 0.7362144471430162
432 1.636944925280082
433 8.86336058403774
434 1.6452124715914402
435 0.36022715086740786
436 1.8089815632024426
437 3.1013367313307576
438 0.1207781888920194
439 1.0156418965816347
440 4.933000583416366
441 7.2290304480456005
442 9.154982255643613
443 0.5193526542756606
444 0.029126223972080548
445 0.5594070559550519
446 0.9092816175510465
447 1.5125069348048887
448 2.9569843203940347
449 59.24706875827007
450 0.29169754672856474
451 0.6665793004839854
452 8.005812855491131
453 5.883906742098372
454 0.13638572146801867
455 0.008288863241919579
456 1.121104237771218
457 1.044773849308486
458 1.253027170852638
459 0.5699571674303836
460 1.1858385965518545
461 11.469362881623232
462 26.795199092373363
463 0.5943527161254201
464 0.25236739346568904
465 0.4614885317314662
466 3.15025533327632
467 0.09766085157539628
468 265.980849793147
469 11.302467109363684
470 13.348444837594856
471 0.17044027136071505
472 0.7813060888018192
473 1.54630015984779
474 0.5949882965485904
475 0.3326239394016878
476 0.04801204368394888
477 19.95936851520517
478 0.13465610488041843
479 1.2247564146473204
480 0.6226268227816527
481 0.08512563853204624
482 0.365700661483959
483 0.06099624044618729
484 1.1854255317426983
485 5.311329304079145
486 1.851849072580573
487 1.667229807536395
488 1.2373473634596377
489 0.8839010504809808
490 0.7913268260583743
491 1.6487332692475072
492 0.2805937737979534
493 19.94163027278486
494 1.1516537960062794
495 0.38192455667366
496 0.9132018567772634
497 0.10169444666282532
498 3.2367697608971318
499 15.261020318948203
500 1.7563359009748503
501 0.2660016850223394
502 0.44336107271975955
503 0.5705550046101243
504 0.8434490050840989
505 4.235318008933401
506 0.6681016733343815
507 0.8474058785485628
508 0.37994110509665424
509 0.17086998199078265
510 4.522674259993528
511 9.108833169830467
512 0.2520535398312535
513 0.006918589787425014
514 0.15586654986487194
515 0.07222318614501881
516 0.44587446214050247
517 0.056152639036496255
518 0.7411259963026817
519 3.6032340667125276
520 0.8508952506558376
521 0.5264522693415778
522 0.055698052642785996
523 3.780994026960686
524 0.3908548552348143
525 1.3875079452276717
526 1.2609614028476865
527 1.1371439906116263
528 0.019196795239307982
529 8.680702566681873
530 4.600814369309185
531 0.46814606985056756
532 0.2331548611411812
533 4.617416085428884
534 20.34449545145109
535 0.34838156004452775
536 8.505376609543731
537 6.935300474645345
538 0.6072313377728628
539 0.016545188020905235
540 1.0831538407589907
541 6.645764341940184
542 0.0996025707641466
543 0.7751389136962111
544 0.366090490581735
545 9.320694811168616
546 15.793310062424693
547 0.8228868938189001
548 4.42580125158717
549 3.4327082194563756
550 0.5895356716475114
551 1.2266750337248062
552 19.08510500335155
553 0.18379103798677374
554 0.07476460504515482
555 1.6757756569016315
556 0.9865220894790564
557 0.8193907347674237
558 2.811946772683502
559 3.2525095875996533
560 0.21768946461596247
561 1.235111684415268
562 43.788256284890835
563 2.4613509787530643
564 0.8351268161406333
565 0.5759279157250999
566 0.09480813635637685
567 0.20238210000953447
568 0.8460906570441399
569 0.7017370183719508
570 3.71912392730779
571 0.35665040420117455
572 2.144889587109321
573 2.6171604196602876
574 1.5837376727420391
575 0.3427002313761736
576 0.852302485088082
577 4.1596692933149155
578 1.9037901841684834
579 4.667683532340251
580 0.20663935831229088
581 1.1392072499303374
582 0.2814718214850792
583 0.46636454634613694
584 0.7021469194247918
585 0.1458327599447964
586 2.8226816346178314
587 0.9197626842144098
588 32.36195506533085
589 4.7671580218541445
590 3.1741265268245944
591 1.5951063799952285
592 1.7962855604928805
593 2.829712871554856
594 1.1768891003734476
595 0.43731836619590864
596 0.9089793837241418
597 2.2227898227138216
598 9.05215338675657
599 2.5054166390721155
600 2.391874046214985
601 2.4905499092543066
602 0.1296834082441742
603 2.0833256698007245
604 0.3075866877148374
605 0.12743354398492737
606 9.36502466080912
607 0.40592876446412257
608 1.1077826036500213
609 0.6338801952506289
610 6.793430548353764
611 4.15487873367683
612 0.1324814298890477
613 9.209997765540798
614 208.54205012354828
615 0.18468912189457481
616 3.832019432193819
617 0.14449459702700881
618 2.9559020557505478
619 10.298455582407883
620 0.7949664572678915
621 1.8216937255142505
622 0.013564160729085615
623 1.7286313755520104
624 0.06839943157675882
625 1.1973614110868749
626 0.4661205310891254
627 0.2023325917241239
628 1.5140245978201168
629 11.044264738372961
630 1.2516314049628667
631 0.30573419876055447
632 6.637916485137287
633 5.866428842543046
634 8.090700470151841
635 0.16482733617156678
636 3.640756198957044
637 0.1941042707333335
638 0.05128112453879648
639 0.8070557782770028
640 2.0209475432824577
641 0.3043428038827143
642 2.0254496586858517
643 0.5405878740850972
644 1.6962110221913964
645 0.212945882592834
646 0.3810103186012817
647 8.418612643320696
648 3.962624885087342
649 0.3161714448010808
650 0.7888203080294108
651 0.8500196595739603
652 0.4744551481863138
653 13.446867063916658
654 2.845394636464625
655 0.8136323128084479
656 0.18189198357093295
657 0.23052039718067466
658 3.058948965867895
659 1.479350897406994
660 0.1546031645251677
661 1.4223007454110506
662 2.0684361843636148
663 1.9779936625123946
664 0.8346437270658876
665 0.10275193061035515
666 0.48621043869153086
667 1.4363728775692215
668 1.2378459895892935
669 0.053507331151582564
670 0.7919397249892257
671 14.889214007526965
672 0.8361673105866197
673 1.1136188583282918
674 1.7988400831698805
675 0.20477539901674327
676 6.7141641496092115
677 0.0971915727808637
678 1.958706468687582
679 2.5193351297510955
680 1.024975481075075
681 1.515103845533121
682 4.00546560948407
683 0.008697753628587972
684 0.35043495281408016
685 0.4979300357139487
686 1.9096781000640723
687 0.1392210307254497
688 2.1853973458843265
689 3.0802412561551176
690 2.3240603723152358
691 1.3862022265769287
692 444.393944832379
693 3.0942294557963845
694 2.1889697677778286
695 0.41137707182941435
696 0.49875928952962306
697 0.046461287671054924
698 1.0977277916690604
699 0.22548413938050155
700 0.09477230784271486
701 1.3955556355191103
702 1.282222063301926
703 0.9366206371482441
704 0.05388917895933205
705 1.3364046875092166
706 0.3930691100940608
707 2.5720927809803
708 6.54940480329976
709 0.09649881927991963
710 7.419366508684872
711 7.561134166341428
712 0.2979669656195119
713 3.498566965564602
714 5.752823493515124
715 1.1111647598363277
716 0.1007600644572627
717 5.024102340169799
718 0.1851869922599747
719 1.4275377632207125
720 1.1463623224313937
721 23.11838686330736
722 1.088407083407171
723 7.621871752072239
724 6.009327816866908
725 2.1399493244021186
726 5.092140642661819
727 1.3349952943502306
728 0.07389442004292342
729 109.28977366549674
730 2.090094004525105
731 2.5982678663568732
732 0.5523729763127588
733 0.004028655052778938
734 0.138438311627659
735 0.1572759890578877
736 0.03637032385508129
737 12.174295686398896
738 6.817007942014127
739 0.5824939474656458
740 0.035462755847764406
741 0.21301269951118162
742 0.9799416201556569
743 0.3297371665817219
744 1.8944675472445984
745 3.975189198132961
746 2.9039315321344157
747 1.3291326408986481
748 1.102871659780973
749 0.46869616238695144
750 0.08588460879641988
751 1.4047215783197338
752 0.42708495617683234
753 4.773000835615912
754 3.7881493520392944
755 11.210027216723372
756 18.18160220825319
757 4.15394115827923
758 2.104230306756715
759 1.3057085760329026
760 6.674179459918069
761 0.05932557604922886
762 0.10028292039444946
763 0.2085663369249757
764 8.058301479669767
765 4.541841200301786
766 1.6513234225482412
767 13.896758516745537
768 0.8282391662167387
769 142.21218856801067
770 2.8772811541985246
771 1.9705468017612195
772 0.3081998833707131
773 0.1224160552613354
774 1.1800492789794843
775 4.562803518239007
776 0.5866324998554084
777 2.61808798097753
778 0.8403266384760647
779 3.0402762252913265
780 0.004155839006240828
781 0.39513498311515666
782 0.3699867328108476
783 0.741997927614094
784 0.5649947145846137
785 0.7569099826550044
786 1.7265003196695323
787 4.3882922599378835
788 0.9507018509315358
789 0.44650349982594156
790 0.4533969646808725
791 21.111032754741675
792 8.287178113042827
793 1.7570865229502333
794 0.6979675397853344
795 2.8708789240364667
796 2.302106228871791
797 0.17300048026732093
798 0.40183605279790663
799 0.15223574489127692
800 3.6052183573343966
801 0.1913829022751749
802 1.960008616170672
803 2.59479167542817
804 0.8368807051156402
805 6.24823299761729
806 0.6669246096472996
807 0.2105010010838351
808 0.9116497593700212
809 12.173952845663155
810 5.90173668957137
811 2.0221342194592373
812 2.38704090739326
813 0.22853846722883958
814 5.701637543088306
815 1.3707508758765035
816 12.242053237319434
817 1.07179100220981
818 0.2696919351588442
819 7.415935973150873
820 19.487368951014624
821 3.023981732318765
822 57.946407272173325
823 8.46525538471423
824 0.6543106553869884
825 3.8974939909038873
826 0.8009201394547606
827 0.17639503872222825
828 2.6946033926037876
829 2.7830615818967117
830 10.482133342289321
831 0.17249283234226712
832 0.6042586603858967
833 0.04302305834543446
834 1.477151803967828
835 0.3475748246011741
836 1.7566358280614047
837 20.788280255389555
838 0.7440975899457339
839 0.23238296065989675
840 9.402036153354574
841 0.6840427295624736
842 0.05688776913369997
843 0.11710739371140277
844 2.9926779456068684
845 0.09983104011762264
846 0.5347721914790209
847 1.7939665394258146
848 0.28120727222876624
849 0.12357931623708295
850 6.5614057693372425
851 3.2359670460644163
852 2.908175069367288
853 0.25713983660870376
854 1.5192900632366368
855 2.5870555426667057
856 0.767141226900128
857 5.183796910524817
858 3.103631508272463
859 2.0164599744994955
860 0.7070372541259186
861 0.10684879029755041
862 0.49327265228570855
863 3.167682212012477
864 0.360463383493579
865 0.43446179156989245
866 0.8647561937424341
867 3.11915324772615
868 0.41209174155893435
869 2.8001758852487773
870 1.6550781454795402
871 0.17189053646929853
872 0.4457585952776635
873 1.0173055021751227
874 1.1156785670898133
875 0.16027613660800127
876 5.0913187535530575
877 0.5737532260820897
878 2.799185778238036
879 0.3384090626149002
880 0.3039959116617674
881 0.5539964646238643
882 15.937900795169591
883 0.9490355309017516
884 0.5608864988580631
885 11.970516602597733
886 0.22322706300939074
887 0.5072913801977622
888 0.039548831579689595
889 7.797640248022848
890 3.858157944316403
891 1.637164431728735
892 2.73570048443374
893 0.4856790687463423
894 107.52543578551577
895 0.7578747888959274
896 0.28074419376174203
897 0.8487783228405086
898 0.07607570274855266
899 1.7694705354265639
900 1.428527704493687
901 0.7390847290367859
902 1.2609216033664015
903 0.5903576640051816
904 1.7605995530795902
905 7.4142751210497755
906 2.6221350140855644
907 1.5092516532613118
908 0.8399592313651959
909 1.5959741939158434
910 6.001148546263423
911 0.2545648347144055
912 8.999692267803503
913 1.447358819509907
914 1.3735865300874264
915 2.456193856162688
916 0.4270186057310799
917 1.0320920799338273
918 7.192725748923004
919 0.13397628038514875
920 0.04790327216806184
921 0.20314252598205307
922 5.0712531989382486
923 2.737507468473212
924 2.4698868084047825
925 0.5478271983743437
926 5.393165814682523
927 0.6808966327124961
928 0.38185398903641826
929 1.9076686267017215
930 12.67433075325885
931 0.1399928339559096
932 0.21854116725408315
933 2.656170834452652
934 0.6698932190227891
935 0.7492128733166094
936 0.22247192829641355
937 0.2069704093936024
938 1.9022009102171085
939 5.260641743168363
940 0.20748685689016289
941 1.0684556601840949
942 0.11449095366487336
943 0.6752755165972565
944 2.1281381392176417
945 0.267658750497246
946 2.3289110721518433
947 0.31411483507771076
948 0.790845665999563
949 0.5639088418322434
950 0.5631908470526349
951 0.7981435123128771
952 3.0708694523010345
953 0.32268282614287735
954 0.7547031299079354
955 0.5094429604208117
956 0.01381100245634664
957 0.16798509098051825
958 0.005610298104291319
959 4.589782038807011
960 1.4264105661319293
961 0.2976023394625709
962 1.8792873821186737
963 2.2607166258755864
964 1.7179829421374333
965 0.28209658583392644
966 1.2604228259992862
967 0.9234881440444764
968 0.6727541578424208
969 2.3051011849635783
970 0.5362198751479043
971 5.059783895686457
972 0.32297372226513626
973 1.6371189335440661
974 267.88256806286364
975 1.294971871327661
976 0.8030733574642284
977 1.3246548859051008
978 0.35960214354366277
979 1.383218697398008
980 0.0005926040800616847
981 2.4664598214976006
982 0.7180614661446404
983 1.4920326369278665
984 1.0404724993810601
985 0.0412325782153896
986 0.7326643378328656
987 0.8601243635234166
988 0.7724771774410085
989 0.5770619738658274
990 0.9937498753261631
991 3.1640831542993775
992 1.9547898164280744
993 0.014785353641711992
994 0.1029044861479028
995 0.42877675665902726
996 5.5227340023763025
997 0.2488648864784714
998 0.557335150405046
999 0.33269447472316493
1000 4.250881325821987
