2 703 887
2 887 776
2 539 370
2 304 920
2 696 743
2 298 109
2 738 958
2 175 125
2 179 312
2 809 254
2 765 802
2 369 12
2 703 819
2 463 999
2 58 505
2 39 535
2 37 184
2 389 341
2 274 637
2 846 582
2 182 425
2 310 878
2 649 391
2 965 627
2 798 774
2 331 602
2 108 874
2 352 633
2 480 157
2 500 485
2 753 405
2 670 99
2 692 977
2 890 484
2 156 918
2 742 924
2 73 795
2 747 451
2 120 776
2 383 114
2 165 698
2 11 738
2 137 795
2 319 388
2 840 585
2 566 755
2 727 474
2 192 398
2 203 218
2 786 654
2 69 621
2 65 716
2 547 91
2 867 486
2 500 600
2 177 951
2 251 508
2 84 944
2 655 915
2 550 96
2 873 951
2 536 981
2 994 706
2 989 501
2 208 369
2 455 357
2 248 328
2 300 133
2 406 865
2 892 219
2 261 311
2 582 909
2 512 12
2 764 386
2 847 543
2 60 327
2 200 276
2 796 871
2 644 936
2 883 142
2 561 812
2 606 23
2 161 836
2 918 100
2 893 668
2 56 22
2 776 835
2 796 933
2 852 490
2 186 904
2 789 909
2 363 362
2 254 177
2 953 197
2 846 861
2 770 328
2 417 836
2 10 202
2 201 586
2 681 360
2 404 432
2 618 227
2 87 795
2 897 899
2 805 330
2 277 208
2 724 505
2 433 32
2 233 296
2 208 262
2 904 716
2 923 234
2 413 970
2 746 793
2 581 108
2 768 572
2 58 963
2 678 756
2 769 670
2 429 323
2 744 644
2 498 286
2 368 833
2 669 532
2 603 376
2 780 590
2 881 291
2 119 216
2 433 801
2 11 579
2 20 440
2 90 772
2 834 347
2 27 557
2 182 571
2 665 836
2 243 334
2 294 613
2 36 506
2 988 194
2 552 235
2 396 203
2 535 355
2 646 301
2 930 491
2 943 452
2 618 866
2 654 652
2 510 934
2 581 419
2 349 249
2 5 805
2 429 940
2 735 397
2 818 401
2 177 146
2 857 328
2 437 591
2 138 81
2 117 211
2 17 40
2 35 729
2 500 569
2 424 793
2 32 8
2 109 872
2 665 762
2 17 683
2 927 144
2 118 160
2 559 916
2 613 78
2 504 180
2 707 925
2 527 212
2 453 36
2 985 239
2 180 629
2 717 573
2 176 215
2 618 449
2 894 591
2 605 953
2 906 777
2 788 817
2 806 611
2 936 70
2 201 803
2 702 664
2 837 86
2 696 53
2 483 543
2 973 633
2 281 940
2 211 328
2 967 557
2 116 584
2 285 484
2 236 795
2 437 256
2 500 673
2 378 350
2 915 216
2 553 972
2 603 970
2 648 546
2 102 215
2 699 645
2 90 416
2 594 357
2 502 508
2 702 610
2 470 391
2 908 115
2 492 275
2 952 998
2 965 100
2 797 748
2 213 992
2 630 509
2 237 964
2 343 782
2 386 700
2 161 415
2 635 538
2 408 655
2 803 595
2 810 565
2 442 135
2 229 701
2 885 841
2 216 611
2 128 323
2 344 260
2 26 812
2 765 105
2 373 361
2 551 564
2 268 374
2 109 78
2 279 314
2 906 644
2 295 683
2 528 602
2 847 176
2 429 512
2 711 70
2 551 462
2 877 967
2 209 215
2 620 692
2 226 791
2 932 86
2 201 586
2 439 47
2 92 191
2 310 761
2 712 236
2 731 580
2 912 443
2 286 632
2 380 862
2 927 702
2 32 76
2 578 755
2 984 369
2 31 588
2 960 554
2 207 845
2 885 992
2 429 882
2 924 205
2 359 185
2 325 34
2 80 270
2 825 741
2 286 780
2 581 302
2 865 584
2 120 625
2 215 730
2 423 234
2 393 88
2 475 838
2 472 245
2 473 782
2 602 129
2 487 272
2 173 538
2 998 496
2 465 239
2 982 595
2 563 115
2 458 242
2 346 38
2 798 317
2 850 845
2 231 936
2 777 328
2 982 451
2 544 938
2 867 165
2 747 97
2 794 433
2 681 974
2 620 533
2 746 554
2 372 423
2 832 105
2 319 818
2 344 892
2 222 514
2 131 338
2 468 565
2 202 313
2 994 364
2 215 327
2 775 393
2 152 425
2 740 746
2 790 784
2 37 862
2 488 838
2 254 973
2 133 632
2 98 35
2 25 615
2 52 823
2 275 900
2 110 514
2 887 159
2 988 812
2 807 692
2 939 65
2 293 551
2 865 93
2 714 838
2 711 194
2 791 710
2 194 444
2 290 527
2 38 933
2 574 391
2 844 772
2 512 348
2 893 263
2 665 51
2 54 23
2 609 304
2 947 569
2 177 948
2 544 198
2 25 54
2 949 783
2 639 504
2 216 283
2 127 582
2 768 228
2 174 633
2 852 57
2 175 358
2 914 813
2 186 9
2 477 292
2 333 423
2 785 496
2 935 55
2 935 153
2 236 285
2 230 803
2 69 514
2 207 795
2 651 650
2 96 233
2 69 242
2 339 188
2 934 783
2 559 942
2 298 440
2 572 33
2 36 917
2 313 751
2 85 266
2 563 592
2 294 11
2 676 672
2 661 500
2 192 178
2 749 206
2 375 403
2 701 19
2 956 400
2 72 13
2 193 412
2 90 215
2 719 75
2 71 202
2 775 139
2 188 70
2 966 727
2 199 100
2 280 564
2 579 78
2 21 570
2 509 535
2 812 542
2 223 427
2 782 147
2 735 637
2 769 575
2 508 863
2 858 198
2 808 633
2 236 202
2 80 207
2 581 488
2 798 744
2 406 989
2 577 769
2 859 484
2 906 839
2 589 954
2 656 973
2 363 827
2 607 654
2 204 367
2 797 683
2 387 292
2 387 737
2 753 102
2 668 924
2 209 939
2 807 778
2 193 735
2 378 223
2 962 698
2 441 806
2 751 629
2 25 137
2 16 566
2 165 12
2 487 240
2 303 480
2 148 888
2 26 853
2 576 772
2 882 291
2 534 384
2 17 729
2 287 204
2 684 840
2 99 849
2 742 691
2 380 5
2 692 650
2 589 856
2 30 241
2 711 635
2 143 667
2 543 481
2 892 549
2 489 234
2 151 891
2 109 446
2 202 495
2 178 624
2 545 249
2 667 93
2 867 346
2 985 730
2 364 136
2 355 733
2 846 626
2 582 152
2 426 102
2 93 671
2 807 168
2 401 542
2 115 87
2 717 791
2 320 224
2 651 687
2 106 933
2 881 542
2 715 602
2 561 576
2 69 136
2 274 776
2 820 871
2 311 961
2 890 149
2 54 478
2 856 219
2 25 559
2 423 803
2 680 884
2 315 710
2 171 985
2 645 405
2 217 362
2 977 729
2 274 399
2 373 735
2 633 326
2 767 993
2 500 330
2 595 671
2 861 237
2 342 585
2 861 569
2 670 169
2 476 116
2 290 538
2 567 508
2 535 255
2 304 910
2 260 251
2 466 42
2 383 425
2 99 208
2 785 650
2 979 206
2 372 920
2 519 654
2 422 662
2 655 697
2 487 840
2 160 515
2 673 84
2 107 248
2 617 754
2 882 914
2 310 721
2 171 977
2 236 910
2 923 215
2 589 510
2 919 887
2 970 484
2 314 67
2 740 729
2 135 803
2 198 104
2 552 784
2 531 747
2 90 833
2 930 376
2 226 585
2 112 97
2 857 671
2 809 373
2 173 264
2 243 193
2 842 49
2 25 64
2 648 281
2 840 20
2 849 436
2 820 500
2 668 805
2 921 454
2 752 438
2 387 664
2 758 860
2 298 656
2 744 364
2 405 66
2 261 854
2 850 654
2 365 45
2 566 418
2 422 371
2 673 990
2 608 78
2 374 8
2 504 276
2 837 124
2 191 178
2 403 88
2 606 42
2 120 248
2 200 281
2 424 691
2 479 375
2 385 881
2 440 529
2 365 444
2 17 855
2 877 819
2 447 652
2 743 190
2 207 21
2 275 828
2 472 511
2 458 917
2 942 810
2 489 47
2 64 550
2 921 405
2 58 688
2 116 731
2 732 196
2 262 572
2 57 233
2 957 275
2 702 850
2 202 439
2 655 391
2 980 759
2 982 787
2 719 488
2 894 501
2 133 143
2 832 74
2 956 180
2 846 958
2 25 659
2 722 594
2 404 633
2 926 51
2 824 971
2 230 135
2 513 808
2 839 757
2 574 327
2 937 132
2 296 594
2 670 432
2 470 4
2 244 964
2 470 428
2 154 690
2 991 626
2 563 287
2 335 468
2 912 984
2 678 638
2 509 319
2 300 343
2 688 689
2 423 886
2 876 688
2 117 468
2 60 460
2 154 551
2 721 629
2 62 373
2 89 474
2 891 889
2 718 687
2 749 220
2 965 818
2 921 86
2 425 629
2 661 602
2 117 929
2 761 810
2 744 120
2 968 929
2 959 166
2 536 647
2 127 974
2 679 278
2 312 168
2 148 797
2 108 893
2 721 196
2 721 161
2 385 970
2 696 968
2 4 967
2 836 359
2 993 457
2 231 184
2 931 461
2 253 264
2 28 763
2 185 451
2 357 19
2 562 158
2 788 403
2 686 860
2 704 248
2 440 887
2 597 149
2 266 700
2 294 22
2 479 786
2 350 424
2 921 562
2 200 620
2 580 11
2 117 236
2 886 821
2 626 562
2 238 389
2 897 17
2 560 548
2 987 500
2 93 835
2 493 786
2 308 379
2 528 817
2 121 172
2 335 849
2 419 32
2 307 215
2 197 178
2 494 77
2 20 858
2 525 174
2 956 495
2 784 216
2 668 212
2 286 704
2 516 542
2 116 46
2 503 278
2 455 689
2 662 948
2 229 314
2 132 296
2 989 81
2 578 1000
2 795 393
2 122 279
2 876 951
2 475 484
2 413 135
2 996 604
2 979 786
2 304 679
2 274 743
2 536 323
2 352 201
2 232 213
2 171 328
2 540 460
2 421 186
2 174 792
2 454 111
2 631 971
2 914 139
2 713 481
2 458 379
2 176 532
2 537 140
2 428 206
2 401 941
2 296 596
2 806 214
2 764 465
2 351 464
2 338 624
2 873 1000
2 673 249
2 823 138
2 458 337
2 84 202
2 465 713
2 888 727
2 76 677
2 60 734
2 502 566
2 338 797
2 849 640
2 988 573
2 741 502
2 586 1000
2 788 101
2 675 945
2 500 932
2 386 567
2 336 551
2 651 268
2 411 963
2 124 346
2 867 316
2 82 28
2 934 737
2 754 388
2 295 986
2 8 149
2 72 71
2 360 596
2 981 152
2 605 928
2 59 74
2 51 597
2 925 30
2 767 366
2 832 432
2 421 702
2 152 879
2 982 595
2 672 964
2 687 6
2 785 538
2 792 291
2 179 283
2 684 35
2 850 486
2 99 531
2 369 446
2 537 705
2 919 424
2 586 992
2 126 34
2 844 772
2 502 224
2 709 282
2 209 893
2 354 283
2 818 856
2 45 992
2 171 92
2 807 527
2 949 177
2 141 416
2 599 573
2 331 156
2 693 984
2 978 101
2 353 376
2 898 463
2 331 781
2 606 720
2 39 751
2 82 533
2 160 860
2 480 637
2 982 555
2 173 786
2 116 62
2 944 526
2 823 44
2 778 951
2 921 600
2 888 537
2 904 736
2 519 678
2 319 270
2 118 871
2 534 409
2 763 939
2 924 945
2 644 624
2 815 680
2 857 351
2 305 629
2 652 856
2 599 104
2 910 773
2 107 508
2 348 759
2 152 274
2 139 302
2 926 615
2 197 716
2 402 644
2 373 801
2 14 537
2 200 394
2 893 849
2 581 528
2 630 796
2 245 868
2 494 342
2 618 535
2 204 792
2 442 369
2 515 755
2 922 241
2 197 636
2 683 332
2 642 202
2 51 169
2 617 702
2 941 573
2 235 997
2 226 326
2 513 203
2 882 600
2 762 15
2 963 351
2 68 30
2 916 904
2 378 952
2 538 521
2 646 56
2 255 985
2 969 819
2 899 42
2 831 666
2 286 753
2 390 958
2 303 716
2 896 242
2 413 420
2 931 546
2 220 564
2 770 308
2 588 164
2 462 482
2 670 100
2 349 476
2 161 926
2 493 982
2 741 975
2 118 198
2 627 236
2 148 678
2 442 493
2 490 584
2 869 837
2 528 648
2 92 644
2 643 833
2 295 535
2 528 695
2 312 786
2 195 348
2 202 178
2 767 625
2 845 889
2 939 77
2 379 19
2 34 703
2 388 557
2 126 573
2 325 996
2 483 976
2 541 47
2 98 217
2 135 368
2 267 955
2 957 436
2 182 336
2 245 310
2 59 190
2 469 183
2 249 466
2 718 442
2 501 205
2 543 741
2 483 307
2 168 544
2 626 538
2 669 952
2 20 67
2 742 5
2 656 306
2 773 152
2 243 376
2 406 907
2 295 336
2 252 265
2 920 945
2 729 362
2 749 763
2 991 17
2 280 337
2 779 672
2 83 158
2 536 700
2 300 110
2 221 942
2 81 366
2 116 596
2 455 507
2 112 12
2 335 555
2 594 624
2 656 94
2 90 252
2 906 629
2 809 506
2 361 740
2 473 907
2 17 741
2 519 704
2 715 580
2 665 389
2 547 915
2 699 451
2 883 208
2 928 43
2 417 858
2 599 59
2 943 93
2 255 415
2 563 955
2 497 714
2 284 588
2 374 905
2 995 797
2 707 501
2 865 484
2 386 992
2 874 769
2 545 378
2 883 411
2 334 877
2 329 461
2 275 861
2 589 645
2 675 751
2 494 816
2 187 425
2 749 97
2 990 772
2 457 32
2 798 110
2 949 231
2 142 539
2 627 637
2 646 400
2 402 855
2 15 337
2 334 691
2 740 604
2 135 924
2 516 444
2 25 904
2 678 776
2 61 797
2 375 801
2 287 505
2 887 570
2 988 544
2 944 620
2 2 926
2 639 630
2 950 820
2 526 760
2 968 728
2 392 972
2 265 350
2 354 432
2 635 414
2 32 89
2 902 732
2 225 78
2 510 650
2 905 972
2 377 730
2 934 553
2 472 983
2 361 386
2 191 334
2 725 508
2 269 178
2 156 54
2 385 157
2 73 29
2 294 298
2 735 889
2 907 812
2 695 889
2 233 658
2 197 438
2 879 853
2 700 524
2 803 48
2 951 850
2 70 270
2 848 490
2 258 478
2 968 433
2 556 424
2 915 702
2 83 884
2 707 761
2 242 29
2 136 203
2 499 234
2 780 506
2 920 540
2 665 918
2 396 537
2 982 727
2 377 561
2 127 398
2 127 624
2 375 220
2 260 580
2 183 590
2 185 307
2 785 671
2 785 490
2 576 529
2 77 705
2 581 223
2 45 189
2 785 952
2 942 784
2 453 438
2 706 911
2 453 152
2 347 132
2 661 228
2 20 795
2 775 978
2 303 883
2 559 705
2 460 44
2 939 741
2 775 194
2 439 241
2 774 743
2 24 241
2 670 450
2 588 765
2 792 67
2 350 724
2 765 447
2 906 448
2 930 535
2 339 806
2 164 177
2 630 953
2 57 311
2 954 564
2 892 933
2 60 965
2 252 886
2 522 727
2 360 933
2 337 461
2 102 8
2 275 30
2 31 934
2 636 680
2 978 795
2 978 194
2 110 796
2 71 769
2 703 477
2 846 727
2 642 591
2 883 875
2 526 438
2 304 659
2 365 868
2 739 785
2 255 791
2 586 316
2 546 819
2 592 310
2 216 178
2 14 181
2 551 87
2 855 821
2 892 918
2 188 605
2 392 86
2 470 638
2 538 169
2 810 425
2 25 230
2 185 403
2 803 230
2 620 963
2 752 894
2 362 140
2 781 984
2 57 61
2 486 50
2 354 521
2 757 766
2 694 526
2 652 821
2 148 191
2 574 382
2 851 160
2 687 875
2 25 482
2 141 94
2 960 591
2 835 601
2 977 196
2 472 620
2 84 656
2 950 652
2 857 842
2 139 496
2 617 932
2 608 211
2 607 579
2 113 337
2 783 230
2 257 196
2 717 48
2 806 474
2 37 506
2 221 7
2 895 267
2 562 412
2 594 456
2 338 549
2 460 23
2 14 611
2 186 212
2 222 251
2 830 571
2 400 141
2 592 690
2 467 727
2 918 425
2 831 104
2 719 356
2 10 572
2 859 428
2 36 73
2 334 136
2 453 666
2 632 351
2 644 731
2 439 491
2 267 55
2 139 212
2 984 326
2 700 376
2 394 518
2 406 655
2 128 769
2 498 482
2 128 908
2 464 700
2 363 506
2 193 942
2 867 499
2 822 515
2 344 9
2 311 784
2 225 46
2 498 850
2 627 538
2 714 630
2 121 39
2 37 110
2 592 230
2 8 936
2 343 295
2 368 199
2 999 220
2 77 910
2 4 457
2 798 131
2 571 397
2 168 161
2 186 251
2 5 426
2 363 707
2 946 66
2 868 689
2 800 604
2 101 220
2 150 812
2 915 211
2 295 484
2 137 574
2 767 651
2 978 337
2 866 216
2 3 176
2 773 178
2 493 174
2 509 755
2 114 56
2 189 501
2 847 283
2 904 61
2 307 224
2 539 571
2 966 441
2 26 698
2 997 828
2 437 240
2 847 209
2 233 336
2 10 257
2 976 267
2 849 397
2 679 972
2 472 267
2 320 480
2 429 3
2 630 549
2 708 7
2 449 624
2 853 743
2 510 853
2 133 315
2 949 638
2 868 554
2 773 419
2 942 373
2 345 916
2 315 612
2 487 38
2 675 312
2 955 648
2 551 467
2 656 769
2 162 345
2 687 611
2 804 256
2 943 186
2 527 473
2 894 401
2 641 562
2 210 728
2 408 243
2 89 956
2 694 146
2 563 445
2 761 418
2 595 600
2 892 817
2 362 633
2 857 634
2 300 666
2 342 618
2 372 219
2 631 367
2 7 111
2 828 630
2 587 910
2 500 551
2 202 234
2 931 714
2 992 735
2 876 609
2 406 123
2 777 816
2 492 281
2 119 256
2 248 653
2 453 915
2 375 142
2 349 359
2 467 136
2 522 172
2 513 818
2 399 441
2 433 471
2 587 327
2 229 70
2 618 746
2 442 961
2 329 302
2 492 535
2 683 974
2 764 709
2 110 588
2 356 418
2 31 382
2 709 544
2 319 913
2 802 539
2 304 652
2 781 470
2 556 125
2 699 796
2 764 943
2 200 940
2 127 697
2 142 832
2 186 795
2 773 73
2 72 372
2 819 357
2 826 433
2 452 485
2 389 709
2 778 186
2 363 144
2 301 948
2 425 191
2 502 964
2 698 557
2 210 844
2 661 70
2 876 394
2 919 565
2 906 440
2 188 315
2 649 227
2 563 470
2 575 264
2 189 364
2 493 512
2 297 485
2 274 551
2 989 114
2 982 327
2 369 955
2 63 872
2 883 76
2 661 701
2 226 299
2 223 573
2 417 321
2 781 788
2 601 541
2 692 305
2 969 246
2 473 329
2 229 697
2 715 129
2 249 652
2 632 915
2 183 900
2 736 509
2 256 682
2 122 12
2 14 711
2 800 532
2 923 194
2 38 171
2 377 49
2 743 662
2 58 332
2 469 636
2 946 343
2 994 271
2 238 731
2 921 232
2 26 48
2 727 26
2 738 675
2 897 857
2 943 455
2 519 1
2 11 457
2 834 898
2 112 335
2 166 514
2 74 21
2 179 531
2 976 983
2 142 381
2 3 707
2 704 853
2 121 853
2 665 185
2 305 330
2 115 488
2 20 733
2 859 115
2 299 478
2 453 667
2 425 576
2 923 445
2 37 336
2 929 919
2 292 97
2 143 24
2 661 610
2 712 945
2 509 288
2 222 430
2 47 234
2 193 580
2 239 208
2 406 405
2 325 140
2 536 718
2 170 19
2 593 563
2 928 662
2 954 929
2 699 169
2 717 567
2 280 1
2 893 425
2 734 657
2 228 404
2 966 622
2 800 272
2 558 806
2 935 62
2 818 684
2 162 425
2 604 404
2 811 862
2 727 159
2 380 375
2 577 474
2 651 524
2 16 398
2 883 475
2 233 756
2 881 491
2 925 726
2 60 305
2 200 654
2 414 919
2 120 126
2 721 398
2 657 397
2 713 645
2 400 543
2 993 175
2 290 487
2 580 591
2 426 466
2 108 432
2 670 579
2 10 928
2 593 492
2 354 328
2 606 206
2 366 884
2 985 216
2 282 682
2 268 630
2 336 95
2 897 295
2 780 350
2 678 713
2 734 954
2 696 642
2 608 936
2 959 490
2 473 455
2 360 433
2 738 234
2 631 467
2 690 488
2 983 860
2 519 466
2 703 648
2 311 600
2 167 789
2 842 324
2 7 418
2 830 554
2 843 585
2 226 930
2 928 299
2 117 33
2 465 416
2 217 832
2 318 889
2 640 63
2 904 802
2 210 247
2 371 791
2 564 927
2 522 872
2 753 16
2 416 131
2 194 533
2 842 531
2 430 357
2 559 716
2 363 43
2 64 68
2 276 253
2 50 735
2 186 515
2 333 138
2 607 938
2 528 132
2 852 316
2 322 889
2 739 787
2 892 575
2 96 616
2 527 977
2 584 804
2 553 603
2 90 884
2 182 855
2 710 24
2 487 824
2 422 271
2 139 319
2 430 27
2 531 549
2 223 860
2 657 184
2 58 961
2 202 252
2 608 95
2 201 206
2 325 384
2 408 217
2 903 582
2 290 100
2 696 674
2 503 240
2 176 675
2 22 990
2 740 771
2 293 237
2 834 762
2 184 443
2 511 475
2 960 185
2 287 424
2 862 352
2 638 114
2 172 89
2 301 18
2 513 89
2 386 97
2 608 461
2 361 185
2 563 214
2 791 54
2 568 313
2 854 167
2 103 232
2 249 474
2 393 667
2 775 726
2 112 902
2 635 725
2 836 211
2 50 335
2 479 241
2 71 721
2 300 723
2 963 515
2 356 6
2 17 124
2 518 180
2 375 265
2 982 891
2 271 353
2 434 744
2 509 966
2 681 731
2 4 620
2 516 690
2 135 245
2 36 648
2 728 375
2 158 383
2 350 191
2 267 578
2 118 427
2 262 150
2 349 671
2 553 741
2 254 42
2 976 444
2 260 643
2 903 406
2 57 746
2 16 236
2 61 739
2 713 659
2 419 838
2 822 506
2 339 295
2 744 938
2 832 672
2 40 116
2 598 652
2 76 444
2 539 836
2 659 661
2 105 565
2 220 440
