1 0.4737374624227193
2 1.0387238373686745
3 3.4661107486503715
4 5.752796989319143
5 2.2846132407618875
6 1.3520267080450192
7 0.10893338152307634
8 1.9713112648608404
9 0.020927371191409163
10 1.778132890788335
11 43.34011801575359
12 1.2322501836875313
13 6.0148397879820115
14 1.385665029839397
15 0.5407066096449851
16 0.09541591926608368
17 0.4258012820470485
18 0.05975474475870793
19 0.23668813974810615
20 0.4079956738072275
21 3.633564933055558
22 15.045281895266113
23 1.3062345919514036
24 1.244139523726806
25 4.569746349819486
26 9.716222603574383
27 0.5631550764183982
28 0.6648498769941837
29 1.0183030803722197
30 11.306015288957859
31 5.77005894354136
32 0.8501823902213238
33 12.92654845168912
34 0.9805107569369691
35 0.26116462052871203
36 5.507111480771457
37 0.022993702776915963
38 1.9585297953859908
39 0.1500451709481049
40 14.396690002784007
41 1.1769843952194932
42 0.7044407750635276
43 0.4070796777298417
44 0.019514737383681407
45 6.2297793509471
46 0.5699345263103094
47 0.4112603730743621
48 0.01356592067819495
49 0.2513021335096215
50 25.624162738528128
51 69.06369044882852
52 0.48539535836396325
53 1.6670922571485434
54 0.47027105719683726
55 0.47492702352605365
56 1.123904123692276
57 0.057706822384320414
58 6.784421320276963
59 3.5717397638542923
60 5.310970450321547
61 1.2007601564246828
62 7.375535065049987
63 4.991822425763966
64 2.642476422472157
65 2.4133427733682216
66 0.7090033087484882
67 728.6183751842304
68 0.28572604461529744
69 4.276924464440918
70 1.3209519084153094
71 0.5259513636159061
72 2.675349895403008
73 0.9838414112453413
74 50.55396672479411
75 0.21741255853090707
76 0.09292658257694474
77 0.2423375386693853
78 1.6803166909375324
79 14.63949787221727
80 1.6238212562414276
81 53.95051258548893
82 0.5023678519295119
83 45.56325060314983
84 2.771167579074626
85 0.818972723461833
86 1.946650254507311
87 5.308316748394581
88 1.014634620176789
89 0.49230539567787424
90 0.8923389818045324
91 0.36117731521730584
92 2.741224200338211
93 0.7754597443681347
94 1.2636898695634173
95 1.031554032950777
96 2.0512873298139724
97 0.12050722656948931
98 0.05710180977520372
99 2.475323510437908
100 0.8895102893880105
101 1.4510205558881102
102 1.793108005238407
103 0.5826212315810169
104 0.9174792393945723
105 0.9761388981452415
106 6.438567657539521
107 1.827327044830669
108 0.6285587681220152
109 3.199318982427607
110 0.9985222417498414
111 0.06410876384327331
112 6.181879500313271
113 0.6155017640178275
114 1.0843901137833558
115 1.7584941615267895
116 0.2648662746481908
117 0.5237985120906773
118 0.684331283620849
119 0.5388915212086782
120 10.322662503811669
121 5.292543563367432
122 2.3798535542951997
123 2.5492135021602316
124 21.78652758939964
125 4.96230624593432
126 26.332500786361237
127 0.3761846347753008
128 0.3735692667862355
129 27.667005594108897
130 0.2116101197652998
131 0.5800133222686733
132 0.3121221225273446
133 0.16776927484573032
134 2.6721038778597137
135 0.4749355804217884
136 0.9770747778743202
137 4.091628499475085
138 3.7897094922263506
139 0.3502431392790424
140 0.19390407146284377
141 2.330647773192275
142 0.41163641888186564
143 0.07470863708986468
144 0.09342238580584203
145 0.6373685357502469
146 15.663878898755923
147 0.3291688353884339
148 1.618424840268901
149 0.5207087954340103
150 1.5847402797861936
151 1.0467978247773715
152 0.03504728849618903
153 1.5075111369339707
154 1.8880655565530444
155 2.493425292251749
156 2.5071708595864144
157 3.0219035358763167
158 0.5737692544185854
159 1.8853376133661826
160 0.12199208236884285
161 0.21587068797324127
162 5.1728345662847035
163 2.06632798168324
164 2.518656314181944
165 2.9194838914526424
166 3.164381777033011
167 0.36561718448107633
168 0.8810812732157689
169 7.786728586469601
170 3.639408408800655
171 0.6330440350147684
172 0.08019356126547862
173 1.3242806853240687
174 0.41794706686810296
175 17.47011581254938
176 0.9370083565205121
177 0.1362272029635767
178 0.11609886349705477
179 1.3316608633675875
180 2.453376476307879
181 7.803144137797877
182 0.4879495502057908
183 1.1252997172836248
184 2.101203103630998
185 1.303017221712427
186 0.0028552028041870076
187 0.8139263451297839
188 0.039082149138571734
189 0.14361837605630215
190 1.5769785092724895
191 0.32458190686062455
192 0.6541069831832895
193 1.2394790119190384
194 0.8292331786832665
195 0.8739418499811407
196 5.921484910119932
197 0.8095108440267197
198 0.5510351954557297
199 0.27263108043516043
200 0.26558489422270853
201 4.150835020249934
202 2.038307325617537
203 0.10770326268981904
204 0.6147149153567274
205 0.04768685172516117
206 1.0716712650771372
207 1.1821825845777345
208 9.931118731415232
209 0.005799217681306057
210 0.06799188718174655
211 4.8621313091356955
212 19.6484945646042
213 3.8691357653881515
214 1.069722032166806
215 16.091117312836328
216 3.4460591653901895
217 0.040911917229640986
218 0.029702066355533716
219 0.9909487625579345
220 0.45653453637539526
221 5.650267844120605
222 1.3699804897838659
223 2.1673660238141546
224 173.35531276366513
225 73.90547438329772
226 39.1258021659409
227 0.13716330738607754
228 0.27639650891868606
229 1.324363791544367
230 0.5072697331158996
231 0.10556438366905903
232 8.349750814469976
233 0.08037258501050533
234 0.18486790853515112
235 3.0236822813513284
236 1.3794355961554174
237 16.250623578573983
238 3.3531513538005493
239 0.4437778947294552
240 8.101696849682282
241 4.970504260317588
242 3.182476599187854
243 0.01917640861784104
244 1.0002891505787963
245 0.05870619078727884
246 1.8275585840744397
247 0.6850345979025599
248 0.02982579510544677
249 1.49857531547374
250 1.520178281927346
251 2.505982868254466
252 47.84657427181977
253 1.371020280792761
254 0.7873830525268971
255 0.44444929731906857
256 0.08166527315967703
257 1.1498927674533306
258 0.06043665232368658
259 2.5077754182254384
260 0.13490958142253393
261 0.9433499776108563
262 0.1264647330730133
263 0.28293240642963
264 1.7191722732400347
265 14.89643573011861
266 0.399862366640403
267 1.2938908320633888
268 2.498579763686251
269 0.33454822623047065
270 0.7289402830510551
271 2.4799585079172344
272 2.189984401875767
273 0.6006104192378809
274 0.9093542364062214
275 3.690143385168328
276 4.166436013595275
277 0.5417191807873775
278 1.4309914853352839
279 12.190770294395987
280 0.16315028122832748
281 0.3675213792298373
282 5.401858154339691
283 0.9882344909507997
284 0.009273126232258943
285 0.17147990660812862
286 2.5424980816674956
287 0.07424432625044275
288 0.7827796365590479
289 0.7355292339935401
290 10.12456848468858
291 1.3095542680802204
292 0.14388083584621777
293 8.257588154883766
294 0.24578792270607933
295 3.4309545958625285
296 3.359223590521681
297 0.9837772824991458
298 0.614423953719422
299 8.543440515848278
300 2.897752587758596
301 0.17896695774381197
302 0.027745338640171435
303 0.5829343510935385
304 1.5976722249662185
305 1.2108897999036365
306 0.35096546633804737
307 0.2473132152876262
308 1.6226879569503456
309 2.961211047097836
310 2.2570938657636264
311 0.8127625830543531
312 1.960485486521485
313 0.2279312448593723
314 0.24225193727258534
315 2.1278411933912262
316 9.311952015360555
317 3.9839379029039677
318 0.4158253059875727
319 0.5114359707235855
320 0.25751938002685065
321 17.36367923767481
322 0.3031486266618332
323 6.97034633191656
324 0.7893144695837535
325 1.2901079909709336
326 0.3142222146036616
327 26.024678290597485
328 3.2426456870810663
329 15.596924039741603
330 0.0359816007857219
331 0.482062469545234
332 0.013818831877342064
333 1.3260374799687602
334 0.3204421271995368
335 0.612602083513116
336 0.797378837324938
337 0.4002071932190375
338 45.87638752598861
339 0.3498151217916962
340 0.13395056441991862
341 3.957199466843278
342 3.7676712469738596
343 2.0830840142716633
344 1.606397243555516
345 0.41198989708569766
346 0.5025790587191532
347 1.9926422166144813
348 2.7316998865253006
349 0.17948720069294502
350 17.71893004855115
351 1.8813318881782615
352 1.2636257650325604
353 0.6568302887976363
354 0.7595596379164845
355 14.887893751393005
356 0.20505104275694547
357 1.1772553215700476
358 1.531309464216375
359 0.39669991713751285
360 0.5218456332485629
361 0.39241918263196157
362 1.2147034959298315
363 1.1776924282726648
364 6.325586278786049
365 1.2122799433990712
366 0.009307173892587213
367 0.36436705880702625
368 0.2403042521371002
369 0.2362950920615445
370 0.4803723167218724
371 0.042267592990765164
372 0.6252579979237397
373 0.0007761910131344681
374 3.264181850486964
375 0.977834604107121
376 0.4161063200065607
377 0.026324058776821386
378 0.10276093167151816
379 970.2696389862954
380 0.11057971795865972
381 2.895096174391146
382 0.0906467428443352
383 3.261196454091328
384 2.3524573319839255
385 2.468321102832233
386 0.3954281616951522
387 0.3408246238500959
388 1.5981272740507382
389 2.0861056035988637
390 0.9829579455467268
391 0.2671553806611955
392 0.3771058351878039
393 0.048143331747084704
394 2.0940413566565295
395 0.3132904593800769
396 9.757751961456794
397 0.8671317113490168
398 120.98979276433722
399 1.364124447793511
400 0.3113470401014829
401 0.18099323449608545
402 1.7875604118907689
403 0.9231620084119234
404 2.1373745046595447
405 0.39848606807336967
406 9.303367941914358
407 0.5926042911902003
408 3.018139707148029
409 4.034802552327902
410 5.209702899261514
411 13.603505407384382
412 0.5632059473160799
413 0.12585843315856635
414 57.199447981919526
415 6.093299498498695
416 0.3023643172696112
417 2.28685230470924
418 0.017116594652033135
419 0.09519610258407626
420 0.6506912510509459
421 0.43222034180242336
422 0.0536844457009451
423 1.6683818395278345
424 0.0866593758439495
425 4.011329627046052
426 2.2251546298575655
427 5.0850399348007915
428 0.2909820908172325
429 1.5288356331828288
430 1.8082706428672854
431 3.0122912471053085
432 2.3920385159114317
433 5.364737762943861
434 0.5783892886436471
435 0.3139784368600372
436 0.18972523579984954
437 0.048456740151421415
438 1.222767371595884
439 1.536168519097983
440 2.7210989150316327
441 0.5235476548654101
442 1.1522449801372496
443 1.0227134878973818
444 3.215946206567644
445 3.0331425434994768
446 0.9485733616866421
447 55.18366009801747
448 2.3166774932555376
449 0.3227334172612613
450 0.07674480232938112
451 9.215921450831383
452 15.850904213613827
453 0.7806753892012115
454 0.28286274093669644
455 0.16246566454696382
456 10.976496616699052
457 8.120338077563446
458 5.945712725541273
459 1.3882420582985786
460 2.5185248125670654
461 0.30656184121865077
462 1.345303401823652
463 43.11905125916847
464 0.7483142208337684
465 0.22074400449147066
466 5.439561979412012
467 22.80552518422151
468 79.99711719838795
469 0.0863497893722089
470 1.8841518273252238
471 4.537195281376979
472 9.961077234406181
473 2.433659183295867
474 0.06514085577556131
475 2.3238358398475314
476 0.2048828747856003
477 2.858509750873766
478 5.231760981528354
479 0.5148024084986115
480 1.3488189476895183
481 0.6669702175941904
482 0.9073554293388089
483 10.1520665686168
484 1.0052461357397928
485 4.080507068135514
486 2.7570916180696856
487 0.6136580668850972
488 0.16189523309192572
489 0.46490692898080715
490 0.3688310209491518
491 6.676225788609369
492 0.23683699036816655
493 0.09867796984373146
494 1.2056167184960662
495 0.44239529342060224
496 0.37688057799497954
497 0.2153413344467264
498 1.8811776591994154
499 0.13589856703433773
500 0.8172653876953011
501 0.6026867432801984
502 0.03124063447839231
503 3.841387335964375
504 0.40807438333321805
505 2.989292300461598
506 2.914036196563278
507 4.022769926455081
508 3.276968431496434
509 1.958515710842193
510 1.059129304194003
511 2.3284131869067313
512 2.005017983094027
513 2.4368731797908563
514 0.4068943461137457
515 9.732729547056756
516 2.693183140230231
517 1.1804660704293708
518 2.88432419854633
519 0.2848774984635886
520 48.28318834736531
521 1.3515713863318466
522 0.5102150513725879
523 0.12699375601820417
524 0.09774285879380637
525 1.1095637749682232
526 1.763310258584263
527 2.4251486699679234
528 2.7024846238625133
529 0.819827176288901
530 0.9990680393195769
531 0.29153025931080745
532 4.322234367731655
533 2.4030554918496247
534 0.4278101447724091
535 0.4381670157834168
536 8.85100254798772
537 0.3278110378022258
538 0.9570521467781952
539 1.0828247857863251
540 1.7009062714537921
541 1.4972408047906038
542 23.211427284606355
543 7.540297507882515
544 0.3782668784936201
545 0.6351815428937696
546 0.2567952008031162
547 8.951197611985448
548 0.26489293064014013
549 10.775302836241158
550 0.45834034072992036
551 0.07271519595592472
552 1.5088621875839676
553 1.393864110928428
554 0.3299244455681976
555 9.460817551186889
556 0.05471123642611184
557 0.2224069816037942
558 3.2970191297360367
559 0.7699784326446769
560 3.2179182654650793
561 0.37620679610057767
562 0.09742095829531647
563 3.0012049029045538
564 1.6453824621747768
565 1.8448457287722717
566 0.8317975721222081
567 0.5885810696567702
568 8.038583684789023
569 0.792954470199323
570 0.045114583344714305
571 2.061629907402473
572 0.155306877494657
573 0.2265999822478679
574 0.0706208531526245
575 0.04932683292476112
576 0.2174506474109333
577 0.06848609215167234
578 1.6767689199698634
579 0.8751910356839733
580 3.348192327132289
581 0.9268935329108091
582 4.205777285400733
583 2.1870261948082748
584 0.11506712888925044
585 1.2682944139848877
586 1.541540661785256
587 4.064994038346156
588 1.350424552493329
589 0.9202738257324375
590 0.40257227544318663
591 0.3651425847291483
592 2.832501994719987
593 2.416877242005969
594 4.383280421475312
595 1.7397989789676058
596 0.3893991353932082
597 1.1323803030069928
598 0.10570044334448819
599 1.4038284141462558
600 0.5392208554614544
601 4.775371215682704
602 0.5051261685995642
603 0.28195113533393573
604 9.967069248414486
605 0.8019857799945279
606 0.4392215944195104
607 0.5218865650814487
608 1.000313269942449
609 6.01492983136381
610 7.095693649149833
611 0.12216261287461033
612 1.0682720637390606
613 0.020508292355062935
614 0.7367000499783478
615 7.491292415033751
616 24.25678861114583
617 4.3395711461129025
618 3.6505277035271284
619 0.23166049792626883
620 39.01060604060432
621 0.2496803176610355
622 0.5190317556554354
623 0.8926733827427472
624 1.3250614375841885
625 7.526807115986552
626 0.10941786159842651
627 0.2768007170097681
628 1.9793736042129026
629 0.10085607723438066
630 0.42833731631327765
631 0.9607396152237868
632 0.2364594766858365
633 0.16472146927284195
634 9.282749188698943
635 3.6411560330019648
636 0.43434227801479497
637 2.756957573839351
638 0.34623532252051537
639 0.5282535447727988
640 0.8734215242709769
641 1.0953163745278296
642 0.12359932115972588
643 0.2585824270773168
644 1.1997232912063844
645 7.064293775215634
646 0.7091891897643862
647 21.857107206369093
648 1.0560386369243662
649 3.38291117694848
650 1.0230822496127618
651 0.0880969880917874
652 0.14704123493980106
653 0.03194301174416883
654 2.0928092949404498
655 4.921799976170306
656 0.34170179808565376
657 4.376378026806683
658 0.326116929323374
659 1.6283424011247576
660 0.8773895585355739
661 6.6267672365955415
662 0.45967310023448404
663 2.004714539740908
664 1.1319541271959797
665 0.045024114196950696
666 3.5183858139058066
667 1.9384399054121484
668 1.6078815676831584
669 0.3647876156505369
670 0.3312548145162019
671 0.6009091639859813
672 1.0747928416690533
673 6.586863516912888
674 1.1271779700088775
675 0.8503930109326765
676 0.14148650981891386
677 0.1791827256012251
678 0.7320839481065231
679 2.675045858348399
680 2.915522994713886
681 1.9208153940955548
682 7.558936850416137
683 6.593886415749266
684 0.010781742729752604
685 2.029524255008466
686 5.7624949634581215
687 2.4738974892096546
688 0.463019918122668
689 0.36955627182438233
690 3.061191406137833
691 0.7785075294997275
692 6613.770472960694
693 0.4452293739660473
694 6.537031819064223
695 5.023255911240137
696 0.3927560027578092
697 0.26191182188208695
698 1.2951997009524188
699 9.63772641502436
700 0.15320858567849865
701 0.05559581101970376
702 161.71005341448978
703 3.191893893908877
704 0.3671899788981773
705 0.04307705480228908
706 1.7656554217609952
707 0.5843141399292576
708 1.856844299652006
709 0.12071400758822776
710 1.0520922074560066
711 5.160902286909508
712 1.2476244164924009
713 0.8913914906878345
714 0.02157999003288379
715 0.5970471431964096
716 0.7204529194728482
717 0.03770792514294244
718 0.9608432991891348
719 3.033163829891585
720 1.426878835546819
721 5.889497941448956
722 0.32591459119090854
723 0.15519278358839103
724 2.0434208346646834
725 0.23103010715501296
726 0.32933449212978716
727 2.0500797321980824
728 1.5317271833104409
729 0.08105126359993842
730 1.7977940894058488
731 3.8011847156841356
732 4.960204920149407
733 2.282473770120358
734 0.10290966096176145
735 0.8018536727233442
736 2.162522445349446
737 2.7420150691976386
738 0.4739476502621689
739 1.361750521123794
740 4.74656398042123
741 1.8732582190029519
742 1.0647927922684761
743 1.49693554492557
744 0.35736759066689183
745 0.5442226603998471
746 0.42206029008258583
747 0.019218370259480082
748 1.908745878983329
749 0.044339741286436064
750 0.8574032938332808
751 3.295863400174563
752 1.3887938827264263
753 0.30535924733965975
754 0.8067301400908108
755 3.1399780793433805
756 0.1878744537027617
757 0.5886038088474004
758 0.8024762864513629
759 0.00796199570044819
760 0.046747448598873184
761 0.7504460542290962
762 1.6074290206285105
763 7.847949271778158
764 0.040129699126616424
765 4.152464994210057
766 0.1729996975779371
767 1.1929369771202947
768 1.8808633484287838
769 0.7338526617678518
770 0.30642971180788664
771 5.65726874223631
772 1.6388456567897756
773 0.021975013533520035
774 0.8707151739634438
775 0.21163726508963965
776 7.838440658174465
777 53.09858177757463
778 12.953036473483401
779 0.13055459424738183
780 1.1485764854932274
781 0.04477427563275388
782 0.7556965955103438
783 1.6061939850080573
784 0.17358688710179176
785 1.85157828987292
786 0.11808712515209639
787 3.240038189549673
788 8.736666341029155
789 0.6992891092117339
790 7.262878400115901
791 2.756170397094309
792 0.5344969256734649
793 7.138147708081886
794 0.9189697696645617
795 0.030380743433894002
796 0.12801671099933765
797 1.5735169926291086
798 0.971939763156706
799 2.362491320768695
800 0.7918309618078886
801 0.0625572101217364
802 2.6801334375158965
803 0.28326109191149335
804 10.311546152659268
805 1.0767757425433309
806 0.6139124612730557
807 0.5963630978629957
808 4.896120597196994
809 0.03195528447130114
810 2.150723714857537
811 1.0603119157888914
812 1.2568976969078804
813 0.3217933557216202
814 0.25521914814606234
815 0.39623475120211715
816 0.1554118237972003
817 0.03301599075141988
818 1.2924109666700145
819 1.300361350294021
820 0.8295420605461002
821 6.712646442898729
822 8.371268193756624
823 17.048850989887757
824 0.3321691193965952
825 0.8027416118553791
826 6.13393584933807
827 0.8202413401535165
828 0.6492732296756432
829 10.388882706849076
830 0.14172661173281423
831 1.3909773415139997
832 0.7767735355385921
833 15.41148325712121
834 55.276209009362866
835 0.15953879153872788
836 0.6529523282701069
837 0.09018999751844195
838 140.61199886185224
839 13.788993242519705
840 0.6684533761061464
841 5.555923393725384
842 11.023397634120549
843 0.3762058676079262
844 3.4154431971254486
845 0.17128720372860634
846 0.35265881684869654
847 0.8245558308283536
848 4.195326398456746
849 0.10551654422218706
850 0.3579641359159503
851 3.5699958008703385
852 15.657180391115062
853 1.1626416717868155
854 4.6010664538971
855 0.7892454461887755
856 3.49839067750026
857 1.6035372942854484
858 0.03887895759422872
859 0.17557785300771775
860 1.3149699874823655
861 2.2317230013025773
862 4.443198449411615
863 0.11271093592939833
864 0.17114378091090757
865 1.9466228307463707
866 0.0463071447552246
867 0.022241583134703497
868 0.9051754606510792
869 4.917293828968573
870 0.16307018719934394
871 0.54798012696182
872 3.157247869497697
873 0.18771726809958117
874 0.04877856809581738
875 0.2012915724862116
876 0.05213652588822221
877 1.5184636016630277
878 0.10489609806431138
879 1.367159574321694
880 0.18202876248146754
881 0.3513173705125614
882 1.8052761843791911
883 0.8852244316369696
884 1.1808234467844587
885 41.42105544174737
886 1.3386914609394032
887 182.17070279096166
888 6.038174003669154
889 2.181870458720433
890 0.8806893170491068
891 0.7298226582697454
892 0.055667977837319374
893 4.927518646095792
894 0.8010165729921565
895 3.737070822568032
896 0.234925698762035
897 2.550608872500436
898 3.5781078792815686
899 0.8548989953656121
900 0.09521797145776308
901 0.012272500304625606
902 0.1387572895235571
903 0.1999330579515015
904 0.09034013462489747
905 0.4684726011238577
906 0.3348348836506659
907 0.31799641840941834
908 0.7192669640229755
909 0.5903556868383423
910 2.967967850163926
911 12.146040444450618
912 17.421120284863708
913 25.419089891570085
914 1.3034483585877563
915 1.8758168593473052
916 0.6715795489546005
917 0.6871791698759969
918 3.809352781809852
919 0.32781147659545656
920 0.4366321859149937
921 0.09323840917444022
922 0.5671049256260037
923 0.7058316277963014
924 2.564717667066456
925 0.14671775634910522
926 0.8047880742900978
927 0.6687532739900115
928 0.3559684524394773
929 0.24635278747247
930 0.9222794551566567
931 2.249398328064762
932 0.2645590463456549
933 0.23214743156999115
934 0.2202248094137396
935 3.404871965717048
936 6.340238441315402
937 0.12369308199369158
938 29.31984148063423
939 0.6705751812329381
940 0.6884588680724888
941 0.22716601689509003
942 31.755217414874206
943 3.973377752358615
944 3.7795221052048484
945 1.7958833950101025
946 0.7661876671735119
947 3.3397999645418874
948 1.13223311640852
949 0.41360338357021087
950 0.0713008180540673
951 31.847730688222647
952 1.7175370912144836
953 2.5444232961869426
954 0.27139076602888823
955 6.4545880268862375
956 80.2685164534478
957 0.5379436954631325
958 0.007569627201764645
959 4.485547471504186
960 1.7999621499081913
961 2.0042497202704923
962 0.762409225897363
963 0.8199376384797626
964 1.7667626458992218
965 0.6374535368002816
966 0.46496120234265803
967 0.753605553013612
968 0.16788053028069125
969 2.268799676663829
970 4.632579182393815
971 0.1757967518589538
972 0.5951080389537298
973 0.4244556665547411
974 0.006103621082556524
975 4.391959822267561
976 1.1210800453672172
977 0.6749866630925534
978 0.4951680403846776
979 8.384552168414766
980 9.61844552191749
981 1.5097563134960754
982 0.5911882748746602
983 14.322811518236895
984 0.29791128605675393
985 15.04245077766177
986 5.241929574040425
987 0.2659628857342181
988 0.313470187498424
989 0.4539986213397392
990 0.8631728844884095
991 2.7884777758428427
992 0.16634636882725562
993 0.5952798345271777
994 2.396136336721663
995 7.798932210844575
996 3.2860119191470463
997 4.052548294600557
998 0.8952272983875921
999 7.916968433343428
1000 0.3975582618561016
