6 406 580 78 134 173 227
6 362 905 120 755 785 218
6 588 68 196 119 383 574
6 935 936 47 404 682 82
6 93 706 352 238 417 357
6 413 53 209 737 480 67
6 376 663 966 574 241 652
6 33 689 184 706 557 670
6 662 171 172 557 892 596
6 358 885 932 62 422 412
6 559 706 744 747 661 28
6 50 170 363 213 627 775
6 909 339 815 723 945 874
6 578 307 655 429 229 473
6 612 139 274 475 583 305
6 864 179 494 720 492 338
6 380 221 121 643 732 58
6 62 720 189 326 193 453
6 960 240 928 707 734 311
6 981 172 605 294 803 502
6 868 884 894 524 469 998
6 302 491 963 890 311 713
6 727 206 189 296 863 505
6 992 550 115 78 5 285
6 942 400 508 4 652 364
6 836 266 228 479 70 270
6 873 372 790 233 824 728
6 314 869 794 145 478 512
6 628 496 827 591 951 816
6 812 346 727 148 664 182
6 774 73 405 780 970 972
6 96 49 299 602 9 934
6 690 786 316 560 890 847
6 662 964 614 216 802 545
6 686 109 987 47 592 658
6 356 68 908 840 230 332
6 406 52 401 432 445 99
6 443 86 737 104 78 342
6 266 36 236 702 987 484
6 569 145 182 478 548 496
6 136 353 949 8 241 537
6 964 567 908 808 944 763
6 252 192 210 661 966 256
6 425 353 579 825 326 734
6 367 517 112 998 560 8
6 318 860 930 751 552 994
6 705 855 629 560 829 994
6 916 598 612 201 216 194
6 243 126 705 356 889 366
6 12 885 814 427 744 36
6 210 672 844 12 729 151
6 199 925 144 972 775 642
6 367 719 327 168 198 102
6 839 352 674 294 120 198
6 188 550 748 989 74 191
6 397 73 837 378 288 8
6 709 574 737 616 744 2
6 940 844 617 976 436 343
6 441 14 238 703 887 517
6 139 556 844 638 904 733
6 924 335 226 716 856 459
6 257 999 50 355 303 879
6 374 248 393 38 530 10
6 915 529 60 408 704 918
6 939 568 942 402 841 90
6 865 873 313 921 332 947
6 269 499 195 411 454 548
6 693 838 439 350 357 287
6 399 248 300 247 330 423
6 823 298 849 43 731 547
6 691 777 625 922 110 892
6 916 76 275 545 287 755
6 437 335 187 676 53 262
6 783 46 999 195 286 10
6 336 693 527 771 816 468
6 711 397 295 403 802 728
6 606 610 217 706 402 292
6 35 389 914 896 994 816
6 27 881 534 970 228 616
6 404 798 743 426 242 715
6 561 215 880 843 470 968
6 660 833 76 339 608 581
6 249 1 360 889 747 37
6 485 525 299 50 106 26
6 732 609 585 149 752 798
6 196 961 369 465 724 338
6 762 875 889 64 339 304
6 603 920 618 149 328 198
6 111 929 427 236 574 102
6 594 946 271 771 154 542
6 485 374 756 858 552 678
6 589 631 499 607 85 684
6 595 953 103 771 743 523
6 215 36 798 165 484 256
6 321 707 517 804 815 708
6 975 605 470 945 878 733
6 428 479 23 571 759 788
6 425 997 774 17 490 366
6 314 512 6 532 142 987
6 759 24 488 342 771 847
6 980 163 750 908 553 744
6 695 676 440 160 338 721
6 697 571 993 445 850 242
6 323 476 581 913 977 500
6 745 521 931 555 908 731
6 210 463 535 422 39 100
6 941 476 830 568 297 258
6 309 485 41 582 603 4
6 727 183 28 678 991 761
6 975 742 362 938 768 977
6 313 104 100 28 899 292
6 33 836 300 988 359 488
6 511 293 275 108 753 253
6 691 631 225 128 674 923
6 221 529 607 159 646 678
6 60 114 457 993 304 831
6 997 210 327 235 618 304
6 752 661 646 157 11 795
6 370 820 838 859 490 856
6 48 68 753 930 177 943
6 571 225 721 434 283 367
6 27 202 641 22 43 6
6 641 492 318 877 847 694
6 758 298 92 380 111 32
6 248 862 607 538 247 835
6 974 214 669 181 367 545
6 211 445 350 177 619 767
6 231 612 452 98 80 538
6 543 451 577 887 523 799
6 499 644 664 28 473 102
6 773 798 791 688 768 75
6 233 103 383 928 167 807
6 34 85 331 763 560 618
6 231 39 589 422 663 806
6 88 131 686 116 301 692
6 463 361 145 886 482 590
6 809 18 900 508 4 530
6 704 516 724 574 288 459
6 379 365 615 930 106 389
6 211 594 3 277 249 317
6 241 569 25 717 473 468
6 232 295 395 151 154 816
6 893 113 202 539 290 251
6 846 992 607 625 795 923
6 579 372 742 288 588 807
6 385 605 950 190 560 305
6 131 139 510 629 227 822
6 355 130 856 619 940 165
6 870 273 340 515 154 207
6 455 1000 536 848 201 484
6 499 861 919 122 590 165
6 353 754 932 1000 626 355
6 812 273 981 439 810 910
6 624 329 319 581 478 658
6 735 524 381 206 760 771
6 181 351 804 234 32 426
6 893 842 34 854 515 921
6 499 880 884 295 685 717
6 20 693 977 666 337 305
6 661 910 877 626 85 683
6 524 487 273 605 222 493
6 432 405 7 660 536 494
6 569 764 231 594 762 840
6 272 776 978 286 934 446
6 321 509 704 739 995 423
6 88 877 119 510 835 169
6 83 659 24 300 520 658
6 437 96 39 899 516 896
6 12 252 291 350 962 87
6 457 499 181 198 789 763
6 411 370 911 753 479 938
6 273 667 551 301 73 54
6 885 20 736 451 395 102
6 375 564 190 764 661 207
6 371 259 312 654 32 807
6 937 582 786 405 161 595
6 461 361 291 45 66 981
6 466 69 942 201 391 191
6 455 760 869 806 450 570
6 656 690 497 701 475 973
6 504 743 336 985 267 765
6 903 797 883 959 861 498
6 24 459 476 418 316 410
6 166 11 420 471 319 61
6 109 272 804 76 519 369
6 614 240 157 674 500 391
6 812 59 395 910 256 304
6 371 369 409 826 986 645
6 812 734 146 30 558 502
6 935 477 383 806 423 203
6 351 6 385 901 514 739
6 952 68 93 7 787 921
6 637 534 961 400 795 827
6 374 927 352 417 761 713
6 949 334 961 773 926 79
6 660 764 428 575 528 645
6 585 98 931 857 789 593
6 454 588 737 475 247 9
6 12 64 141 39 121 216
6 762 283 370 921 174 503
6 435 918 991 542 105 503
6 993 616 62 186 854 357
6 504 52 307 475 259 595
6 388 346 404 300 501 191
6 513 126 319 937 607 723
6 180 704 698 724 886 473
6 580 330 447 386 15 886
6 139 474 431 928 767 288
6 276 605 975 635 726 854
6 450 963 56 526 615 311
6 743 909 479 717 875 602
6 463 485 192 632 275 498
6 582 414 92 361 131 381
6 600 284 707 558 216 151
6 353 40 148 680 953 154
6 532 364 60 370 761 39
6 809 517 507 824 708 540
6 296 860 781 1000 866 412
6 750 470 630 443 962 834
6 956 167 120 952 842 251
6 249 422 262 74 557 813
6 812 920 764 169 332 110
6 73 843 14 454 632 150
6 236 737 784 957 896 514
6 697 850 412 566 458 94
6 175 131 139 508 731 713
6 683 902 557 436 209 207
6 69 691 836 364 324 419
6 433 800 582 40 849 708
6 712 421 177 329 367 165
6 56 899 557 897 987 548
6 231 123 832 157 309 979
6 318 532 236 506 752 993
6 585 435 506 476 300 618
6 125 931 395 869 858 85
6 37 576 533 565 753 332
6 932 619 622 795 570 898
6 507 531 54 988 518 785
6 440 741 849 630 652 592
6 587 756 113 42 216 110
6 925 694 309 91 270 617
6 527 365 18 568 36 525
6 626 114 757 216 423 377
6 809 134 464 20 791 116
6 693 756 539 854 506 311
6 741 656 235 123 542 289
6 205 282 449 287 286 289
6 506 272 966 154 320 258
6 579 175 929 516 391 869
6 637 507 725 360 278 968
6 710 350 808 765 754 219
6 974 444 286 608 683 160
6 365 304 530 73 394 250
6 89 844 245 388 924 97
6 501 866 607 858 125 552
6 691 382 380 792 448 288
6 308 745 904 781 955 29
6 122 166 373 501 116 803
6 716 978 282 268 100 590
6 893 314 38 291 72 810
6 517 952 420 72 152 110
6 54 989 232 876 468 251
6 636 449 260 914 545 177
6 564 753 653 345 214 242
6 211 584 951 417 12 802
6 155 686 980 847 140 910
6 353 57 991 646 9 545
6 656 776 347 867 391 934
6 267 779 525 987 652 501
6 725 969 631 388 817 842
6 441 443 996 285 617 150
6 284 970 941 698 135 761
6 129 467 974 556 747 813
6 926 553 262 494 230 150
6 441 936 705 724 765 300
6 846 621 203 786 851 261
6 888 846 414 674 275 5
6 445 925 656 850 496 454
6 399 166 143 989 537 595
6 155 14 985 841 610 621
6 452 747 317 696 230 892
6 711 197 550 34 798 408
6 916 607 33 676 344 881
6 18 643 627 926 592 596
6 524 886 724 436 627 605
6 321 644 592 985 702 372
6 15 825 538 107 86 877
6 215 852 717 567 560 591
6 83 790 467 285 227 233
6 474 252 720 268 16 289
6 631 833 470 328 890 74
6 308 710 579 197 472 232
6 225 27 662 883 281 943
6 474 170 358 650 32 481
6 3 117 938 144 480 834
6 631 792 659 238 268 816
6 457 643 256 233 493 919
6 273 554 780 675 191 167
6 371 252 504 168 650 303
6 18 174 105 65 552 654
6 873 507 207 923 16 168
6 287 751 445 687 865 160
6 314 63 202 798 122 767
6 119 236 883 275 411 898
6 786 231 669 374 685 329
6 984 173 954 337 303 398
6 57 671 45 469 771 150
6 774 129 753 260 394 446
6 41 680 224 223 520 515
6 341 507 385 169 395 74
6 392 745 709 608 202 921
6 25 868 154 850 97 552
6 315 499 524 428 482 142
6 718 22 739 755 626 240
6 556 773 568 828 717 842
6 796 344 880 634 363 303
6 101 349 429 905 255 595
6 935 835 480 484 391 816
6 946 777 829 566 167 728
6 353 819 516 135 573 304
6 23 793 918 489 617 290
6 211 578 224 7 460 185
6 924 790 178 743 923 110
6 431 156 815 908 519 62
6 126 712 705 930 87 595
6 846 676 989 7 90 110
6 451 659 954 650 859 289
6 975 396 105 47 230 503
6 525 212 201 664 417 51
6 745 873 335 602 144 947
6 170 146 526 208 879 503
6 206 953 866 733 134 789
6 425 634 147 18 301 357
6 365 988 954 29 877 570
6 48 914 989 288 59 537
6 190 43 558 769 940 603
6 932 725 599 727 998 151
6 604 606 221 698 973 163
6 196 458 979 484 233 150
6 797 543 66 523 254 732
6 711 193 235 92 195 328
6 609 280 922 87 61 728
6 582 38 404 126 466 42
6 376 913 361 461 241 328
6 662 457 421 414 923 619
6 839 530 401 917 417 558
6 638 631 124 859 824 641
6 84 659 66 28 873 73
6 975 742 466 669 267 910
6 335 757 299 62 650 230
6 141 491 308 50 946 412
6 795 547 907 189 402 813
6 68 937 331 979 326 723
6 735 783 932 50 727 544
6 89 527 989 4 378 566
6 314 532 41 750 647 610
6 589 693 246 677 329 530
6 414 420 187 216 368 733
6 109 263 246 329 359 202
6 469 656 777 716 64 28
6 852 839 328 877 268 169
6 56 120 854 623 590 389
6 512 595 766 739 632 500
6 467 213 122 212 857 834
6 915 376 992 559 716 804
6 431 297 185 285 402 32
6 392 860 204 716 100 965
6 276 533 67 196 508 535
6 740 530 144 979 995 303
6 201 329 14 204 357 810
6 222 224 833 418 491 502
6 463 89 748 181 650 198
6 864 266 126 688 159 709
6 870 431 231 885 228 255
6 21 569 575 11 938 581
6 533 691 693 264 971 721
6 577 747 476 700 592 412
6 964 939 380 25 642 102
6 369 893 474 380 688 764
6 809 420 517 395 583 541
6 35 564 849 169 80 753
6 376 705 920 216 683 165
6 346 833 312 980 900 505
6 997 35 228 51 566 658
6 929 607 813 977 173 670
6 321 819 190 398 841 370
6 18 779 846 294 909 556
6 992 963 750 354 149 576
6 477 155 286 76 782 281
6 662 657 263 626 502 94
6 225 811 737 871 501 670
6 928 538 567 910 343 16
6 451 376 246 954 187 134
6 893 298 39 735 250 854
6 17 131 345 882 629 874
6 587 756 601 491 651 503
6 512 422 855 98 720 75
6 851 240 91 459 372 505
6 283 475 15 106 799 290
6 653 980 934 132 723 102
6 246 226 465 894 334 394
6 607 655 46 852 171 466
6 561 108 377 135 857 181
6 868 790 547 704 357 968
6 812 644 719 895 720 310
6 964 421 63 274 248 442
6 689 22 982 152 251 142
6 277 267 905 583 814 678
6 231 599 845 113 910 480
6 36 939 156 60 937 65
6 492 550 361 27 555 623
6 151 444 788 581 352 482
6 306 847 397 309 322 114
6 750 818 401 692 689 151
6 518 698 170 408 402 303
6 433 616 441 974 765 831
6 550 222 677 747 9 856
6 347 118 767 976 693 699
6 941 756 581 608 733 368
6 56 414 487 386 883 337
6 72 944 177 220 867 372
6 455 183 179 739 717 349
6 640 582 66 152 459 207
6 40 724 411 109 304 947
6 565 128 318 299 886 862
6 673 928 325 897 883 142
6 693 814 592 593 387 254
6 752 511 287 355 743 813
6 849 625 226 553 364 540
6 323 598 442 144 127 728
6 71 363 808 721 254 102
6 317 864 457 182 489 403
6 656 846 429 586 696 158
6 885 261 487 620 761 251
6 469 417 261 856 70 682
6 641 333 525 600 267 471
6 999 633 639 23 249 150
6 45 11 506 134 316 887
6 522 667 1000 934 462 557
6 361 600 518 359 862 311
6 727 52 159 387 189 125
6 830 473 295 803 154 831
6 28 725 831 124 878 583
6 365 296 375 1000 677 787
6 669 629 36 472 968 253
6 183 60 21 985 279 862
6 243 397 558 224 241 140
6 825 449 657 581 902 872
6 309 811 858 507 976 124
6 224 435 990 752 345 898
6 3 188 185 911 678 887
6 246 409 21 385 398 985
6 633 300 654 601 128 859
6 524 780 654 59 768 530
6 184 52 418 587 153 386
6 77 568 266 820 493 446
6 842 971 694 391 329 799
6 441 669 533 402 22 979
6 441 998 189 234 281 876
6 125 705 507 86 429 70
6 969 3 184 498 459 537
6 880 409 863 360 174 947
6 517 705 940 264 382 102
6 955 486 279 622 740 107
6 970 988 698 494 152 591
6 27 987 209 871 484 324
6 497 388 115 940 471 230
6 399 54 959 205 908 840
6 373 430 981 730 116 448
6 783 543 680 204 530 426
6 952 532 72 500 577 608
6 325 650 736 417 549 799
6 356 30 970 562 962 305
6 188 257 138 829 256 235
6 437 709 580 747 531 536
6 964 521 64 216 710 239
6 46 279 980 769 260 654
6 485 907 277 811 588 855
6 272 710 477 483 523 191
6 427 582 414 392 152 661
6 52 873 430 596 115 296
6 756 800 570 176 551 193
6 211 405 47 747 652 627
6 467 718 129 259 118 124
6 656 889 746 125 326 47
6 461 497 957 994 134 520
6 310 653 467 652 835 337
6 955 104 464 877 191 820
6 865 77 76 270 278 890
6 88 220 605 168 597 158
6 293 341 767 14 446 645
6 964 783 493 473 520 267
6 40 478 548 576 158 696
6 812 252 267 221 417 902
6 371 519 776 902 245 494
6 441 686 177 180 536 611
6 550 828 491 296 285 280
6 868 941 130 213 581 263
6 971 252 432 478 990 620
6 90 814 745 909 87 496
6 885 378 171 739 122 453
6 958 810 617 369 665 337
6 648 787 594 248 94 216
6 985 568 529 716 410 70
6 679 836 252 718 582 757
6 981 753 335 630 899 867
6 276 866 306 605 505 591
6 704 334 653 91 203 892
6 187 393 446 191 740 807
6 419 109 873 160 878 557
6 334 18 197 456 149 289
6 12 750 716 578 525 897
6 742 129 213 620 247 645
6 929 13 405 37 600 768
6 12 379 598 457 362 789
6 936 201 630 755 340 113
6 179 463 656 400 999 466
6 662 33 397 195 16 338
6 538 721 646 91 169 736
6 558 764 767 487 882 602
6 329 604 756 393 505 102
6 346 478 815 605 539 331
6 489 517 911 459 404 285
6 679 222 952 384 450 515
6 88 621 528 500 700 590
6 17 176 783 519 239 191
6 431 672 627 240 664 874
6 131 912 393 661 682 642
6 675 277 156 956 753 45
6 56 406 598 475 124 897
6 89 647 237 746 38 654
6 936 507 498 670 254 468
6 155 574 838 415 446 142
6 314 162 145 519 628 546
6 248 149 358 361 741 528
6 971 759 262 920 23 700
6 868 48 914 333 372 303
6 199 367 957 13 247 167
6 734 68 59 426 186 931
6 752 85 10 476 128 251
6 538 136 547 55 97 130
6 439 216 616 304 815 102
6 278 126 163 687 208 567
6 486 866 390 801 986 965
6 296 692 541 475 608 807
6 434 825 873 93 792 377
6 738 430 69 558 83 368
6 229 589 341 518 507 260
6 679 686 508 621 536 874
6 555 871 443 206 626 898
6 689 131 209 538 388 74
6 849 309 390 999 643 294
6 574 327 611 584 540 906
6 463 17 218 752 75 174
6 639 599 63 241 534 66
6 463 1 914 869 65 191
6 714 298 199 420 841 740
6 277 518 643 990 696 237
6 51 905 201 317 46 977
6 598 631 12 263 63 620
6 129 709 445 297 739 312
6 17 963 443 731 639 43
6 122 145 361 543 818 100
6 89 274 629 599 171 150
6 714 477 255 377 629 651
6 516 358 248 624 530 156
6 774 456 659 909 132 775
6 392 958 169 340 144 279
6 451 228 427 268 354 262
6 720 711 657 122 940 728
6 33 351 384 663 996 9
6 903 494 185 523 163 657
6 511 181 267 612 80 416
6 697 988 18 932 391 110
6 210 261 22 81 454 55
6 63 95 297 112 623 487
6 136 419 924 644 987 364
6 563 38 220 173 994 824
6 101 406 397 845 141 227
6 376 272 365 518 696 144
6 211 935 163 409 152 581
6 969 939 257 381 588 311
6 183 992 740 217 385 556
6 419 671 926 738 595 815
6 341 275 820 38 74 654
6 346 95 404 873 285 766
6 425 846 435 926 558 366
6 463 229 283 584 615 251
6 183 944 212 551 617 142
6 113 605 932 746 627 36
6 56 786 218 287 368 174
6 293 88 861 118 548 962
6 894 889 887 722 142 242
6 387 23 422 48 585 519
6 314 497 997 369 752 733
6 307 112 689 613 501 875
6 391 185 805 911 244 775
6 52 843 881 827 882 617
6 322 708 24 404 249 28
6 809 459 379 526 720 387
6 272 666 464 64 186 967
6 265 725 900 896 558 947
6 941 873 656 711 556 354
6 980 14 119 978 24 806
6 550 297 655 214 403 678
6 315 355 801 771 475 230
6 31 345 274 280 134 874
6 915 346 28 743 741 678
6 811 397 252 985 457 857
6 522 803 744 296 442 545
6 367 963 920 790 932 670
6 777 491 987 534 744 934
6 604 54 401 28 171 481
6 750 914 114 31 80 502
6 363 426 716 313 546 290
6 91 235 109 444 877 601
6 353 73 220 918 861 382
6 243 6 795 845 684 654
6 935 555 712 125 668 650
6 607 887 833 6 842 337
6 306 841 159 740 653 150
6 417 241 390 238 534 676
6 680 924 866 288 301 350
6 779 399 621 164 174 292
6 329 784 659 394 63 650
6 749 564 145 581 574 763
6 506 871 677 999 368 514
6 656 529 879 806 73 514
6 57 790 948 250 640 369
6 425 96 917 81 73 182
6 675 451 68 393 303 682
6 974 786 865 562 971 180
6 424 866 912 417 51 995
6 276 672 790 831 757 593
6 434 272 197 555 390 446
6 22 670 586 617 918 940
6 314 844 649 318 436 848
6 64 769 147 164 597 802
6 196 170 104 66 44 482
6 516 194 734 943 755 142
6 136 246 539 295 923 736
6 418 353 397 470 410 449
6 156 405 236 821 682 559
6 773 446 486 581 805 239
6 137 341 954 706 411 882
6 769 774 831 873 255 442
6 435 112 705 717 966 601
6 276 222 691 761 398 67
6 818 356 253 245 254 8
6 395 283 78 350 963 615
6 119 635 788 766 393 328
6 777 255 53 640 909 311
6 136 361 203 405 46 831
6 386 889 516 170 744 804
6 425 870 115 614 645 26
6 568 88 798 650 547 894
6 751 547 643 824 140 822
6 969 547 336 609 548 615
6 952 936 57 547 247 5
6 420 730 493 28 982 713
6 222 545 764 818 943 733
6 41 495 730 81 444 642
6 436 918 924 553 79 331
6 379 268 146 514 677 369
6 35 824 334 954 652 132
6 543 126 579 385 443 845
6 588 204 336 310 920 984
6 373 11 585 830 344 410
6 131 444 409 192 583 728
6 849 471 89 479 966 630
6 269 176 709 914 622 729
6 470 636 494 563 361 907
6 969 772 408 910 421 728
6 17 917 639 299 683 343
6 737 699 447 4 419 910
6 880 950 60 87 791 389
6 356 148 104 214 852 492
6 35 225 301 821 478 856
6 356 925 706 360 624 500
6 188 779 461 667 752 618
6 334 49 153 70 890 256
6 46 869 747 719 223 262
6 504 241 622 490 195 285
6 604 511 126 31 861 658
6 27 291 143 754 743 886
6 677 643 7 853 699 217
6 785 980 438 833 257 7
6 778 268 438 971 570 654
6 951 504 108 963 601 645
6 958 319 203 965 310 804
6 753 30 823 922 80 514
6 1 272 490 610 658 834
6 671 246 1000 792 475 515
6 608 568 719 638 423 696
6 353 169 754 404 163 736
6 786 444 616 146 603 552
6 293 269 836 991 326 573
6 22 672 12 381 984 590
6 901 833 778 719 793 642
6 836 404 759 827 127 514
6 408 640 766 748 195 803
6 444 517 206 507 65 185
6 404 980 700 830 757 244
6 598 352 698 378 595 699
6 385 229 821 354 421 78
6 669 373 400 2 554 368
6 156 131 427 345 7 488
6 84 156 436 586 808 116
6 772 180 313 190 534 154
6 89 825 769 76 504 871
6 63 6 483 910 678 26
6 211 128 382 420 619 458
6 295 750 274 286 946 632
6 599 940 229 672 247 733
6 76 100 726 641 701 889
6 249 333 355 187 890 576
6 226 497 501 519 797 102
6 741 674 114 746 645 357
6 176 406 697 592 954 862
6 970 900 409 525 479 713
6 186 940 729 556 913 285
6 759 614 764 76 46 998
6 873 864 652 322 449 726
6 637 978 196 469 444 724
6 666 815 397 83 320 468
6 774 424 605 570 775 453
6 46 83 557 814 508 720
6 511 963 867 865 195 337
6 407 836 563 640 756 815
6 461 408 95 393 932 130
6 485 306 13 680 271 296
6 992 987 138 73 638 355
6 778 491 67 544 289 503
6 433 283 547 589 212 471
6 941 170 315 67 909 965
6 866 626 419 592 976 328
6 939 916 693 612 450 782
6 261 34 841 866 950 607
6 814 30 55 83 927 573
6 888 430 302 837 503 976
6 277 179 659 806 297 227
6 365 569 587 114 782 326
6 975 903 166 600 744 185
6 559 908 70 191 152 354
6 550 671 843 967 405 117
6 246 749 533 783 233 316
6 377 649 929 999 487 542
6 272 979 42 759 498 813
6 276 27 318 792 575 971
6 992 969 831 39 753 331
6 648 268 494 296 66 471
6 361 300 159 577 654 102
6 610 73 408 649 551 954
6 96 547 67 86 623 110
6 539 60 736 833 950 583
6 213 408 626 322 380 368
6 78 296 795 259 87 840
6 772 660 405 855 268 137
6 714 695 901 730 2 502
6 976 119 610 391 275 239
6 441 844 340 107 554 300
6 81 15 634 436 344 847
6 679 12 345 578 377 142
6 325 786 685 481 240 658
6 49 407 735 354 90 281
6 356 655 718 559 456 387
6 175 553 414 359 103 921
6 321 210 555 23 350 498
6 397 556 512 297 851 260
6 767 741 771 629 644 239
6 916 45 769 824 201 748
6 969 697 118 79 962 290
6 636 141 553 409 734 782
6 864 888 783 734 134 934
6 399 236 313 953 482 591
6 205 316 300 514 193 26
6 576 529 355 454 382 164
6 622 774 118 3 620 436
6 52 400 229 135 117 782
6 704 989 926 605 967 110
6 66 416 228 938 520 590
6 738 956 42 153 584 117
6 780 655 959 516 53 973
6 461 188 383 164 502 728
6 333 105 845 472 961 857
6 724 974 893 512 545 258
6 691 275 440 145 998 169
6 698 612 336 628 113 442
6 774 772 790 603 194 121
6 524 434 47 41 51 574
6 353 399 707 144 938 526
6 866 210 426 717 262 835
6 362 958 666 591 754 878
6 477 504 412 544 883 436
6 283 358 806 734 94 419
6 564 788 21 329 370 531
6 633 302 421 486 808 168
6 265 792 408 534 350 530
6 681 997 50 955 934 142
6 434 879 676 267 94 962
6 917 152 813 650 851 151
6 293 188 841 719 804 375
6 964 580 507 867 723 615
6 374 729 179 918 682 110
6 572 225 649 220 177 858
6 138 278 582 526 319 591
6 705 190 948 341 487 256
6 870 261 423 151 473 541
6 336 985 327 386 507 247
6 371 149 166 342 187 85
6 430 35 556 326 507 280
6 667 353 626 722 525 829
6 183 333 963 323 368 173
6 462 637 749 773 841 859
6 374 738 79 876 731 546
6 1 622 303 501 555 142
6 228 210 420 346 794 984
6 636 791 536 320 310 898
6 935 944 673 625 271 591
6 211 225 428 330 255 473
6 97 465 655 696 419 29
6 9 727 580 882 701 426
6 796 411 36 430 697 432
6 697 796 143 681 790 813
6 929 363 440 409 181 590
6 915 3 756 986 623 540
6 833 881 216 217 590 728
6 162 690 999 651 45 473
6 183 702 693 336 331 655
6 561 83 249 280 554 142
6 23 209 417 704 124 898
6 179 400 508 112 451 492
6 513 465 184 135 597 378
6 469 315 883 476 661 448
6 477 268 37 121 148 391
6 687 885 823 507 953 625
6 718 232 106 418 546 657
6 221 108 282 381 895 962
6 636 958 375 257 392 603
6 513 989 488 708 892 834
6 555 182 465 862 822 834
6 122 17 724 605 803 468
6 903 358 614 451 877 160
6 363 131 449 496 419 326
6 786 907 106 661 803 940
6 243 565 744 151 445 723
6 1 228 232 300 13 552
6 796 680 903 348 675 275
6 373 413 911 483 678 892
6 463 361 927 577 784 137
6 109 300 546 848 460 973
6 662 427 109 850 861 560
6 34 469 991 608 551 699
6 300 681 781 575 701 328
6 934 430 24 226 12 678
6 188 564 861 951 515 601
6 20 689 491 553 837 207
6 265 451 543 504 10 364
6 941 346 569 74 107 8
6 298 975 884 370 802 886
6 225 811 138 86 872 234
6 73 421 720 14 29 540
6 499 354 781 626 415 754
6 734 509 294 889 955 230
6 796 363 18 449 341 567
6 283 210 618 871 141 482
6 182 236 189 578 283 590
6 958 390 208 928 213 521
6 85 228 628 595 638 61
6 308 418 937 580 472 713
6 353 677 701 169 995 560
6 633 148 658 521 986 258
6 455 659 162 268 993 417
6 772 246 587 862 991 984
6 146 979 837 724 97 761
6 513 145 942 891 851 343
6 917 772 607 262 689 254
6 27 969 511 841 835 124
6 169 586 529 542 93 574
6 208 166 644 267 717 962
6 399 672 233 862 890 923
6 873 577 707 341 438 602
6 691 758 630 900 218 442
6 176 800 233 197 795 311
6 939 365 466 440 274 386
6 809 903 600 350 595 280
6 397 34 381 740 559 984
6 985 494 688 275 520 250
6 809 179 914 81 699 324
6 365 325 42 200 457 288
6 828 955 680 884 959 537
6 742 148 378 696 10 468
6 266 353 1000 444 219 968
6 809 273 917 998 367 104
6 636 676 506 90 663 263
6 980 1 80 808 635 762
6 469 56 924 98 530 855
6 189 690 719 60 982 142
6 314 633 727 341 85 234
6 920 826 234 153 887 382
6 633 903 702 980 466 785
6 511 797 59 20 754 187
6 186 315 451 783 694 789
6 352 800 526 515 972 822
6 638 196 722 851 977 58
6 221 171 824 130 280 987
6 690 726 401 149 419 984
6 173 387 759 193 300 573
6 413 63 876 423 223 164
6 243 709 803 7 447 933
6 89 308 848 523 977 258
6 679 844 342 548 219 602
6 424 758 428 534 44 653
6 477 246 864 271 341 703
6 887 825 409 473 537 803
6 346 146 556 381 173 706
6 71 215 927 385 214 614
6 709 99 556 861 841 769
6 925 598 871 60 369 383
6 276 929 205 462 135 757
6 463 24 698 999 926 863
6 704 722 78 42 442 854
6 952 491 175 991 899 984
6 819 704 323 190 242 856
6 756 864 252 114 219 834
6 59 390 107 551 601 484
6 666 796 34 544 106 652
6 335 73 148 286 395 8
6 779 277 582 577 612 253
6 358 199 580 363 133 835
6 474 294 179 317 224 92
6 496 225 759 782 803 242
6 431 204 910 966 220 468
6 455 729 765 606 996 732
6 843 522 360 469 857 951
6 408 697 952 384 574 728
6 277 700 740 859 879 484
6 605 818 510 878 130 244
6 139 580 686 562 576 799
6 103 630 641 495 626 198
6 243 630 710 665 899 9
6 203 373 759 5 946 289
6 992 479 84 570 979 320
6 413 832 255 265 324 541
6 511 527 183 48 267 645
6 903 790 270 180 466 744
6 809 255 753 489 677 611
6 394 297 594 995 906 338
6 762 491 840 301 338 142
6 880 704 568 464 638 290
6 466 43 336 605 968 242
6 543 358 206 820 218 968
6 469 66 97 170 132 411
6 951 433 95 539 896 167
6 594 371 685 546 304 535
6 224 538 989 9 327 305
6 664 18 144 590 393 320
6 321 52 173 766 554 65
6 17 931 120 280 632 874
6 749 104 923 422 881 194
6 362 769 474 701 773 516
6 41 272 18 257 944 874
6 246 56 315 3 260 654
6 885 392 491 620 345 473
6 219 293 73 756 86 521
6 662 184 507 759 448 913
6 639 885 261 104 635 258
6 126 580 599 759 303 150
6 341 750 178 400 837 990
6 759 709 672 888 896 198
6 969 476 126 996 5 890
6 461 743 242 703 628 947
6 406 282 491 205 384 61
6 465 28 719 630 154 658
6 884 730 483 351 534 625
6 307 427 266 212 559 763
6 392 948 60 895 678 366
6 571 383 648 13 500 874
6 998 958 587 862 360 253
6 12 749 688 121 168 838
6 215 694 707 480 460 834
6 205 426 394 334 702 12
6 561 920 981 493 339 105
6 759 426 299 838 384 154
6 749 428 950 699 120 615
6 679 35 686 121 748 805
6 57 221 786 660 890 193
6 958 246 416 995 919 822
6 916 783 969 244 234 194
6 714 970 982 954 287 177
6 839 632 145 710 507 763
6 680 101 447 295 755 552
6 940 589 675 219 908 810
6 679 608 658 336 755 142
6 935 215 127 393 95 339
6 57 126 116 871 336 483
6 199 166 660 958 28 933
6 771 465 246 410 58 623
6 513 68 442 331 167 473
6 997 128 737 562 760 182
6 231 721 501 899 213 512
6 742 875 406 473 107 829
6 457 974 213 383 262 443
6 663 358 648 354 851 702
6 845 325 963 380 501 452
6 496 634 302 350 301 482
6 629 693 554 94 442 611
6 178 588 912 632 614 94
6 210 532 513 564 957 301
6 633 373 6 172 673 820
6 849 183 532 711 49 263
6 804 978 466 416 58 240
6 796 652 932 602 743 26
6 679 511 123 185 628 573
6 755 307 571 871 684 546
6 52 674 275 302 70 763
6 361 38 793 286 226 856
6 497 627 291 313 717 872
6 880 424 146 832 470 115
6 71 59 193 16 389 576
6 756 21 624 73 382 303
6 399 913 586 918 531 487
6 915 207 62 97 782 642
6 753 206 884 214 593 658
6 992 532 710 214 755 385
6 893 400 14 490 829 442
6 727 38 339 830 147 585
6 155 123 612 76 402 996
6 35 714 961 538 696 820
6 361 491 529 697 747 260
6 857 905 89 597 164 150
6 778 466 388 350 54 110
6 846 589 137 974 237 835
6 487 23 978 517 961 545
6 599 519 810 933 987 10
6 764 488 842 979 968 816
6 392 333 517 649 891 45
6 126 637 585 625 906 389
6 276 633 16 545 148 502
6 354 786 39 852 630 19
6 598 299 115 821 310 261
6 103 999 708 591 531 258
6 231 900 796 189 924 320
6 669 298 387 49 721 4
6 238 903 426 551 752 923
6 321 673 842 595 439 542
6 156 857 620 133 256 254
6 3 758 568 639 436 152
6 88 608 689 576 287 976
6 532 522 209 326 897 468
6 179 383 151 643 261 842
6 57 172 881 319 140 540
6 246 69 864 742 806 567
6 792 216 748 581 494 689
6 321 498 126 629 995 696
6 284 943 73 291 345 574
6 400 418 185 737 505 728
6 920 232 116 16 922 549
6 712 909 11 452 674 566
6 307 124 558 286 128 763
6 462 145 283 229 799 658
6 561 970 489 976 761 244
6 30 325 459 873 426 840
6 905 159 237 700 164 720
6 716 234 492 60 896 256
6 992 952 865 56 526 436
6 365 172 813 226 398 343
6 355 479 72 719 161 445
6 637 800 111 295 343 174
6 846 647 135 262 159 515
6 637 506 308 912 329 209
6 937 96 278 456 489 303
6 592 571 267 23 473 642
6 783 405 786 381 34 921
6 314 903 103 151 801 326
6 40 697 983 974 412 822
6 766 353 144 99 615 551
6 225 67 126 159 933 289
6 435 802 883 412 535 235
6 679 287 807 789 785 824
6 103 370 862 835 566 191
6 72 710 918 304 29 611
6 264 424 672 160 603 840
6 435 361 660 565 242 834
6 477 647 39 457 919 731
6 10 722 152 525 560 899
6 199 664 877 488 958 996
6 231 517 359 42 982 733
6 711 184 702 262 417 503
6 671 810 667 403 560 922
6 966 953 998 702 21 859
6 350 555 565 630 143 75
6 3 267 223 494 542 311
6 163 689 409 850 117 684
6 162 974 998 949 610 404
6 92 72 145 234 487 458
6 418 660 354 769 650 173
6 957 566 676 932 827 581
6 779 162 507 698 640 396
6 40 569 416 367 351 151
6 334 794 510 195 249 151
6 915 622 882 394 377 897
6 434 270 479 989 460 540
6 408 692 93 482 618 320
6 676 522 958 747 701 787
6 997 474 585 456 501 173
6 819 316 332 137 122 896
6 949 932 582 234 181 253
6 869 486 877 514 940 214
6 358 961 997 934 874 979
6 688 553 98 509 721 645
6 208 762 796 721 660 332
6 868 839 819 795 515 502
6 571 397 454 953 224 366
6 243 522 413 309 760 802
6 738 274 853 486 692 338
6 272 598 177 602 195 847
6 561 88 306 796 788 798
6 257 918 981 192 702 174
6 22 865 14 990 448 763
6 33 476 989 869 410 110
6 818 770 302 592 13 765
6 306 429 673 403 312 859
6 887 911 574 419 508 133
6 695 283 55 316 773 700
6 656 18 126 212 224 134
6 718 637 200 303 724 443
6 743 869 363 512 530 250
6 43 347 749 440 654 551
6 189 205 16 226 121 450
6 524 786 20 833 721 82
6 917 571 400 5 791 328
6 272 177 292 107 535 50
6 740 708 85 69 850 824
6 246 641 742 326 164 968
6 269 393 120 761 75 292
6 121 221 896 9 715 160
6 786 222 261 706 682 572
6 915 839 60 37 995 815
6 71 902 60 877 913 519
6 461 189 556 739 996 338
6 293 223 949 285 803 258
6 770 185 384 708 5 398
6 57 269 224 756 97 713
6 809 624 565 808 813 576
6 633 363 103 143 489 613
6 437 90 959 943 452 554
6 145 309 2 638 121 840
6 711 871 837 889 572 566
6 57 792 760 313 972 619
6 915 704 801 217 82 789
6 639 150 494 489 502 763
6 679 173 3 435 192 799
6 524 936 318 224 134 989
6 172 466 748 42 320 110
6 881 651 701 933 923 164
6 722 233 810 116 831 58
6 937 103 439 830 664 525
6 893 248 440 180 993 658
6 491 975 990 369 650 70
6 569 5 924 302 29 799
6 992 205 706 109 609 874
6 587 236 356 778 39 254
6 719 184 464 149 498 168
6 409 832 159 35 113 795
6 184 111 449 954 653 803
6 284 293 605 119 68 798
6 590 821 389 566 816 468
6 711 175 604 999 257 74
6 238 823 10 479 566 965
6 427 141 56 363 615 342
6 306 474 556 489 521 324
6 213 778 250 70 721 678
6 615 981 461 928 426 882
6 293 24 577 154 546 290
6 433 335 95 663 748 668
6 161 743 17 650 7 557
6 571 654 581 775 337 874
6 172 608 760 898 674 615
6 199 461 220 533 260 86
6 461 397 781 653 921 683
6 425 424 329 115 59 945
6 73 119 808 383 442 70
6 345 104 308 543 257 536
6 425 800 356 248 821 288
6 606 433 591 811 245 754
6 55 28 825 32 467 329
6 215 155 98 946 34 732
6 646 632 382 785 664 892
6 942 556 390 78 590 932
6 589 762 621 494 191 305
6 1 269 335 217 322 909
6 956 779 587 843 75 290
6 126 687 302 967 366 874
6 169 66 341 247 526 752
6 885 469 725 738 887 102
6 97 499 317 157 938 947
6 753 863 746 852 449 304
6 964 188 205 91 196 892
6 915 669 113 901 516 82
6 136 762 295 545 899 678
6 776 17 451 697 717 566
6 712 431 569 730 961 319
6 524 587 106 539 53 515
6 51 790 480 398 502 142
6 151 341 310 673 959 271
6 374 405 128 823 494 90
6 407 982 103 279 736 977
6 561 970 625 776 961 473
6 33 800 604 179 63 526
6 794 336 65 849 182 230
6 68 873 741 659 884 505
6 188 987 734 798 203 194
6 211 77 857 823 28 593
6 649 687 521 953 959 493
6 598 698 333 22 668 468
6 710 563 543 327 262 996
6 364 428 948 872 940 658
6 309 588 11 66 403 117
6 324 255 526 614 501 898
6 485 744 390 364 673 453
6 33 399 188 435 232 73
6 461 998 97 495 685 562
6 849 210 533 643 634 382
6 659 63 228 259 286 546
6 48 817 45 60 804 620
6 86 745 404 830 62 733
6 309 671 832 135 444 489
6 693 588 378 25 533 541
6 635 860 467 67 322 324
6 18 753 804 553 757 446
6 314 636 136 935 989 64
6 381 732 754 450 614 303
6 762 864 840 652 710 993
6 630 706 990 350 159 203
6 631 999 149 214 625 303
6 361 828 654 233 987 922
6 974 850 921 706 673 115
6 146 901 587 377 6 962
6 210 843 28 79 703 134
6 287 538 991 535 820 620
6 555 496 609 480 766 253
6 183 118 790 586 943 389
6 679 407 759 416 887 820
6 957 273 805 317 767 164
6 31 720 632 2 611 962
6 238 46 449 97 349 132
6 211 917 680 78 369 368
6 27 758 372 538 348 227
6 936 549 928 111 521 995
6 47 387 629 357 403 799
6 666 781 960 324 214 10
6 868 231 801 681 614 541
6 16 283 871 4 620 799
6 437 35 489 418 44 329
6 323 139 86 493 316 807
6 800 29 751 388 351 876
6 861 494 685 721 570 127
6 691 380 22 388 548 617
6 255 179 864 300 973 480
6 203 945 527 557 654 124
6 907 929 278 115 641 245
6 709 111 12 620 67 807
6 955 608 883 881 128 263
6 104 20 418 352 661 855
6 136 672 34 160 748 881
6 411 129 438 891 439 193
6 216 344 894 23 841 112
6 196 415 172 653 626 910
6 641 838 421 241 985 954
6 718 650 685 483 625 723
6 56 824 157 567 533 722
6 162 54 887 80 644 450
6 604 307 966 673 875 337
6 914 112 533 531 517 842
6 711 265 833 266 559 301
6 738 47 721 494 965 288
6 155 814 574 416 80 566
6 210 750 571 504 313 549
6 283 450 345 481 339 75
6 870 955 996 226 364 820
6 155 173 393 450 87 583
6 709 188 952 510 884 922
6 783 489 958 801 554 4
6 298 166 603 907 773 890
6 745 390 349 514 405 700
6 572 761 978 861 820 890
6 454 849 907 344 529 322
6 971 486 648 312 760 165
6 477 397 703 818 628 82
6 796 783 62 833 587 583
6 844 265 724 747 557 967
6 397 564 275 180 929 610
6 522 23 984 890 894 337
6 686 497 163 948 357 389
6 222 308 717 825 533 989
6 380 833 646 340 193 45
6 341 225 347 115 159 620
6 953 163 197 913 291 289
6 963 214 946 665 352 450
6 792 255 107 720 350 799
6 800 884 233 134 886 384
6 714 628 734 823 913 804
6 477 81 188 375 665 657
6 666 375 506 856 313 674
6 925 435 333 504 383 575
6 792 156 313 394 726 233
6 541 511 59 153 13 79
6 808 57 60 395 813 468
6 663 120 512 583 78 740
6 279 521 734 959 724 333
6 711 482 148 265 37 500
6 143 183 950 606 955 67
6 522 462 751 887 377 332
6 41 653 119 86 765 368
6 405 692 805 764 235 164
6 956 38 913 775 882 505
6 365 309 668 967 484 174
6 291 478 795 515 220 262
6 35 511 758 989 654 816
6 970 638 859 122 590 320
6 885 613 734 752 562 802
6 184 653 506 492 744 546
6 3 998 903 843 383 467
6 298 123 138 432 378 642
6 497 752 131 886 350 398
6 385 512 784 44 795 807
6 969 4 929 431 781 744
6 786 477 76 160 370 962
6 314 832 272 883 527 632
6 358 774 912 310 526 173
6 586 681 894 409 724 536
6 314 184 356 122 282 312
6 64 780 316 871 440 733
6 269 914 422 326 947 253
6 321 3 119 172 260 58
6 633 712 47 617 481 611
6 325 72 392 888 858 832
6 671 660 329 37 692 793
6 463 33 902 801 75 733
6 307 887 858 531 5 540
6 145 670 779 745 995 552
6 27 586 144 803 560 859
6 580 425 155 245 985 983
6 497 273 398 798 558 341
6 225 919 929 696 75 560
6 184 138 509 580 14 895
6 328 769 32 143 616 886
6 488 949 318 724 167 223
6 812 924 988 41 220 247
6 924 850 669 104 841 619
6 916 909 610 516 600 368
6 83 31 51 573 235 972
6 98 650 717 261 525 979
6 71 101 371 769 501 652
6 31 936 215 169 496 140
6 32 685 652 330 328 862
6 354 244 385 581 723 140
6 431 249 476 475 438 898
6 772 753 23 952 683 154
6 720 304 113 724 886 191
6 957 745 934 878 337 305
6 950 832 845 967 313 618
6 182 372 240 220 116 324
6 283 550 814 158 107 855
6 639 598 477 213 117 288
6 252 893 589 200 769 640
6 145 461 139 534 766 164
6 375 353 227 38 566 899
6 353 744 143 395 551 207
6 167 266 827 148 405 442
6 371 669 875 226 753 218
6 431 375 163 573 678 150
6 787 659 521 534 348 80
6 518 790 333 95 654 290
6 431 256 189 698 726 967
6 175 603 543 978 420 814
6 27 88 868 960 6 887
6 636 309 451 262 357 187
6 316 248 126 138 11 678
6 307 891 344 976 904 983
6 691 915 190 30 528 540
6 587 101 706 876 382 854
6 785 109 220 542 574 611
6 880 686 368 329 538 684
6 381 950 622 18 175 925
6 655 367 220 976 275 943
6 469 222 653 734 765 498
6 196 215 408 427 232 270
6 466 306 824 600 609 810
6 86 931 808 100 715 874
6 467 268 386 329 304 882
6 750 914 755 417 389 242
6 297 380 319 889 835 728
6 202 485 302 536 411 87
6 946 408 31 462 316 343
6 66 317 587 285 398 853
6 844 931 170 316 295 519
6 762 114 340 882 364 508
6 564 497 491 776 523 366
6 911 54 203 387 614 591
6 598 433 513 12 493 456
6 543 629 17 676 837 968
6 314 108 741 609 879 802
6 103 248 909 128 350 397
6 843 776 398 78 87 723
6 811 51 209 932 675 8
6 178 774 487 709 527 670
6 25 197 889 585 815 592
6 809 691 982 646 264 378
6 381 433 14 82 216 668
6 770 873 390 84 105 713
6 709 787 122 495 886 391
6 599 575 556 456 822 642
6 94 888 582 719 281 528
6 202 720 516 113 528 311
6 397 409 297 867 616 658
6 272 522 369 687 882 344
6 356 118 15 49 613 902
6 141 158 782 198 253 160
6 524 967 793 342 895 173
6 860 933 400 218 929 713
6 772 950 556 666 861 447
6 841 786 490 746 724 496
6 317 521 237 195 982 168
6 231 718 119 42 268 230
6 957 48 983 628 450 817
6 604 849 981 764 620 993
6 880 296 295 9 58 898
6 96 296 697 886 226 251
6 718 517 186 401 841 859
6 778 1 490 752 721 102
6 437 606 866 647 686 301
6 796 323 374 624 769 554
6 685 14 475 790 608 531
6 718 358 739 578 328 263
6 564 433 868 489 668 968
6 797 461 595 13 738 94
6 746 349 128 606 147 11
6 18 741 843 288 930 611
6 636 916 329 116 689 209
6 361 661 168 216 5 75
6 417 666 612 646 107 480
6 864 664 346 152 588 343
6 390 282 264 973 766 802
6 497 569 580 385 850 789
6 935 624 967 273 652 364
6 667 143 986 954 360 565
6 355 808 457 386 899 142
6 176 599 309 421 417 909
6 624 296 926 382 113 882
6 41 405 294 777 481 503
6 422 93 467 630 287 9
6 844 486 330 668 581 875
6 76 31 395 357 987 822
6 371 188 998 275 416 242
6 893 31 793 902 190 548
6 780 356 248 195 630 19
6 157 680 723 273 370 945
6 485 83 581 557 7 645
6 38 200 24 534 614 275
6 415 578 420 743 28 954
6 796 751 146 91 177 876
6 52 836 414 144 473 728
6 725 647 847 481 699 601
6 156 849 831 619 567 198
6 631 568 474 44 744 590
6 870 353 350 517 872 110
6 951 737 153 456 790 507
6 863 135 328 167 954 338
6 805 885 942 213 738 358
6 352 20 156 891 300 389
6 563 344 521 689 537 715
6 904 618 471 857 654 167
6 221 904 837 533 922 331
6 691 166 492 702 270 296
6 52 832 697 805 954 447
6 69 7 224 605 440 767
6 705 753 360 153 884 539
6 18 849 238 823 223 670
6 511 38 716 368 567 803
6 880 298 909 730 538 632
6 57 119 317 81 804 70
6 178 880 992 749 497 377
6 992 937 585 904 469 908
6 516 383 83 752 531 230
6 701 628 985 764 720 525
6 276 806 491 226 279 167
6 434 833 692 579 672 757
6 712 628 45 279 650 301
6 200 547 525 894 674 150
6 347 936 624 747 125 912
6 44 64 89 755 650 567
6 811 143 905 492 735 256
6 175 27 942 659 443 174
6 437 952 637 386 78 588
6 451 200 198 242 889 75
6 555 781 220 432 761 815
6 841 762 335 600 757 194
6 376 46 726 465 360 614
6 494 752 359 152 549 810
6 347 830 517 676 304 562
6 975 672 282 273 435 700
6 284 737 291 589 363 80
6 231 159 908 345 869 305
6 877 780 745 878 418 419
6 783 666 746 330 537 11
6 358 299 602 378 962 874
6 868 41 751 904 765 317
6 690 181 417 634 154 947
6 183 143 907 808 223 468
6 679 594 486 709 878 167
6 656 141 944 170 701 165
6 662 543 18 804 731 536
6 907 543 325 837 285 820
6 607 785 67 670 775 968
6 434 47 11 533 444 132
6 388 83 558 107 635 250
6 321 757 984 141 268 263
6 470 729 628 237 487 601
6 155 374 190 639 358 596
6 656 92 519 730 106 503
6 73 648 226 754 320 458
6 883 850 471 80 83 106
6 162 59 836 580 988 744
6 679 210 985 241 505 212
6 334 944 668 854 258 292
6 353 277 124 98 187 729
6 888 568 800 747 261 560
6 351 139 55 103 905 973
6 469 625 525 736 562 596
6 759 323 406 318 984 468
6 925 511 435 479 788 484
6 524 637 719 302 574 105
6 228 369 859 301 814 366
6 942 119 687 157 754 919
6 975 754 376 77 650 389
6 465 390 585 821 991 520
6 474 929 877 694 984 247
6 156 582 352 325 909 128
6 188 212 114 601 757 382
6 764 727 435 614 342 674
6 18 774 958 432 735 537
6 371 740 861 65 668 239
6 455 149 260 198 548 391
6 211 435 334 869 735 288
6 691 786 849 704 139 319
6 783 183 814 765 86 107
6 455 69 184 686 742 847
6 295 823 396 443 152 715
6 687 918 447 7 896 160
6 199 506 694 877 602 227
6 18 612 169 804 872 541
6 170 484 103 143 821 728
6 321 812 106 538 213 61
6 321 171 993 168 41 393
6 179 379 440 588 9 910
6 367 156 265 559 944 15
6 407 283 644 169 480 412
6 692 212 736 931 551 389
6 361 492 830 859 287 731
6 762 660 1000 562 930 646
6 511 209 56 768 602 982
6 66 350 639 99 295 481
6 727 469 322 553 262 468
6 183 434 845 345 454 369
6 353 597 747 618 289 991
6 662 293 546 247 674 288
6 870 297 565 993 152 502
6 293 843 127 490 475 603
6 297 585 717 279 229 720
6 136 325 15 712 357 86
6 15 513 492 205 464 751
6 284 527 978 551 615 938
6 162 749 742 696 73 911
6 850 356 486 753 99 382
6 374 236 96 375 255 967
6 539 691 808 338 815 952
6 321 356 456 971 581 733
6 868 706 139 742 612 548
6 922 713 701 45 344 364
6 282 64 980 949 576 590
6 915 413 629 115 316 133
6 679 406 781 363 304 256
6 433 592 226 518 896 468
6 564 575 931 173 124 732
6 550 153 967 628 908 288
6 679 599 322 504 645 207
6 936 839 190 818 105 798
6 376 494 994 418 501 972
6 636 145 901 850 782 8
6 833 44 768 573 754 395
6 564 293 852 449 512 882
6 573 345 444 851 28 683
6 612 78 351 350 377 58
6 141 951 356 864 629 349
6 349 663 42 648 203 287
6 98 785 595 460 617 539
6 265 17 226 616 312 596
6 893 871 396 490 338 502
6 329 241 216 629 540 473
6 22 711 356 993 562 967
6 139 325 532 845 216 280
6 225 836 637 707 182 92
6 759 610 95 183 989 834
6 88 588 107 546 268 791
6 586 296 34 926 450 728
6 69 843 122 336 400 951
6 407 210 876 682 572 44
6 346 524 215 684 763 615
6 23 784 318 990 163 281
6 809 211 491 660 44 973
6 483 432 325 411 296 478
6 796 480 412 578 976 460
6 319 30 201 32 460 910
6 691 688 699 203 326 822
6 636 20 794 111 530 810
6 671 624 793 743 948 574
6 697 124 342 602 694 540
6 425 624 720 911 614 545
6 248 770 107 414 207 609
6 571 887 411 743 828 737
6 123 819 48 550 608 302
6 842 340 459 313 902 560
6 550 88 318 885 375 732
6 866 707 299 684 554 113
6 294 628 740 233 858 838
6 742 701 248 135 658 110
6 182 916 773 115 851 332
6 211 205 884 257 605 954
6 463 695 333 334 825 841
6 73 441 755 532 375 543
6 243 597 265 567 699 238
6 571 680 876 989 765 142
6 257 742 630 568 923 590
6 413 833 96 929 12 795
6 854 377 495 594 459 652
6 660 538 171 137 260 239
6 171 116 303 896 16 505
6 249 334 295 383 82 835
6 399 669 1000 621 668 570
6 420 469 48 66 851 332
6 915 709 797 677 557 493
6 4 151 585 310 994 258
6 291 3 743 233 350 87
6 604 747 616 86 19 478
6 916 196 399 966 559 480
6 103 942 738 882 793 716
6 932 461 780 660 946 894
6 315 1 842 207 703 26
6 561 922 904 855 262 906
6 27 716 423 315 594 699
6 774 433 111 344 82 728
6 558 94 861 526 144 453
6 77 907 151 107 908 82
6 33 585 153 42 331 945
6 626 259 878 201 289 892
6 599 89 73 732 396 810
6 424 712 607 793 487 395
6 184 232 580 381 259 591
6 511 524 340 551 226 562
6 582 832 287 316 97 684
6 914 334 565 510 242 984
6 504 565 708 576 258 58
6 12 711 424 51 332 389
6 469 627 335 502 508 450
6 582 196 106 416 186 80
6 20 294 557 411 626 442
6 662 6 268 105 545 733
6 437 301 22 130 802 701
6 832 60 869 771 878 174
6 435 109 172 985 951 257
6 524 285 184 882 360 468
6 276 358 388 98 574 820
6 156 413 981 917 281 897
6 656 6 641 133 490 896
6 513 543 428 374 310 311
6 339 493 983 572 537 552
6 561 321 750 581 73 566
6 461 504 159 885 991 702
6 108 41 778 183 544 945
6 819 865 539 949 322 333
6 598 477 96 937 31 59
6 317 779 5 95 12 137
6 880 469 474 63 611 244
6 224 90 929 920 137 979
6 914 222 153 928 332 715
6 365 461 599 55 993 453
6 399 358 738 646 131 494
6 172 674 509 709 802 766
6 315 408 476 62 661 723
6 425 95 846 554 987 92
6 992 266 911 764 622 378
6 18 192 518 955 668 384
6 278 380 607 934 193 468
6 76 266 392 613 332 822
6 431 88 875 56 46 458
6 719 212 883 75 991 682
6 727 610 378 559 665 501
6 21 313 967 706 887 476
6 438 852 844 111 471 757
6 41 261 356 369 529 39
6 298 727 585 335 340 141
6 948 358 464 180 724 264
6 522 673 773 927 536 378
6 949 507 359 847 806 394
6 499 346 438 285 730 572
6 421 849 955 151 124 807
6 416 114 669 977 546 67
6 647 705 677 813 239 305
6 513 524 501 723 331 611
6 707 777 833 804 94 684
6 33 20 84 405 457 828
6 550 120 612 370 77 766
6 394 841 532 943 349 87
6 672 57 966 866 315 453
6 924 171 948 999 54 6
6 727 71 873 114 390 292
6 477 981 571 144 875 247
6 768 356 255 313 967 882
6 128 244 50 97 327 460
6 905 282 671 246 358 668
6 272 686 571 672 705 45
6 825 544 935 322 600 573
6 441 926 980 53 822 10
6 812 800 352 871 384 316
6 52 408 758 507 430 19
6 809 806 685 29 780 973
6 870 914 555 502 821 79
6 860 96 764 438 760 743
6 269 498 221 4 124 165
6 555 504 63 361 685 681
6 89 176 273 1000 187 349
6 866 685 688 909 4 342
6 659 572 81 985 526 898
6 269 823 837 444 472 874
6 809 325 469 770 730 918
6 252 273 438 889 842 748
6 220 59 313 938 482 822
6 669 39 971 219 644 484
6 215 667 743 70 575 191
6 555 905 720 317 950 739
6 465 626 616 13 723 256
6 431 852 934 392 67 664
6 524 937 660 747 529 82
6 406 112 139 283 328 984
6 893 184 670 375 887 237
6 773 243 63 655 499 813
6 243 936 168 973 230 446
6 28 108 173 316 44 421
6 68 35 411 830 676 829
6 21 783 650 491 787 683
6 356 787 322 90 619 911
6 54 578 686 998 475 540
6 356 601 277 141 638 409
6 821 878 474 306 563 867
6 808 857 784 227 487 344
6 197 240 449 194 47 492
6 668 442 798 251 158 611
6 692 929 210 664 623 807
6 606 982 130 313 981 102
6 772 231 405 951 905 214
6 243 228 612 421 254 253
6 321 257 696 207 447 642
6 918 213 66 313 748 816
6 572 30 297 128 370 560
6 231 961 273 430 956 609
6 980 946 274 237 124 803
6 792 428 306 986 829 82
6 41 153 526 810 134 320
6 119 936 971 762 966 735
6 496 362 10 722 994 105
6 783 63 420 547 583 328
6 852 144 289 471 482 591
6 836 838 878 98 207 645
6 373 669 201 483 340 364
6 375 231 780 488 412 763
6 172 931 349 715 696 890
6 737 730 375 391 503 995
6 622 123 942 48 747 658
6 199 196 38 13 141 5
6 656 309 452 759 80 289
6 291 42 888 478 253 713
6 964 709 127 529 687 169
6 662 30 606 384 894 595
6 598 121 632 531 278 658
6 134 863 203 313 47 278
6 656 118 936 255 888 845
6 582 751 639 56 495 288
6 424 707 32 81 578 972
6 184 131 138 616 304 160
6 96 587 953 796 995 158
6 156 841 239 75 855 541
6 301 884 261 985 111 802
6 925 990 649 108 520 242
6 977 127 168 205 562 962
6 211 776 299 616 995 378
6 561 21 129 496 139 505
6 561 649 206 336 476 164
6 778 470 537 762 375 227
6 428 805 472 403 510 448
6 841 513 192 735 554 584
6 856 509 423 830 747 876
6 639 218 873 717 854 875
6 90 569 705 287 181 165
6 942 711 542 959 339 140
6 857 62 61 494 578 247
6 780 718 385 476 528 611
6 382 582 215 886 548 342
6 800 940 648 279 621 160
6 786 186 157 934 482 728
6 914 410 752 244 520 150
6 594 347 367 202 918 856
6 427 509 633 317 703 70
6 441 160 238 879 858 412
6 40 283 317 418 457 223
6 488 632 524 908 147 882
6 200 477 875 6 467 640
6 362 435 246 190 973 59
6 915 812 35 722 346 26
6 687 401 676 953 923 840
6 276 425 602 416 981 232
6 532 998 81 632 492 230
6 437 709 396 821 614 447
6 386 222 117 443 216 503
6 966 521 1000 235 267 281
6 365 232 354 626 508 979
6 284 441 935 472 137 982
6 217 764 740 118 174 487
6 276 903 109 853 338 503
6 973 208 729 624 484 320
6 163 475 487 553 329 218
6 819 563 60 710 258 436
6 352 83 93 7 652 602
6 215 66 967 826 337 239
6 937 104 31 129 37 856
6 783 80 611 207 696 923
6 873 509 120 501 895 498
6 129 627 26 391 51 652
6 628 857 805 734 552 436
6 660 847 614 850 442 253
6 558 707 845 210 37 300
6 919 916 412 791 596 436
6 274 449 115 754 740 890
6 266 127 550 556 926 389
6 550 344 696 6 94 890
6 666 950 121 59 285 158
6 346 894 677 840 32 165
6 211 773 577 966 471 962
6 561 361 672 401 753 652
6 569 414 68 402 86 164
6 790 330 257 444 673 439
6 622 252 244 119 565 112
6 269 417 334 187 194 133
6 306 228 398 835 411 320
6 437 729 884 278 621 867
6 800 347 264 415 519 615
6 186 532 467 257 548 253
6 455 639 279 417 62 863
6 188 196 888 639 37 291
6 248 735 940 256 223 799
6 589 779 404 436 322 44
6 497 105 240 233 965 174
6 839 424 535 25 487 133
6 83 908 337 51 391 165
6 794 745 353 180 972 840
6 358 81 259 137 565 802
6 950 619 476 601 286 281
6 893 903 471 622 910 26
6 477 225 351 832 730 360
6 470 742 907 456 402 500
6 153 627 259 648 140 482
6 49 510 667 316 337 789
6 855 578 659 797 650 973
6 997 866 532 384 223 789
6 209 778 848 24 609 703
6 147 530 43 655 527 396
6 522 629 607 206 722 442
6 455 846 672 267 826 8
6 344 843 319 291 240 65
6 582 487 457 13 458 910
6 238 359 336 206 254 473
6 48 126 509 490 889 116
6 184 280 206 904 448 592
6 400 586 680 60 202 132
6 719 655 54 702 804 78
6 568 865 907 686 895 732
6 183 384 532 853 739 259
6 413 41 949 724 396 541
6 443 396 481 280 259 799
6 522 800 333 918 134 102
6 905 974 486 72 884 202
6 60 99 525 4 611 193
6 30 472 730 737 454 898
6 413 59 399 46 866 645
6 374 652 55 364 78 393
6 511 764 402 521 701 164
6 561 662 833 482 535 87
6 404 828 436 685 79 484
6 936 274 801 813 531 26
6 528 609 823 182 861 8
6 633 527 863 687 303 834
6 825 397 135 805 871 396
6 306 588 966 899 694 548
6 309 515 626 205 360 419
6 306 323 825 711 129 516
6 778 565 462 661 597 473
6 293 181 649 865 754 305
6 53 538 103 202 274 370
6 499 925 291 960 591 840
6 231 836 35 504 121 829
6 580 439 849 771 922 657
6 935 151 786 714 440 290
6 527 703 699 260 831 552
6 889 621 918 197 694 619
6 729 600 734 771 482 281
6 201 330 766 316 65 922
6 710 386 918 910 753 621
6 283 971 751 7 823 280
6 497 462 820 62 596 110
6 60 826 332 851 107 803
6 215 980 808 256 578 531
6 588 729 639 144 320 789
6 55 831 730 565 432 263
6 839 373 28 151 419 713
6 564 315 18 814 348 338
6 440 759 693 170 826 799
6 325 969 417 202 714 163
6 41 318 587 940 167 453
6 1 252 827 667 609 766
6 176 747 38 530 496 755
6 956 701 433 352 15 508
6 348 821 297 875 2 733
6 222 22 941 118 11 440
6 524 210 646 898 804 378
6 250 882 576 954 481 320
6 335 397 329 632 789 480
6 212 130 400 151 429 965
6 243 398 113 436 42 481
6 589 751 726 841 745 724
6 431 506 340 6 329 615
6 538 30 114 806 581 359
6 347 578 646 620 470 663
6 114 96 270 557 813 292
6 983 418 984 806 842 258
6 857 342 245 151 684 874
6 779 915 956 141 575 319
6 948 776 959 223 219 816
6 751 844 932 742 190 653
6 465 981 879 973 502 542
6 83 333 351 908 842 313
6 518 499 665 734 387 862
6 582 865 857 705 16 239
6 269 952 861 538 241 653
6 246 680 726 112 945 807
6 254 50 537 617 602 748
6 47 545 202 817 118 62
6 298 806 674 479 811 538
6 52 274 29 887 180 515
6 367 543 117 351 217 872
6 571 510 268 138 124 601
6 421 770 914 724 233 541
6 390 518 592 444 865 878
6 762 778 222 467 161 923
6 941 933 743 802 716 721
6 774 103 383 117 482 174
6 104 197 428 653 986 142
6 385 965 723 13 822 165
6 634 24 860 984 78 890
6 846 53 108 390 224 866
6 136 795 630 13 217 922
6 718 839 217 547 173 378
6 984 996 660 235 899 962
6 555 665 817 967 663 253
6 936 334 390 538 447 593
6 41 812 298 781 863 999
6 109 849 951 281 260 934
6 347 184 963 672 247 443
6 726 826 139 229 268 439
6 1 716 671 282 377 402
6 872 576 354 979 890 540
6 334 456 466 609 887 480
6 136 989 518 963 421 100
6 66 629 791 320 173 207
6 893 252 431 436 855 387
6 265 917 221 426 531 219
6 89 811 372 981 26 540
6 89 932 529 39 245 815
6 316 398 89 897 775 303
6 434 964 21 62 371 983
6 277 433 605 105 260 799
6 66 846 1000 826 87 896
6 852 444 260 185 920 53
6 371 277 955 750 899 227
6 470 863 736 879 898 645
6 698 830 234 320 149 514
6 980 226 390 472 393 503
6 949 759 361 930 44 859
6 970 737 909 357 567 515
6 646 785 861 957 295 763
6 166 315 736 471 2 892
6 943 12 267 801 993 858
6 639 623 390 318 112 436
6 653 745 445 91 556 530
6 858 35 406 704 615 816
6 365 333 108 308 287 857
6 73 868 404 524 489 579
6 753 356 380 878 164 271
6 925 866 487 911 149 85
6 344 123 836 280 440 910
6 870 128 373 801 234 476
6 477 936 641 746 478 698
6 118 926 334 265 924 102
6 211 156 485 249 533 131
6 633 662 458 801 525 134
6 781 353 783 31 187 124
6 188 129 323 256 508 890
6 536 920 918 462 227 898
6 225 415 295 854 617 875
6 467 28 30 872 250 484
6 96 478 748 262 450 295
6 956 945 436 973 566 962
6 961 31 781 104 516 142
6 564 25 147 628 493 807
6 636 975 742 369 149 549
6 33 680 43 905 117 389
6 166 197 422 54 111 735
6 963 465 414 607 664 904
6 31 693 18 650 574 603
6 297 192 661 998 838 300
6 96 327 372 186 495 419
6 686 836 67 523 591 2
6 199 64 82 369 368 116
6 313 937 487 127 617 418
6 942 475 337 852 464 12
6 759 527 31 924 807 822
6 781 427 751 230 10 700
6 522 510 408 65 90 542
6 145 160 805 554 613 799
6 832 837 610 82 377 566
6 40 741 296 395 97 862
6 606 371 532 751 694 168
6 342 635 254 881 922 503
6 24 112 166 334 287 943
6 975 871 854 521 67 967
6 564 686 74 186 795 203
6 819 786 436 673 519 377
6 145 631 729 750 373 450
6 975 249 400 655 502 785
6 953 914 283 6 597 519
6 599 742 84 769 959 615
6 467 770 246 16 947 479
6 868 586 914 601 301 947
6 522 856 887 824 432 445
6 942 568 257 761 106 602
6 915 517 935 209 575 722
6 293 959 924 700 995 728
6 71 38 556 416 519 154
6 649 205 849 176 318 815
6 457 618 595 771 574 366
6 587 184 201 279 877 142
6 414 98 993 546 972 923
6 985 639 752 743 699 972
6 561 401 768 249 920 94
6 399 39 979 120 245 5
6 41 282 55 575 111 592
6 125 354 977 396 357 289
6 11 153 811 275 986 814
6 547 299 37 567 723 473
6 944 832 335 193 250 551
6 282 677 797 42 639 338
6 179 704 844 979 360 217
6 747 121 638 676 15 567
6 997 464 220 339 531 191
6 858 974 510 852 899 503
6 390 240 192 681 875 931
6 276 449 100 66 670 105
6 631 146 653 818 744 326
6 36 584 348 884 198 872
6 599 530 383 488 632 142
6 211 506 119 163 798 684
6 927 413 38 294 385 19
6 640 28 947 418 472 539
6 721 569 163 867 239 728
6 245 440 665 370 286 396
6 353 917 921 856 173 61
6 955 953 139 444 626 847
6 398 649 418 216 535 82
6 392 660 373 435 791 630
6 800 340 172 889 891 100
6 842 77 926 999 202 378
6 643 188 556 559 603 987
6 718 644 758 363 784 4
6 841 83 240 933 658 947
6 233 186 891 227 106 158
6 636 902 827 570 242 673
6 893 749 235 913 227 810
6 98 120 89 443 114 454
6 932 738 451 473 372 840
6 397 440 303 187 878 230
6 778 826 192 525 34 180
6 95 446 764 140 540 253
6 888 256 77 981 639 60
6 833 341 699 757 296 938
6 725 421 545 585 206 645
6 992 378 429 430 459 807
6 435 351 262 577 254 861
6 176 569 628 398 549 617
6 408 441 296 528 473 537
6 315 547 105 987 483 897
6 659 825 212 914 318 747
6 269 210 981 274 51 75
6 427 54 91 972 810 541
6 314 123 610 353 632 370
6 931 97 966 7 615 292
6 224 535 375 784 585 158
6 691 698 207 917 72 657
6 884 997 957 753 721 198
6 868 883 267 872 658 882
6 425 769 155 641 694 560
6 205 751 421 182 643 290
6 868 888 129 6 44 592
6 397 17 647 770 544 285
6 376 362 729 876 557 82
6 284 911 725 5 515 803
6 543 232 256 653 610 994
6 915 691 220 81 227 254
6 373 298 257 659 565 396
6 757 485 568 387 132 775
6 734 35 529 380 923 743
6 582 935 88 200 83 50
6 365 129 723 688 634 995
6 413 462 597 22 602 201
6 243 376 511 744 655 182
6 299 298 992 837 32 520
6 376 428 724 830 649 11
6 377 141 578 977 193 807
6 864 185 451 738 398 847
6 170 146 44 787 989 300
6 469 470 274 660 262 755
6 114 857 842 392 238 140
6 589 399 653 53 264 645
6 774 277 341 95 411 343
6 866 459 90 258 947 678
6 606 884 683 403 791 391
6 691 212 90 875 755 386
6 727 622 279 976 545 405
6 361 474 387 149 743 785
6 176 990 265 291 581 763
6 924 871 634 883 744 878
6 513 382 520 447 803 493
6 276 751 506 335 749 165
6 758 773 210 496 54 657
6 221 710 148 838 480 102
6 139 388 832 674 322 945
6 718 580 173 900 450 816
6 98 504 130 855 241 661
6 307 697 214 616 460 890
6 793 752 341 318 15 807
6 39 913 34 28 704 603
6 639 146 817 325 164 198
6 870 162 655 869 878 657
6 485 348 398 115 791 312
6 156 832 989 837 875 480
6 774 950 639 873 527 945
6 561 83 400 814 930 892
6 183 901 860 257 548 194
6 421 273 755 688 906 258
6 48 970 671 569 171 965
6 421 402 341 224 700 977
6 975 25 9 674 820 468
6 46 203 197 957 689 591
6 362 785 401 299 1000 102
6 325 869 415 863 537 468
6 88 971 905 578 29 791
6 31 81 329 128 436 673
6 425 199 347 426 774 480
6 750 220 411 688 355 29
6 35 517 115 540 378 331
6 52 43 585 582 160 384
6 561 914 605 300 23 32
6 772 384 295 810 32 723
6 926 594 131 273 856 473
6 415 492 4 134 803 110
6 380 731 608 482 420 223
6 779 296 390 920 409 102
6 298 246 949 917 363 897
6 330 376 211 924 981 197
6 511 156 360 195 663 850
6 992 15 120 838 881 566
6 18 127 447 395 286 144
6 20 901 784 855 408 972
6 772 912 867 748 426 857
6 339 912 849 444 743 685
6 455 155 865 66 285 822
6 727 51 295 755 717 910
6 252 695 436 13 887 822
6 821 750 669 31 978 161
6 463 491 490 918 998 494
6 474 313 122 720 405 429
6 40 997 114 950 759 180
6 120 507 277 395 899 158
6 975 526 67 275 111 814
6 217 689 748 194 905 658
6 876 742 724 446 394 642
6 604 132 900 671 66 988
6 679 516 576 364 862 102
6 754 59 651 204 299 32
6 46 703 675 801 972 548
6 647 323 358 671 985 67
6 314 374 931 475 920 528
6 955 416 508 596 625 650
6 530 614 988 744 651 728
6 745 711 18 49 790 331
6 929 452 482 416 821 185
6 483 688 32 810 590 251
6 96 187 752 478 12 245
6 606 304 171 493 855 857
6 884 974 910 982 442 620
6 162 469 317 651 443 847
6 463 489 769 978 750 514
6 201 467 301 395 546 167
6 915 927 464 466 847 977
6 48 269 273 326 556 382
6 153 342 933 626 538 366
6 510 667 742 340 164 74
6 437 272 774 234 600 75
6 936 401 770 672 501 423
6 155 89 778 621 509 523
6 392 348 665 933 423 840
6 935 197 294 111 42 237
6 690 69 986 820 125 357
6 773 317 238 204 153 291
6 323 184 336 849 603 990
6 511 390 382 111 384 664
6 374 306 585 765 158 947
6 246 266 32 335 447 15
6 499 710 103 241 584 534
6 646 699 907 708 227 239
6 969 38 510 867 806 886
6 136 347 597 309 450 235
6 963 170 762 208 97 140
6 971 828 2 210 683 393
6 277 659 265 841 122 421
6 652 199 999 1000 803 167
6 809 917 698 43 301 947
6 783 264 414 653 457 766
6 455 644 11 163 116 254
6 231 338 73 106 785 419
6 915 610 980 100 810 290
6 974 685 55 452 492 810
6 941 33 12 362 214 165
6 808 380 797 262 290 58
6 414 433 341 115 804 976
6 788 752 686 168 619 747
6 952 927 450 815 897 468
6 812 98 72 323 220 920
6 561 451 485 90 476 991
6 531 659 237 149 320 26
6 29 462 391 360 684 923
6 888 88 718 794 180 602
6 451 379 369 745 54 540
6 437 499 792 432 333 384
6 992 103 93 811 743 803
6 358 748 606 896 542 663
6 241 17 361 417 32 619
6 649 928 949 717 723 696
6 413 394 185 369 925 436
6 40 266 212 291 405 154
6 942 266 871 638 244 99
6 361 235 44 595 677 910
6 638 648 201 133 102 834
6 724 375 467 590 670 720
6 424 63 719 51 991 144
6 361 249 331 716 340 578
6 425 833 529 736 740 960
6 563 937 139 140 616 661
6 659 892 625 643 785 520
6 942 833 690 955 451 357
6 252 770 693 800 55 827
6 474 190 472 595 142 684
6 686 580 745 476 545 829
6 17 963 465 78 471 491
6 407 469 30 49 457 954
6 314 511 888 274 341 488
6 181 609 563 182 190 468
6 685 375 629 494 761 152
6 485 800 781 41 381 519
6 870 875 171 366 566 378
6 391 597 757 663 930 253
6 172 422 218 608 514 994
6 974 776 310 433 791 835
6 543 474 461 722 710 906
6 356 192 21 557 394 536
6 388 372 953 831 370 389
6 321 162 18 504 283 750
6 236 143 821 628 528 684
6 23 638 677 723 909 645
6 121 793 983 193 623 165
6 677 773 871 742 213 311
6 839 179 92 999 841 258
6 674 380 519 335 967 701
6 914 794 675 240 43 253
6 575 849 414 106 976 965
6 839 664 268 775 450 536
6 215 959 355 618 500 879
6 255 633 362 559 82 258
6 343 347 14 987 789 468
6 683 519 401 195 588 570
6 139 758 178 695 668 973
6 405 358 88 64 869 489
6 736 46 287 171 495 570
6 225 392 592 64 86 133
6 649 355 128 735 613 771
6 870 868 162 988 993 197
6 980 282 67 113 187 699
6 606 750 955 103 828 576
6 518 417 862 945 191 94
6 313 201 83 652 206 360
6 437 89 742 640 988 442
6 511 330 925 481 348 757
6 103 461 680 973 8 910
6 84 52 579 93 422 931
6 812 830 5 475 402 445
6 797 431 705 987 476 782
6 868 585 651 553 368 142
6 231 248 725 995 360 460
6 936 75 420 730 848 34
6 314 641 358 413 344 661
6 796 33 423 586 515 253
6 915 639 981 643 29 892
6 916 461 361 108 117 452
6 477 580 141 108 576 906
6 293 269 511 965 336 191
6 365 499 489 720 332 251
6 550 456 275 851 500 947
6 681 499 384 224 835 106
6 309 354 950 529 814 402
6 293 970 670 61 723 320
6 83 819 393 922 218 174
6 33 296 711 318 731 244
6 411 431 496 435 808 762
6 800 307 210 171 807 258
6 764 117 692 363 46 54
6 809 485 200 961 529 171
6 406 365 693 402 312 502
6 294 770 236 432 109 908
6 662 143 777 823 816 389
6 214 659 637 241 771 177
6 524 407 245 646 555 349
6 516 692 411 677 377 363
6 126 788 971 509 677 910
6 873 917 547 282 478 171
6 912 178 507 405 403 366
6 974 56 245 465 12 237
6 3 401 854 312 576 185
6 836 935 984 757 226 480
6 870 844 356 118 114 76
6 38 585 578 755 262 734
6 293 155 291 996 448 278
6 210 680 790 787 540 874
6 280 917 306 226 338 739
6 148 774 172 213 591 573
6 462 974 932 872 36 481
6 501 365 265 383 558 120
6 692 291 278 761 132 540
6 268 160 120 766 438 227
6 599 738 675 295 134 694
6 908 457 319 919 100 763
6 622 568 723 378 847 654
6 518 425 148 893 531 167
6 249 77 421 773 801 566
6 296 772 958 157 194 223
6 405 724 379 689 152 876
6 22 467 221 462 31 887
6 365 245 532 998 131 44
6 746 463 362 522 904 322
6 358 469 594 655 352 850
6 662 469 646 532 435 481
6 915 608 516 909 562 590
6 774 138 458 641 530 308
6 273 929 451 447 209 856
6 263 91 249 159 378 14
6 376 86 543 909 294 878
6 362 911 121 913 993 417
6 959 958 98 625 538 167
6 455 49 308 754 919 899
6 413 828 171 93 379 450
6 77 745 572 45 823 152
6 671 114 667 765 316 619
6 118 400 685 68 13 26
6 809 985 959 103 164 654
6 212 432 685 602 548 487
6 323 77 201 74 611 258
6 800 686 792 639 530 898
6 997 790 362 579 572 763
6 211 190 738 382 396 834
6 578 400 393 167 716 349
6 761 289 984 117 583 219
6 661 133 152 240 700 280
6 939 750 637 397 591 799
6 690 783 930 945 785 502
6 406 931 696 521 995 191
6 252 213 431 11 921 419
6 936 516 474 515 281 258
6 746 238 87 417 422 251
6 970 750 96 934 802 723
6 800 967 931 811 382 841
6 569 592 494 500 694 378
6 269 825 983 909 525 410
6 333 562 752 336 285 191
6 506 382 465 360 279 475
6 112 297 422 567 739 460
6 631 820 661 755 510 560
6 715 3 72 11 540 591
6 215 930 532 53 548 250
6 407 800 858 388 187 254
6 277 91 213 767 130 19
6 511 307 712 896 755 237
6 636 346 97 95 151 460
6 246 59 794 826 80 330
6 401 220 213 205 446 802
6 183 571 347 630 440 872
6 96 109 873 762 169 682
6 564 825 935 229 159 831
6 64 472 613 856 892 540
6 868 517 832 67 250 862
6 407 346 999 682 251 227
6 211 284 232 42 618 583
6 928 637 659 321 155 122
6 222 772 505 471 389 8
6 537 60 391 9 468 947
6 543 772 55 196 235 193
6 111 920 345 166 908 854
6 846 485 659 54 366 389
6 772 659 84 297 97 574
6 832 963 295 352 496 65
6 294 742 114 530 934 736
6 276 283 958 730 652 442
6 679 637 770 277 971 383
6 277 472 24 479 620 923
6 779 750 404 181 973 250
6 126 764 551 496 805 700
6 903 778 196 934 699 82
6 532 823 30 384 855 253
6 705 777 606 138 785 756
6 870 273 511 208 268 596
6 911 162 519 153 458 290
6 182 363 21 285 785 133
6 587 556 76 409 849 605
6 53 539 488 881 241 643
6 563 609 943 439 761 207
6 691 321 363 958 630 814
6 535 101 649 751 343 748
6 759 477 569 605 702 897
6 825 264 650 322 79 288
6 980 860 913 114 988 240
6 809 784 97 279 673 164
6 131 519 173 267 107 436
6 315 627 933 476 514 810
6 284 783 17 629 223 896
6 573 353 122 439 418 32
6 698 944 677 113 207 165
6 562 734 241 46 545 360
6 224 367 388 180 824 740
6 418 166 621 462 395 378
6 832 451 435 359 593 442
6 706 698 344 402 853 541
6 659 359 641 420 617 303
6 852 462 496 310 643 140
6 636 730 955 433 297 343
6 54 48 546 297 954 253
6 671 846 70 438 378 822
6 568 318 496 180 909 617
6 512 718 310 496 391 127
6 333 283 567 31 666 583
6 811 387 353 464 297 590
6 604 507 350 861 158 230
6 472 702 929 576 525 326
6 779 317 508 573 253 541
6 750 599 891 458 807 389
6 703 224 753 721 996 25
6 704 416 429 618 117 802
6 151 690 464 153 597 389
6 936 955 957 317 282 263
6 808 925 499 556 896 490
6 750 670 365 886 261 389
6 217 778 692 706 882 520
6 762 310 76 476 721 360
6 306 21 997 467 312 82
6 44 176 241 775 462 674
6 3 11 743 829 195 834
6 915 373 707 500 165 99
6 505 662 586 202 152 242
6 406 44 991 614 285 473
6 145 175 216 918 223 898
6 50 781 729 446 239 913
6 497 380 336 932 613 615
6 114 225 11 740 93 319
6 975 870 680 821 95 444
6 718 481 447 342 820 412
6 774 925 845 961 302 403
6 441 499 141 204 714 909
6 21 27 741 543 744 311
6 434 741 113 419 541 328
6 178 725 68 370 922 906
6 79 274 375 411 15 899
6 796 69 474 466 897 230
6 231 867 488 238 896 521
6 511 529 49 592 447 117
6 352 946 186 899 722 446
6 276 139 96 475 746 349
6 833 668 957 866 137 150
6 354 784 421 555 608 244
6 276 992 235 317 838 117
6 838 977 285 398 502 320
6 107 532 706 336 530 976
6 333 479 706 73 426 310
6 534 335 352 582 31 203
6 315 177 271 221 168 897
6 485 182 409 569 757 133
6 918 660 605 760 285 735
6 302 34 516 526 576 886
6 406 595 721 393 837 285
6 306 48 507 291 828 396
6 526 573 657 973 267 338
6 511 599 595 483 494 254
6 399 901 644 814 4 965
6 149 669 885 722 310 326
6 485 249 38 114 581 75
6 599 755 641 702 130 102
6 915 764 743 776 209 995
6 718 307 746 62 383 132
6 176 157 734 848 838 620
6 437 497 171 508 895 540
6 199 888 725 730 607 978
6 476 60 509 673 294 150
6 836 456 405 677 931 802
6 919 222 201 439 755 468
6 939 321 770 32 967 377
6 17 169 346 978 205 289
6 178 40 638 405 660 763
6 495 13 913 622 948 160
6 431 893 702 427 617 25
6 314 455 580 911 872 848
6 356 298 534 587 674 313
6 69 939 201 403 51 102
6 893 752 105 525 771 237
6 284 429 578 753 322 75
6 373 507 59 974 181 168
6 511 173 331 127 518 902
6 246 371 330 336 316 665
6 309 538 757 635 98 150
6 499 824 230 653 533 207
6 314 211 707 801 855 523
6 556 562 449 444 635 378
6 659 17 20 508 815 560
6 691 562 764 585 297 319
6 714 39 999 525 865 446
6 68 755 296 359 919 61
6 121 915 417 216 93 755
6 823 992 398 198 502 754
6 284 156 673 229 787 813
6 508 97 817 349 502 642
6 298 266 236 640 102 728
6 716 34 749 296 217 820
6 33 477 918 393 250 242
6 863 131 759 572 402 187
6 974 422 841 207 264 632
6 36 634 901 747 890 503
6 507 104 614 793 857 854
6 228 441 586 885 98 584
6 864 770 843 228 167 715
6 89 249 208 546 804 501
6 936 741 823 625 883 642
6 192 449 622 340 840 700
6 846 373 646 114 206 983
6 136 298 119 396 157 259
6 347 199 737 984 7 775
6 949 123 587 413 638 44
6 981 627 867 765 396 623
6 915 20 527 205 112 391
6 353 978 665 889 535 500
6 866 663 768 701 319 859
6 529 915 987 722 141 835
6 89 916 867 92 349 545
6 847 908 820 855 75 962
6 441 252 863 287 530 922
6 309 722 685 295 640 174
6 477 667 81 911 388 728
6 604 200 878 163 342 678
6 656 647 466 223 654 402
6 427 358 409 971 458 227
6 553 485 325 608 977 191
6 463 175 790 865 97 264
6 695 163 714 484 384 732
6 463 925 246 148 589 558
6 228 536 661 849 267 230
6 40 38 90 380 490 898
6 880 630 568 650 411 290
6 948 727 655 311 965 771
6 893 434 988 380 238 137
6 179 506 433 765 737 785
6 71 469 871 863 456 601
6 941 269 794 756 881 850
6 25 673 681 944 596 204
6 525 811 766 737 8 389
6 896 963 309 858 91 87
6 598 467 808 584 324 105
6 888 131 372 268 664 552
6 544 397 212 946 197 848
6 691 373 758 581 99 311
6 339 741 848 655 42 822
6 54 252 139 701 7 79
6 199 441 985 43 367 465
6 604 691 106 85 237 968
6 225 410 7 287 921 862
6 772 229 917 343 288 233
6 427 233 998 841 940 554
6 257 776 3 556 759 658
6 830 175 350 108 68 389
6 129 139 333 902 169 803
6 636 21 438 869 878 661
6 463 776 860 955 971 628
6 929 823 601 366 541 611
6 622 85 891 143 450 8
6 283 145 417 525 722 546
6 13 553 694 164 611 453
6 48 195 275 109 360 986
6 952 891 389 448 973 90
6 269 641 535 159 341 290
6 949 77 42 722 85 301
6 208 340 265 630 617 70
6 433 509 781 519 253 230
6 401 221 767 581 697 331
6 119 513 709 911 313 823
6 853 95 281 913 834 290
6 598 182 264 336 534 954
6 797 990 823 202 814 733
6 277 711 643 813 877 619
6 315 347 677 830 957 244
6 361 971 634 987 478 505
6 383 774 192 700 9 824
6 916 217 211 149 470 875
6 836 955 296 109 553 694
6 842 648 4 144 338 590
6 600 476 635 827 380 171
6 765 363 335 638 229 673
6 56 939 433 705 1000 529
6 376 122 559 217 342 251
6 901 406 496 458 247 910
6 427 848 829 545 448 366
6 321 686 564 983 255 534
6 176 136 210 676 921 644
6 155 606 692 755 263 923
6 199 847 813 881 501 785
6 776 180 596 264 388 152
6 1 3 755 878 768 328
6 964 387 741 146 620 194
6 65 115 137 745 22 47
6 367 393 558 933 86 560
6 41 205 643 255 881 995
6 698 336 871 374 898 320
6 637 181 393 594 201 857
6 390 920 544 304 616 312
6 277 859 794 843 339 889
6 679 787 729 299 579 47
6 474 80 322 326 244 113
6 89 400 856 804 263 288
6 231 123 904 362 360 364
6 641 574 895 487 670 320
6 662 176 612 920 591 217
6 585 989 844 333 60 814
6 374 411 902 334 174 615
6 27 427 431 109 557 673
6 315 121 810 131 167 590
6 914 184 64 345 264 370
6 958 969 843 485 770 529
6 1 724 360 42 423 934
6 631 6 858 657 548 799
6 672 694 592 157 934 538
6 314 662 317 696 947 733
6 123 72 186 408 847 859
6 916 56 849 234 523 258
6 123 421 387 760 872 995
6 186 20 627 913 830 886
6 188 88 796 7 763 493
6 346 369 991 683 268 570
6 846 318 76 327 881 82
6 992 25 367 746 686 466
6 88 571 228 562 953 2
6 204 704 527 403 899 886
6 636 129 152 609 422 130
6 842 604 843 206 229 493
6 283 355 49 613 810 239
6 231 160 571 595 254 618
6 914 750 681 475 769 157
6 718 59 894 633 523 165
6 176 51 450 609 967 32
6 496 470 394 708 360 341
6 3 353 690 518 270 341
6 561 52 125 889 588 615
6 750 709 344 990 442 468
6 465 212 955 710 548 807
6 958 693 653 395 1000 235
6 630 261 310 482 862 566
6 884 349 801 761 767 164
6 980 183 488 917 196 338
6 501 930 845 876 689 854
6 669 207 579 761 6 305
6 146 627 197 421 116 775
6 463 917 101 125 38 590
6 455 843 274 800 635 737
6 33 104 549 43 848 191
6 491 941 769 371 308 596
6 707 995 318 49 168 152
6 884 955 685 699 573 557
6 463 656 647 920 652 621
6 455 783 399 240 694 503
6 382 398 187 744 142 654
6 689 420 696 873 436 177
6 321 893 358 817 894 342
6 604 649 439 766 731 389
6 196 452 530 861 850 747
6 900 981 18 529 317 922
6 228 734 383 623 414 829
6 718 525 677 479 42 305
6 914 771 103 849 539 316
6 662 604 131 900 116 191
6 796 109 737 105 45 336
6 178 737 170 49 54 219
6 860 738 762 639 65 573
6 199 385 160 4 144 2
6 500 55 332 206 591 715
6 675 208 597 556 879 715
6 646 369 206 791 452 617
6 952 131 72 212 494 29
6 447 434 248 681 264 979
6 749 559 210 529 492 349
6 433 20 633 884 419 684
6 738 961 169 300 480 253
6 550 477 661 216 806 288
6 35 970 49 430 949 239
6 461 704 683 997 503 834
6 571 804 602 19 817 324
6 832 1 639 342 154 288
6 64 119 530 403 890 142
6 20 200 454 170 683 945
6 917 34 990 322 429 829
6 786 330 789 552 26 453
6 915 806 742 764 108 288
6 176 257 753 514 19 645
6 543 598 704 931 943 979
6 45 71 18 98 672 928
6 944 555 929 677 206 995
6 467 796 341 11 546 207
6 916 904 160 224 127 151
6 625 203 507 490 62 602
6 31 559 168 303 15 460
6 599 255 491 889 899 130
6 714 768 470 573 368 230
6 569 801 34 369 554 613
6 392 817 302 233 828 910
6 190 585 481 861 160 967
6 56 119 943 355 816 919
6 870 501 495 931 158 910
6 81 323 296 179 852 795
6 287 462 108 559 896 268
6 912 664 432 720 368 337
6 298 575 912 841 480 251
6 248 114 255 63 879 75
6 742 224 709 706 940 482
6 561 451 325 905 983 67
6 22 283 838 186 359 230
6 788 671 416 931 154 542
6 314 433 818 875 161 366
6 374 200 11 940 91 223
6 680 495 172 857 106 290
6 975 844 806 137 677 110
6 212 365 112 427 990 608
6 964 543 246 166 518 185
6 945 262 780 327 311 590
