1 8.092378038732202
2 0.9577738776151371
3 6.412160016141161
4 0.4809012693170579
5 0.06599774180565868
6 0.8895438824838373
7 7.928737799067018
8 0.16592877020881863
9 0.22194365735126645
10 112.06593085375071
11 3.475466016578007
12 0.3657025729300873
13 0.39564928473807054
14 0.6494850203471136
15 0.16721159399554053
16 0.5313354049741997
17 6.924237315249702
18 0.609759822371648
19 1.0678964786229888
20 0.7563742806938004
21 0.7298902582486386
22 2.297071748789199
23 5.721971728562161
24 2.3589381406456855
25 0.10670601011584861
26 0.9567407686689375
27 2366.645526938808
28 2.897805014536711
29 0.060654920293021275
30 0.4204768370049831
31 1.1989441118439472
32 0.0006601658677626575
33 1.621641383866728
34 9.307553548833898
35 0.9336691310249646
36 0.004684096624289045
37 0.13398487997720424
38 0.514170558944169
39 0.26294261933136714
40 1.5932627901100136
41 0.9041937127246125
42 0.34673487267865627
43 2.066852997058324
44 4.597266867132284
45 4.976023257708015
46 0.01891214319722312
47 0.2877190366491434
48 0.18578573172411939
49 12.227881330924175
50 2.4256523542690904
51 2.3736051951735386
52 0.7984273443641285
53 0.7281841687195201
54 0.9079467550312498
55 2.1787991858224864
56 0.7059656014944793
57 0.3282887656189436
58 1.8658317644701752
59 0.03056342940289134
60 0.5813997269921894
61 8.951213269295279
62 0.096226607066278
63 0.6203706092238667
64 0.28638071870573967
65 1.8721762226773497
66 1.324247336492671
67 0.28896912864724916
68 0.9157865441858695
69 0.46475805569291634
70 3.8317374091518226
71 0.09117223910627097
72 0.17764166608538956
73 5.667014626376061
74 4.550397979114357
75 0.3215169500831786
76 1.676782270955789
77 5.223622892800736
78 48.82093965893592
79 9.049224615705599
80 45.13250376602272
81 2.535354724757998
82 4.111465121017103
83 5.885291410123204
84 2.86923227285316
85 0.4461299644515733
86 39.47806874106594
87 0.35619951541140904
88 0.222375538538837
89 0.6205617202609662
90 1.3873646950163203
91 0.35488557547609134
92 0.2983090888631128
93 5.138786002539345
94 20.128696474754822
95 54.63313133431698
96 0.5541964433115807
97 0.25410742604139946
98 21.072567377889445
99 2.3687270558800417
100 1.5828434303748222
101 3.6182079899625004
102 4.064849376536723
103 0.10594108062969161
104 0.23838932125087825
105 4.899909994656706
106 0.2917429932912882
107 2.1648514240422374
108 5.84155282584976
109 13.12820616657173
110 1.2639342258125155
111 28.301902287405195
112 5.656292792105585
113 2.410393278017119
114 0.20176122532196974
115 0.4610807076468864
116 0.46197624866186365
117 1.1898456819100374
118 0.2840176640677751
119 0.4450400997134854
120 4.082856538447358
121 1.676175109452679
122 0.18626667739185304
123 0.2817684529186375
124 3.146670087964695
125 0.32762574331317523
126 2.795519468830044
127 0.2585896455660975
128 0.08072830503031325
129 1.576836899551328
130 5.072432203022244
131 5.969153972365573
132 3.1804934699425678
133 0.6525042927757412
134 0.6672408606235392
135 2.9392840173756727
136 0.03526831470953081
137 2.0536971903629473
138 0.7883935445896715
139 0.24567449595331717
140 0.9794454720783015
141 0.24279746059336937
142 2.6543119322994757
143 0.525134115047726
144 7.739999522032569
145 1.7950625054477198
146 2.5325456784296536
147 0.33742488906952073
148 0.5217278186576474
149 0.0234379538055873
150 0.030300097590148106
151 6.16165081612037
152 0.6895864750267465
153 1.1971244697160173
154 3.8356667632174926
155 4.053008448516628
156 4.396653331781956
157 3.3554806324699458
158 0.34557698227581446
159 0.806864571848039
160 1.4497333576410005
161 1.3202438535684835
162 1.040460260646533
163 0.9988395836329512
164 14.707839260139346
165 0.5979122561819982
166 0.32876906618919405
167 1.6263503757929458
168 0.8430853259387647
169 0.2154161260592719
170 6.585364166133093
171 0.30234711228749783
172 3.138275171027341
173 0.22079368983699088
174 1.289545175431174
175 0.053311754496330216
176 0.21765188654410694
177 14.46215539400453
178 13.584138889287194
179 2.7940358785339585
180 1.4479540863325133
181 2.070813421363657
182 0.2783378730334145
183 0.03458433030424514
184 2.8955336017443614
185 34.2373950549881
186 17.59269849903884
187 2.028397957256702
188 1.1588876614122028
189 0.3984836887839285
190 0.5271111077836566
191 0.06586169428477841
192 0.3453119970162347
193 0.6537478657842585
194 0.037689417018000534
195 0.30462447551896893
196 1.4483705932339594
197 3.5719616645042342
198 1.8007057425620234
199 0.663385879380668
200 3.1080625325812163
201 0.6267480508600263
202 0.33270076741206944
203 0.676757932162658
204 0.6999779976645952
205 0.7329977995591749
206 0.05450512977821328
207 0.25468971250570616
208 0.6301746284855869
209 5.055996334999076
210 1.9776769131613194
211 51.2414303009915
212 6.416164716908764
213 0.5963678476869648
214 2.295132624487427
215 12.163287017372166
216 0.08895162333219556
217 3.1568127423678147
218 9.578762375428376
219 0.03977614361883922
220 0.5975760944442045
221 1.11636647418825
222 6.854256968997903
223 3.3737968376010445
224 0.013504693897090527
225 4.959419315704766
226 2.3280935666238647
227 0.614867897304369
228 0.701856490030457
229 0.49339228013743286
230 0.6628996505326108
231 6.467206841753424
232 0.3151045651485903
233 0.33548132678679127
234 0.9947284137293146
235 2.0627029709617797
236 0.39010941567226187
237 0.09680028824030674
238 0.834035082319662
239 1.1444859243680374
240 0.9320548030718409
241 0.32129175941944865
242 0.15095003945890417
243 0.6957149206315529
244 1.6544630929499173
245 1.523244987287904
246 0.7087158926131083
247 0.26697055377903917
248 0.7111799474736564
249 34.796494929416596
250 0.7383752334365387
251 0.48958852692619315
252 0.03258143836547392
253 8.342747341141889
254 0.6937952456161965
255 3.1309048751394455
256 1.949622148590378
257 1.5068205777246146
258 15.82894186019883
259 6.057748964849166
260 13.170619139312167
261 0.9766714826608852
262 3.6521785682319328
263 0.5934978238503092
264 0.6574832616039039
265 5.808158086859636
266 0.06063408306432393
267 0.09490968568094156
268 0.2657367066041183
269 0.15180707693234083
270 0.377793029010811
271 1.900235521081571
272 19.148795090851817
273 0.4203867103528047
274 0.5464907485524548
275 1.424267949105065
276 4.4276511465167765
277 8.79444923981231
278 0.4590477174277333
279 1.9489212933952755
280 2.894321865046773
281 22.50996346036154
282 0.5484977547083573
283 7.5712766606721
284 0.0811158949432561
285 0.5527683499928083
286 0.02543344822919138
287 0.06444133735725013
288 0.2453367228356709
289 13.955407533503305
290 2.5480173804373765
291 2.201512260260849
292 0.08644354225060509
293 4.390659984376667
294 0.2869265375192252
295 1.469649443639463
296 0.22841106381768894
297 0.8933695411175804
298 0.055953252603526675
299 5.575705042554428
300 0.4335768590977787
301 1.4436469930998312
302 2.140279449048812
303 1.3368996313602655
304 1.9321445225291154
305 4.4239756025758865
306 0.6025673552228276
307 0.15321709339945364
308 0.9068258649621112
309 0.4412533306425479
310 1.7934697518822744
311 322.9214090784923
312 0.03353018893543401
313 2.585630934069847
314 0.0492938036839621
315 4.863751861502909
316 0.8265086003487719
317 0.6995970149024374
318 3.745186301362271
319 16.778919358825725
320 8.43044462454537
321 1.0384262292462436
322 0.559112856982696
323 6.9750842178643735
324 1.2198762789660795
325 2.7191808097631758
326 2.9742523163107446
327 0.9872016202775222
328 1.0264692753733076
329 0.5913900166981964
330 1.8076468288804974
331 2.539921745390837
332 2.212403108010113
333 1.1992561336984988
334 4.877174461315503
335 3.4469197212408913
336 1.085495905393332
337 1.9315544196824637
338 0.6687501634045819
339 0.8226378112495535
340 0.40563994460877695
341 0.8075311249148384
342 1.6113975656746753
343 0.3730431469846545
344 13.567867733363471
345 3.1380243163911365
346 0.9156274218759183
347 9.049370677076169
348 1.3176016371345889
349 5.768281184643626
350 1.7932310058673526
351 1.0643879922949564
352 11.56264903192366
353 0.00730753627300774
354 0.17419865603236728
355 0.1286169917339403
356 45.08918113190107
357 1.9684275321142226
358 1.819603846209095
359 0.47549039909100416
360 43.6020298086638
361 0.25196675859854234
362 0.2861580414913669
363 0.30685752503857694
364 0.6303792391987519
365 0.25926254041299635
366 0.915107885065977
367 3.5742603836219935
368 0.3115345691098523
369 2.907618039364956
370 9.191944522090102
371 12.571762655080594
372 0.4651872442173887
373 2.1317401981236523
374 2.2826247449796844
375 0.2475441518197005
376 1.2964882028556755
377 5.451456894733739
378 0.999286643528278
379 6.315793681248262
380 0.8477718365140319
381 0.02870366880290338
382 0.5920783487000453
383 18.821168517890303
384 13.860029791884648
385 0.17028726707196828
386 1.0254798484109826
387 162.24376494697657
388 0.8424227569690326
389 0.7640406742280246
390 1.0330384310698562
391 2.061974472037287
392 7.567466582264622
393 0.513924866959559
394 3.0924997327111776
395 0.2986799654439988
396 0.14201900563478503
397 0.796870333930494
398 0.0944307797241714
399 2.5123363744272535
400 6.5820569862532246
401 6.642507735876213
402 1.7685146470615944
403 1.7256252370464344
404 0.6825853079561285
405 0.8447415309400147
406 2.2737373248415027
407 1.1889937589356194
408 1.233529476014799
409 0.99304127112391
410 0.13861373597208854
411 0.9619259741705833
412 0.15468973313722748
413 0.0946462594254401
414 1.0672079841705489
415 1.0079383621921112
416 0.10224292410178291
417 1.0119762682368476
418 1.128858610746512
419 9.950418618629593
420 0.3512626534229476
421 3.3342018791761387
422 4.668442925960248
423 2.3536016994079603
424 0.1362693766264394
425 9.934270558266755
426 0.03724414438544061
427 0.8302431718938375
428 0.3288834970703019
429 6.1837858933655925
430 1.1258767926327342
431 0.07314560486645719
432 0.5427595252406079
433 12.96599013077749
434 1.0341162061098006
435 1.1594599056905142
436 0.021730303239546625
437 2.0415886801576884
438 1.8656344510075094
439 133.71881843557298
440 0.12381330827676502
441 1.9087135636914756
442 0.8790655444336257
443 16.393738639379492
444 0.7424342446833474
445 0.4880259942574028
446 3.1567615957019055
447 1.5986396603053923
448 1.1986728880809767
449 1.34027813800137
450 2.367626547310675
451 0.1676786223132188
452 0.4764561262122175
453 0.6384519233117205
454 4.105515523806395
455 0.9890261251708677
456 7.6329713505348336
457 1.2353273611722788
458 0.2170364431718391
459 0.3820713305017076
460 0.2014601969687514
461 0.06283655084655922
462 0.6300882719905456
463 17.94920358510217
464 0.020434258166530196
465 2.3278146108572653
466 0.22775657104168784
467 4.591284204180297
468 0.5899507997799345
469 4.128376866021334
470 1.3487744070919196
471 0.0774252068782556
472 0.5553939861938938
473 0.1673576092104774
474 0.41122702023352775
475 0.04110195441271921
476 0.44329311613551337
477 1.210939108014103
478 8.934085367595475
479 0.3295965000911212
480 0.49584181168047414
481 53.543013862478674
482 1.1997095825984205
483 0.3695651900272769
484 1.3393258805493824
485 0.28190453912080893
486 0.3002210793777621
487 6.464742395767428
488 0.019869967680281042
489 20.796550333433295
490 1.6131698964295298
491 1.1586138272246214
492 0.4143165841619282
493 0.5673613229200176
494 1.173322859227159
495 3.5786447113013686
496 0.7541542357117531
497 0.4375307099930601
498 0.6248752577545011
499 0.2679551516288711
500 0.17576632319376012
501 18.257806793171646
502 4.478678821620355
503 0.2718463194727065
504 2.08863292882441
505 0.17195366223709493
506 4.214254327738345
507 1.678208934649878
508 0.7840080781737507
509 0.15269918352765238
510 0.07930510578984293
511 2.519847487534141
512 2.798030364349257
513 0.2948593482336334
514 0.031115708817484534
515 4.5199162684640894
516 0.006611202939208579
517 0.8010989580777902
518 0.45079793326957784
519 1.6052248886453135
520 3.0205088237895774
521 1.2552650106197878
522 0.49522989467072426
523 2.064708736197199
524 0.17724777710167489
525 0.194330485976746
526 0.9086148166335485
527 0.3805916439667203
528 0.07615573713053726
529 0.10226793807564245
530 2.325059768217443
531 0.6957098998894555
532 1.3652038724499864
533 10.35911934677818
534 1.167203159041385
535 0.22801784000722403
536 46.287008013767206
537 0.394760166539082
538 14.941513047848037
539 0.4526100105903766
540 0.09790140451940159
541 0.839130441155568
542 0.1472673100261082
543 0.012952063708070649
544 0.17211994806577238
545 0.32016929318495424
546 2.55725072527548
547 1.6150182898061194
548 0.09476249958923068
549 12.845385990293536
550 0.09165087493752659
551 0.4528017829715644
552 0.5118740935313039
553 0.5145939772637458
554 1.1063228807163084
555 0.23393947177277605
556 2.124202330572062
557 3.5147454591809146
558 1.736702093710722
559 35.27222686037083
560 0.6943301698461515
561 1.9143814382728044
562 1.840650795385398
563 3.8420930799311455
564 0.9175907673422925
565 0.07428254200674943
566 3.0574020576851604
567 0.0178043475878942
568 5.208652939940208
569 6.120547020908806
570 0.6336670654034149
571 0.23744464391079564
572 0.6435667606422815
573 0.028858900975534132
574 20.295479298204715
575 0.13974068492893382
576 0.5108595974849804
577 0.004188798486365724
578 0.2394111443428959
579 1.3803342355869646
580 2.074630867953793
581 7.2395986230500355
582 3.3842312642584544
583 1.611800154147355
584 227.67838829773055
585 3.3189332078611185
586 13.936428079296313
587 2.6367984256310684
588 2.7338937467516735
589 0.8039505629705751
590 1.49508339037711
591 4.695243100415388
592 1.765699914897034
593 0.917164809242924
594 0.15344255030607673
595 0.9449610144870229
596 0.1442010166843945
597 1.5829333348384154
598 1.2503140283567462
599 1.073478254289812
600 4.121579435168594
601 0.033937356812770963
602 0.8820682648019665
603 2.2227289851406486
604 0.1527544993609142
605 8.094048874806154
606 10.430367881329513
607 0.047474243522941814
608 1.1583020715702717
609 0.14745972512986918
610 0.7582005753499816
611 4.1595324525398265
612 1.1631971642490793
613 2.8734723723108657
614 0.5624482222017676
615 1.0203395100056702
616 1.0292945621814105
617 0.5754655585041168
618 0.35225289804395027
619 1.5418405787647425
620 2.0663597858084324
621 0.5589821467354217
622 0.8491026106665533
623 5.428494172732253
624 1.7691069339721188
625 1.3636721869599526
626 5.446010066143924
627 127.37985141258474
628 0.11713934564490278
629 0.3007147592882332
630 0.33483766277266686
631 0.2560019546336886
632 1.907572272581311
633 0.15647899718799646
634 0.5550241555901454
635 0.05085007946816229
636 0.16381801856857417
637 8.240446722655983
638 4.692920963592975
639 0.15272386733996687
640 0.06973317458565774
641 3.4956902249763586
642 0.3451661871904098
643 2.9854054062533835
644 0.11488406341909317
645 2.943037351934763
646 1.1745038201774693
647 0.11386336184452409
648 11.390705958581481
649 1.4476321181546772
650 0.48637704201467946
651 7.036880336438328
652 2.255903990492598
653 0.3133408203712285
654 4.821410587059258
655 4.891179187013981
656 0.7707639263754977
657 0.44554264364226936
658 0.010265565075008722
659 0.3056989986767912
660 0.22584637884481862
661 1.2528107245659255
662 1.8819338943046
663 0.12324500609741249
664 6.0722610926444895
665 0.34631059539701536
666 1.5886734429889524
667 0.20082509861065295
668 7.307741563196626
669 0.9265338652859421
670 1.8309679066433777
671 1.4977240358740653
672 0.4883409043499749
673 1.9563833122118819
674 0.014528091137539022
675 2.4749541568749183
676 0.2116875251557191
677 157.76780651062512
678 0.11592343455502777
679 0.6176190851281366
680 3.390009234260644
681 0.04060213091285978
682 1.2655668913316114
683 0.10890539407438397
684 4.0350489708004265
685 7.281973749916578
686 1.856759467256014
687 1.588634070503401
688 0.7489082694357703
689 0.4840192681722894
690 0.5002472788873091
691 1.046464614342379
692 4.2904355891303725
693 0.034603122161358725
694 0.7767706929241758
695 10.167059646555877
696 0.28029524779414866
697 1.6333510374053692
698 0.16734265733456355
699 19.948586414225442
700 0.9011305476384596
701 42.43305073291092
702 18.94457094339038
703 0.6079929130531776
704 0.17395519192868766
705 5.319418312405018
706 17.876354844169082
707 0.6207215930108575
708 240.21578625794024
709 0.5370443622221406
710 1.044997881356003
711 1.7663456279670082
712 2.784419623481616
713 0.4438373276516079
714 0.06762185263932641
715 5.2462730953476955
716 5.948652547992776
717 0.495937613719319
718 2.3059628924970634
719 0.36001658043637425
720 27.3207474238829
721 0.18871645485062066
722 1.106659304210211
723 1.4837838389190277
724 0.7473705096939501
725 0.01283737830062747
726 609.5223971286102
727 0.1383155829903877
728 1.2003573989731804
729 8.099934744994782
730 0.15843680781224606
731 0.6506522239802353
732 0.25082301787929534
733 1.1300696141899105
734 0.7720914820125944
735 0.08765636583596599
736 0.20736125836783803
737 2.5072594109827997
738 0.28600010001414017
739 0.476106789291759
740 0.643980785930325
741 2.331118159588433
742 0.6348364360424147
743 22.327509254262434
744 4.190038742711248
745 1.3114958551263984
746 0.08801184634351229
747 0.36715354585923177
748 0.9756115075237538
749 5.359197254085229
750 0.05664193762121989
751 0.6009151571632814
752 1.096983965420169
753 0.13133919054684198
754 4.983449355791683
755 22.455408907250714
756 121.92221462135318
757 2.714606096643726
758 0.08176097310677793
759 0.36439130769282474
760 0.9316424989431769
761 0.9301215048457011
762 10.65463899348785
763 0.012723752331102386
764 1.1253008622289207
765 0.5346355876641632
766 0.29086599370675775
767 11.3547940776575
768 2.554372772141715
769 1.109377858123128
770 71.48383867855881
771 2.99560927511677
772 0.5508718671847006
773 1.2773212984999853
774 0.7153063042562239
775 0.19396466549184097
776 3.03963947020585
777 2.268083720453097
778 3.4658791741409476
779 0.4640742905284943
780 1.8563798320440419
781 16.017594101848065
782 14.097335293973876
783 0.09761162681865597
784 1.1023098289834368
785 0.7960236237139063
786 0.21978264859115543
787 1.1228919489065698
788 6.983629937316791
789 0.5016080761602089
790 2.9969557363118287
791 1.5445820181766952
792 1.579776496261001
793 1.801242988244242
794 4.2531236394327285
795 0.11021849197723825
796 10.970174986340524
797 0.4649904231777493
798 0.6526498394171696
799 0.3790038244417055
800 1.0123048589488648
801 0.10274106968714146
802 94.32613197532487
803 29.319119936981895
804 0.7654624135709134
805 0.2375290274307076
806 0.5195783875703998
807 1.6651896103068202
808 1.228957577136595
809 0.05967500942471607
810 4.526868897010893
811 1.0501673195505863
812 1.6978128033038489
813 13.631116346558954
814 9.344074174942243
815 0.16424461291699816
816 0.14769565538715954
817 0.425866962832767
818 0.3460526626279981
819 5.10570923653098
820 0.27245239666879223
821 0.21058141976466643
822 4.048693058820801
823 13.3093978303592
824 1.8041033854734414
825 0.053607958979136214
826 6.106745230192319
827 0.3341882879748829
828 1.7257471688411434
829 0.46195497070689007
830 7.429052652516977
831 0.24726366871161568
832 0.790088316259419
833 1.042724583009987
834 0.559505033376778
835 1.6149419517818921
836 0.057455466140910884
837 29.001902671875676
838 3.2008492995966265
839 2.1064549286524263
840 0.5526682532569014
841 0.01799447745903281
842 0.9315056368814796
843 2.436556130138916
844 1.764826517357053
845 3.175883880141319
846 0.5395407074753835
847 6.145059432582059
848 5.723890882794066
849 1.0826338990468265
850 1.7371198669200294
851 0.5042997064974881
852 0.2885264099533503
853 0.11818286463179185
854 1.424207414147711
855 1.7922615379025575
856 0.41278287389809093
857 2.713246343993229
858 0.1624697171086237
859 12.472500039178207
860 2.561165820450879
861 30.388493654138365
862 2.0977354362021496
863 0.04854783943955886
864 0.2161536027352446
865 0.905964259543542
866 4.098580584436431
867 0.4496849159883022
868 0.03272102025976164
869 71.63617777467373
870 1.6038093936404703
871 16.83434769019039
872 2.659024938303773
873 0.24536066081155924
874 0.6804607225539202
875 3.882865980235102
876 1.8701798771917169
877 3.3088171822402286
878 5.550870757081928
879 0.6596029389949355
880 3.598014936744191
881 4.150683189313796
882 0.5798899206251131
883 0.15099233601329995
884 4.074405273619883
885 0.15310961984238444
886 2.1798249082909096
887 0.25615775361151466
888 1.6882799515857358
889 0.3753201611494257
890 1.590377634287127
891 27.99308332096287
892 0.7559769764765717
893 5.862386197089177
894 0.6002024237650494
895 0.7899267959971109
896 3.401989406381473
897 0.20064692928817796
898 10.432410338983805
899 0.12056966440699317
900 0.048615483657847965
901 0.09202937725988981
902 0.6976268390109114
903 2.3190857518307864
904 0.010824562671638817
905 0.011110991266868537
906 0.05733241423377017
907 2.881389361328572
908 0.2096737955296782
909 27.6935555469109
910 0.498301368091625
911 0.8094600871405482
912 0.5952928859558733
913 2.2044429723482497
914 0.681533693560075
915 0.25585173531351646
916 0.1261414378963965
917 0.324831039137207
918 0.04527513557451735
919 0.10142672681088802
920 1.2691424589651619
921 43.160896173802364
922 1.963844839199599
923 1.1089294789963522
924 29.081293986972007
925 0.36526208763003576
926 5.6159670599740235
927 1.7512997906843397
928 3.662177389725015
929 5.4192382188899355
930 8.28194346592309
931 0.929398160506054
932 0.20215628291603263
933 47.53440639354328
934 0.04207774489151644
935 0.3011691608283988
936 0.021804793444262966
937 24.42745292214092
938 0.0035016946957425283
939 2.9616175468510444
940 1.96853208428368
941 1.47294636318058
942 0.29446202904746926
943 0.15373451397012602
944 3.0748025592438775
945 1.0645812144913733
946 1.4328739645768616
947 10.294583061015192
948 1.2926360785730917
949 1.507902535347792
950 3.0508333900082802
951 1.0333076040963252
952 0.41068037689124337
953 2.8655265745368412
954 0.06356803863428538
955 0.11529337786656865
956 0.15645708756974785
957 1.000991898334358
958 0.2566628767853433
959 0.16801632599285274
960 0.31077787147351066
961 1.5973137958848784
962 0.031205215631239805
963 17.669032466190444
964 1.1830023036721486
965 0.0764914274262645
966 72.7124726238975
967 5.58166824739232
968 1.2387717606421278
969 1.187927105178803
970 1.016949192230534
971 18.086837036368618
972 0.020813440595665606
973 1.4375704761784778
974 0.5256182081829627
975 0.5425394726068096
976 0.6652604609827704
977 0.09728261459801378
978 0.03683913089263385
979 4.322378473129785
980 0.2968192681288971
981 2.981490280936846
982 0.09422037618204208
983 0.795337532474318
984 0.10871404578947588
985 1.3587685446295952
986 0.5127507831108562
987 0.34532529221539193
988 3.235528780030596
989 0.12345949891541483
990 0.35386797147699073
991 1.5892173187490994
992 0.2564688969218033
993 12.993349738317296
994 0.1412730342473399
995 0.8132521579680638
996 5.256855773923661
997 5.9382474451385726e-05
998 1.732836275571723
999 0.7849800784948453
1000 1.8674570513669977
