1 1.3508865287070198
2 0.15330097788589736
3 1.8032928500053076
4 0.19213117902617932
5 0.31615086920726
6 0.9807217270152131
7 0.2773341969759357
8 11.131079757961668
9 1.719150276750102
10 0.276434601133123
11 1.208039680904869
12 0.624264092100192
13 2.4127530264523798
14 0.04299513202162415
15 1.3784069220181372
16 13.262076823056566
17 0.2625663691426894
18 1.6378685512614852
19 0.7157875604449275
20 0.09053097272132259
21 0.3229975357463276
22 0.0974819411533569
23 0.4683385561054328
24 2.6563812004350007
25 0.5698280790206438
26 5.530609232815613
27 5.53575640045621
28 1.5163473612982976
29 2.272190740978648
30 0.7888485220239853
31 0.28303875139217677
32 24.1353709855585
33 0.7695462226399074
34 4.963547483014968
35 34.03415208359249
36 0.4010770523581475
37 6.2615822200647075
38 0.2384143451097681
39 1.471459744953713
40 2.7519899366042737
41 1.036975186631112
42 0.05268490829189479
43 5.941883226958418
44 0.21344446465201936
45 9.599344588909416
46 1.7814931752826864
47 0.49794478457445296
48 1.1080693171235259
49 0.9990964770869929
50 0.16688061748247923
51 11.323907122100842
52 1.2196222951192244
53 0.5845722475662863
54 18.3160755051738
55 1.6583543290604508
56 0.23351388091912997
57 0.29049253756591753
58 0.4927386966413759
59 0.3156362850523947
60 0.10699650909906736
61 9.073943695549723
62 1.4377621030237386
63 0.6536909651672526
64 0.45994204929009774
65 0.4427147864440191
66 1.3748982841414998
67 2.8119421515786955
68 0.5479553003087683
69 0.5104469136892771
70 0.19601251263901157
71 1.8522687772707065
72 0.07214503996104299
73 2.686550338358654
74 30.50888864851469
75 0.6319250965850673
76 0.7285686903828592
77 0.22557846835090106
78 3.51522096254788
79 3.7457346408706473
80 0.05661349333295153
81 8.523126046212003
82 1.7805797318135508
83 2.277527889302037
84 0.329166945631576
85 2.7131323127144253
86 0.42629855203097883
87 41.54762537858216
88 0.20157084764298838
89 1.7448960974797376
90 192.21782417908742
91 1.8948510190072387
92 0.525130531931653
93 2.018677437839605
94 0.4267589747265709
95 0.15355961520749983
96 0.07708748928844511
97 0.1870726574590008
98 3.6541751673808003
99 0.20899667368327213
100 0.0302638182392425
101 10.944648073621083
102 0.06713528305084887
103 3.4699177075549894
104 2.7555636611960947
105 6.656022011097022
106 0.5053874450001948
107 0.868905893111822
108 7.901557694722778
109 1.163513617368274
110 1.2655008156754284
111 6.31162536659599
112 24.685413116934615
113 0.631711558210253
114 1.0349617158867102
115 0.164434942878306
116 0.7428027574875518
117 5.48437888036204
118 0.391319062949536
119 2.5173721944602754
120 1.5327303302144932
121 0.5081111255626429
122 0.6406649623347002
123 3.7744365485789966
124 0.17947019889815133
125 1.1318309451161515
126 12.77791064998353
127 0.1369383614932326
128 0.1662815727417711
129 0.04139238162117311
130 2.8082355177884337
131 1.2019028780288439
132 0.20498180195060733
133 0.6544426146378325
134 15.558400772269323
135 2.8845927639009736
136 7.103941350452748
137 0.04667961666994717
138 1.7836556482283643
139 2.5274244766067326
140 0.048626889126204144
141 0.3550819764107803
142 0.5862826984546022
143 0.6656322005289699
144 10.461022531744527
145 0.46817294735608384
146 2.131847000343683
147 3.189968110420285
148 2.0481552254689754
149 1.3214328587999902
150 0.08586317466788064
151 0.6182671442229936
152 0.2660663298438233
153 1.4753795201119826
154 11.34436296203107
155 1.4367679032058405
156 2.543926354263719
157 10.632853766208836
158 17.43450481729296
159 4.847781631821302
160 12.317662699406572
161 0.5377103534170694
162 0.40668483358954416
163 0.9910233370298834
164 4.78678297440039
165 2.8036329333164773
166 0.25559538352122374
167 1.2407952898475343
168 26.67642445376437
169 2.9939594782272185
170 2.3362514164913604
171 0.9805558859290286
172 0.7024927803237037
173 5.111537522873426
174 1.7969476095566896
175 1.2391640328537132
176 2.9900625171352764
177 4.435978790604729
178 77.82762934876087
179 3.3713567326278726
180 0.12046686774220523
181 19.39475374728642
182 3.626003656787863
183 2.7833223420032653
184 25.225995051669415
185 2.4281181142265926
186 10.642987493536516
187 0.4446447989400737
188 0.23054474861999116
189 0.09699914967032366
190 3.9219718263452243
191 0.018944496212898638
192 0.5752375533009552
193 0.532217496332925
194 0.38599185293131416
195 0.020580766100292698
196 2.6683714086016703
197 1.4709471374651053
198 0.008658940158551186
199 38.457793205919266
200 1.7475194066661253
201 6.982205264153138
202 0.1375460883995036
203 0.5519989498348833
204 0.012591314050503812
205 10.390004567040108
206 0.11027978431068608
207 0.00781634460693321
208 5.274241086437881
209 0.11785664163478052
210 4.040639587549584
211 2.9971423449651833
212 1.7079187104461786
213 2.4952409674180087
214 0.8123656808499335
215 12.423862712585962
216 7.1664489170798324
217 0.40960494312681694
218 0.1575896857951135
219 1.0669264846464612
220 0.6594843724164667
221 2.1529049668752718
222 0.30479816050209124
223 1.9742872337451693
224 0.9885217839322389
225 2.194568913375382
226 0.47882562450794
227 608.8473384654259
228 0.14613822238963395
229 36.53517347183764
230 142.92637521953205
231 5.2579574088779975
232 0.08901984866003648
233 0.07625754615711834
234 1.5711139596233878
235 0.9079021456856594
236 1.082450490157239
237 3.2677414858861082
238 0.33661602700853144
239 1.0434205127356393
240 5.555402068648046
241 0.2111401409535313
242 0.979684399710899
243 0.8583855142568595
244 0.15560745983161417
245 0.8603058531857984
246 5.21078244688584
247 0.16317197286216414
248 0.7769557580922424
249 0.2343512449723105
250 0.37147609968820394
251 1.6977768327781109
252 0.16409916999276628
253 15.575511997465112
254 1.2506441320889585
255 0.3373950529330169
256 7.565193884836412
257 0.2314419244382229
258 3.9293528415573498
259 0.07593820840575874
260 1.5528854446831417
261 0.29887107389404755
262 4.705849028874665
263 0.30570508757382836
264 0.04605558721439007
265 1.7335935367066224
266 0.19341257702359307
267 1.2841396375031335
268 14.566659220060533
269 1.1431148478261879
270 2.6425121241423764
271 0.2657212678868829
272 2.7424675546426163
273 0.3017220848782193
274 0.6953567598530401
275 4.930051474026377
276 0.2997664206441494
277 0.4869129981212889
278 0.13900502567584577
279 0.20025848643941424
280 7.518420076720364
281 0.26155052587445027
282 1.043260200589051
283 12.843274219899909
284 0.0630540014649853
285 0.041228126642465814
286 0.46539612902887156
287 6.699955146558447
288 2.467569374700921
289 0.30758103437470175
290 5.125338791985735
291 0.21982541508331307
292 25.794206479090995
293 0.2919483498441622
294 0.6128919945595038
295 0.470100010616006
296 0.01905897644814451
297 51.427190918649394
298 2.7968398406328805
299 0.3986078716740289
300 8.110021166684039
301 0.3193274628585762
302 21.822685709755437
303 3.5926973151848145
304 1.969540512252768
305 31.541144004126547
306 0.02871385312384469
307 4.941897115956236
308 3.135731673222652
309 2.5061673125298842
310 1.527351339052772
311 1.309907840335744
312 0.07562170176366054
313 3.9336957958171554
314 5.1147891442316205
315 3.9314426178395707
316 16.73616290392571
317 1.2137671920331845
318 11.239319717190808
319 1.4632429664875664
320 0.3198435811063262
321 0.03436513897925365
322 1.9843934523590494
323 1.3169538911553276
324 0.20432074140213155
325 0.14347642449760162
326 4.632294940666128
327 1.1678741061353373
328 0.7091446871907618
329 1.890855086099051
330 0.6137785733626765
331 4.833117206684517
332 3.943929328799223
333 1.1240301527491439
334 0.034695483841465175
335 1.119032422547247
336 0.16522879890853848
337 0.12205477747953788
338 3.8014839304552885
339 0.30288718299274925
340 0.06397726083494663
341 7.0978253276798995
342 0.6527887342824047
343 0.9348722818957619
344 2.3536840819067737
345 2.6882777874879573
346 1.8288760298276885
347 0.5904037701416234
348 0.407921849676746
349 51.94157214844213
350 0.9891513826354218
351 0.8087994721488925
352 1.3825899354142133
353 0.8165534113016694
354 0.6793931177952349
355 0.9018719869763717
356 0.217589137242093
357 0.6426637859957358
358 0.0033870222227000727
359 0.13207237397479496
360 3.3177450123880226
361 1.922294064608382
362 0.0697276935022893
363 0.26580910574553446
364 0.5427187480409357
365 0.27504884530563883
366 0.5073336696492717
367 6.679548830204505
368 6.478486972759534
369 18.897453739416115
370 0.046407342331858524
371 1.6748983042451469
372 1.2193115837194588
373 4.536189673000124
374 0.006432291833021986
375 0.5153473246545665
376 0.43613995648702236
377 0.23904419420811654
378 0.6131172062660151
379 1.52308035234973
380 3.3826803378303762
381 8.814979449652602
382 1.4727869222985
383 3.5698551855877203
384 0.8754722811273057
385 1.0589874148818752
386 0.09608475437013299
387 0.16056784393686435
388 0.5406525657518352
389 2.904917647727605
390 4.075386569189421
391 3.0034598880887953
392 1.2588502083532283
393 0.7450931521052903
394 0.3446293298714857
395 0.6363215259456985
396 1.2308668521286081
397 0.08056382047757911
398 1.143421609869406
399 1.285749882004391
400 0.05014743788396034
401 4.229221513849121
402 0.013579967161957966
403 1.0629942490773971
404 0.061539302972033666
405 0.1918298758794168
406 35.694775227551965
407 0.4311124922169107
408 0.34207530168025563
409 0.8886699776564361
410 0.7856966017077669
411 1.590340119187324
412 0.8300021106102523
413 0.30502430688141874
414 2.5216035078721526
415 0.3872848422853153
416 0.6932871745714008
417 1.8216359811110614
418 4.513392512131039
419 2.104125994709066
420 0.9259324729813189
421 35.55397746858594
422 2.951882190449881
423 0.284438415479154
424 5.856505918668624
425 3.3983046306837115
426 3.883502353065478
427 43.60988604362533
428 1.984854663739132
429 3.249659077540704
430 0.5300717972192526
431 0.6295950130891483
432 0.6066575274429983
433 0.06359823846281415
434 0.3027004686206916
435 14.47266179024488
436 0.18519388111920723
437 4.954991218471749
438 23.84782707949671
439 0.7566567871161167
440 0.33155759379869976
441 4.204696613631235
442 1.6304117199905486
443 9.867844306185038
444 0.706890637978016
445 1.596992384708237
446 0.4002574002913632
447 0.7523549600656315
448 0.2022380101071232
449 8.09550056432182
450 0.2627323238969826
451 0.5788315327299809
452 0.08550120339146508
453 1.4719939322879485
454 0.28932123899455425
455 2.102382030293104
456 4.012257033710862
457 34.501026827538446
458 0.14306882162038267
459 2.4965154702856944
460 0.6210207064844903
461 0.4516900731541305
462 7.662269106256306
463 8.250178254400442
464 0.007846333744850517
465 7.844060566359237
466 4.11558350577321
467 1.4953928451556389
468 0.1479969239863331
469 0.45947362287900473
470 22.640943057666664
471 0.7921705171894611
472 0.3656560714215422
473 0.4268008875498459
474 1.0313347399490471
475 1.9001613811096725
476 0.14175854701125065
477 2.2392227707588352
478 1.3262163618884566
479 0.284183325764177
480 194.07625389671534
481 0.529555824071374
482 85.84549466617827
483 61.56741229807566
484 0.42249779355268524
485 1.1567130878264922
486 1.5031842917237985
487 0.9693967739369502
488 10.658618683659286
489 0.7510856645517734
490 1.9510989776579322
491 1.2230431461907634
492 4.771880618089325
493 44.44645230221447
494 0.1317180311415907
495 0.7946163421859445
496 0.4742654870502704
497 2.293672026268971
498 0.34260303586615104
499 4.7859545541969695
500 0.9478084911829322
501 11.221416095818965
502 0.1269732891351619
503 0.3111225101978354
504 0.28323546048436254
505 0.6652835180503249
506 1.2679769246834027
507 0.6666382920120288
508 1.0166471364187664
509 5.2850845252882035
510 0.9511013616415512
511 1.0533724531053548
512 22.897282574923572
513 0.055132063307657825
514 72.46256941728036
515 1.1114401718025992
516 0.14795160445622346
517 1.0148682501195763
518 0.23997491417264172
519 0.8161607581557841
520 0.8165886911253715
521 1.3550191517481762
522 5.1163663394950465
523 0.6353236842771063
524 2.029856640769447
525 1.5623869732904858
526 1.8063050711691984
527 0.08839372353920415
528 4.581520514764741
529 0.19650392586517385
530 0.9775402619740033
531 0.029748769790571693
532 5.238561361151603
533 36.54714761836353
534 19.720142229096584
535 0.4450559812573168
536 5.296104282450506
537 0.06708595061523083
538 0.5383795235754648
539 0.8461551561931218
540 4.296405111266707
541 1.1350328258273819
542 0.3208161811302049
543 0.02264333265443535
544 1.6895529779362937
545 0.629846955189243
546 19.293494852342832
547 3.0363088465385277
548 2.260857817065753
549 35.09364314394274
550 3.536208880534167
551 23.286044398544682
552 3.8082998969634887
553 0.07597640597764918
554 3.332593124014406
555 4.729883451397606
556 23.691307815425656
557 0.6226741163435038
558 0.5085752374098923
559 0.014168376113858778
560 47.5429376172816
561 3.1171566219935083
562 0.2913375353359955
563 0.900873294443827
564 0.18785076907675352
565 0.8632920109962118
566 2.843201079813472
567 0.5411412301856284
568 8.213721242468798
569 2.180862994970472
570 26.924021797628217
571 7.662172287308877
572 0.16037430730905392
573 2.2662664194097006
574 7.92143019833347
575 0.04137891321723527
576 0.5518782717634011
577 1.2338469852645326
578 0.7531059492679261
579 0.24055267219372653
580 12.7392943941899
581 0.3163582352536404
582 0.4005783955642208
583 0.22768646788864713
584 1.1452910392396214
585 0.0012980012580109087
586 2.639482326164921
587 3.500804086959961
588 4.71354386477006
589 0.49526814025560206
590 6.381501404141894
591 25.105131910146515
592 0.5398731991581717
593 2.2620146039680984
594 6.89073967152996
595 3.3406764503553488
596 4.119687740489428
597 0.2331270252379326
598 0.747234272474571
599 10.248534763171214
600 0.5818889558173107
601 13.655969853876098
602 0.4633553840538336
603 5.287633606925554
604 0.5524764512487962
605 3.2709173003739207
606 3.7791046120419916
607 2.2354540278145096
608 0.39627544066306486
609 75.22179478841615
610 0.5205128319498066
611 0.9759010039135638
612 1.3867101105757127
613 0.4689672305675121
614 0.3611968490385777
615 0.25802186468483224
616 1.5056788045359204
617 0.7083253241266814
618 14.180484926402695
619 3.673543491434779
620 2.676142184549838
621 4.514383447419031
622 5.0393046526447245
623 0.8247442747455745
624 0.3733160193801325
625 0.9045716047791225
626 1.9165889921192998
627 20.724422619296043
628 0.1427622310764627
629 0.5760147203016556
630 0.3879404425152977
631 0.4648622542425679
632 3.179759525747475
633 1.1658804855048701
634 7.772520650764511
635 0.8765216120440068
636 0.45304661098546956
637 1.1347389755673312
638 0.9315456024913173
639 0.039043785586586215
640 2.690746391309705
641 3.2772805823267768
642 2.693149709534976
643 0.6124708936318288
644 8.838140176560378
645 0.9165945459837964
646 0.43666619870019
647 4.883665943599507
648 1.2812537378448698
649 0.9353067146026482
650 0.7828601876336401
651 10.222479164680625
652 52.96665847085884
653 0.003166553853460717
654 0.13265595147089643
655 3.882710033490812
656 1.0684427555613154
657 0.8619249785785861
658 0.1451463587336777
659 10.149140262703446
660 0.9585527128003958
661 35.02675622000599
662 1.8160989583274638
663 0.21466799411285298
664 0.08818982863540772
665 1.6010731908469804
666 3.591022566531649
667 8.878143055318947
668 5.101920168509643
669 1.3144421226223324
670 0.1362980871998388
671 0.056346675874859864
672 0.3422692709683364
673 1.6602581356924713
674 0.48861328245623703
675 7.368849919785467
676 30.963772325081948
677 0.80538840854464
678 1.2464189595351924
679 1.2606767304411797
680 0.4743067623340645
681 0.9027115494437878
682 33.58266815855426
683 1.0849721983850074
684 0.004369233935722666
685 0.00644134265306092
686 2.6260697682061265
687 1.651642951474347
688 4.3747590627750315
689 0.05367344726452384
690 0.719733352939327
691 0.016248541613570866
692 0.7141025970343424
693 0.9784207107974299
694 2.162315612762686
695 21.617832296431008
696 3.6369724908231307
697 0.5851480435761242
698 1.487593282266943
699 1.8347344671713683
700 0.0075871251240013805
701 0.32872350803805295
702 1.8261163507542213
703 0.16632551147858277
704 0.3063162041923251
705 3.860922356161566
706 0.17776683684478112
707 0.1927661426627192
708 0.21623023822406856
709 0.4861551876465911
710 2.0065746252862513
711 0.3529799425317207
712 5.287423710213643
713 9.81066677832703
714 0.8191871218971516
715 0.013229912287833373
716 3.5082750613607607
717 55.134640148640536
718 0.2656266302971756
719 6.967234772891693
720 0.27273414426766934
721 0.8088686992220556
722 0.37570621340363697
723 2.5694388977567235
724 0.6962938403314896
725 2.1834285946901315
726 1.6830132148254313
727 1.8417609426805897
728 0.9975458812834082
729 0.6102376323856818
730 0.8751836175189764
731 1.8305784540019958
732 14.807508339626258
733 0.15223943056384134
734 0.5132746702130567
735 0.09919063877918835
736 2.1864848945542095
737 0.427606784068044
738 0.4551308462907146
739 0.510184591223943
740 0.794811693125698
741 1.4840482442022707
742 6.375934940964344
743 1.8610860482580749
744 0.11459787654060147
745 0.8749424613730717
746 15.653272593740592
747 1.7491279691933206
748 0.06384858289927385
749 3.0789531369268066
750 0.051515186797293964
751 0.6858748925939747
752 0.3037326545527015
753 1.0742210912032342
754 2.236629740062111
755 3.9683635390806558
756 3.222996305559524
757 0.16671420525306196
758 0.5007292524529698
759 0.1489183062178921
760 0.5024722465274044
761 0.09216186836145766
762 0.40130966997299905
763 0.010415975103345384
764 2.144849278028113
765 0.5529371742584012
766 0.4611534062433409
767 0.003123636569983257
768 0.6514739465757918
769 0.09636521129727389
770 0.35811780176870944
771 3.2924614138844013
772 4.721971844392624
773 0.08476901774302106
774 2.1661885760843593
775 0.4706353015250006
776 0.7444874065291909
777 1.0737317494063667
778 0.26666351438724184
779 2.860780835695056
780 5.337229889226473
781 0.1995982578529034
782 0.45748755912613914
783 1.6585271664209416
784 0.26996519681228065
785 0.8124526458463831
786 1.0189967237938085
787 0.8341812986336415
788 4.004236183466186
789 1.1507529860190107
790 0.96924426876183
791 0.34154604703869246
792 0.44534118089509545
793 7.67319851331359
794 3.446252450906316
795 1.3893558930309762
796 1.0215704389110938
797 0.3991921943316374
798 0.42018980581301035
799 3.6369784456922285
800 0.30270071616538596
801 0.6584613751358506
802 2.920734717525951
803 0.08488285620934358
804 1.8585599073060357
805 0.3915452778225477
806 0.00447251782604662
807 1.222310804371924
808 0.024872294896703537
809 0.17317913661684134
810 3.796430371836453
811 0.6823073166417962
812 0.020199572285552473
813 4.896754391667786
814 2.3728178593134976
815 11.128045096758447
816 1.0542005709433793
817 4.141833271510626
818 5.259614290438158
819 2.9844988424673
820 8.483523393266934
821 0.043713285899774836
822 32.009866726113906
823 19.643396962127195
824 5.449340532525903
825 0.765929376127065
826 41.42021387549958
827 4.40686044076984
828 2.888997053816819
829 0.4492251996434697
830 0.3704759723465934
831 7.079833749273415
832 2.04349078961324
833 0.05573769819416854
834 0.8316696191502235
835 1.0824397255427256
836 2.578558614983035
837 1.651168349061922
838 3.3207904765986194
839 3.4464930009048946
840 1.4861045331694398
841 0.5315441082636962
842 6.9691749956205
843 1.227984370396791
844 1.6120424312145594
845 0.8147791432119761
846 2.7660358365664806
847 0.8425090860971436
848 0.28429467862791513
849 0.4707722430326276
850 2.327498207584528
851 38.13983655312191
852 2.054780924458187
853 1.609293757047152
854 76.03065239747374
855 2.1270833143618666
856 0.7887540785261138
857 0.07100073570570496
858 0.33511067507654335
859 1.203095090140923
860 0.07036906809937545
861 3.6047567138783005
862 0.3854604321312497
863 18.75666204710384
864 0.02561425983139445
865 0.5051048588399977
866 0.28017045003836244
867 0.7289535695297371
868 0.02271341409394006
869 1.9028464232013835
870 0.07201428992479818
871 1.5532160391629157
872 1.5247611017400484
873 0.29134620659104943
874 14.826131966894813
875 5.456099814136215
876 0.33001277300793896
877 1.094732834003295
878 0.1407308812670469
879 0.31032750300423617
880 6.099618845441536
881 0.057477273087949504
882 8.743323615623648
883 0.6084851154911938
884 0.674373351260652
885 1.4147584433212073
886 0.18171812177007002
887 0.9417635614279303
888 0.24902396539330252
889 0.031180710404215013
890 0.6301359668540801
891 0.08849467400367
892 1.4260110961712948
893 0.3272844732838125
894 2.4250471682158032
895 3.9484841674794584
896 0.25306569650240024
897 0.2544262629868546
898 5.015161637330712
899 0.556425209878604
900 1.2430262757154886
901 3.4484869197819465
902 0.8476544884056274
903 0.35964589389130996
904 0.9903282273939665
905 0.0904003209998987
906 0.09815616654388884
907 0.6127967968202092
908 2.6334420204598845
909 2.111381856897476
910 4.156338321699688
911 7.220902031945617
912 1.9367580530338504
913 68.97966374675566
914 0.6367744231201397
915 0.04625118994606527
916 0.09540972488529448
917 3.269742461767423
918 0.6670296425440264
919 0.04150955786041196
920 0.39247680657987205
921 0.39049614648987907
922 1.5521319883604117
923 1.5435529618475845
924 1.3815491610930706
925 0.7482146196589041
926 0.20873709995686646
927 0.5091284198507979
928 1.0817385431501678
929 5.248930986554323
930 6.447433134744748
931 0.7162385402755793
932 0.10059413064327494
933 4.495309293830696
934 2.641517715320259
935 2.8096484360030294
936 0.06382300855349357
937 0.23626016265286534
938 0.07762317520030262
939 0.4523147621783927
940 1.2060446946063241
941 0.7843931124136244
942 0.24404281585149937
943 0.9348606876474423
944 331.17746764088776
945 0.5389797795407607
946 0.9430150944064806
947 0.18410845707862084
948 0.011243600346552167
949 0.23326666663607945
950 0.2929415607552871
951 1.4364703805818684
952 46.44506348708232
953 0.32302217549002576
954 1.229484116430561
955 0.004337503908632513
956 0.01953913964318676
957 0.4473954637286387
958 4.897621541374179
959 2.6421288809044223
960 0.20309078103698516
961 0.5109727227424907
962 0.5811499015333292
963 0.463962837192616
964 2.2265675474266726
965 0.6010579207712013
966 0.05378726605496994
967 8.397960314320716
968 0.29507249596898955
969 7.946990235867453
970 4.030553698511332
971 0.055799557565448986
972 0.03834237770950812
973 0.2096520993618424
974 0.10102702104427619
975 0.28537818003432647
976 1.2025310622271292
977 6.567194299184279
978 0.0007164285451838885
979 0.663558495069234
980 3.505912983226498
981 0.5923426512809796
982 0.5002908602086953
983 3.2946688133271236
984 0.10356619354416982
985 0.16980537468309695
986 0.0923146222624495
987 1.2412895735302
988 1.4899759079585442
989 4.216161397051203
990 0.05225501152704814
991 0.2609210127711949
992 0.14808793108045282
993 2.6918586279995425
994 0.4512695922112586
995 7.523947714339584
996 0.7548164167604626
997 0.3310788557349772
998 1.6761818788275316
999 100.8256696503284
1000 0.4471853580595419
