1 0.04053787801033441
2 2.287490022607667
3 0.05274762153984764
4 1.6698128595201596
5 0.7542743238580268
6 3.7320116324642436
7 6.75637087485092
8 0.002952347768164822
9 0.36372895674970246
10 0.22006384952838917
11 0.07484481223801628
12 21.465625378467497
13 0.25675016672222567
14 0.49820002399428404
15 5.34932701917145
16 0.924436676474178
17 0.38660283244350013
18 11.650943876913493
19 4.695679756186454
20 2.2571151848659796
21 1.0915483926141207
22 0.14130234850249793
23 0.6637855862093026
24 3.097971850247787
25 1.119661069017092
26 2.104746113746781
27 0.5891283240796428
28 0.3136822353238622
29 0.41987624976055365
30 0.18123622074144394
31 0.48349753740458806
32 1.284981186975762
33 0.48557074921700727
34 0.07289949496405494
35 0.39380442923865383
36 0.9721792724514801
37 2.2907836718093364
38 0.46430235258007535
39 0.6778511383004778
40 0.014526879822013136
41 5.56930647160126
42 0.2879493996529015
43 0.6444986806732429
44 0.31974292242434205
45 14.887827746479317
46 0.5520314671963712
47 0.12208699081712165
48 5.9127022526738084
49 0.9423221135688161
50 0.8616532953175887
51 1.8865696733125212
52 0.07047734117042516
53 0.4283030415952451
54 3.381260786015072
55 1.5780315794264737
56 14.694267153838743
57 0.693512609894383
58 0.006956744559669646
59 3.7581371644453316
60 6.586938649926805
61 2.0359046029464465
62 0.7092907143398565
63 0.6630707607901136
64 41.61118138308167
65 0.7150515306859183
66 1.8500766456234001
67 34.46300736187955
68 0.0014461449027726569
69 5.33297896928486
70 0.39131299991894664
71 0.04828805524659904
72 0.6651034465116116
73 0.4943307115781633
74 3.1989294933624053
75 2.123498321880558
76 9.29691609180549
77 0.22131764775501112
78 1.9438596774923134
79 1.1094014042647304
80 1.4987756018284148
81 1.749195790314681
82 3.1978295624507247
83 59.54808141090585
84 13.932747949065174
85 2.8872511401471037
86 4.188067659107195
87 0.20406678813668622
88 0.04085205390517587
89 13.800766051565098
90 0.5597400222476437
91 0.05990762516475327
92 25.52097093029322
93 1.823709696918597
94 0.018086245133912972
95 0.2528638555359666
96 248.7518923288753
97 1.6245707216406682
98 0.9685786975116307
99 1.6964429342989182
100 0.5362716752993417
101 0.05035074449449404
102 2.703190008929671
103 0.07924851759129298
104 3.636248854581453
105 9.16344781559405
106 0.26955054046207433
107 3.061600872005666
108 0.2432649408081433
109 1.1688239355384253
110 13.406478102830729
111 0.24939832456271763
112 0.02915306107429014
113 0.16954188225736966
114 0.9583923377369163
115 6.899206631314147
116 1.3505974849555757
117 0.9414802884101726
118 0.5672530721191312
119 1.233076181625058
120 5.14332613661171
121 0.18276106509219134
122 0.3154716919684634
123 1.2481436369010046
124 0.39067249470731724
125 0.28884365531847156
126 95.96290235954332
127 4.018632438034984
128 0.5816972979416152
129 0.48796307864922145
130 4.614912371320292
131 0.022175996430534695
132 2.8224855887174827
133 5.661167071294483
134 0.6284660894745707
135 0.8495937191628633
136 0.19746865741031855
137 0.4992059242128184
138 0.08092431983414596
139 0.4962186278154067
140 0.2022773808932138
141 3.718725698005326
142 0.9919127816047806
143 0.018490741392908634
144 0.295263144086261
145 4.452538182751736
146 1.1592079288535608
147 0.13325399046987443
148 0.8197758308115696
149 0.7940168272472147
150 0.4497125498829501
151 1.858308113330949
152 1.0630737404079933
153 4.723811672631647
154 0.3358849916796847
155 1.2253112331644143
156 0.5414000499931929
157 1.7156576389451512
158 0.9827056710354084
159 0.24998906706518118
160 0.3976044896036161
161 2.2882800742138985
162 1.1436601976114134
163 17.724269783717986
164 4.776804217893188
165 12.771249628253754
166 6.09916256863166
167 1.4673372439398915
168 22.329704787190025
169 0.43012951460503723
170 0.0048800865978095385
171 10.343594422580574
172 0.17802058838033183
173 13.624930173541124
174 0.05116645727482477
175 0.5030703227687715
176 0.5577633304537762
177 7.093595152806699
178 0.14544101232656306
179 2.7577848828120937
180 1.5251280119183634
181 0.43078159135645033
182 5.030694968664841
183 0.8405892031195096
184 2.0939513610596627
185 0.15318776181168792
186 0.9380814917785338
187 1.6722875627897833
188 13.342206551729067
189 2.9354249304846154
190 0.010025571326825774
191 21.18090470466942
192 0.5004562148047413
193 51.21850321137739
194 2.0617837081368986
195 0.12158580325157166
196 1.6212810293665993
197 0.18011956902198345
198 1.082383855751938
199 4.358740313131966
200 2.4591225193834467
201 0.007200297177366245
202 3.81310462141377
203 0.09225603604302293
204 25.06459851441705
205 0.924339221359917
206 0.6163250757682777
207 3.7602236211171993
208 0.9523614765706669
209 2.356466450460782
210 8.44364739394789
211 0.11125012542364933
212 0.6451721196957588
213 3.117845995171268
214 0.10653879540095666
215 14.22982293799814
216 2.2489599841573296
217 1.8049081245133372
218 0.1709027984794236
219 0.3944312959309794
220 0.0298702201702862
221 1.8683076280544093
222 0.7181247959825415
223 1.4404951116426055
224 0.4989748570661385
225 4.573944770036318
226 0.4164630352586535
227 2.9745356638606997
228 0.002739873608271032
229 0.6368935028049125
230 0.0967607531429485
231 1.6691262255498283
232 5.218178632379938
233 3.107345710340948
234 1.8610086247048772
235 1.419704843455858
236 0.6336928475391557
237 0.3769318056713252
238 35.68470912518257
239 0.5272556590621205
240 3.0787575730563788
241 0.3212561002355392
242 0.529031292714595
243 0.6357696892974481
244 0.6134124676468187
245 0.290152419108137
246 0.17574115390373624
247 0.35775000833531645
248 0.009440689163111932
249 0.14832118405883077
250 0.13976217346087322
251 4324.299992270725
252 1.6191196601891817
253 12.369889720580042
254 3.7831820085912593
255 1.3402474751562408
256 4.840416109851423
257 0.07163074994078014
258 0.917982599143158
259 0.6183196236973684
260 2.801541481490759
261 146.87641511576666
262 0.0053643349905711
263 0.4575353828642066
264 0.01407685129853771
265 0.56566835173996
266 0.4119360362452493
267 9.394402901766602
268 0.8567330568736278
269 0.5184680214011137
270 1.6082490636373394
271 0.3924824846208955
272 58.63981038796751
273 0.1089656062996669
274 0.3466384176318137
275 14.972882448939684
276 0.07979249953407944
277 0.9734054310680539
278 0.66395043732565
279 0.27478355381320285
280 0.7629307418778148
281 3.02534654940535
282 458.4017701589903
283 2.7575232774206864
284 1.6508309434835824
285 0.5800543832855858
286 1.6883632337660266
287 0.7665483634699769
288 0.4699011143296446
289 0.3709673454976327
290 0.6495493539265602
291 0.04468688837215595
292 5.36734287603263
293 0.8825583678857654
294 1.2797857413868228
295 0.9987438035570828
296 2.24869924137071
297 0.338783894528466
298 1.6942684975417228
299 0.2794532534653313
300 0.32288390729693955
301 1.78948350275298
302 0.08535896879813867
303 1.3553244998241678
304 0.43506470518883444
305 0.31449144223185105
306 0.49056814293138506
307 9.202717306934366
308 0.39582167758262987
309 25.339268481309333
310 2.21847700225279
311 0.1884601370399358
312 0.17570097168615628
313 12.018300168801359
314 0.6941321225457799
315 10.29801207685333
316 1.2646198455646331
317 0.6406583741180495
318 0.0763804568689916
319 2.3030871256572714
320 3.5353793082483866
321 19.114869145779544
322 1.1934362659371374
323 1.3871341765579166
324 0.25886689377113614
325 5.2618020158760235
326 2.600295611195033
327 1.4328170021706739
328 0.16595711621353448
329 0.6089423900025465
330 1.1519444017465559
331 0.19297964482495075
332 0.8815463781019475
333 1.7893698206610409
334 3.127904282484977
335 0.23588301775140638
336 4.243779375564065
337 3.9766838769560207
338 0.5021510423495542
339 5.48114513666737
340 0.01639325204761747
341 0.8050076619018489
342 0.4230567805850734
343 0.16424553909061543
344 5.144528680398797
345 1.915049381502366
346 0.9219509295295962
347 12.467775168098456
348 0.3893554198552732
349 0.10776039713136919
350 1.2460884532727192
351 10.758798061023432
352 0.565489904645857
353 0.1453357199383455
354 0.8285413651156773
355 0.008844131244892006
356 2.868319202706625
357 0.10846896339706459
358 0.3009030373902948
359 0.5149915823799309
360 2.2499143510079094
361 0.06872414529809327
362 0.16362222576104204
363 0.7772405176808428
364 0.15468142690579847
365 0.7541343874983935
366 0.3628417359488276
367 1.6662398259093836
368 0.5247665692085005
369 0.6122894261574661
370 0.3269135231522278
371 2.4049299387935914
372 0.03141002609618617
373 4.2778203774726
374 1.0726507960671463
375 0.12040070242307001
376 0.9388177573465424
377 0.514882560523954
378 4.244015784702211
379 0.5485040339605973
380 0.3710355633502347
381 1.094325833707266
382 3.344549350322345
383 0.49203892528565185
384 0.30823689725250847
385 2.035361562222439
386 13.861826811521432
387 0.223820623533474
388 0.9946032664306904
389 7.081688161324997
390 0.5496467585116832
391 4.798128772207686
392 15.402240664577148
393 2.7319084737120427
394 0.22008677298207846
395 0.6077488746743368
396 9.122531158712258
397 0.16437002894934927
398 0.2893054842826382
399 1.9212406686231451
400 2.090729162877072
401 0.8099660266480037
402 0.32164855511534474
403 3.0461488571798685
404 0.39815931565117996
405 0.3989559701490156
406 1.979347060413858
407 0.5213498948215298
408 2.401209106501753
409 14.246958125595274
410 0.6324835901245507
411 0.05428907053322496
412 3.1695627423344495
413 0.8181930416959657
414 5.0715373783411195
415 0.7396713372800606
416 0.2607511047589104
417 7.430719698141464
418 15.529021425687715
419 4.932785446450387
420 0.9378499353839015
421 0.02150902896153632
422 0.07330387427784112
423 0.45635222091859473
424 0.11427588644274658
425 96.46380083418855
426 0.8629442168054174
427 11.355963506718023
428 1.1115084193627125
429 0.12663880840001124
430 1.6604481723513789
431 9.500136836507599
432 0.6296801100451634
433 0.48662086867119775
434 1.8873978348613332
435 1.0171909820352791
436 0.08778027803306872
437 1.089066324388381
438 1.0535044325308434
439 2.7748303088116266
440 0.5766660962232613
441 5.798642750259425
442 1.1710604677863483
443 0.29151312075505686
444 25.97856944570837
445 0.14070392618445124
446 3.4513940955694
447 0.21447121984234585
448 2.103292992189093
449 0.48913155845179473
450 0.6798497103407042
451 2.7618516521078114
452 3.597617715243627
453 15.948491394495278
454 0.8733685154302061
455 2.6884339700671824
456 1.141668652758426
457 0.7926118768477998
458 0.14263166388320905
459 3.7473909587941874
460 0.21388778058117044
461 2.320537915806662
462 0.2733900426984885
463 34.99461491772492
464 0.26519126231139495
465 0.7138683386124454
466 1.3365695496572532
467 0.3807177311097444
468 0.5134191148302706
469 0.3097724187980594
470 0.8816235759003058
471 0.09851496866348053
472 0.1231728200365605
473 1.9990936395957994
474 0.78834494597132
475 26.063200759550963
476 0.27269664965516927
477 0.3872321185472408
478 0.6822917957694826
479 0.07568434521890284
480 0.7924752371667999
481 1.509074087206749
482 7.059751363259344
483 17.340072719227003
484 3.524125727130815
485 1.1725170482584648
486 0.9910524769535206
487 11.459099802823348
488 2.5913280452947074
489 6.530635232104189
490 40.658273491410604
491 3.2491273962800205
492 0.631097012335883
493 2.6277502619164466
494 0.5043344322274141
495 1.102763437357804
496 0.5117716006204549
497 0.46373701475892376
498 3.0527868275662446
499 1.3462411997983261
500 0.29744788031678543
501 0.082084348195573
502 0.3000311334605083
503 0.46764294143001944
504 51.89301456591295
505 0.16332608500494208
506 0.08101647824433918
507 1.985787234100276
508 1.7049234739622068
509 0.05056301458945138
510 0.3931135166388605
511 7.308091063371298
512 0.0415463973033481
513 0.8552400216759327
514 2.992075683116584
515 0.1828265721997651
516 0.16178037828416786
517 1.415550341601182
518 5.63226941820298
519 0.16794825729653454
520 3.13479328050388
521 0.013305487788033516
522 100.23455794667652
523 0.8009276517413721
524 0.7117120356566166
525 3.3389902713789015
526 0.2827786911846122
527 4.0688803679963295
528 0.3671411836985473
529 0.5540118531761798
530 0.6845331062852839
531 19.842298581276875
532 0.06369253186266408
533 0.45904531486386135
534 1.2360890595066432
535 10.475246253473665
536 8.361573336100525
537 2.9439733977397196
538 0.07645726127447144
539 3.7296451955453884
540 0.01872378935016822
541 0.7729762206091939
542 1.7249862105466438
543 3.0925801774288364
544 4.1154370910159885
545 11.66971762411674
546 4.4271474245302835
547 0.7382835589487792
548 4.700266612901435
549 0.2535234220283627
550 2.299553333653271
551 2.180535045078726
552 0.29059093302673084
553 3.0458340151819163
554 0.022076444356621164
555 0.22293025745038025
556 3.10159988991027
557 2.3656082070275324
558 0.22916648510985665
559 9.240518329516657
560 0.10721944676727609
561 2.526178630933897
562 4.024553278750796
563 1.2386829897365297
564 1.568709285739876
565 0.1515136963246668
566 0.037860408296813156
567 18.813049241442354
568 3.6496376198024714
569 1.7071712677518955
570 0.5067032108910936
571 0.39744240580705764
572 1.3786583333284723
573 0.0012672549678817919
574 0.37934343217186905
575 1.9560071738022464
576 1.1291858293771748
577 1.475493676328546
578 0.46253790492122204
579 0.21041825686524773
580 0.29123572697251915
581 40.49174421280769
582 1.4671853190684188
583 9.390330715066664
584 1.463935542795631
585 0.3321640227180305
586 0.28235922586011897
587 0.46560746679677173
588 0.3531257665966901
589 1.0656165566107483
590 3.0738910519277223
591 0.15494008230183917
592 3.314587605790358
593 25.723927542208695
594 1.556438207127708
595 0.8693771710696979
596 1.9796831070668515
597 0.07972455518441433
598 0.8467684778044362
599 0.2560482611020936
600 1.2787154874378717
601 5.026921629944164
602 3.636275053481743
603 1.5949520098685228
604 0.03731318345770009
605 0.3446675483292303
606 3.0112136989898146
607 0.13058453918494983
608 1.9945243993028556
609 1.3846863742989088
610 0.4603512019057809
611 17.357284917851032
612 1.963540752244318
613 0.25571600394427857
614 0.5643440682204021
615 3.011313585285343
616 1.5135953001919407
617 2.1818112513895067
618 0.015288486262192683
619 0.49096275332707445
620 4.077957385197192
621 1.325490631931962
622 1.603114216008867
623 0.3192186996283396
624 0.28277898864515233
625 2.3002463642826316
626 0.894906588247785
627 2.450969201161215
628 0.7078075323824706
629 0.853725326803449
630 0.7323847478954428
631 0.0433806173582935
632 0.8803271202376859
633 1.1008144816490701
634 3.3945628942943062
635 0.6495496464265009
636 0.37005185927859374
637 0.36795001252983184
638 0.7977717285794983
639 2.0545134755688763
640 0.23877611351633107
641 2.6309851123334496
642 2.2593663213921116
643 0.8743701562138871
644 2.49880202884499
645 6.077889822825294
646 4.3474832012472
647 4.435760127341122
648 1.2093238942574431
649 6.903100392102152
650 1.0726362112301076
651 0.13722348055855674
652 0.7639845757339776
653 0.0525868387085923
654 0.5425974120642788
655 0.04004237674456088
656 4.041310575380194
657 0.0005748033268170587
658 0.0069956875130603065
659 5.265660534418969
660 1.7531793457036784
661 19.62640569640043
662 22.993860318453606
663 0.03481776621803163
664 0.11798750613019571
665 0.2784706732259063
666 0.36483143141526836
667 0.6854663339412893
668 1.7013266162630738
669 0.6483889465803225
670 0.9074987912041298
671 15.591006762319756
672 0.7728491137918047
673 0.16733057372442728
674 0.09704808943057518
675 6.669956110933753
676 0.02879789483638013
677 20.407056055985752
678 7.3500255099613385
679 3.5034203502013863
680 1.0198797018923125
681 3.1374047042577553
682 24.38012846354405
683 0.4537225714185318
684 10.3501287476395
685 1.1162277224194601
686 0.3551643175580984
687 1.0506954675155742
688 0.10498407204383726
689 9.115719043839148
690 0.19543110053857077
691 0.8373833838741355
692 1.1374118917062483
693 4.376265015066526
694 0.2591314158064182
695 13.718522316764831
696 0.40401467829692583
697 0.46794014881233564
698 1.0957693311207228
699 0.4110943705370125
700 5.1935690598453785
701 2.25226139413899
702 16.497774632064964
703 0.2818962619799121
704 0.5555642777035273
705 0.10312923152177303
706 6.208423301960898
707 0.24899341286350957
708 0.3068714143680516
709 0.26074756417005107
710 0.47964169417419816
711 0.6739769756035366
712 0.2424033557401112
713 1.7184050863744276
714 1.377994191576628
715 0.3334822435812156
716 0.08877795702885019
717 0.41828356824487567
718 23.771719202981153
719 0.17736033865987028
720 4.798907210370417
721 11.435510367051478
722 0.23058770099336706
723 0.88522646596992
724 0.581127341542038
725 0.4298064077945373
726 124.31963779876176
727 3.6769071375601934
728 5.857080920765344
729 0.14835692408140694
730 0.4664929687780197
731 0.48736567922191637
732 0.16419847231034643
733 2.072930643293919
734 1.2309989344182424
735 1.090580054940215
736 7.363859910246719
737 0.4898833297529429
738 1.5082227683621647
739 2.813653115414353
740 1.4260401564570944
741 3.3489410835580085
742 3.8332350703827403
743 0.8468466891961633
744 446.498385606152
745 0.2405567847265954
746 7.879213748964222
747 0.22968996744847875
748 4.507225665344641
749 0.34766730556106823
750 1.0751244554176813
751 1.5813001319235618
752 0.28350965381632487
753 0.05473068090845828
754 0.9421448726067961
755 7.626095839037588
756 1.6179389945216445
757 0.36845322535228364
758 0.017208953661306845
759 0.5282123008743658
760 3.0162934360059945
761 0.11649960736188868
762 2.090208036254215
763 0.3763544153456849
764 0.858060882125895
765 3.563520476172694
766 0.30353623068542857
767 0.8680199264776941
768 1.251131046013078
769 1.258630484020156
770 0.26489986035540314
771 1.4504034500382068
772 2.234120197837276
773 0.2972454763024992
774 1.9899136904173547
775 0.10373250607634188
776 0.13086126386920663
777 0.6606245397157394
778 0.01959067202350526
779 2.395232054303634
780 1.2297922346598065
781 0.020888941473078744
782 0.37470791364566414
783 1.7879134329889448
784 0.5247276598363093
785 0.8823435778770858
786 3.7622525999034524
787 83.22835540111038
788 0.21112317676776723
789 2.5797577887918046
790 15.033644640991989
791 0.029694023756051204
792 8.755499873117587
793 3.2546395582617866
794 18.50332845553279
795 0.7813100839244456
796 6.59634199574709
797 0.39371972576167097
798 2.971168905178226
799 0.4478182452494971
800 4.665326417703629
801 9.160381330007693
802 0.2237715060255856
803 0.5558128489095553
804 115.7237875733967
805 0.6271121200962009
806 0.1626101236720763
807 14.77989372056733
808 8.175427745962557
809 0.22046607085436937
810 3.54228387572485
811 1.374666529694393
812 0.10022416258346172
813 0.0016968629903625783
814 0.5483758893511311
815 1.6107746767088083
816 0.2191896946132158
817 1.1864180738475272
818 16.008322728911526
819 1.214506213360608
820 1.6158154507843097
821 0.05113610996662591
822 1.439377105605326
823 3.9167023368266496
824 1.3205473184244765
825 3.325670081126499
826 1.9751489953132764
827 0.5422909996774171
828 4.6839823207778375
829 1.6802393871516448
830 6.7501258494292085
831 0.15254574140932026
832 6.441933245978689
833 0.924399183570737
834 0.32351870904741925
835 0.8506051727232481
836 65.72648266902813
837 1.7133713194222515
838 2.7989354173381247
839 0.3640199925839936
840 1.3444815421942717
841 0.9890491794782367
842 1.9855511529238883
843 0.3250484406086343
844 3.084189398998409
845 5.671296297917204
846 2.1745029085650933
847 0.8136939505628823
848 29.6113695196939
849 5.361423656851611
850 7.948703372788032
851 8.701598172718745
852 3.1078531102240556
853 4.171277495474527
854 4.497451104614254
855 0.11874947932867087
856 0.9575454798714774
857 10.882830439486769
858 3.5601350991188196
859 0.39466240122029844
860 3.7053019608705937
861 1.894669857387197
862 0.09570110124670494
863 0.49443971647391954
864 0.45538519839430724
865 1.714519522020551
866 0.06023731840934409
867 0.404267411261984
868 0.366527950591702
869 0.43687880488063346
870 0.9733140518139531
871 0.883891100360755
872 26.302909514545274
873 1.4535357126412156
874 0.12877253127678753
875 0.8307865650572623
876 6.1860324564386495
877 1.6320528823089397
878 0.23925950518893432
879 0.5405151491174287
880 0.19906771739647397
881 0.2663545422722353
882 1.7367920102394325
883 1.4625995479583764
884 1.6404981584039706
885 0.04695611516766595
886 3.6118546381686136
887 0.3012973437059772
888 0.09386612924104341
889 0.12094303024020085
890 0.002205313311559097
891 0.5244213813571217
892 0.12383597500990733
893 0.9311012830264672
894 9.107928993750454
895 1.7915134802043329
896 1.7366490884641685
897 5.69917712129997
898 1.5244111454837932
899 0.4136416526111669
900 0.3321858850640931
901 0.5450486803933969
902 777.1632934574001
903 0.4758165415204992
904 0.014432813109099763
905 20.034678842481835
906 0.30861642576127435
907 7.56593807944525
908 7.21848774636334
909 0.7012862454816734
910 1.6461349111761674
911 0.25805590579793464
912 1.2354939731344603
913 0.8109813451304916
914 0.36864015473382444
915 0.05282626425928621
916 0.5761363562365756
917 8.547201816590402
918 0.6300327567975279
919 4.118912729893602
920 7.957485426370259
921 5.297284927019949
922 0.3321760936400748
923 0.0013961995667781037
924 169.49048045425383
925 22.867921588126535
926 3.238995865058943
927 2.8882252640041335
928 10.171260912061983
929 3.4490835418494132
930 2.051269557360144
931 0.11778585406558434
932 3.512574117794777
933 0.5588758104470218
934 26.231822099468
935 7.139101357239747
936 0.8792015008946403
937 1.6126879187735013
938 0.6597303597609853
939 7.22686050137786
940 3.126508001664813
941 2.8524088270646226
942 0.302041035695913
943 26.306992599117514
944 7.0111912655604955
945 28.38617313424536
946 6.141505332719125
947 0.7080678229729191
948 10.392836452281847
949 5.888525441063042
950 3.06129516330927
951 8.81747525346928
952 5.392635136985235
953 0.19999055678735198
954 0.018907632361605746
955 3.4028175599411985
956 6.476461136079714
957 4.350684795888844
958 0.24962863442758096
959 0.9892007544293692
960 1.4000621112460727
961 0.48623148085009227
962 3.8206213909423883
963 2.66564657473357
964 0.5918043611076054
965 1.4969127697208047
966 0.05416347471719833
967 0.341920134482619
968 0.3004540142696583
969 0.18826795068207564
970 0.5832824943910304
971 5.234221058370253
972 0.3353270648939255
973 19.762893998839235
974 0.5168433189362972
975 0.2002011177806958
976 7.985237155972911
977 0.44840333801108273
978 13.218531309151413
979 1.0248166352670551
980 0.009869044779606437
981 8.582516812169406
982 0.22202315609884563
983 2.7244642376999377
984 0.34340570462005576
985 0.9539401633854926
986 1.5419801482161317
987 48.332188347448444
988 3.3842932388188647
989 1.1751775341713866
990 0.5146601528837481
991 7.242525997248556
992 0.3224587852840902
993 0.09310428470474728
994 14.812454114562225
995 7.489504513264185
996 0.19512843375253613
997 0.3238981790549825
998 1.6000075078797624
999 0.4359850442633872
1000 2.9234421768150374
