1 0.6827617767086669
2 0.23116774394671827
3 0.07632795772394854
4 0.35609671111909746
5 2.3960544988804218
6 4.6319856344617625
7 24.88985058504131
8 0.4711095785475337
9 0.847344401039671
10 0.9205905798263242
11 0.2466580459982248
12 0.4318394518601445
13 1.373410120001894
14 1.9269058880951042
15 0.47211257677864155
16 0.5572066644437553
17 97.91773676273584
18 0.6592377198740409
19 5.39937649173455
20 0.6010308490858387
21 0.08888365047320172
22 0.07513663418169235
23 0.7075675006096792
24 0.5776254897954858
25 0.36429413941056316
26 3.116928970480783
27 9.40120427292834
28 3.2081357185024095
29 3.4921589391963135
30 1.7069975061084617
31 4.115960805484056
32 9.230651678494038
33 0.9021080136284664
34 0.9454897365011137
35 5.15767004011384
36 0.0038002177512720613
37 0.482502952955356
38 5.575704881277314
39 0.027086504572858234
40 0.9159489202597174
41 0.6668903965798079
42 0.18100390815303907
43 0.7713164371727347
44 1.1062698052232325
45 0.4256621453867582
46 0.17380365627060698
47 0.8563573170766963
48 0.4833134600977515
49 42.66104469335112
50 3.287579432885326
51 2.2429258915955708
52 8.587218421781484
53 0.2755622488519114
54 7.2427863908336
55 0.5239012161532338
56 0.1327725776645852
57 18.839881830867057
58 0.34612624019584753
59 0.07667359761010704
60 0.06766982656624532
61 11.139561214615256
62 0.17860861073056244
63 4.0887319249172505
64 1.5379836506337468
65 17.272441624572238
66 6.516614365510847
67 0.2860269604562104
68 0.7649054827308782
69 3.6162754705165203
70 0.4089065005763612
71 4.986189801255886
72 2.3650854061155613
73 1.1948462073979116
74 1.7815680295017937
75 8.178471061718552
76 1.2810179768059557
77 4.262676677721106
78 3.5429352899465347
79 0.030912184203309878
80 0.0019435460217040797
81 3.0430642540025628
82 0.444628449092499
83 0.07545064846198282
84 5.8952873463701625
85 59.287537875296266
86 3.096173355865806
87 0.03682162475582636
88 0.6174274487552839
89 3.0921373305478013
90 1.7518726503353237
91 0.09624325989349448
92 6.264105629954303
93 2.374453543904758
94 0.6498917108067039
95 1.5984306403045587
96 1.6701190396979873
97 1.1833620963663045
98 1.3622057610227394
99 0.1345885727868076
100 1.9995649566282752
101 9.697534514728739
102 0.2853062061090631
103 0.5519074911589072
104 3.668643952806473
105 2.7069853772827055
106 2.2124646682825397
107 6.75699139478768
108 0.11395491585494953
109 0.6326960287333923
110 0.254707005902294
111 0.14659488073900248
112 3.561207451548945
113 4.052265319308299
114 0.05241609736766316
115 3.9878087168651852
116 9.607295694169846
117 0.08518585573153062
118 0.22476965749025632
119 0.04590128422560715
120 0.46358298545803006
121 1.0093791731571566
122 1.7101962968669588
123 0.8011716086519867
124 4.573339492368822
125 0.26537323118304185
126 0.875668468000033
127 0.29237008218207994
128 20.042926187388638
129 0.44399553285612225
130 2.5121119101402583
131 3.678241422200676
132 6.711058489823714
133 0.7497812337996163
134 0.28916718767711774
135 3.7929098850038283
136 3.635887847771577
137 3.1746161806750344
138 0.20842321868345157
139 0.4299289971736657
140 0.589353770915555
141 19.70192813219033
142 72.71638241221736
143 4.494289884141281
144 1.3116955525194134
145 3.1267639005950936
146 4.604820604544601
147 0.3220420753210693
148 0.892661724262074
149 0.3186864463363579
150 1.4448705426253339
151 0.08935867619287569
152 105.69708086611465
153 4.397464134211347
154 1.6094785519392005
155 2.875989780225735
156 0.630339418046536
157 1.877182922024539
158 1.777493098465379
159 4437.103692674154
160 0.21742667398225235
161 0.2804071860328245
162 0.47065751969584796
163 0.11738578656357282
164 0.16819495305922383
165 0.41100688783979655
166 1.314694896882781
167 1.4403982327198444
168 0.23936050917902033
169 1.5323948316869151
170 0.3291105842259213
171 4.147900723838503
172 0.09095691305923224
173 6.084611107047295
174 0.01652033429862893
175 0.5005236931906406
176 5.301200559063504
177 9.390742006696904
178 0.14951316224105052
179 0.29387255928087763
180 0.411197518768303
181 1.4069724568814213
182 0.21484224054937776
183 4.914743854314592
184 0.025425471951091155
185 2.0573515999383667
186 0.16717926060787983
187 21.00418797299805
188 0.09913566341230796
189 8.83799338185317
190 2.6791415026766674
191 2.9993179076617276
192 0.1752693636717269
193 0.22477392329672563
194 2.651039317041799
195 0.04379050394486268
196 0.47655847485247294
197 3.8034064297307957
198 1.9270938970274019
199 44.87949063525485
200 9.335819682627719
201 0.08487522567225897
202 0.5742845868522746
203 0.11794221981964108
204 1.125107228281473
205 1.8793229425246358
206 5.125882999182296
207 24.58170102929734
208 0.004195910949017182
209 0.17413060527583563
210 4.83941030229172
211 7.900165796391143
212 6.473355191273017
213 0.08482238051539258
214 0.516554620732283
215 0.25369097684986336
216 1.2089843047045483
217 0.6840438000693595
218 0.144822280403733
219 5.550755825112144
220 8.938837433828422
221 9.912413182851205
222 3.3241532731733474
223 1.0885171511219638
224 1.352199972469096
225 0.6198387518521621
226 0.0781161724626815
227 0.04749359309704928
228 0.025026469013613845
229 0.09118322946675711
230 5.342065244661029
231 3.498143705021227
232 2.0665094203931735
233 0.14518023368586228
234 0.3878747676971787
235 0.2326575454768941
236 0.46242486588504256
237 11.473888967636299
238 0.09730180752990224
239 0.572126216222409
240 34.72267237672672
241 3.304436080366477
242 0.04300602829926438
243 1.275581548746833
244 2.3371858470997524
245 1.5216999515829914
246 2.23087759265298
247 2.3114573818201034
248 0.4928742739111788
249 3.7784549252105206
250 0.41699243122060736
251 1.7016428187212334
252 0.49910704917321924
253 0.9480090139913316
254 17.46226692311899
255 5.172216709081485
256 1.511461521988874
257 4.8348546138708315
258 0.1285797387818996
259 0.558362129517666
260 0.17986752790098462
261 31.551556584818
262 5.960397884810065
263 0.07171524625773995
264 1.329507676568358
265 0.1601626121324199
266 0.1846505716737683
267 29.37812287324314
268 0.0432109643151667
269 0.18544996111042905
270 0.6573018507375635
271 2.0382596516055815
272 0.8679084820557144
273 1.3317032490681417
274 2.574179421526758
275 2.8068612723449737
276 0.3328994483776389
277 0.19540948244202055
278 0.48456630405346535
279 8.192826676434997
280 13.259293324311521
281 0.8641526367363489
282 3.61453549387518
283 0.0757392442523045
284 1.039527678710447
285 0.591672216533036
286 6.575807622462665
287 0.2211677261598341
288 5.927680928433533
289 1.8991821604153036
290 0.8492236432969025
291 1.7518197489114415
292 3.4090297802265175
293 0.7339850698616128
294 1.8226640401812426
295 10.340691475736433
296 3.497751062275875
297 1.6673744058931574
298 1.0771558707106945
299 0.1653116135950635
300 0.11485307660090244
301 0.18950957303442245
302 11.938522172991277
303 2.8587808411690716
304 1.1916775243240967
305 1.9190658047538685
306 0.8828819350429002
307 304.26733113282984
308 1.0244643937905538
309 2.5625759994465604
310 0.37045875817053747
311 2.029955989652994
312 0.11570468640755402
313 76.52744644199201
314 0.7626803587462936
315 0.015121001142708989
316 0.03415165599512137
317 2.8873946598635745
318 0.30772128838355906
319 9.066208991446599
320 1.0607269532987398
321 0.11543188117911211
322 0.5656228952629062
323 0.7277420658793957
324 2.425028333400084
325 1.2941144542826286
326 0.2847491894333823
327 0.20546124362126444
328 4.519048235956717
329 0.04057660575674181
330 0.22771279509179335
331 0.8168561673767902
332 1.8120985875124256
333 0.1549593355807164
334 2.9640482544093056
335 0.5019777791475125
336 64.82680914979285
337 0.36548794439378574
338 2.4370624459848385
339 8.799113592048455
340 0.3425552188275794
341 4.7706616263735455
342 1.0964752275404592
343 0.5928625325895203
344 9.26618562512738
345 4.986095359080661
346 5.181590991673716
347 0.5128742006931722
348 0.2819802341382509
349 0.16832117396751425
350 0.1935683701017294
351 0.8654550830847646
352 5.01770647164415
353 1.7174369336015325
354 4.256190225289571
355 1.9444793821026074
356 0.3211809641050523
357 175.14692901788425
358 0.7317820558736158
359 0.3969876142257264
360 0.6998470911289087
361 0.13156135890587453
362 18.09987830149782
363 0.3662911392988746
364 5.840446684378781
365 0.5490172147603
366 3.274638088876576
367 5.4249211165834685
368 2.506948417048652
369 1.6198484825617374
370 2.4196689973360663
371 29.504317846243914
372 0.05995270491100745
373 3.3172945490681855
374 4.301226596166662
375 0.28334471013902296
376 6.244197830783258
377 1.9610161301820148
378 13.270530548533609
379 0.315523959498407
380 4.4577941912452435
381 0.11229866963859421
382 8.133747212237113
383 0.8005068282964983
384 1.4472759583863812
385 0.34939985754054176
386 0.30651945387062945
387 0.032103747885973616
388 0.15857214624501054
389 0.11119254561830075
390 0.23933372505077957
391 4.3482839280814725
392 0.7171784001319101
393 4.961191990011034
394 1.7110075979604076
395 2.0310647869707523
396 3.5030027548994758
397 0.9460749899025969
398 0.37789536058354034
399 0.13415862442602347
400 5.40911422401174
401 0.014452463156027837
402 5.33764261201829
403 0.8512103899197513
404 3.759877652331646
405 1.0164885898896046
406 4.461107546391665
407 0.368712691629789
408 1.401359111868391
409 3.4816800413964044
410 33.34888760274883
411 0.13522538308975365
412 8.62254777674027
413 0.2088466467710032
414 0.5453121271217863
415 2.3918423738379326
416 0.5194162071290912
417 0.8365067605367177
418 0.4558589459218126
419 0.9948137500879897
420 0.06638390184808185
421 0.1589787285749279
422 1.9367381573996245
423 1.4713227810543676
424 0.13774616845414553
425 2.039089016258101
426 4.863882593620384
427 3.4831101658767323
428 1.4852733269478404
429 0.14819866453562497
430 2.6328653748745188
431 0.9465336590977408
432 0.782722420765987
433 1.5078131441424576
434 2.1279111262985833
435 0.01732905127145566
436 1.9578532523112682
437 0.8023664972880542
438 0.0576246925297071
439 2.0908595844906923
440 0.7701351499224424
441 6.416549407739069
442 5.201624267403708
443 1.4142349070960822
444 0.018495947902782896
445 0.8066971015571919
446 0.13261723981369702
447 258.45900027535066
448 29.578914414270134
449 2.227173690306629
450 1.4647193069408018
451 0.7511518346258276
452 1.3839885716748916
453 1.2400880033572288
454 0.26894489970434166
455 1.0997067314739668
456 1.0367485945384323
457 0.07595502569770059
458 1.4515791556118873
459 0.44403796048784544
460 3.2928780862008367
461 0.7330490270978345
462 0.14016779464274798
463 1.383150211942025
464 43.09386880925645
465 0.6744876064593395
466 1.3780244913590876
467 5.0672673190237525
468 2.620802683436588
469 0.8848827831143048
470 0.14055540852082624
471 1.1613061754479754
472 1.2339774611436554
473 0.3492304703272136
474 10.372027358960564
475 0.8460112258370495
476 0.9113811780603411
477 39.84499905659491
478 1.7936013904361114
479 0.6773680659573349
480 0.1651905274988293
481 0.6535876742625992
482 1.5654583419442627
483 0.46843125984644957
484 0.10782265069865801
485 0.4556315330134184
486 0.41115058082988165
487 0.9354450710570501
488 51.73133710948914
489 158.67063081396526
490 2.5554138495838425
491 10.130970913589257
492 2.9324622661752238
493 1.5593495568153304
494 4.389579147681364
495 0.37527386136118873
496 1.057682226813557
497 2.0346087716356167
498 1.0392769228397112
499 22.340899200975954
500 1.3536372385819173
501 0.35201050888079777
502 0.7506745158746615
503 13.733367624590935
504 9.98118324003455
505 17.987181097647717
506 6.673662446062676
507 0.6642563280095231
508 0.11574026460960922
509 0.28304686976649984
510 0.9319048335309451
511 0.06692481190357423
512 1.714482815455349
513 6.76371157777236
514 11.686330855597694
515 1.7613901755347496
516 0.15579275349900143
517 2.8658840899328992
518 0.44648338638804347
519 0.5267600975749529
520 1.4361626834067518
521 0.39172700040324737
522 7.997902072994881
523 4.707997557242293
524 2.827799414078759
525 1.4140593028559438
526 0.7969923984341672
527 1.4926945833793723
528 2.722308813262524
529 1.6528729271056781
530 1.2936602103197667
531 0.12062061059213605
532 11.12017187002361
533 21.020468958285328
534 0.3211200212677354
535 2.91231564360446
536 1.3493294184839444
537 0.5739433577073583
538 3.7322143519467343
539 0.06340819316648676
540 4.197429012966987
541 2.8400073712412377
542 1.9789310282109058
543 2.174745288776598
544 10.300569112728523
545 1.1128224436231378
546 0.38184351903868663
547 0.6353691990764568
548 2.9838046529759485
549 0.09651687090029236
550 5.903982412460049
551 0.09044769007404646
552 0.6365570409013763
553 0.9699332500783258
554 1.0257446632448122
555 4.002921373039785
556 6.530810618053218
557 0.0006993304323928666
558 1.7022849482376523
559 0.3280182081439805
560 0.12573508998939997
561 5.872864864738116
562 5.191998959099932
563 1.630364798796814
564 0.08986832238181988
565 3.8197857026072053
566 3.002997971578123
567 0.6479437536247274
568 0.6867070640844181
569 0.22298077010627598
570 1.0543927921641807
571 1.8348040655909943
572 1.1242002799023358
573 0.04043056449245402
574 1.643143445302182
575 0.7786934547948539
576 0.1657448433609797
577 1.5752521659621332
578 3.7573467232855444
579 3.534451603847141
580 0.22001147839970858
581 8.024622954142123
582 2.280218196945484
583 0.38467266186736115
584 6.387861794996591
585 7.030295016966943
586 0.08464284876735415
587 9.905330461965799e-05
588 10.390468807466439
589 0.6700987928541807
590 0.5773990124784211
591 0.03128697298200375
592 2.7238674832934517
593 1.4739391520851366
594 10.641436577504608
595 2.0698944130321375
596 45.602952802976596
597 2.185931061202096
598 3.5205262476601837
599 0.44933550551297347
600 9.156408942669332
601 0.004448588310916955
602 0.10631524435105202
603 0.729443063772096
604 0.41081035987162723
605 0.2502684049975907
606 0.583945609115418
607 0.1700083890969145
608 16.524983209880986
609 1.0622119828906667
610 14.113513334120348
611 19.894475849183173
612 0.9231557614299135
613 0.11017379575055665
614 2.242111775183721
615 0.14116778766050245
616 0.35849900862710476
617 1.1217081539963898
618 0.05923499587104471
619 4.631599632614711
620 0.8271312282060264
621 5.627114860476991
622 0.22404113627811448
623 2.2872699481956347
624 0.9094096659102539
625 2.4260343919679626
626 47.51308349322944
627 0.2229827171601027
628 2.5874642457071633
629 141.62143391505245
630 0.9396743275201933
631 0.07795016109659963
632 0.747734639551436
633 0.05735951349251305
634 1.9116870106109898
635 2.344324085722807
636 13.533427325415301
637 338.92397498086666
638 0.00015950654685107347
639 3.6272570824394545
640 0.5510167032875096
641 27.085319407191722
642 0.021428217199723147
643 0.1859716354073545
644 1.6112668684032583
645 3.5363108490567625
646 33.77416033803287
647 0.30702090196214327
648 3.4141171425084083
649 0.9680807040719699
650 0.16284517601309842
651 0.31909276301145373
652 0.24054432318956986
653 0.11822493995235332
654 0.1982970576299047
655 1.7677881368587423
656 10.739993625653637
657 2.5753458576851926
658 0.45450201142320557
659 7.716489440422634
660 27.07139396882034
661 2.852957184148638
662 1.2243259909568032
663 1.4873955754100414
664 12.1279261558401
665 0.041406902676148494
666 0.018601659227064315
667 0.1254157595788658
668 1.1910741326258567
669 2.154064192479555
670 0.9751907166362106
671 0.31498630128548505
672 0.5482628454762375
673 0.41203554032158024
674 0.3208461111617548
675 1.2048087702367218
676 2.3730167619630773
677 0.23484061417559848
678 2.175010538114127
679 0.040073764703190524
680 0.8605017474045246
681 2.541477563170182
682 0.033673908037047645
683 21.403419766408774
684 2.0922959350532544
685 0.1061153331908943
686 0.02277182747242485
687 0.021861311666478717
688 20.05283737734432
689 1.0249426329079183
690 0.13279716788874235
691 3.3336352776374367
692 1.7811193968307444
693 0.12248450170790862
694 3.9499472538279456
695 0.36282835616540365
696 0.369427349041344
697 0.011348355219849926
698 0.014892842594743775
699 1.6441593811959134
700 0.4636432622022113
701 4.069681268086298
702 0.6798653187218933
703 1.7572307270188108
704 1406.793731910248
705 2.120064473860165
706 0.03885209805911337
707 4.911798250455696
708 0.7041079965031622
709 6.507971418638203
710 1.3232403555313619
711 0.38568238706825514
712 0.7016886118088499
713 0.9967848520825098
714 0.1352800625642261
715 0.15703113248115674
716 2.43437288001543
717 1.4103350404148969
718 10.269943606314392
719 0.05060756229589251
720 0.3943498321759697
721 4.077798565247384
722 3.1037890072213057
723 5.504758059627337
724 1.8127522266193627
725 1.763213836767874
726 5.460132410738544
727 0.25786321106421717
728 0.44436164097604913
729 59.69174147434766
730 45.528778003389135
731 0.16776989004356507
732 0.7107365535301035
733 1.4964103066521426
734 1.6988954436306025
735 0.25172920817784883
736 1.261935998466073
737 0.16336392033846747
738 1.2583392908450641
739 3.050867581094495
740 19.738035931688284
741 0.4171458422630667
742 4.919660981046978
743 0.0030428872966884847
744 1.7297075070094916
745 5.506946660359949
746 1.7542392717433233
747 0.997998738142026
748 0.030109301377655686
749 8.653833483217692
750 1.2336930859495578
751 0.03515292963290408
752 0.49965284283936245
753 6.945312983410113
754 0.737739868873451
755 1.9393110255574377
756 0.08747966597173787
757 1.058300731821905
758 0.299161690553921
759 0.11376929244298228
760 4.12693076972532
761 0.02452519413709999
762 2.2914607487144245
763 1.594133572993612
764 2.7161984687784173
765 1.1101023951414617
766 0.2931333705361572
767 2.44404219960839
768 0.19132177418488444
769 0.7618493943043625
770 0.6027256961702475
771 5.053313343817102
772 0.38733028150964915
773 0.3168719819289802
774 1.705694437070864
775 1.4432939024155707
776 0.4856426888414041
777 0.3538780137611388
778 2.0560705803863657
779 1.9660067647023327
780 0.33921984788467
781 1.9671783242803416
782 142.97217974487543
783 3.8154517934350873
784 10.728959263818163
785 5.3359667552564565
786 0.42053051221644855
787 0.7714238664732121
788 13.387355998525456
789 2.472353221707269
790 0.2739236294615675
791 27.405125992814675
792 0.8989117129298507
793 0.514876591461202
794 3.0676193397617078
795 0.9276166002403697
796 0.24896169658394976
797 1.0607404199799746
798 0.5869611437343109
799 0.07116298225603315
800 2.399078074805236
801 0.3883424075948727
802 6.820246273317099
803 0.3663607278597856
804 0.7973145477455629
805 0.9549876022475765
806 1.6220047992789735
807 10.699776477369536
808 0.364806583394859
809 0.8036393112007585
810 1.7281072408191034
811 1.4997029077562418
812 1.6170036026107972
813 0.5141074740984339
814 3.3582890231059257
815 0.9505738471459169
816 1.0403625775729075
817 0.13293527296311394
818 1.7647479356513474
819 0.13369575732258962
820 0.2638353998939719
821 2.137405254976377
822 0.5109890321533642
823 3.280006869342366
824 0.9674738280333917
825 0.8572290366068028
826 1.0262730720354567
827 0.23565122124231871
828 1.1065980543888316
829 0.039061090914126656
830 6.251642345289696
831 0.24472212570669877
832 1.2154817975415768
833 0.1032342982139186
834 2.004894180185757
835 6.3622733383224
836 0.03996535369241197
837 4.06991943081421
838 3.9504494929404657
839 1.330172944209511
840 0.31148172687400755
841 0.1263129217394475
842 0.71430311265214
843 0.5733796811041756
844 0.850895962362164
845 0.259019630230478
846 2.7340380542268403
847 0.04581062905234313
848 0.977449938196133
849 0.8157984178338851
850 1.1251046191692655
851 0.31044253065619976
852 2.1377704499096324
853 0.871993961888001
854 0.10126052602457838
855 0.4093450567294941
856 1.1980285745607329
857 2.9631208240224636
858 0.4931080992173202
859 0.3149223838284088
860 0.802905270648728
861 1.6496392617613873
862 0.5244426710219857
863 2.354554010032043
864 3.0334583389799343
865 0.012817224160420766
866 7.599230499785202
867 1.3366843227518053
868 1.222594989903548
869 0.06769964066439108
870 0.41712115231389507
871 6.378241079789947
872 1.7899499277433282
873 0.03982232315091024
874 2.002028543329152
875 1.241781743199545
876 5.967435369354868
877 0.3452493108880819
878 2.0539640620264654
879 3.5602239259685797
880 0.2841835704537868
881 3.627477063985978
882 4.648460337055288
883 0.6607883971858456
884 1.0326069318995017
885 10.322033583327558
886 2.9872174940497858
887 0.09922032679321643
888 7.696432928218118
889 9.52153952504122
890 3.7094457490369512
891 0.1133319675647462
892 0.09835067904081403
893 0.5446922067836535
894 4.662494653857679
895 0.1278214769284146
896 0.16616363875721035
897 0.7472954049754258
898 2.388512796928662
899 63.160328290222324
900 0.867488827326506
901 2.33933875620712
902 2.9166939906238225
903 0.6664375846850876
904 0.058699750235174375
905 0.1352231050881622
906 0.23818614346734876
907 6.0685075568462965
908 0.33263605727524354
909 2.509105146061327
910 0.5858945607374638
911 2.1583794737407467
912 0.7373906610019038
913 1.0039191599618764
914 0.4727327390492152
915 0.15430715285628716
916 25.852798509830716
917 0.5858219112146568
918 0.2040474976851989
919 0.10613066533009861
920 0.23682480546842238
921 0.04165064129450568
922 0.19482682495213913
923 2.2933663998326845
924 0.4955247936823157
925 0.05712955951936259
926 0.9042887437485453
927 0.0929253353211394
928 1.1745198619264647
929 0.3121189118826472
930 0.08812355910853134
931 0.5159809322561355
932 2.41400450438772
933 0.5873890429224562
934 3.557651921778959
935 0.027162597663392817
936 2.1363832365520974
937 5.907734485449434
938 0.19453231338306667
939 5.986389967870079
940 1.4299562804473587
941 0.811156483283347
942 0.355746545802905
943 0.6468346312513373
944 0.9483122023482473
945 2.935799993773687
946 4.4222898413837415
947 0.0635940135434145
948 5.376582086569472
949 1.3242580113725584
950 0.7924688646745138
951 0.3482819950048004
952 0.29023363996519147
953 6.787957961230981
954 0.21323391412708034
955 1.477131919071293
956 0.48213709631750185
957 0.21513763570177055
958 2.671194378414639
959 0.6912910433293473
960 90.14737810979153
961 1.8803416307435619
962 29.468842169967456
963 5.499721581353425
964 0.2120290945573476
965 87.50888934453346
966 12.827443494938443
967 0.9490426752680451
968 0.539731666261815
969 1.7864907629682933
970 13.36700997263921
971 12.537831986327683
972 0.2768052143376549
973 0.055253894791092724
974 0.8266003236682533
975 8.857872681173342
976 1.4047913194338142
977 0.2534073636372816
978 0.0022344204387466523
979 1.2884661635784673
980 0.7802116316728583
981 0.27625256367925044
982 0.05978353729697838
983 0.0586941051520736
984 13.300199008010336
985 0.23033849594760178
986 0.23288286816667578
987 0.6171166058225224
988 0.5169206881984482
989 0.31353505448847163
990 0.6075696621720861
991 0.26120823750192024
992 0.7059506402252661
993 6.542266233246319
994 2.845584656625081
995 0.1359010521827057
996 0.42283384657835527
997 0.05046068740455567
998 0.2103693902474306
999 0.6162048544920843
1000 0.26417017742029025
