1 0.23621519350601214
2 1.5515769607305017
3 2.5613388632564256
4 0.721799582566009
5 0.04211954431804076
6 0.09076348018862976
7 0.8136933778696658
8 0.7910265282098307
9 1.7823614834125916
10 6.369536478503878
11 0.6146821933389596
12 0.10947710378897914
13 1.4019453004191527
14 0.15775740046129594
15 0.626101297013329
16 11.777413427358454
17 0.4262565291431167
18 0.2741043055116056
19 0.052118310402299535
20 0.3894269301751387
21 0.21024316204995275
22 0.10142999342756073
23 1.7513518292193013
24 1.3992313655712287
25 7.125431391070344
26 0.010176835730222097
27 0.09079906749348511
28 11.323303814479551
29 0.09009927118609609
30 5.832122869394996
31 3.6961822929991843
32 1.2381728066471274
33 0.7552610363337776
34 0.19562780025852583
35 2.251487530274671
36 5.2581124120011635
37 6.324484860238624
38 0.09584544691543863
39 11.380410218541822
40 2.3247414565431295
41 0.7870610029888265
42 0.5865282460691762
43 1.2807601784635334
44 0.48333497290538147
45 0.15021836615659823
46 3.664800516232771
47 1.2749585571372644
48 1.4345850077807643
49 0.09916828302483661
50 1.1230633838041066
51 1.0783275575595663
52 0.35949812988722213
53 2.3869120695355646
54 1.5577226448002996
55 1.0321514893643144
56 0.08792454601870653
57 0.6300965744018245
58 0.44313549337302516
59 22.184729599492613
60 6.728249173317345
61 0.03316176924583831
62 0.5547181734178488
63 9.61452826447773
64 1.3157739957788532
65 3.2349248875639414
66 0.37227441554328106
67 1.224036187530538
68 0.014832060725101391
69 0.6503547165974605
70 0.8280000293533133
71 1.1829199561913069
72 0.18030127792005302
73 0.3401319482475603
74 0.6375238713759349
75 0.04755811339737444
76 0.08155746874378537
77 0.09555600792331248
78 0.05717393261678092
79 4.980168602672197
80 0.9071760983389954
81 0.03347111475130428
82 0.007913350579989802
83 5.410896450936495
84 1.9207639215474182
85 1.17503942387184
86 2.4564377925285323
87 1.6060843017863748
88 0.11902444376356132
89 2.511424518989903
90 15.119890585984542
91 1.5137740596193272
92 4.209262386588935
93 0.021722758095755614
94 2.864844741007667
95 3.5597845026180344
96 1.1248590165373604
97 0.002827850789070143
98 15.05524351853514
99 2.8460507494577603
100 0.5670948491481327
101 15.30457042710428
102 3.756681138479946
103 21.02666029363874
104 3.137598582329202
105 0.6004932388181878
106 0.7306846940621091
107 7.195792824530479
108 5.602446800928888
109 0.20534845693040582
110 23.242400475959663
111 0.06367627343199386
112 2.3538946853737834
113 12.522425015161987
114 0.22073517931729855
115 0.7137388432784176
116 0.9387020330512958
117 2.739869639222524
118 0.14798888027585927
119 2.4152662484750347
120 1.1550325064828733
121 0.263270960299154
122 0.160148983503995
123 6.461259496132235
124 1.227084156953786
125 1.0659275406163795
126 1.0190648660175723
127 1.0658677244199937
128 4.598030885983341
129 0.06763414992426353
130 0.11142621662317263
131 0.3746937226215242
132 0.5769044260938124
133 0.7917720539938983
134 4.2949580073537135
135 0.28864884835960475
136 1.0217125530056066
137 1.0337796915693531
138 2.6050097888161217
139 0.113791980104665
140 0.3389875536597267
141 1.091750270020095
142 9.212342003329455
143 1.1774138690610667
144 0.3033437628540939
145 62.54031836186757
146 0.7729859316185637
147 2.2161609303125243
148 0.846692463984893
149 2.1541676339706384
150 67.25881120433569
151 0.11189118323461388
152 6.368742250823012
153 3.8187766019437186
154 4.519114442652769
155 0.5284663099169143
156 24.76306802228244
157 35.80480029171461
158 25.273571097604133
159 0.5301608502525605
160 1.7566636648836311
161 1.8852337460980684
162 3.3528118320758997
163 0.4426718425281059
164 61.889809814640806
165 1.5269602928296175
166 1.40788602048266
167 3.96268762659425
168 0.1464024499610973
169 0.5026771144273021
170 24.93596306326999
171 0.047228705941690485
172 0.10564976480715715
173 0.5080869086276186
174 29.482801396708904
175 0.8019882029379394
176 0.3024299167799453
177 16.153963033477346
178 0.1705294714945943
179 3.2278632284282383
180 0.5182760355729203
181 4.054910943810669
182 0.3947822204713566
183 50.26535248245341
184 1.3379477022709423
185 7.464201564576443
186 0.3421340105914777
187 1.46961041479379
188 2.6648086425727717
189 1.1248976298531859
190 25.138746860613132
191 1.6616705285024935
192 100.32058788990521
193 8.673016520774086
194 0.40990813258917236
195 0.20974937650524317
196 2.8025380331974725
197 2.393682705041478
198 1.9184466198747303
199 0.3975144783967122
200 0.10018265041446026
201 0.24638305532596744
202 0.20289903233404777
203 0.17898625150227981
204 0.5096947073806172
205 1.0432646126536327
206 0.2895827978994986
207 0.3407689877546043
208 1.1406211299449234
209 0.6097631190551573
210 0.52216662093257
211 1.34032733096761
212 0.38562800858111135
213 27.457718419414558
214 3.9751962583627938
215 8.499407911522443
216 16.71076381307216
217 0.3079135666132939
218 0.3265919092401803
219 0.011958709075219686
220 9.050247194495414
221 0.8131989840540181
222 1.2062513832082467
223 0.06482598221654239
224 0.6913509778996532
225 17.69584815644401
226 6.980208686623545
227 0.1010603918784699
228 2.6982246840584314
229 0.5998941626156239
230 1.3646532377399028
231 2.907156821506514
232 2.447904248058039
233 1.4856553680084654
234 1.6221064614716723
235 1.321661410064118
236 23.578834153022797
237 3.8426129887397305
238 0.2801455290692913
239 0.631267564983471
240 2.271528326732687
241 0.07582871453390605
242 1.1003294387284035
243 145.98545865870472
244 0.20102659295719366
245 0.4545324360194414
246 0.7545221340621553
247 0.09411701791837285
248 0.3410426558039086
249 6.299181062196683
250 2.1822147168478394
251 0.31208757018667843
252 4.1442451264266
253 0.3350106890173793
254 3.5147971155451736
255 106.38359909678834
256 1.6505159769797655
257 2.224006964882337
258 0.006793868513226195
259 0.4214532246654726
260 29.78674087522227
261 0.22949338707718753
262 0.8157208678845077
263 0.6924751636911449
264 0.07006610495451443
265 0.2618054428112282
266 1.2351167484029006
267 0.8945775274621666
268 0.9018785233911508
269 0.2009858793412287
270 1.7447903121418455
271 0.4095822307102642
272 0.06187196371295789
273 0.30433224442433915
274 0.9887189348461405
275 2.288145858185384
276 0.05843565167738909
277 0.3996324529100622
278 0.6888671929946504
279 0.6731347161718907
280 3.685660871924025
281 3.7560293403607536
282 2.2090985354182657
283 0.36454083148049826
284 2.7808813422932537
285 0.28185098499749867
286 4.589789502225861
287 0.14722863818366103
288 1.5872609388862027
289 7.448963878304143
290 20.9138005333913
291 0.24406802104334166
292 0.1792932820125457
293 0.028490395024767304
294 0.1319001968564025
295 7.332951465974893
296 0.7412820514447501
297 244.33532810239103
298 1.077455529102534
299 1.1516832408201758
300 23.251755378348765
301 0.11303662939319319
302 0.7492846393041046
303 0.0054669902415679685
304 7.9627612062631075
305 0.6301885238907415
306 887.8162014884796
307 1.3120307514997975
308 2.3291834996106
309 3.0750223231790996
310 2.3626590217874357
311 3.3439636739562553
312 0.47565068563066404
313 0.34139722630607083
314 0.15291514446788362
315 1.7488157469534438
316 16.188196058790847
317 37.728293427278025
318 0.2496537959368053
319 0.34161683273171994
320 0.526196364332868
321 0.10444700374110287
322 1.5798545268746114
323 2.21185071422187
324 17.633648979464503
325 0.611172175471333
326 2.381155226679968
327 7.346778004130497
328 0.263496377069096
329 0.41898081219517813
330 29.272025950510667
331 0.04464030115615001
332 4.871216330681301
333 1.2896763949173229
334 0.13508929188979055
335 1.600128892646249
336 2.583261658458584
337 0.46181575483707715
338 6.344482179383587
339 16.69301647058557
340 1.2691540519982547
341 0.13646951784389913
342 1.1946653369214706
343 0.0117073009261154
344 4.315200423611617
345 1.0477228676326495
346 0.15651355234642153
347 17.02608051499877
348 234.2788421812438
349 0.5278913628520283
350 0.7502353313721891
351 0.2108578974086237
352 1.340916530707087
353 0.6821282079046057
354 2.0579492064274407
355 0.2817184968178328
356 12.81841837154856
357 3.782795799754245
358 4.40932563764843
359 0.2991770384140372
360 0.3057344998466584
361 1.59024138815987
362 1.0899736650715937
363 20.405821816325123
364 0.3557953938682974
365 0.2848670445027982
366 1.2692090618614964
367 46.39674709344863
368 0.004960010765287494
369 1.340576522184999
370 4.157195920171312
371 22.832197311196374
372 1.642700077495159
373 7.4781641739680715
374 2.9590460417023787
375 2.162430085459203
376 0.27011390194713475
377 2.608299000133864
378 0.5177836686922391
379 0.8335665544631231
380 0.9113695896478167
381 3.2555102589978344
382 0.23276117445736572
383 0.025766067724883022
384 1.1340038446522698
385 0.462059231106913
386 18.732443879270267
387 0.973760988671728
388 0.48356683965893804
389 10.417038953675739
390 7.863712103437159
391 0.6411823760337317
392 0.027061800603643747
393 2.102255761465004
394 3.6843429574900273
395 0.2646155521978178
396 12.338853884546387
397 1.155605835808324
398 0.25221544990440825
399 0.026416176708072774
400 0.9986812049287903
401 0.17835846955814097
402 0.28803040742226776
403 0.003574096882492465
404 1.7589912720389462
405 38.59715571652428
406 0.26766736818444126
407 0.30287037587833654
408 3.2322978140169103
409 2.9636984619270628
410 0.031111719706662017
411 1.2906666793485742
412 1.2048386420627863
413 0.32283282211988745
414 1.492946719050172
415 0.2151611464989771
416 4.177376450534422
417 1.3178403470068374
418 0.07384775147147671
419 1.1347770396008217
420 11.896927947436263
421 0.030125020281082954
422 1.3524495046108362
423 1.3701484709031304
424 46.60521570707222
425 1.7009248232932521
426 0.07860418093588434
427 1.1619341371787375
428 0.32070749570466106
429 0.5209605261333252
430 0.5626090903901798
431 3.708766575298038
432 7.414770249569796
433 0.3116983522020636
434 0.7296998170605108
435 2.9078763226827826
436 4.689799357948864
437 0.9580286539847401
438 0.02888760978473352
439 0.8922128954401914
440 2.2827102189894584
441 0.21770296192776156
442 0.7591294106585929
443 0.20038447488918185
444 0.4121020356436083
445 0.5634804838569158
446 17.4421982431304
447 0.6811322105519891
448 0.003408586080713912
449 0.4118245850848833
450 0.6850343789335366
451 2.5603980036455445
452 2.5983413732724494
453 1.0081601969130656
454 11.892877453403422
455 0.6994193975247266
456 0.03367508162149761
457 0.03283554966137696
458 0.0023222584516834903
459 52.08516765076797
460 0.3429186185649699
461 0.13921384676056997
462 0.6156193794352645
463 1.3468110322906754
464 0.03188470561668466
465 20.53880441097813
466 0.4783973465646041
467 71.07836620469872
468 0.4997822805325952
469 0.08574405776970968
470 1.4411960161945
471 0.04759555170477265
472 0.49469881257994813
473 4.150364500262468
474 1.292752041648218
475 0.28260807255252984
476 0.5716893901122994
477 2.9935817218349277
478 0.01457795767050033
479 0.7188914066158485
480 0.08593957802455203
481 1.9256275964615233
482 0.5438683570005428
483 0.99331750357128
484 0.35758535892424487
485 1.9517481135868866
486 0.6629879851804843
487 2.7712641926886064
488 10.26889169503777
489 0.7245301592619974
490 16.43518831823927
491 3.0361045137241254
492 26.46107126382915
493 0.4814027655906216
494 0.09943309233425897
495 0.6933778917059342
496 1.4434538460526087
497 0.31475910144052266
498 0.6457833168940343
499 0.9910947603008881
500 3.9629799246030384
501 0.28550754675403356
502 8.523481724273987
503 0.7691451085098769
504 4.586576382119105
505 0.07235606755716895
506 0.9278352966728648
507 0.025657171884948458
508 2.5738292791529935
509 0.03889404036476848
510 0.315860969923042
511 28.200802880989034
512 1.3643429331739383
513 5.060470717617536
514 0.2998944325368236
515 0.41433045478413016
516 3.8748240500646287
517 0.10558505517342946
518 2.784249444638369
519 0.2416565055938493
520 0.0035851041498014755
521 0.12220987538987098
522 0.8553775954512964
523 0.8011372379134601
524 4.176549110711072
525 25.84613893286929
526 0.3060822081554506
527 0.022723767632330298
528 5.928418697823589
529 0.9145488261973196
530 0.5751359636894701
531 0.7431046367787191
532 0.25986339636253997
533 2.795160984517107
534 0.010480121687433574
535 11.824836149591702
536 18.96091732503038
537 51.000248549289914
538 2.2763796913673335
539 1.2613348229954175
540 0.35884976241282207
541 4.213936813644745
542 1.3177443897975842
543 0.06088666611011856
544 2.8066640887949434
545 17.974765820063222
546 0.26512254646588224
547 0.3244445368864755
548 0.24437290970507866
549 15.456630874349006
550 0.6570831668135025
551 1.0721267331694795
552 7.068445577866287
553 0.7830145796179282
554 1.5985067364384686
555 3.021313607378651
556 0.049974266086235036
557 3.970808836296034
558 0.017055470283120648
559 0.7615610874340197
560 15.203654349168275
561 15.376985862262016
562 0.11541824851260167
563 0.7528270124244539
564 6.007218907312445
565 0.47133778646774277
566 2.5985441923928354
567 0.456786433275064
568 36.36963033168325
569 2.036070662325723
570 1.4031432869401306
571 4.2343016099159305
572 0.6537378938462556
573 11.934148276419709
574 0.24002906782088484
575 4.225760731328532
576 1.8793538874617775
577 0.29236804255040283
578 1.5380559968176635
579 0.33789017772179863
580 1.8372163099744192
581 1.6234798453939954
582 0.14198165621509892
583 1.434707181621301
584 1.4104505717839995
585 0.3163669528823535
586 0.7247407097325329
587 9.049205763826516
588 9.380096592211096
589 11.660281379989154
590 0.5011074107197663
591 0.10705683506857608
592 0.30446443220421227
593 5.2411211389791355
594 0.5551407516590763
595 2.3560236945809723
596 0.4494416597349867
597 4.053513673022563
598 0.5655724491961315
599 0.9359356427596766
600 1.2023605652695089
601 14.710967509385773
602 0.8205814038027154
603 6.2052227370586435
604 1.210003169703497
605 16.06897216158089
606 127.5179245187488
607 0.21071325389160359
608 0.17143396555206797
609 74.37417423582674
610 17.79684990234449
611 3.323370875344203
612 0.9107095137963994
613 3.7770950769652187
614 22.18451503773914
615 0.17310455437425615
616 1.0545140852842156
617 1.622967342542945
618 0.004390288686960844
619 1.387597175456738
620 0.08600061388709188
621 0.759834828286238
622 0.6572842904502207
623 0.09186875211142612
624 0.17120558730840793
625 0.5787933317242693
626 0.013532302462740451
627 1.8681906800486003
628 1.9569735823544165
629 0.09897939565070844
630 8.826608856222013
631 1.0715216688138482
632 1.8561016722074064
633 1.6112856923129972
634 1.1707384177229097
635 0.0707357776080243
636 0.5710134426162231
637 0.6821190908031362
638 2.8428191956698585
639 20.202078822591215
640 3.0792745536980224
641 0.10321353497057838
642 0.529859361153093
643 3.058280027201381
644 0.883583646582801
645 456.5236781237606
646 0.3323165120777701
647 1.5557422373186418
648 11.729922908852904
649 1.0185910428641167
650 0.5543136488860504
651 1.1680850225377024
652 0.3020361987373177
653 0.5091483297010118
654 0.14506396422581877
655 4.986770343540458
656 2.458866942412287
657 0.08990677653794571
658 1.3805766168343645
659 0.8343053869645979
660 0.3868810691815519
661 1.4499497929395406
662 2.580935591318491
663 0.1790561685919425
664 0.6738701807445289
665 0.5661515071331321
666 1.8472187890945075
667 0.04910725949096279
668 1.2481001878337774
669 0.07294868223293546
670 0.7034080226975221
671 0.045171001566518015
672 3.150395348116378
673 4.816160229349559
674 32.18407700108284
675 1.0486362147239914
676 0.18728259130872607
677 7.990849196420085
678 1.520643257582412
679 3.0350016633269523
680 1.5004901963450128
681 0.3922410073199043
682 0.25592780139595517
683 0.30524554943157534
684 0.8786616439147478
685 0.19805577182169293
686 0.1100937958956597
687 1.6289653688633623
688 0.10484591485730457
689 26.856690661834488
690 0.1393762177379346
691 0.5584214976296503
692 0.26832769354887176
693 0.7291040490490086
694 11.427666073554382
695 1.5841383186266282
696 2.4875119701926116
697 0.043515820635321896
698 1.2401457297961822
699 1.885590093818147
700 0.1495043905949232
701 0.5143443875841791
702 0.36806326397415967
703 0.49307131559784806
704 0.09141150220377983
705 1.7896984642501583
706 0.31586881907623093
707 8.808548188906245
708 0.3313922224542847
709 0.2621331883082171
710 35.030115286849835
711 12.741548905743057
712 0.011990612656113715
713 0.0516661030149027
714 0.1827984310384103
715 0.7989851816987344
716 5.6344642542473276
717 0.3840424118348922
718 0.38163302508785574
719 5.5484315598406635
720 1.323938080275184
721 1.2848504312022568
722 2.376836265927814
723 1.105465116751747
724 0.28932620906952944
725 3.2167333748645217
726 1.5800181943504017
727 0.14661466527128655
728 0.07529765209555991
729 1.1293201977130272
730 1.0486346997118736
731 1.0356974078240766
732 0.003306443482869035
733 2.4134030152063075
734 0.1352010232772823
735 0.5882002911458044
736 24.817319527224324
737 0.04995570817213539
738 0.16402042672180042
739 0.42211980764394275
740 14.09708378069796
741 11.636686409538896
742 0.4419450264093323
743 0.557592657676328
744 1.1159644982737307
745 7.506763099660681
746 1.464132839573202
747 0.66133440279647
748 0.6112643955129446
749 0.21443028386708068
750 5.451010893943602
751 2.327931027025889
752 0.21949820010101478
753 5.861951363549169
754 0.23248664982607473
755 3.0934390032574104
756 2.7002883893190495
757 3.1651373807756453
758 0.16908658602387872
759 1.3563206537349617
760 0.4075589758329809
761 3.042322253559242
762 3.461559617214705
763 0.9466790842416876
764 0.28961974855538475
765 0.8330814210545927
766 0.06897018722756817
767 0.5584795359529777
768 0.32413830643636504
769 0.577938125301843
770 0.3636779748831056
771 2.583779438526212
772 1.0005134953519634
773 0.31443578502345376
774 0.28449308646596505
775 1.3965268813657985
776 2.1657368734051916
777 2.8631898777034683
778 4.711696876316322
779 0.8647311145343161
780 0.7147782940916638
781 1.850390869088362
782 0.44137559328959614
783 7.125864557624096
784 3.07244293596913
785 0.8563970358286273
786 25.880723006189708
787 4.454950031946869
788 30.2939887746382
789 166.5063831578906
790 16.666678137837906
791 0.7509265858748885
792 2.034842468345936
793 1.1356872921925054
794 2.3711600436246485
795 0.9180528313019604
796 0.8119162203069902
797 29.177629985574963
798 4.4642297750546005
799 0.709151845635277
800 0.11381162469609513
801 0.038008699753395936
802 5.42164082440843
803 2.074306787109218
804 0.1276383588157525
805 1.8050030498260916
806 14.292754817276926
807 0.47986570605653905
808 2.9861628804859253
809 0.005408359772571006
810 6.4633464655288275
811 0.23915168387052757
812 2.0234393157696595
813 145.36374747563215
814 5.939158831488556
815 0.36421190490611194
816 0.741970970448569
817 4.385212063616416
818 7.1203371072534765
819 2.4287648319008883
820 3.181804790244909
821 3.7708519062936863
822 5.697384247819072
823 4.448651997255523
824 2.2756234083354006
825 0.5350624834457008
826 0.1905569046283805
827 0.186075581577479
828 0.3033875561099225
829 1.3801210372225439
830 1.3018111038075029
831 0.015361895607508357
832 4.947150248672544
833 0.16326609218337212
834 0.88556673049026
835 10.96059147978926
836 0.8298193944462651
837 2.446823645703978
838 1.4875913877644777
839 15.671832079313369
840 4.27903775383115
841 2.8666095057132246
842 2.9053192249886224
843 0.5312096035581353
844 0.36127662194496624
845 1.7418379890662528
846 0.09834625823404668
847 2.505525461356539
848 4.661889553707631
849 0.30331309094716513
850 0.35260785264430833
851 0.172295334731166
852 0.5339577868735121
853 0.6299769427203331
854 0.08763749448484962
855 24.307582304464002
856 0.7714751486183984
857 3.1970347753646697
858 0.8303406161297708
859 0.3120496330337693
860 15.524242686067156
861 0.46311910340555973
862 0.44192287956204007
863 2.684701921144082
864 5.478966379572192
865 2.389596855471526
866 0.06950913759629682
867 2.326664121302871
868 3.415035366998058
869 1.327874998278904
870 1.3988268137152018
871 1.090017707246663
872 1.1123356010205483
873 1.8236136350542658
874 0.7803590295112415
875 0.3101462254637867
876 1.5794455902722038
877 0.0028470689022579705
878 0.33357589823266487
879 8.724947369111458
880 1.7041212307709448
881 0.715086848737532
882 0.9436432178598066
883 0.10855052392425733
884 1.182391562946114
885 1.5373660055032043
886 0.09973704801965785
887 0.056321821583979
888 4.520023544658076
889 1.8047152490793958
890 0.5363196239913492
891 1.6789093501061298
892 0.6076707407191484
893 0.12309101899237566
894 0.13961882045097526
895 0.03166014540167687
896 0.6498251257360107
897 4.786673392763861
898 1.2565865603587028
899 0.5963777353259717
900 1.9246076016386249
901 1.803306443770244
902 0.4007715628570167
903 0.3992899044742962
904 1.958199269689917
905 0.8005252346078471
906 0.45042376297399944
907 0.05441996822926068
908 1.3178328622253557
909 1.4957637783527984
910 3.058861813749417
911 19.690766237262242
912 4.760006377439429
913 0.2737982292608918
914 1.5971271495788355
915 0.3793481512385262
916 2.745355922220939
917 86.64632743300665
918 5.031018387569279
919 0.9645315612866185
920 1.780620342166266
921 12.23570375474669
922 2.988756677429469
923 1.089476466344856
924 12.848092343512883
925 0.060598039626652396
926 4.76909623577248
927 0.49658388270270054
928 1.918634005918149
929 0.5095792923540319
930 0.9651852503238237
931 0.19636430932123186
932 2.937085371853735
933 0.08398748059163383
934 1.4450503043477445
935 1.3108825827385537
936 0.12032283844247649
937 1.2115371588398687
938 1.566403028261411
939 0.32217768272986286
940 0.0789983952344956
941 1.6967733000522216
942 0.4413276090548438
943 2.7219959717548923
944 4.160918587225265
945 94.06672289032247
946 14.199250120428616
947 2.777578234701687
948 2.1154295053569863
949 0.3315405671968796
950 0.22715564611716899
951 0.011126480987929843
952 0.941256538626745
953 1.1838845814772956
954 4.024050109713564
955 0.10890139115079218
956 0.8964295348853678
957 0.7663593662866812
958 1.2387413275793409
959 1.8908575031413053
960 0.43889026908681256
961 0.8966649557395339
962 0.41009952709154673
963 13.394831736611991
964 7.964574235112965
965 0.01452041721661956
966 2.584448439711049
967 1.2010986624844124
968 1.0368309500718462
969 0.18232608368808384
970 4.8122290709365085
971 0.4400915867724441
972 0.27534776308143566
973 0.6820269947230571
974 0.7556184578882585
975 6.544578141999604
976 0.3936558505167602
977 0.39081049280955754
978 0.5268978437718553
979 0.5497238924112091
980 0.05605417574476645
981 1.1370653225965597
982 8.064211689135591
983 1.3874736063374742
984 9.724919863277021
985 0.10527881477964354
986 0.5635488825587615
987 4.597271777790549
988 2.174888805501097
989 2.4780944862951113
990 1.7588121989570995
991 0.7816167806801956
992 1.5207288994201869
993 1.2235698210818369
994 1.242199181843539
995 0.5978372373514181
996 0.10858260832208176
997 1.4759357723422266
998 0.06399605086959316
999 1.2298999890076694
1000 1.302580824711474
