1 0.4241323141961495
2 0.44518213149128805
3 207.96142838692734
4 8.008230187499935
5 0.05497425471260522
6 6.821802454024807
7 0.47339950111957935
8 1.1016882626787017
9 0.21512860569714484
10 3.252807103165667
11 0.9468156380602678
12 61.926482101085305
13 0.3472280720881668
14 1.3526500268898423
15 0.3056187111365564
16 1.0895869290394224
17 1.3782163263214675
18 4.944868401115669
19 1.3767713436554787
20 0.8505613399116119
21 16.739415939212822
22 0.10450577086263867
23 11.344888629410917
24 1.0911269349534267
25 0.630514341834812
26 0.35088993375347527
27 0.01617972957182464
28 2.027499507219062
29 0.10840941925452313
30 14.393358905818332
31 0.45675159912108626
32 1.2112000436615102
33 1.2708863702739146
34 0.8586303957457296
35 2.1253078662783
36 2.4357158269726735
37 0.14376337920568918
38 0.3039006032130961
39 13.4746641072771
40 0.2154454261368343
41 0.6570811880715878
42 5.451025085866472
43 1.670233020792259
44 1.7159862276279818
45 0.9270590729833207
46 2.986471917747349
47 0.45884691194137633
48 0.7494878277582646
49 3.251101520304652
50 2.797838385988433
51 0.7025532198176269
52 3.8581549620554965
53 1.3412864171141203
54 2.370041159911762
55 0.18214682042136995
56 0.31815913224954634
57 0.7380318930351086
58 13.547835416922346
59 2.1282512692021354
60 15.302614728942729
61 4.344531041720423
62 0.18018954680831972
63 0.924882912862613
64 7.040572292986968
65 0.6589840920794147
66 1.612184717130406
67 0.4562168095582921
68 0.5696906631826026
69 0.12395595987906113
70 1.9106913453564962
71 0.602564521838574
72 1.534226666027274
73 0.49950920553938033
74 7.8787585709508505
75 0.4077899302034716
76 2.811149924736509
77 178.58960057239184
78 0.7087745161304664
79 2.089996160472423
80 0.0459340541172014
81 0.019356489319186158
82 1.9779995039589258
83 1.8388842172188244
84 0.6741005957772256
85 0.9583664505181362
86 0.16281880438103738
87 0.05705936500090753
88 2.2985945379936648
89 0.2717668891420059
90 0.5512416002908163
91 1.2444485249632347
92 5.932887849777086
93 1.6543105187565188
94 0.06493401185474107
95 0.10613387882300887
96 0.9322948657210349
97 0.6257215508599655
98 0.3348747702019872
99 4.121469092495206
100 0.1879819899874574
101 9.611534197055093
102 4.757788154174372
103 1.8505743702513595
104 0.10805572188050752
105 0.5234959098705787
106 0.21083174394367357
107 0.944952780262771
108 0.3509357838361347
109 0.041356501389288425
110 1.976516703542467
111 0.13315460349291952
112 1.3986335240014234
113 3.5097421926812036
114 2.840795656244672
115 3.733831125693622
116 0.0008311345243348291
117 0.6615271958424205
118 1.1910031746879803
119 0.7836784203762983
120 23.081791447813675
121 0.5002974650898058
122 0.940569911212323
123 4.078152637349578
124 0.11755455756955137
125 0.9656581245996366
126 0.7944739003873714
127 1.7971587161527596
128 1.754823044955039
129 1.090127224021299
130 1.8852236696059295
131 0.9335877126103977
132 1.11032409826048
133 10.574436639139183
134 2.85996190892341
135 0.4010791642730918
136 1.349713555834845
137 30.94863115885214
138 2.7801319706941063
139 2.976146851155168
140 5.1472562749565665
141 0.2895941249775828
142 0.2746684260369396
143 0.44769215641238624
144 0.07779760478253793
145 1.251968172303767
146 0.5835754510544366
147 0.02190731469421348
148 333.44904644980096
149 0.42547364567539797
150 5.117415010140461
151 2.105890571999703
152 0.12479702721140794
153 37.44133662327559
154 3.6038833175969267
155 0.9853137382342193
156 0.35732272032459955
157 0.03905317588585649
158 0.2932766787718612
159 0.3111187662021049
160 1.282342662604657
161 0.6086380893014556
162 29.194684991974693
163 6.253392480637816
164 0.6820774449739102
165 1.5412112317220164
166 126.5887409311395
167 1.127435806230751
168 0.4828886282637583
169 0.5062240031850604
170 0.8609351510984182
171 0.34171857363619124
172 0.20262116655850157
173 0.5360882138154244
174 1.5142259536740315
175 0.34420232439923015
176 0.8767859726573859
177 6.322479745736084
178 2.652167161668783
179 2.080212047926384
180 0.2562659678456838
181 0.14423697606839658
182 2.276517542883725
183 14.709531443820094
184 1.5395468092511269
185 0.6630938616340797
186 0.1320716654672896
187 0.10108002091880902
188 2.0377801881912316
189 0.1542951687830894
190 0.2614123947373883
191 0.32304062153285895
192 102.52840576364608
193 1.0475152632305573
194 2.5472523350376117
195 5.057813394314412
196 0.5843447065801564
197 0.31984864764498905
198 0.3936648493561046
199 0.8727981078877571
200 0.4978214875088816
201 1.4956662297920134
202 1.435906572214708
203 12.044744032269719
204 0.867051745855546
205 25.025383607996382
206 0.7577523971787021
207 1.3710828609604535
208 16.698702110039207
209 0.059215678618683994
210 3.028449228067105
211 11.407331202369615
212 19.887161632240026
213 2.591185696332591
214 0.3514703715741355
215 1.8997484053294962
216 4.878515397370588
217 2.281209719820277
218 0.35470754049686604
219 0.9967703694738923
220 0.5526653864418144
221 0.3549373043653207
222 3.88245913691584
223 3.5139750042428712
224 0.7157408282670793
225 4.017709724175386
226 0.002529310741221779
227 0.270895332067125
228 2.731692588389186
229 1.3858977043481477
230 0.8611659114221952
231 7.182216595655223
232 2.3518227635439244
233 6.725569932383788
234 1.6254714184834638
235 0.7497549501055879
236 4.626531199235767
237 0.42673590462657923
238 4.300452388331784
239 0.5184529980900507
240 0.01150478681396005
241 0.7390492866843897
242 5.224453065936388
243 8.28094363880048
244 0.40376751972595365
245 0.8599119161711979
246 0.5052796497749438
247 4.318983306053896
248 0.5769015090878113
249 0.31500597705030486
250 0.9165353326158303
251 30.42510850287517
252 0.32944813775310244
253 0.8852252141713995
254 14.259454447758724
255 0.06537080621043559
256 0.29635170781001124
257 3.1569402866857783
258 0.30078723397394136
259 1.6659176330015768
260 1.9754277003858556
261 2.538503230076498
262 3.0296890763163873
263 1.7477508518778553
264 12.098188091146705
265 2.190489063951929
266 1.0016313868605686
267 0.23396403399941582
268 1.2910207391062631
269 1.447758272465518
270 2.300586409829616
271 0.6965143280745069
272 4.729720618865541
273 3.7385362447335573
274 8.34574044720336
275 2.6486692270676273
276 0.462914029741985
277 50.699605389129694
278 2.058490167938298
279 0.6425703106031996
280 32.89515563383411
281 3.018745117697926
282 0.36245790432227365
283 0.7276066085032045
284 0.2274512915674593
285 5.24439945541603
286 6.776032485247911
287 2.166620848195017
288 0.25532466713438356
289 0.08211931953721234
290 0.11190066307753137
291 0.5904793225048416
292 0.3748543030088679
293 1.4577150865998163
294 1.6281687581552369
295 0.813994531758256
296 1.733541188933448
297 1.1332103772881894
298 0.008812581095675795
299 0.8897132033110363
300 1.3065798845518704
301 0.11860002398955605
302 0.2557236964246087
303 3.049878772012597
304 0.13050575754507987
305 1.2879629511556083
306 0.09091680075213662
307 2.1058985240860535
308 2.657479491882289
309 20.510720317568598
310 17.68639502576872
311 0.7921422513468805
312 12.375112302907432
313 7.558712378254472
314 0.11550942739954083
315 0.4156403634720649
316 1.3658225595382336
317 0.21786404698119968
318 4.370773123628995
319 0.3264825357289333
320 2.3084993746987053
321 0.13972376329693614
322 0.23554821130106696
323 7.377013318049879
324 0.22290667055689675
325 0.4415641511363542
326 0.33174586196051326
327 1.6611764297017917
328 0.3547736745869938
329 0.6568401590063139
330 0.8407776390591152
331 4.4502299691679434
332 13.182141409480872
333 1.254336199552863
334 0.8261164679157252
335 0.41760376763502305
336 0.6318605140468858
337 4.774078728654493
338 1.3024814618694809
339 0.3561338660425048
340 3.714421893388048
341 0.12492878422387063
342 0.03584338474466412
343 0.1279621690791041
344 5.3203673219655085
345 0.6355536071744083
346 0.48222268507664534
347 0.8931097145645345
348 0.40296534557660707
349 0.7460244724897197
350 1.1903480681716332
351 0.29137175407373783
352 1.2326760934263434
353 1.5045396212969226
354 2.497902172890516
355 0.2376481679593785
356 0.3125102871806934
357 9.196091901288813
358 2.102061693323579
359 0.22353608333174652
360 0.16697763017043268
361 0.2372117748403633
362 0.5637216349799438
363 0.4332701490345134
364 0.5496155747488171
365 1.2465929697278877
366 0.7005069468994651
367 0.12408123618671885
368 2.8417949633412873
369 0.0754633258655186
370 0.34223380151229693
371 3.333919321458327
372 1.7796716538601431
373 0.35947103218815063
374 763.2045184657793
375 3.66801410098774
376 0.1959861570320688
377 0.2555452766041322
378 0.029701873377861253
379 0.3477123619353494
380 0.39060920348936334
381 4.878757230191212
382 0.12011840479735876
383 0.5316571413020275
384 0.16575303523156193
385 0.6196330399250901
386 0.2061486824341657
387 0.00044762821129053324
388 0.6739598009850074
389 0.38705444087303115
390 0.7206046281058113
391 0.4514563815449372
392 3.519492314757495
393 0.42578975991603285
394 35.94769826824353
395 120.38311357748228
396 0.11084492729934986
397 0.05541239811748746
398 21.04956128173713
399 0.006005462544139579
400 1.828947514715219
401 3.229421997398856
402 2.590823038181872
403 2.1907012717742815
404 134.79801304141168
405 0.01260628555755749
406 0.5914079303431611
407 3.8926405744196577
408 0.533982982287723
409 0.5937128907671376
410 5.082158154411825
411 0.4387109438372932
412 1.1693443352886488
413 0.9307861250093622
414 0.06791202474121288
415 0.7438552662313647
416 2.882349372442398
417 5.110404344423694
418 1.723145790605066
419 0.8097125409331193
420 0.844887165361045
421 0.915408580871528
422 0.32871582087147766
423 1.989006875232869
424 0.8842435867864008
425 43.38915304355837
426 23.268861657482873
427 0.0399476133763623
428 0.629462852771484
429 0.5106945806135885
430 2.812959017082154
431 1.5443681801164173
432 0.5026792995056371
433 32.6295314322505
434 0.1673745229135578
435 0.16523692121051556
436 0.4404451606242147
437 1.0379764027973015
438 9.841429425178667
439 0.7475831678229662
440 0.5304167691610651
441 3.791186600403289
442 0.13425088804262683
443 0.33507413253491486
444 0.4040707889299816
445 0.03655509598174302
446 2.16940831900275
447 1.690864788047743
448 0.23386170749567234
449 0.2691445775288233
450 0.9091458456369935
451 0.13817443357066386
452 0.24600347333445466
453 0.3761884687670269
454 1.8330000351501654
455 0.00047734367865789336
456 1.2430744354751568
457 3.3452503970927485
458 0.6663536690205507
459 1.7318180984622187
460 0.09486515014948303
461 39.393857411648696
462 0.6659994989720465
463 0.7854986791824162
464 0.49167483687437896
465 12.77049525051049
466 0.49394929210488786
467 0.8059097418272347
468 0.616294038844075
469 61.925710429873774
470 0.699877825563701
471 0.322118006967481
472 0.6050500672696644
473 0.23437339370506355
474 0.170317704834857
475 0.003572429349800164
476 0.1518507089191822
477 1.4647112907870807
478 0.2735186510563039
479 0.8828555374363982
480 9.935439649430483
481 0.2145339839273454
482 7.270919873077903
483 2.7287731771749413
484 0.47279189585106324
485 22.84706641732335
486 0.6425628257353535
487 12.30873709319382
488 0.008493568792627543
489 1.6486625301930458
490 2.0911427124333586
491 0.25609307034723205
492 0.5234049804433664
493 0.673724885008799
494 0.42330500939984694
495 0.2992602542377845
496 7.234517227891697
497 0.9550709470822165
498 6.403655383161764
499 0.15035721486777393
500 1.7139546705309863
501 1.0478292978077584
502 1.6397268871960315
503 0.21024772868797173
504 2.644621612574335
505 0.33560832791272394
506 0.7374922113749527
507 0.02981671895291941
508 9.322252670541065
509 0.06513659532589361
510 15.926883363224608
511 0.0414371057549828
512 0.7148607475825094
513 4.459418614467345
514 7.226919055117759
515 1.2194011357791497
516 0.8997569039272065
517 0.7538103967710156
518 0.02215634475642675
519 0.4236993268600887
520 0.2832259342551334
521 0.08506549903783853
522 3.7036033201897665
523 1.521781554596094
524 0.4716387500559908
525 0.26024988016341466
526 0.5300246924391244
527 5.023769756585289
528 1.3473702129126115
529 1.1951386954450371
530 0.07598202845385896
531 10.450221711185165
532 1.6669748672668543
533 0.7926823482811385
534 2.4749324350530144
535 0.5473601874953994
536 0.05707836607675575
537 27.801910386098875
538 0.38203897294715916
539 0.30362633296191444
540 5.735546730808611
541 5.051101324331743
542 0.3582723637061478
543 0.13850114896883095
544 44.799567763276016
545 2.1776099542953307
546 0.6807619868016791
547 0.08188113160885126
548 4.812530208114281
549 0.19302497342807184
550 0.06294975197446964
551 4.597402499546648
552 2.3108840518743485
553 0.25664463620606914
554 0.7732428483069944
555 5.250139909587942
556 0.09561601736500941
557 0.2571320874736796
558 51.534742100276816
559 1.2485969637633114
560 11.408761363551855
561 7.23575799390669
562 0.06339485703171262
563 0.43384361868801
564 0.08157440508753017
565 0.3987361464892805
566 0.3651783813273999
567 0.17366446860469298
568 11.531831289235413
569 9.452162197206128
570 2.5478706975474075
571 3.2299264736001523
572 0.13832581618038656
573 0.47611936158513357
574 0.4284802652487886
575 0.13055097721031714
576 2.907895108453469
577 0.12120729292970088
578 3.176542645440207
579 1.4955279377383046
580 0.6783421952334385
581 0.602721870107442
582 0.14418977688576204
583 0.8948840718138508
584 6.751604073007254
585 0.2762001660610404
586 0.34598106043368637
587 10.25659232663093
588 0.3406519554403485
589 37.99647236160847
590 0.7128592646237102
591 3.010532908967691
592 0.32367594601625366
593 6.341597331954455
594 0.34627768148844296
595 0.035518542673663105
596 177.57578965291054
597 2.3435001519126275
598 0.20025663111412711
599 2.5114497837166283
600 2.4493814936794127
601 0.16494932304326768
602 0.07200078333093902
603 2.755383205210761
604 3.2590100712362835
605 0.43828123724611784
606 1.6384202578200247
607 1.1533844633693542
608 0.16692754068170285
609 0.45945905891118527
610 28.30988242591709
611 31.75684356282981
612 5.4918869506004855
613 0.528566722366384
614 0.14462698232075355
615 0.7366666397965115
616 36.54924575319038
617 0.5008996434634694
618 1.232170680297626
619 9.963724911563562
620 0.13283923585941376
621 103.05627872317974
622 0.4896661957887741
623 1.0732685057367588
624 0.25188500960952553
625 0.16283683805879248
626 1.4571350043677445
627 7.766230765553909
628 0.528461917499139
629 1.0989346288442994
630 0.28094370623826354
631 30.511252428428342
632 3.505428608246625
633 3.006268069689431
634 1.7806081434231515
635 8.954137960570227
636 0.9188468020590858
637 0.2630669023700986
638 0.2887630651312869
639 0.04317122190538228
640 13.10521425539716
641 2.1926163513735264
642 0.571649197903471
643 1.6912650359897305
644 2.149972999403972
645 2.794280511666247
646 2.098113972192734
647 19.045937875287034
648 2.6645466207887294
649 1.0831522647700493
650 0.19442306389584277
651 1.7321157854055051
652 0.9311317937722731
653 1.2404644516689003
654 0.7730027491026105
655 4.1499520247197665
656 0.6007961568368771
657 1.2046639549120046
658 0.38273518151492797
659 0.5196970191045213
660 0.003519906291812503
661 16.112495492570783
662 0.49906834493396574
663 4.559428469239597
664 0.7913487038798764
665 0.7244710178563075
666 0.7961839709106119
667 0.017678507429040587
668 1.4986236507824862
669 1.9290068628929853
670 0.8521183536103143
671 69.20813839248696
672 0.4208503439326721
673 79.23421030542643
674 0.11497811702694678
675 1.2839255841357466
676 0.030348500195104
677 0.8588063828133867
678 0.7755293889865802
679 2.89527329198737
680 0.1935768196660458
681 36.47008059263408
682 0.6782206272973351
683 170.57421908022587
684 0.9800356764463841
685 2.108523063881889
686 0.5054741072352821
687 0.08857631693057004
688 0.8095442018281663
689 1.1945490017641864
690 1.7512781145771437
691 0.6675666023198291
692 3.6718695436294846
693 12.151018664718576
694 0.6820105930448364
695 0.8338316232220132
696 2.8636613769786994
697 0.10659794793076906
698 0.15518881450997224
699 5.3929186192309375
700 1.4095341189726684
701 0.009817505361673385
702 2.2802950546842418
703 0.07756079249256041
704 1.953830627758488
705 1.1430274828352787
706 0.1649270780111008
707 22.71108927632834
708 0.4973214590795734
709 1.0132854567578942
710 1.493475704068052
711 0.6656930057273376
712 0.0313525739629547
713 0.6309870624908254
714 2.0921498714272513
715 27.90156781761179
716 1.3857028832343257
717 0.23187068530233507
718 0.8388255250756612
719 16.02101830406397
720 0.6521396636832744
721 0.08897576699774674
722 0.4191190076520924
723 0.0981319336506089
724 3.8287492295016956
725 1.7550325400851523
726 2.386005599906598
727 4.666067906341494
728 0.5561711728857991
729 9.479709269765017
730 1.006307231101827
731 1.1726210433325157
732 0.3222853903373825
733 43.4828333738488
734 0.17328269245441658
735 0.9503316862668834
736 0.41177459248750464
737 0.5832712490589589
738 1.4767268995158247
739 1.8134754682588892
740 0.8947868866202098
741 0.2740164117050372
742 2.887666419615113
743 0.141823045485022
744 1.9514033015505508
745 0.7974838271513423
746 3.9743464005875535
747 3.992067843557375
748 1.5613877653415187
749 1.3020113012439773
750 0.02412466982699253
751 1.7221851410923077
752 1.961666070038114
753 4.03262684642402
754 0.46838440810345194
755 6.824464167167449
756 4.002780097522174
757 0.6064570708148144
758 0.9554976651854811
759 0.5011415309915855
760 0.2509758437462157
761 0.10211006912415362
762 287.4184735277786
763 1.6245819162854052
764 17.622973038142167
765 4.0640127311076455
766 0.7377358155529615
767 9.320756534154587
768 0.09653996134807487
769 1.199390617636552
770 6.87382023820877
771 0.27025959226557145
772 0.09559831882438648
773 1.8452008176948502
774 0.875035905181801
775 174.98140136898252
776 0.33674493497615027
777 1.1628876892520212
778 0.032179496379798805
779 0.4261600186631655
780 3.0681390034088696
781 5.2110138882025785
782 19.344347113320655
783 0.3410368260958907
784 10.225106285132469
785 8.285456669525795
786 11.688910609528895
787 5.3601981726852115
788 0.5000614682094257
789 2.988090808284164
790 0.06655683970023824
791 7.90510348413256
792 4.293542390046473
793 3.7173616210074476
794 0.0075942607845280894
795 0.8218302110503217
796 1.3369027516297256
797 0.4432463159105332
798 1.779779140019327
799 0.5449095832438791
800 0.5042507390563038
801 0.004886078419036298
802 4.5173350325897905
803 0.7886053960567245
804 0.5879031991567797
805 3.2880776165236054
806 0.9335562784031222
807 1.2873758710922683
808 3.009958784801496
809 6.8334553313712485
810 17.01525388024775
811 2.2953793388985417
812 0.3913565074480481
813 0.9434497784746556
814 0.07325636427291926
815 0.9514745109607393
816 0.42501397519350725
817 0.9709709299688737
818 0.4083583992585368
819 0.5239200316875507
820 0.19327433849733106
821 3.69599986955095
822 0.20313082005981484
823 0.5477066060928131
824 0.6166452010998261
825 0.10314203673989646
826 0.5071010630281944
827 0.6184183217635215
828 1.2170374585212453
829 4.9450534077821615
830 4.863656932499631
831 0.09214014691246074
832 1.3808049095990744
833 0.25579456272328216
834 0.030424094154868773
835 0.052889178037544365
836 0.6825919767087163
837 0.6983563274679405
838 1.4303737437568826
839 0.04515458331413631
840 1.2023227542318646
841 1.1556104493080495
842 0.08520612760484211
843 1.6828018425834166
844 1.3161545082002806
845 0.8740596642304959
846 4.161096262791633
847 10.806458130675772
848 0.865379316663661
849 1.815897373324687
850 0.2688997478167907
851 0.4003588593231241
852 15.88550757830595
853 3.5109748218333774
854 1.7202403358800158
855 0.4821633603603882
856 0.8377654178610776
857 0.2580180426876593
858 0.39054423262780324
859 1.3938632105219422
860 3.241875350439014
861 9.386042041688619
862 0.20807700043566044
863 0.1314549733494094
864 0.044621882102340464
865 0.6747837010963262
866 0.3975404317810858
867 1.3316564657697632
868 0.11991646181561358
869 0.1046646171710933
870 0.7865734036581122
871 14.29083749564707
872 2.6307736387702785
873 0.6799915924021768
874 1.034020028630972
875 42.380614316377184
876 0.07825262721390007
877 3.3489529730093857
878 11.29018392222292
879 3.126387316331112
880 0.5441744923100581
881 0.9786775053477899
882 5.88405876805605
883 0.34894596440214404
884 7.736516152758814
885 0.40499012570941473
886 74.72377762661382
887 4.077828002753143
888 0.016630831162686467
889 1.9278465835569982
890 1.6365487069066362
891 0.2565738805755949
892 1.9689187077102779
893 2.2624709067391784
894 0.8569308940393723
895 1.2032607273306088
896 3.807852812665744
897 8.764296511842767
898 0.4412637997460552
899 0.37649935716550736
900 0.5973845846681779
901 0.0003802208768623031
902 1.2245186119077636
903 1.9295052172872105
904 0.26622655480374646
905 1.6141490700586003
906 13.605781907881278
907 1.1824976273736352
908 0.0967722293695833
909 1.9548883665103258
910 2.55140767447318
911 0.23304231431116623
912 0.950278949815491
913 0.32105500387582603
914 1.5195892375270499
915 1.0707502029373017
916 4.305574969187107
917 0.2176382326782037
918 34.64478166306917
919 0.08341559709770485
920 0.3750053358818218
921 44.92642520634862
922 4.640975361280876
923 0.5878553149007625
924 1.768365910763958
925 0.9960000161397364
926 0.46094357401964325
927 0.23841578099731867
928 1.247239885103565
929 1.0191179937893429
930 0.31515708188309155
931 1.0187549773770306
932 0.1583825811806467
933 0.3457518678273293
934 1.674282789454889
935 0.17318402969638075
936 3.1183481694838986
937 1.5828067749115984
938 0.23276737554324103
939 4.556424006904211
940 8.263223133191353
941 0.26415495816729506
942 0.4823022887019754
943 0.8668884806760214
944 1.760848135493273
945 0.2044883949809771
946 0.35250526779863567
947 30.998533754839
948 0.40851003225658233
949 1.1709872094963538
950 0.520249348303644
951 5.741295950696145
952 2.2293976826430897
953 4.420480694194427
954 1.8083650112511194
955 0.8277358519700005
956 0.03064397859014571
957 0.42236279479822436
958 357.8198378625574
959 7.145897973094975
960 0.9293552754779355
961 24.678987132065085
962 0.16038259797629426
963 1.7226190312476453
964 2.6307432387293024
965 3.742877823852599
966 12.714142258523626
967 0.5754196258862121
968 2.103580954867051
969 27.140861363093105
970 0.4610919740390113
971 0.9784896520724088
972 0.12982156832062527
973 10.313399602147232
974 0.8617743642852351
975 0.7371269660605102
976 0.0999617413122534
977 0.03348788076641577
978 0.15647579681110654
979 0.20541856918325394
980 18.938246246971897
981 0.4898966538063811
982 0.8019745633973593
983 7.937540215636241
984 141.24398437194648
985 0.06351283815524067
986 1.022944490828705
987 0.3099327106390273
988 0.9621693023734343
989 2.1418514615166044
990 0.23802194012218125
991 0.24307000417266564
992 1.7150312950056588
993 0.36800226640238753
994 0.03350495040559001
995 1.314736552379762
996 0.12283289608202991
997 20.849903421367113
998 10.091337852703694
999 0.15189066625951492
1000 0.4910299332552036
