1 0.9079231006854889
2 0.5478185839057914
3 1.6156190616525132
4 27.12597225503408
5 0.331248503779218
6 2.911714827280414
7 0.3983522037950816
8 5.293779413034452
9 0.8776148023961464
10 5.124402184424414
11 0.13056553433301113
12 5.038777323227908
13 6.640254008635454
14 1.1945213421876453
15 8.060126018029857
16 0.518805424255929
17 1.0813464182496424
18 0.611860319849629
19 0.6964444282504734
20 0.04302298394771198
21 0.48384230815258716
22 2.5518088320005936
23 0.8456791330039138
24 0.10929965107657227
25 0.9392794843661018
26 1.5726544282968067
27 4.491412666634669
28 20.948180575247957
29 1.5569818432170086
30 0.9169646315864787
31 0.6611199250859561
32 0.6481274112431376
33 0.09432585538157301
34 16.781407847416645
35 14.45237780097734
36 2.5069739358810463
37 0.34174420807269107
38 11.348029813392797
39 1.4752278410694293
40 1.2559689092855617
41 15.41845847900881
42 0.09229447207815895
43 2.3739093875482244
44 2.5671697847961643
45 8.419905756102786
46 0.4894768674413011
47 0.17095576191933645
48 0.8750468177355019
49 0.30150524933817546
50 0.7506266929782057
51 0.3192838203182515
52 20.617603075841934
53 0.6846197645457738
54 1.129153953829523
55 0.03111894858650994
56 0.7989581089207174
57 0.08910642032735298
58 0.1881249869489888
59 0.5496428099507721
60 1.4828591251770689
61 1.4252073677115586
62 0.4236603541609833
63 0.18299497845349916
64 0.48867971243433983
65 1.1915930926872318
66 1.4168618995075233
67 0.2626495184165662
68 0.11281093197456285
69 0.4786156149855137
70 0.4852034923467269
71 2.5584144933744755
72 5.220935632676672
73 3.8337469565702422
74 0.7925934726841873
75 0.6004053274915909
76 2.4959426209578144
77 24.048529401026396
78 0.3483607746586025
79 41.98566017500378
80 0.6504900948851667
81 0.741470227365815
82 3.426367244641218
83 11.14794033322756
84 4.784784413161515
85 0.36534147731728817
86 0.30788167135181516
87 7.004013354052361
88 0.25671291973158994
89 0.38405812406095347
90 0.7493238580286855
91 0.49647818903071944
92 2.5528496408425427
93 1.5825726032004535
94 0.020852713389021945
95 0.5558745250930148
96 0.10109620291173113
97 0.9285188622722855
98 130.21547211038555
99 2.6560981900353595
100 0.3306813516281742
101 1.2229643734804594
102 0.6759547929882916
103 0.15744700968779204
104 1.6996981931839017
105 8.97199095938628
106 1.737647039275568
107 0.17017194818227763
108 0.7355014456726874
109 2.7472704851383942
110 1.3628721180104117
111 0.9527146671726895
112 0.8975937620352904
113 1.9108228560399234
114 8.120415395251149
115 0.2828975442606446
116 1.6447101907447268
117 4.739129069071126
118 0.014761361578629539
119 50.567926008249465
120 23.07430222650112
121 0.8090123945307663
122 6.258909237879597
123 6.0071902602443545
124 26.248782881269825
125 0.4300484655187445
126 0.7581834033755908
127 0.7330181063115503
128 4.819540281191987
129 5.796265057681808
130 7.01447873388348
131 1.1919430752045772
132 2.940343744899701
133 0.5139438856639433
134 0.12341690983666374
135 527.7223358436634
136 0.3230148844642851
137 0.5447350601933179
138 0.6623196342591793
139 1.1775591993752612
140 0.8034832965130957
141 6.905011783418051
142 0.26902612303301215
143 1.1976126934638245
144 0.1404832803342677
145 1.4059771211640857
146 0.02480048702690348
147 0.6812793080022087
148 0.014965919825516639
149 1.5604742363158945
150 0.2948240249247458
151 0.1446371452259177
152 0.2725191361142108
153 71.09930325099675
154 1.2461290580150124
155 4.032500650866845
156 9.490277925342026
157 0.8165899284454511
158 0.28143642973886296
159 0.19045350514337078
160 0.14844121818915187
161 0.5414657328826696
162 0.02270279529998186
163 0.38169908318777934
164 3.305024597741116
165 1.2733747415970362
166 3.7470338978039948
167 1.0582514089964528
168 0.4820374565759277
169 4.51962533112932
170 0.29146654575097947
171 1.026474127760288
172 1.954138580238668
173 0.7012211898811337
174 6.00356880597587
175 0.02002397518566683
176 0.2915254153883567
177 3.8206423562916725
178 0.6756763957938718
179 0.22988226652274865
180 0.8653078959063002
181 1.365107726060529
182 59.007831024002975
183 1.219862995575509
184 2.525588625030635
185 0.1097587657069195
186 1.088930450504523
187 1.0085729358446116
188 0.6648102558119896
189 3.8472647877553716
190 2.5606212132998816
191 0.1730674645932403
192 24.470397233648594
193 3.7155695202486196
194 1.620041326759406
195 2.479647585188435
196 0.2901330215591554
197 2.00059109778993
198 0.656854208070333
199 4.21268404533649
200 7.429262995800312
201 131.70046985728666
202 0.5919453963832488
203 0.73407840175136
204 0.20120155064037717
205 1.7429253523516128
206 7.657633516033371
207 0.07819039333135212
208 0.674274290451871
209 0.8164515538428879
210 1.701087036095862
211 2.3395084106814976
212 0.6246335322273143
213 2.1862083479761742
214 0.5349871442946994
215 0.017614104923780335
216 0.4628805368344307
217 29.06779075040606
218 0.5385104554117461
219 0.22059820805180405
220 12.056385187241263
221 1.667206128330161
222 39.9098675829123
223 0.054434687826976955
224 0.5722088270306389
225 0.20810225574264815
226 1.053431594854837
227 0.331688257159429
228 0.25406130912125363
229 0.997743608618791
230 0.3173618800034836
231 3.820342984959821
232 1.855410862274817
233 0.3714564536813274
234 1.7967596978097105
235 7.054342845553014
236 1.0325228387154766
237 0.10017490627442588
238 1.5950195641738592
239 0.013680940940366117
240 0.20214320191968402
241 0.13426851906590387
242 0.2368650403818842
243 14.491450366273964
244 2.2731436947033195
245 1.0023576621692591
246 1.8063146383018993
247 0.35829102416646375
248 1.473123490774811
249 23.387681199175567
250 1.661311043981402
251 0.1697238985253674
252 0.06797070179679796
253 1.168405847166333
254 0.4541039219487607
255 0.06619581011092207
256 0.22172428929176352
257 0.068161531453513
258 8.382038097866733
259 0.5243179668791151
260 1.0405265005501128
261 368.1233831798851
262 0.9726355696108713
263 6.241167439245133
264 1.349693049378718
265 0.7246390471158802
266 0.6209719747233113
267 0.15452736876808604
268 0.25102704749118887
269 0.9631342243449228
270 209.1258235485186
271 8.469037457840065
272 4.934443093176502
273 5.491446888663459
274 0.09331393126574221
275 0.04250842962323809
276 1.369761485690289
277 0.24420233104754938
278 1.3099040355699436
279 0.01742935177165453
280 0.804379276686995
281 0.6939116840134999
282 0.22152436509619725
283 0.28623709752964666
284 0.08417507788452254
285 0.8431554703736102
286 10.35090884575672
287 0.7339407172817795
288 22.489205294930585
289 0.6948953075988895
290 0.5722258493012867
291 4.473539012165797
292 16.43196772289601
293 126.21272742212686
294 0.40649708028514686
295 0.49277258978355565
296 1.1553725328249056
297 36.31133432821192
298 0.15443699931176447
299 9.880496409523198
300 0.8323167369391464
301 0.44590121631640195
302 1.3298367415192776
303 0.7018788104546491
304 0.1020310650145266
305 0.2128435900251915
306 1.8050351646029548
307 0.5845185173378441
308 22.058229248666382
309 0.5897207938685466
310 4.166561433630002
311 0.44539747145326103
312 0.9528583918771979
313 7.654492161319047
314 0.5773405666549428
315 0.4491432221463545
316 0.6288869942203678
317 0.690981417965576
318 0.2341892947442462
319 0.42991324803868947
320 0.5563549756917343
321 2.3597325389506985
322 0.32290772856965677
323 0.22105986626195787
324 3.72728139164472
325 0.9258625160978171
326 7.295316151310741
327 1.4603754475280402
328 0.17507334650289902
329 2.3095123161816873
330 0.9361343771566863
331 4.804642896730139
332 0.46135778202885036
333 42.213112267976015
334 0.18344313758748
335 35.325084156027785
336 0.044769327266420536
337 1.0584655873209454
338 5.051429710483697
339 2.1630383991243685
340 17.776530594553083
341 0.5009803697081474
342 2.0935224700516177
343 2.5576632333701252
344 2.09639054207502
345 0.041578615030248234
346 1.8246298484813293
347 0.07389546895842375
348 0.6688251840692084
349 3.6329950361514705
350 1.7458050947183053
351 0.12342268672817439
352 0.06425038153578323
353 1.6541162430742433
354 0.008675748634738498
355 0.558551625307403
356 16.658101000904587
357 0.21558350221606223
358 0.0856399752882579
359 0.058783263388622845
360 2.880205988224699
361 1.4312667586132182
362 0.6478752862923302
363 1.356289662561672
364 0.5654198988936429
365 0.9317061234723616
366 0.509845194206777
367 2.45868693157169
368 7.460811033571544
369 0.8171517074064779
370 2.261607563723471
371 7.627219924551976
372 0.0003732073762832888
373 1.3085224096772354
374 0.1041579362301467
375 2.87939700080824
376 2.1193319342263632
377 0.46749468875863986
378 2.812768806045962
379 0.5940427693076916
380 0.27902996069900754
381 1.6397146899926693
382 3.1009135574970164
383 11.899370818927737
384 3.299744545201525
385 0.9744983235222695
386 1.9821878463450782
387 0.3966256817764744
388 0.7192375458174235
389 0.35779835524942466
390 0.04907050619546619
391 0.1202641587685765
392 5.1604755034259675
393 0.4726029292139372
394 1.396600613971769
395 1.1396628246155198
396 0.10162588075841929
397 37.90814527234806
398 0.4412192442652021
399 12.05899900236201
400 2.004971106908307
401 1.0840952346822386
402 0.9131225017829194
403 0.557004316201585
404 1.8825900212308095
405 0.3674823389509257
406 8.649704590111936
407 0.04962095704058021
408 3.9661964542695567
409 1.4061433549107736
410 0.3225752994810703
411 14.826472837018077
412 2.9112616255351385
413 0.004076289187577024
414 3.6409389856232823
415 1.3259308801498908
416 1.6895497749862756
417 1.0014551561000744
418 2.2531576034184964
419 7.229574460187669
420 1.8570569286787248
421 2.2525623647992767
422 0.03738612073675154
423 0.7097376981214663
424 1.5478493032643161
425 4.3458175179670375
426 0.38007724906918117
427 1.6776376863194715
428 0.21099075411574175
429 0.04899347296944994
430 21.02218822863577
431 0.5028230148035652
432 0.15830106330016427
433 0.5347696849181668
434 4.51486986555082
435 3.875443569205053
436 0.2879864570171935
437 0.47899745612709177
438 0.08485058800152694
439 1.1246715811607408
440 1.1642664448291389
441 0.44877074915997645
442 0.1903075600248355
443 0.41500739209340937
444 0.39964048096691995
445 18.73330952655118
446 1.1355512677263495
447 1.529904906877451
448 0.5649382051766303
449 0.8370406284844993
450 3.208299256203553
451 1.0196046311259426
452 1.8389875478415258
453 3.553640412991319
454 1.4253023968757024
455 0.6470314182932774
456 0.4260640695336507
457 0.04182662765411917
458 0.957093597926589
459 0.27025998074539814
460 0.3580455815644238
461 0.6885317200465648
462 5.02562317894003
463 0.06067912985659514
464 1.1230743126172664
465 3.5876864947230542
466 0.3197275823777494
467 0.16036473047940036
468 1.4814023146195918
469 0.341873036310863
470 24.002832533491247
471 13.015907989242407
472 2.963960990806819
473 9.543487883579141
474 1.4167704118124385
475 0.1898921455006071
476 4.2582116232716
477 0.46323196440724174
478 5.375492538408
479 0.45457618168089553
480 0.029025438784910866
481 2.4694241741493506
482 3.3905618178408177
483 0.035625151799427074
484 4.952428114494132
485 2.4085946479223597
486 0.4992999795206131
487 2.1331803039460127
488 0.9087642386063809
489 6.304194443643312
490 8.03316064647639
491 0.33876229142513276
492 0.5513035104234317
493 0.03287201184309872
494 1.5520993032331143
495 0.3146633028567548
496 1.7084156400572392
497 12.11453270333523
498 673.0710057159481
499 2.037214201108956
500 0.02035004165574177
501 2.203203460968374
502 0.18396134194993694
503 147.9967417051029
504 1.1974954973460283
505 0.7836501274208141
506 3.730957016653187
507 0.5154498909912272
508 0.4443029923453279
509 0.8322880054077068
510 0.25634331907271374
511 0.712332529252577
512 2.737021774402691
513 2.400065537228945
514 5.632949544096264
515 2.0691155388758893
516 0.2399003569210069
517 0.3118415353031522
518 0.7978966903500894
519 0.6617264900655072
520 1.2427315038202955
521 1.0514223624856025
522 0.23725498364200143
523 71.3807791039458
524 0.05831142994345029
525 0.8019391563247961
526 5.645785105114526
527 6.56257040825855
528 0.040763096663925594
529 0.32934592892109776
530 2.6491203730845987
531 1.193383602748734
532 2.460288494578699
533 0.21064908274786898
534 0.29868707781719095
535 2.1593165196299196
536 0.2942227252160077
537 0.265487394242951
538 31.593979329297394
539 1.1004609456060168
540 9.460090157435975
541 18.054859308209508
542 0.55188363589038
543 0.15367804439030427
544 1.3045260651200135
545 17.234230337457404
546 0.01062463846329804
547 1.5813742075383663
548 0.5980981650234026
549 0.8951963993634593
550 0.5816413789308567
551 0.01815286747398937
552 0.7420771705144713
553 0.5308500133924436
554 0.5591241972235518
555 0.5014482800058678
556 0.6861199973589283
557 1.3690686889509232
558 22.72612407596095
559 1.2190846586424715
560 0.5188673528929477
561 0.05049939585143078
562 0.040671385802920464
563 0.04104277243122037
564 0.03153033019064713
565 1.0194183415757547
566 1.0081408880672371
567 0.1659188512817397
568 0.24435533073054003
569 3.2160313031518966
570 0.13994526009940517
571 0.8814568168670797
572 3.8351896099957816
573 2.110599135555117
574 61.20590766839607
575 0.12062692654089022
576 0.5160925029469987
577 0.039463530635732685
578 1.9617377790980615
579 0.5699927801237125
580 1.471937318863641
581 0.01062760492061062
582 0.11504227700190761
583 5.95623928306674
584 0.33825715380385857
585 1.7913760312454108
586 2.4713721375330815
587 1.4408355029790576
588 0.5147890492497317
589 34.24849839424525
590 1.5120291511694202
591 0.23077209006884783
592 4.74844872516283
593 4.363060708582911
594 0.7259181420043755
595 2.2210064223835357
596 0.8190540979247173
597 0.10124040403543166
598 1.551965565133431
599 7.422748338117974
600 0.1724333903641736
601 0.699758165941411
602 2.563626238057013
603 0.7274123307883231
604 4.246674969864702
605 4.80452931996411
606 0.0116659578828479
607 2.961921653102174
608 0.6877669953766004
609 1.7422436210307848
610 0.123413100356187
611 1.9988678036157086
612 0.7707381128367555
613 0.7566617106087408
614 3.871688497764235
615 8.634696418323479
616 29.290344278633075
617 8.11469756346927
618 0.9525037806908888
619 0.8107369232322966
620 0.8255223263148
621 3.662089971877755
622 0.38658507638234774
623 1.8846311770019066
624 1.298786127371413
625 2.418378162841193
626 4.5146648065956905
627 1.352679993241779
628 4.951260476269609
629 0.4388027502742499
630 1.1676814806488045
631 0.8386139848927932
632 0.5065931001475321
633 1.0470507057366323
634 2.552263798785578
635 0.743509045161714
636 1.1592194011435564
637 0.646051290255655
638 0.6965250617011425
639 0.48557151855385333
640 0.21798945819838564
641 2.5717172083958126
642 39.65074846574405
643 0.23341682850679524
644 0.3540956953755124
645 6.911192220707865
646 2.378111890003949
647 8.990653263743233
648 1.630436364839824
649 1.1165865953068281
650 0.960296379114191
651 6.218492099574565
652 27.597035844165845
653 0.03255247929215775
654 0.009778955971736189
655 0.6587859480822156
656 5.537973313352871
657 1.3282974402880983
658 0.3695517286129817
659 0.3090517414274435
660 0.06927159685775128
661 10.73179308422019
662 0.4794091240178113
663 3.952565769299195
664 0.22203292734745733
665 6.104761832090081
666 31.274730145150105
667 0.5140299909867192
668 0.1392691717480528
669 0.2858565785318553
670 103.98069314306176
671 0.49511922574752587
672 1.6913509052420208
673 1.1869759856025333
674 9.040493014668673
675 4.786752113149505
676 1.0026940027382711
677 34.75555315367387
678 0.21850875769917774
679 1.1238562013667477
680 1.8212150867951173
681 0.01869072562580457
682 0.01982009694620537
683 4.607037194655566
684 0.9111862233838279
685 1.5183844469850667
686 0.08634365393953346
687 0.0669838498005242
688 1.409942604387348
689 0.1153405671149827
690 0.49216079062196105
691 0.3954690607610888
692 0.19498603262812622
693 1.2135001171911852
694 0.6959331480881957
695 15.548679156989175
696 0.19805555850983866
697 1.4821869727498092
698 0.43370509773608196
699 0.10286127900326505
700 13.962721924668474
701 7.489689742190668
702 6.731313510283797
703 6.046567684933763
704 0.11104674748519962
705 1.4367238851944844
706 13.485784107374112
707 20.329280848471843
708 0.05432922132612246
709 13.71052409145724
710 0.17840277527286516
711 2.020795505725194
712 0.41260697967487603
713 0.7227666900789805
714 0.8597149248040107
715 8.029463820258108
716 0.4316552805299607
717 1.37354043989084
718 0.597265288753787
719 0.7704064642870685
720 0.011418923891991475
721 1.2305140882554588
722 3.1388535473239667
723 1.7529880819641763
724 0.18557447452336134
725 0.8030664988695763
726 77.06791900358607
727 0.40723366712839904
728 0.7671634265756562
729 0.030372011012184053
730 2.047272374895561
731 10.42858483347011
732 8.455968178013169
733 0.20181526280466233
734 0.10741914606255588
735 17.77160390917926
736 9.329095251787772
737 9.98940987136283
738 0.3955652989610755
739 2.8353138824747526
740 0.8686511763972173
741 85.65039681733589
742 2.149758191418091
743 0.31504838175205724
744 9.883156751180994
745 5.6249929148381845
746 0.9715111655434441
747 0.08778048170828108
748 1.2068185922844228
749 2.834431074682796
750 1.9390831262595996
751 1.2278488577190019
752 0.10345031067280049
753 0.1250673709863427
754 1.4306716185233623
755 0.7576792924630762
756 3.397157804060366
757 2.0906362526493267
758 1.3394288831650394
759 0.41686276974161873
760 9.406582951409568
761 0.8534049052969672
762 0.8257449177925202
763 0.05131623061994611
764 4.055924415900026
765 0.45631825118602526
766 1.2668073479696866
767 22.465279319245365
768 2.3013739524840098
769 7.632441895617175
770 0.3456665799538524
771 0.7002449047587118
772 0.003660362835995098
773 0.26412706754787635
774 0.13811977204611872
775 4.61304434370506
776 0.7419608800838738
777 0.4096819953242446
778 0.044888272490686415
779 0.6165878853018042
780 1.5131122786563729
781 1.427151471862366
782 0.6229802404405
783 1.772572625770557
784 0.2108413117010393
785 0.8691621366049532
786 36.793731842334296
787 3.455701392745581
788 6.355136845552516
789 1.454373079795889
790 2.404076908696139
791 56.147553899348004
792 1.2218249169455908
793 1.8816152141093663
794 4.673155674805287
795 0.09959893866603362
796 0.059212243246120115
797 2.0433354533413293
798 29.431781843080206
799 0.3305300917819864
800 0.5560182984542553
801 0.10550590583443395
802 0.5046394339835178
803 1.6438889854972067
804 1.0821103336001818
805 0.4425800972213016
806 0.9466267301655569
807 1.9810860960716719
808 0.19842670021146175
809 0.07854257015184098
810 0.007647700862894003
811 2.4297672472042304
812 0.6152981883942521
813 4.682542600801838
814 0.9288321356125792
815 0.830690212677165
816 0.1298440494598583
817 1.3153919335329338
818 0.40689025011683616
819 0.13865097073264468
820 1.642061767912134
821 386.83159513518586
822 0.2495529534246209
823 0.05836643606072248
824 0.2054622835935734
825 14.507469277146315
826 0.9069326371380818
827 0.39261858384455417
828 6.006681116477339
829 3.68030273780438
830 0.10932249101327228
831 315.3866854091834
832 0.32328706118914663
833 0.48786352215895473
834 1.622512286493173
835 0.03943812635306365
836 0.06304491862927165
837 1.1941361886046984
838 1.8814726633702339
839 0.25345651711876666
840 0.35455538679052323
841 0.5806656453476459
842 4.641311173229783
843 0.9893853108734069
844 0.04802806022196087
845 11.353096421098808
846 13.703002583596538
847 25.03441912679401
848 0.2102734676991153
849 1.0560575481277317
850 5.912090812887
851 0.28025563545712756
852 4.4816214976065245
853 0.47978761942438075
854 52.42908026976077
855 0.7172604491128514
856 0.578984258545764
857 0.5134333377848666
858 4.750897600182225
859 4.36849833465333
860 2.085113009475617
861 1.1697650071311811
862 0.48346368676004786
863 0.3779165376970533
864 0.17154155786269312
865 8.377904673411479
866 11.319639414149755
867 2.9601109431472663
868 3.161121093563309
869 4.31888187891742
870 1.6539266962957737
871 0.12652229696540532
872 41.084058663948156
873 0.2251447783230562
874 3.722664996999012
875 0.08472633139731366
876 0.05096111494238308
877 16.359510995529593
878 0.23361016815449465
879 0.2532378312470169
880 1.1147869739376897
881 8.11376516620397
882 0.3341501481837198
883 0.3412783091341606
884 1.1126252106812107
885 0.016618786214619926
886 13.769484162036726
887 0.01612338295098713
888 1.775610498213736
889 0.44011709579489006
890 0.6590454494867397
891 0.19163345316716252
892 1.344056832844524
893 0.08687304454909857
894 1.4597885509354476
895 0.003260524221634058
896 1.2106543156612926
897 139.0304271486777
898 5.869349070697495
899 1.277080808030865
900 6.3167244086594145
901 2.166628011305656
902 0.74321170959558
903 3.76027908226987
904 4.661509356574839
905 1.239460359339501
906 1.1714754660295794
907 0.04865110007574474
908 0.1615977139036715
909 0.9252526783850824
910 9.509514861702412
911 0.426715598499337
912 7.070724287575886
913 0.10224833901049028
914 0.0441491720882955
915 0.029306335836345423
916 0.7887265349688768
917 0.7443700572819578
918 0.1337375982613196
919 0.637457441679667
920 0.5975657872988184
921 12.749574676586121
922 2.8235670928226377
923 0.6733755082056261
924 7.517703869939149
925 0.3788283881540779
926 0.40639445312920564
927 0.9658741257521153
928 2.1413577679716593
929 0.29568006798628177
930 1.0110702104570097
931 0.37065609130613214
932 0.41199537667103237
933 0.0832785612793053
934 1.1154507123822948
935 1.0288684072547163
936 0.08443491977068705
937 11.810436712519369
938 0.92477005632239
939 0.3670820725431952
940 1.5386968028061012
941 0.4814467554727246
942 1.0072281390928604
943 0.8938433640480611
944 0.07608209215759612
945 5.963989306199051
946 31.044793008780015
947 0.20911536128054417
948 0.31249894456188543
949 0.16507130442963341
950 0.7368819928814132
951 0.5356246150827736
952 0.489513516170666
953 3.527374453283805
954 0.20380649546746915
955 1.1767462678534377
956 0.09027636348342129
957 0.24221160193410884
958 0.4942131544841364
959 0.05528413906089195
960 0.3282956793932507
961 0.01953756363591642
962 0.2150314230393744
963 0.2520112932210652
964 16.482151612647904
965 0.7124023596105801
966 2.6360081723968403
967 0.385081176316325
968 6.830675865246909
969 0.29830987430426414
970 0.6159095108042755
971 1.77391862806798
972 3.3557563072827845
973 1.6120382527214703
974 2.1480164484145274
975 4.343914774886381
976 12.979049611208756
977 12.720627898903292
978 2.10190501152206
979 2.064071579100011
980 2.509560286498486
981 2.7349545546442355
982 1.2587706081507704
983 0.04912013813031089
984 0.7023738852219933
985 0.0429465409365087
986 0.3737358768981206
987 0.22004929478687194
988 0.7273102750574284
989 0.5734449748554293
990 4.60725821803375
991 0.4592015415059832
992 2.4508272242283136
993 4.644836543755601
994 2.1141337475608797
995 4.724232394770954
996 0.16512917471686345
997 177.44212540257288
998 0.32361216155251626
999 0.5922381457640813
1000 22.377900972693528
