2 952 725
2 93 425
2 172 148
2 829 864
2 72 379
2 36 67
2 371 802
2 146 395
2 589 567
2 260 774
2 576 365
2 176 788
2 230 392
2 206 288
2 29 552
2 277 475
2 869 466
2 600 862
2 714 860
2 284 934
2 402 731
2 639 867
2 930 211
2 926 460
2 93 148
2 193 324
2 483 389
2 219 240
2 260 194
2 422 316
2 374 532
2 749 516
2 295 496
2 873 791
2 664 923
2 632 259
2 372 498
2 147 684
2 930 110
2 714 162
2 532 696
2 157 334
2 491 248
2 856 746
2 782 90
2 303 327
2 985 481
2 343 695
2 809 582
2 418 292
2 566 384
2 757 214
2 635 885
2 150 346
2 533 315
2 363 122
2 518 133
2 818 980
2 659 877
2 828 275
2 870 288
2 723 369
2 196 817
2 933 599
2 836 290
2 570 357
2 665 132
2 329 150
2 73 216
2 401 794
2 113 425
2 880 564
2 829 491
2 873 943
2 71 802
2 879 180
2 522 173
2 500 854
2 374 811
2 608 276
2 275 897
2 704 432
2 889 103
2 428 66
2 193 319
2 420 70
2 187 548
2 806 225
2 371 662
2 286 900
2 214 903
2 590 954
2 492 409
2 453 14
2 880 159
2 957 439
2 360 32
2 182 276
2 211 984
2 574 283
2 702 188
2 950 248
2 838 424
2 372 7
2 653 128
2 561 235
2 219 958
2 870 657
2 938 776
2 168 704
2 508 656
2 531 194
2 930 676
2 868 33
2 112 326
2 249 973
2 999 968
2 402 819
2 750 62
2 419 501
2 985 931
2 951 175
2 440 221
2 600 189
2 628 990
2 320 638
2 346 851
2 245 136
2 548 55
2 242 942
2 492 663
2 540 309
2 449 289
2 777 613
2 580 282
2 196 234
2 283 894
2 727 497
2 31 211
2 996 248
2 912 997
2 856 373
2 813 158
2 702 520
2 369 259
2 901 818
2 444 391
2 269 451
2 98 75
2 713 931
2 452 209
2 701 543
2 350 972
2 72 491
2 659 729
2 385 197
2 8 655
2 453 722
2 560 875
2 718 672
2 775 882
2 557 499
2 295 400
2 951 97
2 578 143
2 128 440
2 446 133
2 901 545
2 406 689
2 302 502
2 429 718
2 371 767
2 558 970
2 365 567
2 368 71
2 283 38
2 302 371
2 847 560
2 945 41
2 327 359
2 404 106
2 336 407
2 878 493
2 147 384
2 747 574
2 57 861
2 971 802
2 299 732
2 135 73
2 290 367
2 81 619
2 579 133
2 822 82
2 117 665
2 244 996
2 350 365
2 724 757
2 914 405
2 838 501
2 302 657
2 320 709
2 118 294
2 363 776
2 421 737
2 484 523
2 163 164
2 669 82
2 423 491
2 971 90
2 178 829
2 910 365
2 926 277
2 140 941
2 415 841
2 727 25
2 958 577
2 945 276
2 985 512
2 302 40
2 768 905
2 126 437
2 666 61
2 181 903
2 266 643
2 870 27
2 571 301
2 293 836
2 437 85
2 744 499
2 113 947
2 876 291
2 374 360
2 64 430
2 515 261
2 2 547
2 21 829
2 727 258
2 321 813
2 262 447
2 267 968
2 624 935
2 939 960
2 361 378
2 192 173
2 58 841
2 5 883
2 926 242
2 773 303
2 540 183
2 295 232
2 335 539
2 987 584
2 801 959
2 347 64
2 412 341
2 456 965
2 99 804
2 199 176
2 402 638
2 895 790
2 237 137
2 334 972
2 440 74
2 337 820
2 558 962
2 219 910
2 3 595
2 607 873
2 294 214
2 721 575
2 954 813
2 144 149
2 54 644
2 947 794
2 453 797
2 608 938
2 156 572
2 214 484
2 83 341
2 388 620
2 529 328
2 814 984
2 258 706
2 397 90
2 464 489
2 48 82
2 929 82
2 586 663
2 752 301
2 401 272
2 59 277
2 75 577
2 269 203
2 336 934
2 871 652
2 170 743
2 774 688
2 10 771
2 847 289
2 457 705
2 356 814
2 20 647
2 203 995
2 934 45
2 462 193
2 506 352
2 775 656
2 66 264
2 300 44
2 698 365
2 460 484
2 340 553
2 814 436
2 820 82
2 549 831
2 269 544
2 716 176
2 847 326
2 471 606
2 825 91
2 998 314
2 427 562
2 798 98
2 602 134
2 325 961
2 934 793
2 585 158
2 495 643
2 53 169
2 792 243
2 97 312
2 148 65
2 100 328
2 2 233
2 512 528
2 24 695
2 497 13
2 157 304
2 291 695
2 81 484
2 242 192
2 807 248
2 112 987
2 319 19
2 531 793
2 468 663
2 685 429
2 990 111
2 541 940
2 726 685
2 894 565
2 818 517
2 82 891
2 336 167
2 658 788
2 655 349
2 22 638
2 686 224
2 861 253
2 214 484
2 749 108
2 434 123
2 20 472
2 231 958
2 685 61
2 339 154
2 617 971
2 585 993
2 266 540
2 443 685
2 242 581
2 856 973
2 949 421
2 610 755
2 232 140
2 620 469
2 507 641
2 95 672
2 31 63
2 139 747
2 682 602
2 316 695
2 96 471
2 915 588
2 363 929
2 806 818
2 591 956
2 63 143
2 792 169
2 925 433
2 789 159
2 531 924
2 496 470
2 863 234
2 63 911
2 971 58
2 353 332
2 15 304
2 622 992
2 579 220
2 591 456
2 640 133
2 872 810
2 562 553
2 587 355
2 432 367
2 399 841
2 747 164
2 281 196
2 90 92
2 150 634
2 878 842
2 308 336
2 666 86
2 181 837
2 510 835
2 749 359
2 463 533
2 566 655
2 835 382
2 449 114
2 950 59
2 841 209
2 168 677
2 869 824
2 274 369
2 433 450
2 698 170
2 699 536
2 410 444
2 316 812
2 347 255
2 916 960
2 617 92
2 724 380
2 233 409
2 536 494
2 41 129
2 123 33
2 994 945
2 526 794
2 924 936
2 219 170
2 763 919
2 714 360
2 840 563
2 679 819
2 406 634
2 936 197
2 626 220
2 507 867
2 943 621
2 764 457
2 727 491
2 599 565
2 961 670
2 549 568
2 113 948
2 662 683
2 315 352
2 214 174
2 155 558
2 919 986
2 391 981
2 295 660
2 421 893
2 536 682
2 913 385
2 191 245
2 302 251
2 780 233
2 836 450
2 83 268
2 406 164
2 344 745
2 925 59
2 550 711
2 914 833
2 819 974
2 782 796
2 999 580
2 781 669
2 593 716
2 901 771
2 422 400
2 950 943
2 923 327
2 102 376
2 582 796
2 786 187
2 568 713
2 734 643
2 223 379
2 506 5
2 846 543
2 158 432
2 973 553
2 724 550
2 547 471
2 494 364
2 376 590
2 782 984
2 3 758
2 865 941
2 883 760
2 398 177
2 873 179
2 677 789
2 879 797
2 28 717
2 431 301
2 112 572
2 29 119
2 733 892
2 752 220
2 987 536
2 194 208
2 679 957
2 684 728
2 162 899
2 690 497
2 809 901
2 245 175
2 496 581
2 45 234
2 3 60
2 746 718
2 840 799
2 789 55
2 751 709
2 927 687
2 622 916
2 133 814
2 434 185
2 398 12
2 833 983
2 209 795
2 448 360
2 858 261
2 66 396
2 312 15
2 529 150
2 379 565
2 807 436
2 48 232
2 803 857
2 640 597
2 881 931
2 143 963
2 269 185
2 918 495
2 219 361
2 140 361
2 718 321
2 461 821
2 839 922
2 873 86
2 196 748
2 787 208
2 143 550
2 741 349
2 804 447
2 934 894
2 756 261
2 990 567
2 925 266
2 454 84
2 482 97
2 823 436
2 56 662
2 508 336
2 377 146
2 779 997
2 878 644
2 16 130
2 601 225
2 974 469
2 378 789
2 79 875
2 269 168
2 550 498
2 46 708
2 482 503
2 914 529
2 20 121
2 701 439
2 586 35
2 568 304
2 365 865
2 502 13
2 22 992
2 4 119
2 694 710
2 185 86
2 709 860
2 88 173
2 397 352
2 245 986
2 459 30
2 952 973
2 716 546
2 536 189
2 70 545
2 64 56
2 631 946
2 199 254
2 666 140
2 247 545
2 427 143
2 151 326
2 239 868
2 138 577
2 803 698
2 306 846
2 964 571
2 446 346
2 490 71
2 280 194
2 790 201
2 666 66
2 458 255
2 575 514
2 936 66
2 679 350
2 652 362
2 504 215
2 910 602
2 348 954
2 485 651
2 2 315
2 39 974
2 750 466
2 77 225
2 880 273
2 435 809
2 31 121
2 985 188
2 790 977
2 214 683
2 300 459
2 365 980
2 427 983
2 29 559
2 379 957
2 638 425
2 156 3
2 62 360
2 643 321
2 140 673
2 99 261
2 302 411
2 751 842
2 112 767
2 300 907
2 848 641
2 669 563
2 982 360
2 541 864
2 918 768
2 214 330
2 574 907
2 554 189
2 481 797
2 356 414
2 42 308
2 200 494
2 670 90
2 939 767
2 488 153
2 86 104
2 568 286
2 270 956
2 42 577
2 132 353
2 884 372
2 311 902
2 849 810
2 668 976
2 586 315
2 989 609
2 60 752
2 924 996
2 177 383
2 134 137
2 952 521
2 559 354
2 449 621
2 390 45
2 777 638
2 224 599
2 709 702
2 453 917
2 391 718
2 313 855
2 841 79
2 114 544
2 147 267
2 959 309
2 957 742
2 347 242
2 170 882
2 846 616
2 219 445
2 206 224
2 147 640
2 21 551
2 427 61
2 26 765
2 882 901
2 815 141
2 651 170
2 25 251
2 545 882
2 105 221
2 387 544
2 236 91
2 899 740
2 534 151
2 665 654
2 537 171
2 749 351
2 482 898
2 468 262
2 470 655
2 887 977
2 649 931
2 487 610
2 19 686
2 924 399
2 166 241
2 453 755
2 367 991
2 640 689
2 842 706
2 163 352
2 305 674
2 707 259
2 724 609
2 834 331
2 365 567
2 481 705
2 715 40
2 818 430
2 904 73
2 203 655
2 274 672
2 254 621
2 529 213
2 743 433
2 629 788
2 921 896
2 482 14
2 52 314
2 585 660
2 523 931
2 579 905
2 391 321
2 630 202
2 323 203
2 924 189
2 227 931
2 859 860
2 192 235
2 640 616
2 372 704
2 295 638
2 775 552
2 344 662
2 62 340
2 191 244
2 372 171
2 706 486
2 893 991
2 676 158
2 92 104
2 308 984
2 497 947
2 335 590
2 701 609
2 238 321
2 647 481
2 82 94
2 425 695
2 658 161
2 930 385
2 278 750
2 69 407
2 847 165
2 81 712
2 337 596
2 601 840
2 355 587
2 491 405
2 350 173
2 844 788
2 633 606
2 181 972
2 347 319
2 744 289
2 494 562
2 745 807
2 858 332
2 616 681
2 858 282
2 193 667
2 323 147
2 817 751
2 703 65
2 429 481
2 979 944
2 283 35
2 782 617
2 781 768
2 150 411
2 52 370
2 460 738
2 957 486
2 601 831
2 786 181
2 520 5
2 928 938
2 14 597
2 389 944
2 113 446
2 1000 103
2 318 801
2 551 712
2 952 907
2 404 509
2 937 596
2 873 521
2 420 446
2 582 929
2 885 649
2 255 543
2 441 333
2 355 989
2 723 90
2 735 883
2 514 27
2 291 258
2 275 788
2 425 61
2 946 370
2 904 175
2 316 823
2 325 57
2 700 911
2 959 275
2 614 730
2 280 122
2 170 455
2 941 34
2 978 389
2 942 376
2 680 669
2 175 407
2 156 458
2 320 397
2 944 582
2 373 142
2 96 565
2 859 119
2 92 147
2 753 864
2 888 109
2 820 836
2 826 861
2 486 5
2 933 605
2 381 806
2 703 669
2 881 754
2 727 649
2 841 288
2 938 172
2 985 408
2 196 949
2 789 365
2 596 981
2 504 630
2 331 276
2 190 171
2 123 41
2 184 392
2 463 717
2 338 556
2 224 933
2 263 442
2 623 876
2 773 274
2 39 299
2 568 190
2 646 298
2 632 571
2 96 625
2 673 12
2 757 794
2 3 107
2 67 772
2 891 553
2 345 575
2 548 272
2 877 492
2 497 40
2 223 912
2 549 812
2 67 174
2 692 475
2 404 715
2 183 198
2 644 29
2 192 79
2 724 2
2 431 510
2 666 554
2 101 164
2 601 566
2 285 767
2 323 733
2 748 561
2 161 853
2 390 405
2 120 651
2 157 726
2 828 367
2 752 384
2 604 301
2 516 406
2 362 947
2 200 489
2 413 788
2 568 100
2 70 170
2 938 824
2 126 191
2 616 931
2 1000 567
2 822 89
2 932 216
2 933 868
2 871 243
2 204 813
2 820 170
2 46 16
2 669 592
2 555 821
2 987 585
2 520 12
2 356 226
2 612 127
2 574 306
2 27 177
2 651 871
2 763 410
2 755 304
2 281 498
2 639 59
2 147 659
2 373 918
2 296 362
2 701 31
2 397 119
2 724 392
2 684 821
2 390 635
2 824 315
2 399 248
2 640 396
2 425 174
2 639 209
2 137 183
2 178 497
2 821 749
2 274 614
2 89 752
2 198 583
2 929 691
2 739 679
2 726 831
2 709 699
2 707 286
2 752 597
2 295 550
2 280 870
2 215 216
2 175 945
2 474 353
2 145 478
2 770 687
2 500 153
2 25 530
2 99 222
2 302 12
2 53 359
2 162 23
2 785 863
2 326 505
2 274 203
2 358 296
2 797 441
2 933 604
2 318 743
2 751 98
2 634 827
2 753 512
2 326 12
2 827 634
2 150 459
2 670 59
2 216 240
2 460 941
2 317 106
2 417 329
2 426 99
2 26 379
2 647 512
2 518 85
2 510 976
2 462 255
2 138 493
2 604 600
2 369 789
2 300 175
2 791 530
2 889 399
2 910 821
2 59 612
2 350 307
2 168 619
2 162 738
2 399 49
2 520 144
2 2 273
2 362 378
2 398 42
2 125 741
2 901 569
2 241 377
2 206 333
2 300 916
2 97 472
2 410 306
2 994 858
2 24 538
2 76 839
2 488 357
2 222 670
2 714 245
2 146 158
2 515 629
2 300 413
2 487 433
2 534 677
2 418 63
2 303 571
2 206 477
2 314 742
2 640 798
2 726 264
2 304 169
2 973 328
2 177 700
2 799 480
2 31 894
2 838 804
2 978 383
2 880 277
2 757 363
2 386 460
2 230 625
2 93 628
2 838 650
2 260 120
2 618 919
2 508 761
2 934 649
2 205 328
2 767 528
2 886 189
2 772 20
2 930 412
2 591 774
2 664 226
2 202 251
2 356 829
2 721 416
2 85 982
2 44 854
2 952 688
2 110 184
2 817 600
2 720 900
2 21 310
2 664 101
2 82 877
2 967 989
2 162 25
2 623 818
2 772 123
2 520 918
2 211 176
2 447 369
2 196 471
2 200 666
2 928 224
2 49 979
2 171 509
2 66 165
2 163 879
2 394 382
2 333 728
2 483 305
2 462 180
2 442 288
2 651 658
2 462 608
2 675 154
2 933 627
2 262 535
2 76 388
2 206 466
2 554 715
2 693 975
2 98 220
2 192 384
2 222 665
2 945 630
2 347 911
2 60 734
2 391 681
2 554 355
2 388 762
2 614 968
2 509 937
2 160 434
2 184 563
2 206 992
2 421 819
2 140 523
2 574 523
2 120 738
2 435 174
2 118 725
2 250 502
2 285 505
2 615 120
2 134 321
2 598 861
2 940 58
2 376 481
2 939 480
2 940 435
2 118 177
2 756 595
2 911 977
2 268 811
2 8 557
2 194 526
2 586 612
2 133 100
2 725 521
2 907 844
2 664 755
2 191 957
2 183 173
2 756 815
2 611 530
2 824 369
2 662 214
2 891 691
2 317 611
2 433 442
2 582 931
2 402 661
2 978 702
2 964 947
2 640 527
2 1 66
2 555 972
2 422 854
2 184 80
2 465 354
2 644 530
2 584 769
2 444 796
2 53 521
2 911 789
2 20 911
2 857 349
2 190 205
2 928 522
2 509 50
2 722 228
2 295 803
2 267 396
2 126 353
2 761 566
2 703 165
2 857 945
2 340 314
2 960 306
2 482 945
2 124 457
2 126 289
2 424 107
2 936 227
2 348 758
2 883 211
2 1000 107
2 245 189
2 190 737
2 913 660
2 60 374
2 279 992
2 933 720
2 140 695
2 293 298
2 283 324
2 865 116
2 638 798
2 534 577
2 627 859
2 123 820
2 686 841
2 866 578
2 750 212
2 338 1
2 338 142
2 840 788
2 311 559
2 893 760
2 42 98
2 984 246
2 26 974
2 497 797
2 768 125
2 486 616
2 913 667
2 200 203
2 714 972
2 347 722
2 541 89
2 915 793
2 745 315
2 905 739
2 681 566
2 171 683
2 935 292
2 405 482
2 932 328
2 305 417
2 618 503
2 439 573
2 77 271
2 778 950
2 257 129
2 938 220
2 832 920
2 939 628
2 728 479
2 249 86
2 160 464
2 913 246
2 631 781
2 401 306
2 131 767
2 468 909
2 443 271
2 281 489
2 998 443
2 942 272
2 726 802
2 75 485
2 279 111
2 45 577
2 727 44
2 494 569
2 989 680
2 508 583
2 544 494
2 468 3
2 198 293
2 869 611
2 451 789
2 774 233
2 598 740
2 85 332
2 691 841
2 307 100
2 820 246
2 101 374
2 335 579
2 899 538
2 24 562
2 453 17
2 419 681
2 652 357
2 877 467
2 262 848
2 976 801
2 775 332
2 418 301
2 768 374
2 34 467
2 761 331
2 628 382
2 81 818
2 96 560
2 820 425
2 217 451
2 695 732
2 576 446
2 332 688
2 741 827
2 229 721
2 242 261
2 543 129
2 544 199
2 775 716
2 487 387
2 64 772
2 664 73
2 525 689
2 925 996
2 367 599
2 448 423
2 77 336
2 489 377
2 702 205
2 827 61
2 946 301
2 354 516
2 921 953
2 725 436
2 50 741
2 250 730
2 400 33
2 941 493
2 988 596
2 485 240
2 422 660
2 408 132
2 865 817
2 389 509
2 300 901
2 69 198
2 532 831
2 483 972
2 960 364
2 394 627
2 401 634
2 698 494
2 62 173
2 372 736
2 615 880
2 846 99
2 178 867
2 753 982
2 816 589
2 314 477
2 394 67
2 539 604
2 102 193
2 73 645
2 155 834
2 533 306
2 555 863
2 403 295
2 758 318
2 402 27
2 939 57
2 694 761
2 194 353
2 350 546
2 142 426
2 948 251
2 872 149
2 933 232
2 29 193
2 653 203
2 894 762
2 375 739
2 77 798
2 352 604
2 578 766
2 570 184
2 779 352
2 339 913
2 878 67
2 843 98
2 320 197
2 632 919
2 891 181
2 236 454
2 542 346
2 239 217
2 418 189
2 518 557
2 63 139
2 245 202
2 659 619
2 925 569
2 549 993
2 454 78
2 990 553
2 158 519
2 763 551
2 480 885
2 163 824
2 561 788
2 980 440
2 873 938
2 243 364
2 997 456
2 131 336
2 657 739
2 209 365
2 260 962
2 131 386
2 508 158
2 554 834
2 568 775
2 54 745
2 26 128
2 70 838
2 744 263
2 919 230
2 18 159
2 125 312
2 215 220
2 21 431
2 213 634
2 53 104
2 427 880
2 23 652
2 283 637
2 212 835
2 11 590
2 154 565
2 883 548
2 855 474
2 273 225
2 388 285
2 274 426
2 418 197
2 443 65
2 668 54
2 724 244
2 17 433
2 892 333
2 305 777
2 124 843
2 188 585
2 596 24
2 534 794
2 91 719
2 818 582
2 464 239
2 437 604
2 112 282
2 207 251
2 789 221
2 930 785
2 143 811
2 133 671
2 445 511
2 677 314
2 420 119
2 495 894
2 828 486
2 206 622
2 986 455
2 491 12
2 808 205
2 26 436
2 405 547
2 8 888
2 390 830
2 53 553
2 123 100
2 355 243
2 381 93
2 339 824
2 386 610
2 910 515
2 724 254
2 958 23
2 75 726
2 21 669
2 300 500
2 489 157
2 924 699
2 383 386
2 663 221
2 977 30
2 724 215
2 727 479
2 335 974
2 745 586
2 792 121
2 793 249
2 570 685
2 549 762
2 42 125
2 622 878
2 618 784
2 463 920
2 3 544
2 458 237
2 126 579
2 946 715
2 640 704
2 570 504
2 806 966
2 805 452
2 88 610
2 790 105
2 408 985
2 809 861
2 281 302
2 561 322
2 951 733
2 663 788
2 849 938
2 441 511
2 815 345
2 101 658
2 974 261
2 869 115
2 806 82
2 836 445
2 871 499
2 677 349
2 444 305
2 201 324
2 347 119
2 45 86
2 320 459
2 671 963
2 734 307
2 666 294
2 148 619
2 94 226
2 939 857
2 305 405
2 722 60
2 589 759
2 863 6
2 364 892
2 950 365
2 97 974
2 879 179
2 916 584
2 304 505
2 351 977
2 351 437
2 989 250
2 39 612
2 839 142
2 395 197
2 439 234
2 404 263
2 265 704
2 144 340
2 915 380
2 399 408
2 19 599
2 425 894
2 135 556
2 936 309
2 998 203
2 233 473
2 290 762
2 670 701
2 423 256
2 947 221
2 460 199
2 717 121
2 218 327
2 531 184
2 420 734
2 670 911
2 209 199
2 488 452
2 699 313
2 910 2
2 936 104
2 526 99
2 304 801
2 780 414
2 484 38
2 779 12
2 356 783
2 710 893
2 616 256
2 587 439
2 295 171
2 936 677
2 831 573
2 78 902
2 440 246
2 61 122
2 271 100
2 60 965
2 209 601
2 779 742
2 551 567
2 545 695
2 77 165
2 973 804
2 88 316
2 489 833
2 339 689
2 461 553
2 33 801
2 975 657
2 585 213
2 102 148
2 674 912
2 759 142
2 749 550
2 795 814
2 416 493
2 225 608
2 507 850
2 519 292
2 436 852
2 949 840
2 744 551
2 257 905
2 602 392
2 613 663
2 828 494
2 710 739
2 81 703
2 22 975
2 651 993
2 639 793
2 867 146
2 344 610
2 937 183
2 668 237
2 915 426
2 717 293
2 906 784
2 155 390
2 347 536
2 132 181
2 18 226
2 230 289
2 893 812
2 263 502
2 482 6
2 125 204
2 752 153
2 693 496
2 24 593
2 961 920
2 454 882
2 980 854
2 839 479
2 690 145
2 11 342
2 537 470
2 535 185
2 968 630
2 627 633
2 721 792
2 421 533
2 999 871
2 998 424
2 341 723
2 69 97
2 734 931
2 623 148
2 245 90
2 290 969
2 125 754
2 529 833
2 575 246
2 933 434
2 833 966
2 180 167
2 663 654
2 924 572
2 675 387
2 926 733
2 474 692
2 803 516
2 180 562
2 648 3
2 176 697
2 989 227
2 731 559
2 168 463
2 238 958
2 726 246
2 974 253
2 210 827
2 198 982
2 401 920
2 674 946
2 329 364
2 417 711
2 537 72
2 967 325
2 960 760
2 692 283
2 551 865
2 260 821
2 539 314
2 280 575
2 167 267
2 17 124
2 190 941
2 355 573
2 738 17
2 684 660
2 146 341
2 242 761
2 683 208
2 285 70
2 496 25
2 67 403
2 813 353
2 304 489
2 600 197
2 319 329
2 417 957
2 555 671
2 394 104
2 839 16
2 387 122
2 917 925
2 373 70
2 91 626
2 574 975
2 187 6
2 958 541
2 67 792
2 813 757
2 95 748
2 555 593
2 674 630
2 721 65
2 724 717
2 904 232
2 473 129
2 474 956
2 946 245
2 506 31
2 67 619
2 253 450
2 976 732
2 735 805
2 444 810
2 266 413
2 933 461
2 990 520
2 86 344
2 460 486
2 389 737
2 703 719
2 792 257
2 15 121
2 453 500
2 855 718
2 356 584
2 542 634
2 721 933
2 311 437
2 959 757
2 218 488
2 599 552
2 515 80
2 333 301
2 253 145
2 238 582
2 315 455
2 41 437
2 721 853
2 651 863
2 622 349
2 783 515
2 941 986
2 451 207
2 743 712
2 541 575
2 759 514
2 740 629
2 745 605
2 755 245
2 275 395
2 50 689
2 803 878
2 989 359
2 345 386
2 617 759
2 689 181
2 319 121
2 63 827
2 59 145
2 849 32
2 785 842
2 160 65
2 428 737
2 80 624
2 690 131
2 80 400
2 598 927
2 135 841
2 188 791
2 541 553
2 568 260
2 722 960
2 327 455
2 147 63
2 599 499
2 296 252
2 746 660
2 121 794
2 724 3
2 636 114
2 888 712
2 387 805
2 728 153
2 271 804
2 932 251
2 357 38
2 236 345
2 371 708
2 648 118
2 859 844
2 211 259
2 589 767
2 250 471
2 473 555
2 874 577
2 176 104
2 175 720
2 694 576
2 282 517
2 434 152
2 73 453
2 714 517
2 842 229
2 487 755
2 682 592
2 474 31
2 190 600
2 287 202
2 915 424
2 923 192
2 559 706
2 31 963
2 647 22
2 713 732
2 486 845
2 273 547
2 254 845
2 645 530
2 815 222
2 491 665
2 856 8
2 441 232
2 310 796
2 82 61
2 599 245
2 815 478
2 231 114
2 250 299
2 593 197
2 777 510
2 431 19
2 540 874
2 39 624
2 925 61
2 957 327
2 449 475
2 931 868
2 748 247
2 959 189
2 943 436
2 560 853
2 746 789
2 827 437
2 223 472
2 904 715
2 287 964
2 456 830
2 592 86
2 882 273
2 951 87
2 758 730
2 747 383
2 121 894
2 921 94
2 907 600
2 312 522
2 918 4
2 778 50
2 441 810
2 180 214
2 554 758
2 916 149
2 719 637
2 594 720
2 498 381
2 281 398
2 545 575
2 941 406
2 824 292
2 653 877
2 727 199
2 492 976
2 509 963
2 933 82
2 156 642
2 585 528
2 218 938
2 443 989
2 998 849
2 884 583
2 834 33
2 113 846
2 350 17
2 664 149
2 581 970
2 200 876
2 765 993
2 687 900
2 561 296
2 372 360
2 692 852
2 468 954
2 877 955
2 722 743
2 842 481
2 789 523
2 692 964
2 816 442
2 491 207
2 569 328
2 357 494
2 685 906
2 24 864
2 745 289
2 568 890
2 393 408
2 224 667
2 11 329
2 83 524
2 44 307
2 339 47
2 415 353
2 232 65
2 212 417
2 699 584
2 964 420
2 967 802
2 559 638
2 323 327
2 785 584
2 436 9
2 917 537
2 188 362
2 697 60
2 778 972
2 631 29
2 822 528
2 687 851
2 274 517
2 420 407
2 409 893
2 348 312
2 648 719
2 798 266
2 893 413
2 547 950
2 358 603
2 526 748
2 498 580
2 937 527
2 421 216
2 703 717
2 6 874
2 758 167
2 49 496
2 284 863
2 730 125
2 380 275
2 919 463
2 324 220
2 597 394
2 293 604
2 191 383
2 952 930
2 639 315
2 556 50
2 753 336
2 275 641
2 488 695
2 585 764
2 741 784
2 217 510
2 429 711
2 416 87
2 586 808
2 173 174
2 604 295
2 542 109
2 619 807
2 24 242
2 763 48
2 976 855
2 915 778
2 353 13
2 299 328
2 982 798
2 368 201
2 426 297
2 485 626
2 773 719
2 166 662
2 866 815
2 436 169
2 242 357
2 356 675
2 601 304
2 827 99
2 826 277
2 336 656
2 621 379
2 385 567
2 390 742
2 625 570
2 351 290
2 74 562
2 987 276
2 164 862
2 255 234
2 354 615
2 984 604
2 284 104
2 936 65
2 125 644
2 580 785
2 319 435
2 973 262
2 274 140
2 531 247
2 199 844
2 17 992
2 804 688
2 679 804
2 997 668
2 686 442
2 944 735
2 774 733
2 3 930
2 145 660
2 563 276
2 628 864
2 885 322
2 933 632
2 335 657
2 761 593
2 77 874
2 404 797
2 228 912
2 416 385
2 492 777
2 829 841
2 775 58
2 53 130
2 881 707
2 163 478
2 363 273
2 28 570
2 188 608
2 218 992
2 574 841
2 531 86
2 468 542
2 180 496
2 986 806
2 279 89
2 305 483
2 584 995
2 535 957
2 807 252
2 178 233
2 419 686
2 341 37
2 537 685
2 51 238
2 217 174
2 275 983
2 123 699
2 949 665
2 164 97
2 758 353
2 168 719
2 523 484
2 537 240
2 81 189
2 536 984
2 967 41
2 958 267
2 295 13
2 878 213
2 850 456
2 243 552
2 833 682
2 399 638
2 36 941
2 618 836
2 127 476
2 537 683
2 840 315
2 425 829
2 59 751
2 307 745
2 713 527
2 187 98
2 167 476
2 498 688
2 855 542
2 845 20
2 452 770
2 209 159
2 539 687
2 209 55
2 722 364
2 540 283
2 995 511
2 749 968
2 925 365
2 110 665
2 699 306
2 881 387
2 839 642
2 662 708
2 782 564
2 41 559
2 659 723
2 689 580
2 723 946
2 895 347
2 315 54
2 20 798
2 47 165
2 916 82
2 820 906
2 81 129
2 40 37
2 925 289
2 581 533
2 203 794
2 676 405
2 627 718
2 285 782
2 725 678
2 525 828
2 268 836
2 819 738
2 819 955
2 508 719
2 589 107
2 421 843
2 912 264
2 575 759
2 527 916
2 392 553
2 269 880
2 41 272
2 63 749
2 923 386
2 543 322
2 532 504
2 327 705
2 21 597
2 895 183
2 519 777
2 999 258
2 698 917
2 970 119
2 479 251
2 46 23
2 116 288
2 336 184
2 326 791
2 629 31
2 724 821
2 827 611
2 252 977
2 923 264
2 354 184
2 103 822
2 725 728
2 597 467
2 62 172
2 692 639
2 782 393
2 383 475
2 126 452
2 377 192
2 378 655
2 464 517
2 540 738
2 563 737
2 990 221
2 431 344
2 713 780
2 337 391
2 662 862
2 935 225
2 287 878
2 537 762
2 53 801
2 242 911
2 264 197
2 803 439
2 448 876
2 850 424
2 498 325
2 96 877
2 802 893
2 281 867
2 485 368
2 721 950
2 982 167
2 617 321
2 261 114
2 381 483
2 479 127
2 326 516
2 857 526
2 417 361
2 896 965
2 256 546
2 121 175
2 312 975
2 559 186
2 127 802
2 734 67
2 930 497
2 858 346
2 155 661
2 525 796
2 744 516
2 298 834
2 818 567
2 985 340
2 63 203
2 720 691
2 631 622
2 674 123
2 105 948
2 478 59
2 907 543
2 311 523
2 409 103
2 113 956
2 972 370
2 921 828
2 29 550
2 588 88
2 95 186
2 168 303
2 648 452
2 323 845
2 41 852
2 355 163
2 192 624
2 674 38
2 247 362
2 806 858
2 190 872
2 156 191
2 497 476
2 7 151
2 644 528
2 24 679
2 479 667
2 915 30
2 410 845
2 437 590
2 856 690
2 696 776
2 188 702
2 354 479
2 952 243
2 322 297
2 351 1000
2 839 876
2 973 211
2 147 528
2 614 943
2 779 874
2 484 376
2 582 631
2 696 276
2 895 294
2 952 692
2 238 785
2 484 151
2 823 430
2 25 777
2 278 771
2 159 126
2 56 442
2 933 733
2 36 120
2 739 844
2 872 693
2 588 945
2 501 349
2 913 145
2 166 429
2 540 945
2 66 295
2 271 963
2 538 931
2 674 479
2 823 398
2 608 283
2 164 488
2 839 421
2 275 640
2 486 861
2 452 128
2 588 992
2 36 590
2 498 436
2 812 522
2 951 619
2 529 346
2 296 877
2 982 321
2 591 566
2 34 450
2 730 688
2 660 38
2 338 11
2 85 306
2 467 707
2 359 309
2 781 74
2 484 850
2 462 103
2 55 747
2 5 439
2 117 965
2 279 207
2 651 608
2 891 749
2 881 110
2 67 6
2 858 656
2 932 56
2 921 770
2 506 31
2 373 607
2 646 677
2 858 333
2 212 486
2 921 421
2 520 151
2 620 716
2 474 173
2 460 318
2 77 187
2 791 776
2 578 875
2 581 689
2 159 521
2 165 641
2 6 264
2 815 867
2 431 891
2 462 228
2 798 205
2 411 530
2 485 631
2 749 389
2 260 644
2 255 394
2 892 297
2 646 223
2 526 712
2 483 922
2 411 688
2 319 807
2 989 721
2 579 975
2 624 738
2 219 728
2 487 900
2 834 820
2 883 624
2 641 762
2 267 38
2 302 822
2 299 14
2 191 32
2 415 268
2 302 555
2 906 322
2 8 369
2 516 948
2 614 576
2 275 278
2 25 844
2 868 811
2 299 885
2 313 104
2 328 259
2 21 61
2 379 478
2 81 465
2 163 369
2 928 78
2 767 626
2 281 254
2 21 393
2 308 84
2 858 58
2 158 167
2 823 105
2 275 276
2 45 634
2 176 608
2 215 882
2 668 408
2 879 233
2 878 613
2 522 862
2 910 67
2 768 565
2 723 861
2 513 52
2 946 467
2 298 564
2 488 249
2 445 527
2 874 264
2 704 426
2 817 66
2 874 794
2 388 496
2 774 60
2 478 83
2 448 649
2 932 553
2 8 467
2 761 6
2 959 104
2 756 781
2 133 894
2 139 179
2 761 580
2 546 882
2 817 551
2 376 149
2 368 882
2 77 175
2 482 201
2 934 17
2 651 519
2 772 535
2 34 233
2 709 953
2 118 263
2 976 928
2 702 433
2 356 726
2 24 980
2 962 221
2 489 429
2 885 695
2 332 943
2 609 38
2 637 264
2 375 169
2 978 240
2 802 619
2 920 651
2 18 244
2 764 10
2 680 737
2 982 899
2 316 695
2 665 812
2 820 657
2 932 398
2 98 220
2 538 962
2 822 939
2 418 929
2 705 208
2 940 154
2 228 900
2 696 225
2 188 354
2 139 455
2 116 191
2 264 802
2 820 883
2 8 268
2 314 650
2 101 341
2 248 907
2 775 863
2 919 160
2 229 227
2 678 967
2 61 216
2 973 780
2 789 189
2 57 440
2 710 457
2 586 179
2 799 866
2 96 594
2 447 865
2 928 576
2 925 91
2 342 288
2 979 208
2 206 759
2 155 138
2 822 537
2 979 474
2 903 245
2 484 255
2 132 23
2 145 834
2 621 210
2 509 564
2 142 173
2 418 80
2 377 154
2 778 326
2 755 931
2 932 93
2 620 200
2 462 315
2 725 584
2 693 592
2 669 866
2 791 986
2 792 553
2 371 101
2 156 320
2 373 32
2 764 779
2 401 493
2 858 321
2 843 956
2 316 753
2 819 688
2 382 171
2 796 598
2 131 398
2 656 776
2 21 338
2 915 23
2 335 911
2 27 220
2 299 309
2 619 194
2 639 84
2 40 176
2 540 838
2 280 987
2 889 391
2 753 943
2 72 324
2 275 291
2 534 704
2 327 888
2 939 703
2 994 489
2 180 23
2 994 168
2 57 228
2 554 751
2 483 457
2 210 681
2 848 59
2 797 655
2 490 297
2 958 715
2 497 82
2 894 476
2 339 908
2 594 811
2 310 850
2 44 456
2 281 59
2 96 207
2 238 866
2 753 336
2 892 334
2 190 22
2 279 846
2 705 922
2 158 972
2 210 98
2 531 367
2 816 529
2 778 493
2 252 842
2 541 843
2 279 90
2 558 562
2 402 569
2 607 783
2 28 521
2 435 686
2 271 601
2 879 788
2 534 496
2 203 835
2 187 286
2 660 407
2 819 583
2 88 256
2 582 369
2 653 322
2 82 894
2 648 778
2 714 257
2 59 766
2 801 790
2 272 481
2 315 256
2 769 719
2 266 208
2 558 796
2 490 715
2 397 945
2 54 194
2 206 304
2 39 350
2 898 659
2 8 730
2 615 283
2 596 771
2 929 231
2 668 354
2 453 887
2 962 517
2 636 517
2 178 40
2 310 606
2 515 606
2 835 737
2 999 68
2 492 488
2 861 368
2 219 825
2 864 189
2 333 119
2 793 876
2 838 531
2 780 192
2 524 466
2 959 3
2 941 552
2 927 819
2 618 336
2 876 754
2 421 785
2 59 605
2 635 314
2 526 151
2 921 424
2 648 891
2 523 517
2 505 908
2 63 933
2 838 126
2 15 620
2 316 576
2 817 578
2 362 689
2 334 530
2 239 623
2 930 442
2 756 989
2 718 296
2 372 279
2 873 942
2 916 831
2 264 950
2 307 237
2 391 788
2 653 264
2 40 406
2 231 980
2 957 541
2 717 165
2 902 860
2 39 652
2 855 882
2 731 476
2 492 980
2 949 522
2 159 324
2 79 172
2 919 10
2 86 208
2 834 172
2 156 670
2 534 947
2 967 170
2 298 950
2 386 478
2 53 791
2 163 608
2 818 429
2 855 898
2 830 961
2 219 426
2 710 448
2 133 478
2 536 606
2 162 67
2 598 19
2 731 501
2 906 104
2 54 379
2 918 731
2 8 710
2 825 302
2 838 677
2 304 430
2 649 573
2 794 298
2 799 604
2 960 160
2 985 601
2 646 267
2 934 517
2 513 730
2 464 498
2 458 573
2 541 172
2 897 724
2 849 984
2 941 861
2 402 981
2 46 101
2 531 289
2 36 43
2 557 633
2 163 5
2 185 680
2 226 851
2 525 120
2 77 744
2 583 481
2 790 423
2 425 766
2 284 585
2 309 583
2 918 948
2 947 328
2 924 471
2 461 504
2 870 410
2 403 413
2 969 423
2 892 850
2 149 953
2 647 521
2 461 221
2 307 312
2 325 524
2 60 445
2 132 777
2 830 454
2 166 478
2 887 202
2 815 164
2 15 799
2 808 728
2 491 871
2 134 845
2 831 104
2 561 19
2 428 916
2 818 625
2 15 702
2 874 514
2 749 528
2 774 352
2 55 301
2 110 742
2 822 707
2 516 276
2 561 326
2 513 575
2 673 282
2 733 707
2 796 406
2 269 951
2 624 272
2 147 243
2 232 789
2 855 249
2 663 569
2 856 76
2 76 33
2 957 543
2 273 235
2 15 182
2 239 995
2 378 99
2 165 172
2 177 510
2 826 587
2 509 867
2 441 98
2 339 540
2 913 136
2 62 798
2 135 226
2 63 414
2 879 53
2 262 454
2 422 105
2 377 175
2 305 246
2 431 305
2 101 747
2 482 671
2 391 438
2 779 119
2 126 886
2 89 276
2 789 426
2 934 383
2 610 983
2 118 332
2 752 841
2 907 900
2 660 716
2 834 966
2 540 2
2 542 267
2 689 737
2 881 362
2 420 146
2 634 223
2 41 655
2 116 972
2 987 240
2 233 127
2 356 714
2 252 592
2 531 630
2 191 743
2 397 785
2 178 792
2 817 708
2 886 894
2 381 268
2 130 560
2 178 188
2 978 143
2 829 731
2 356 99
2 749 307
2 664 239
2 483 52
2 637 931
2 728 819
2 703 139
2 89 293
2 609 421
2 883 891
2 293 722
2 871 950
2 419 190
2 191 902
2 142 42
2 8 695
2 13 204
2 591 965
2 946 520
2 269 360
2 684 319
2 975 543
2 646 406
2 703 104
2 626 185
2 983 364
2 942 110
2 950 210
2 134 181
2 701 619
2 345 615
2 757 762
2 319 677
2 337 661
2 363 652
2 362 412
2 180 844
2 435 136
2 192 433
2 155 309
2 850 22
2 366 364
2 886 661
2 523 745
2 618 361
2 77 571
2 318 546
2 155 463
2 740 321
2 951 558
2 60 853
2 138 141
2 390 240
2 962 256
2 558 988
2 46 276
2 279 153
2 910 23
2 285 355
2 952 45
2 128 752
2 105 750
2 849 695
2 478 384
2 240 37
2 598 886
2 696 34
2 144 471
2 934 146
2 468 639
2 990 461
2 15 439
2 463 264
2 51 129
2 820 458
2 147 949
2 443 916
2 311 82
2 415 195
2 699 207
2 789 347
2 673 609
2 491 553
2 66 937
2 929 411
2 400 906
2 131 887
2 679 17
2 468 502
2 531 982
2 756 337
2 707 615
2 993 730
2 549 106
2 121 292
2 510 537
2 304 117
2 750 41
2 864 977
2 659 113
2 623 58
2 19 129
2 782 14
2 885 608
2 538 385
2 215 29
2 290 53
2 865 181
2 928 298
2 729 174
2 74 560
2 540 318
2 123 649
2 303 592
2 267 132
2 270 539
2 701 609
2 63 900
2 692 850
2 271 830
2 602 708
2 485 844
2 262 555
2 466 264
2 982 253
2 730 23
2 814 153
2 783 543
2 880 785
2 991 615
2 203 12
2 363 557
2 258 248
2 29 752
2 53 593
2 342 6
2 326 282
2 890 801
2 395 565
2 775 185
2 587 665
2 598 507
2 680 652
2 667 174
2 244 764
2 275 249
2 304 620
2 960 684
2 327 805
2 358 766
2 267 470
2 59 889
2 647 768
2 125 700
2 833 966
2 929 553
2 916 379
2 26 322
2 637 867
2 568 202
2 162 68
2 19 769
2 166 551
2 702 738
2 721 210
2 77 92
2 483 565
2 519 567
2 360 470
2 755 822
2 11 997
2 353 165
2 219 977
2 216 400
2 938 526
2 684 183
2 782 844
2 70 63
2 493 396
2 591 44
2 491 517
2 358 734
2 734 860
2 257 496
2 816 653
2 543 928
2 962 170
2 371 68
2 93 48
2 390 392
2 803 947
2 11 22
2 624 874
2 503 754
2 24 566
2 241 552
2 582 50
2 712 258
2 18 430
2 330 205
2 257 539
2 834 454
2 978 306
2 818 13
2 183 716
2 743 711
2 157 766
2 92 892
2 98 86
2 986 621
2 908 526
2 364 644
2 367 114
2 848 398
2 780 593
2 405 986
2 283 552
2 283 560
2 123 810
2 740 608
2 188 760
2 468 407
2 19 224
2 507 810
2 539 10
2 242 603
2 467 913
2 305 557
2 45 490
2 915 335
2 876 182
2 881 245
2 969 258
2 57 551
2 910 268
2 39 913
2 134 303
2 882 715
2 988 52
2 610 13
2 467 316
2 689 426
2 53 935
2 665 655
2 238 323
2 76 214
2 952 427
2 692 672
2 207 814
2 313 900
2 902 405
2 3 521
2 487 178
2 631 122
2 156 881
2 210 940
2 170 14
2 214 289
2 968 733
2 26 971
2 818 530
2 14 784
2 850 371
2 350 862
2 135 960
2 433 592
2 236 522
2 21 215
2 501 55
2 677 776
2 738 680
2 652 757
2 121 383
2 347 608
2 311 997
2 855 629
2 187 528
2 659 214
2 909 853
2 753 552
2 96 982
2 535 617
2 709 467
2 764 850
2 412 7
2 453 437
2 894 977
2 842 965
2 325 1
2 497 138
2 163 702
2 24 800
2 980 113
2 607 142
2 953 387
2 146 577
2 929 567
2 887 32
2 132 514
2 713 78
2 404 399
2 570 802
2 210 732
2 973 972
2 405 493
2 701 796
2 635 663
2 405 243
2 638 539
2 91 433
2 326 56
2 622 43
2 460 589
2 886 920
2 55 276
2 2 257
2 554 883
2 793 956
2 495 360
2 901 396
2 838 743
2 199 512
2 676 628
2 918 394
2 945 124
2 816 78
2 96 732
2 786 105
2 186 442
2 28 865
2 422 2
2 949 378
2 598 207
2 187 658
2 959 511
2 134 690
2 934 766
2 750 74
2 484 221
2 632 488
2 327 870
2 185 512
2 670 979
2 981 967
2 183 918
2 209 184
2 376 32
2 543 600
2 149 544
2 923 552
2 248 12
2 871 974
2 833 365
2 607 652
2 162 742
2 701 155
2 216 240
2 895 59
2 685 228
2 60 25
2 380 316
2 856 813
2 46 342
2 927 757
2 35 726
2 144 673
2 898 294
2 303 955
2 576 326
2 411 670
2 496 848
2 623 313
2 822 318
2 568 768
2 412 955
2 883 197
2 719 844
2 896 277
2 753 363
2 879 907
2 694 995
2 447 848
2 519 435
2 940 636
2 928 638
2 213 495
2 873 387
2 984 768
2 964 138
2 557 864
2 44 276
2 366 204
2 468 625
2 996 697
2 764 753
2 249 94
2 818 54
2 909 510
2 778 911
2 493 150
2 599 454
2 663 859
2 524 204
2 794 60
2 355 888
2 33 79
2 120 945
2 209 229
2 998 950
2 55 254
2 310 978
2 805 369
2 755 656
2 229 440
2 520 992
2 252 52
2 588 573
2 230 983
2 64 522
2 753 409
2 933 728
2 568 194
2 304 164
2 334 657
2 481 454
2 86 558
2 710 455
2 705 582
2 139 814
2 822 115
2 56 537
2 334 826
2 467 505
2 270 901
2 818 136
2 273 386
2 160 942
2 239 504
2 375 138
2 750 133
2 307 862
2 666 966
2 52 567
2 324 39
2 586 516
2 303 788
2 192 735
2 186 349
2 617 704
2 40 705
2 895 965
2 92 469
2 480 152
2 498 389
2 648 71
2 847 384
2 958 841
2 799 274
2 69 6
2 675 908
2 57 715
2 454 116
2 195 470
2 691 309
2 402 88
2 857 384
2 223 516
2 287 500
2 51 10
2 51 902
2 884 662
2 648 376
2 955 122
2 584 642
2 26 218
2 639 670
2 334 184
2 195 391
2 445 593
2 229 619
2 198 893
2 855 977
2 27 956
2 812 572
2 403 720
2 851 438
2 372 907
2 390 458
2 462 952
2 242 296
2 388 52
2 782 4
2 31 841
2 244 649
2 612 292
2 623 357
2 713 739
2 798 738
2 345 975
2 738 965
2 155 564
2 445 309
2 3 357
2 755 966
2 559 297
2 975 696
2 836 691
2 438 896
2 452 715
2 788 174
2 534 238
2 318 35
2 484 277
2 617 762
2 835 436
2 939 529
2 402 137
2 490 341
2 914 684
2 394 444
2 751 794
2 242 927
2 812 604
2 57 259
2 69 229
2 792 829
2 95 906
2 90 601
2 134 852
2 888 41
2 702 435
2 53 228
2 801 875
2 981 965
2 162 577
2 864 794
2 704 853
2 242 580
2 963 324
2 243 328
2 653 601
2 915 721
2 102 343
2 343 692
2 291 760
2 756 246
2 426 202
2 747 16
2 549 661
2 344 454
2 752 400
2 677 936
2 827 740
2 260 845
2 474 638
2 97 476
2 856 883
2 422 786
2 385 333
2 626 580
2 44 541
2 252 446
2 490 667
2 140 501
2 453 189
2 182 220
2 81 566
2 141 295
2 843 226
2 703 3
2 81 957
2 721 355
2 816 335
2 24 283
2 31 548
2 890 753
2 823 454
2 459 49
2 115 654
2 918 974
2 41 893
2 8 476
2 633 89
2 160 115
2 147 7
2 54 228
2 15 886
2 402 495
2 386 752
2 912 85
2 519 349
2 57 969
2 192 99
2 690 198
2 463 688
2 123 542
2 196 919
2 351 965
2 903 747
2 299 824
2 333 58
2 78 939
2 427 967
2 522 5
2 409 164
2 279 160
2 28 647
2 869 945
2 955 16
2 132 429
2 437 854
2 281 47
2 109 450
2 147 70
2 287 377
2 694 22
2 300 368
2 740 247
2 531 897
2 727 863
2 997 93
2 411 229
2 631 510
2 15 911
2 152 712
2 397 623
2 26 394
2 926 465
2 693 425
2 57 15
2 377 459
2 287 438
2 881 928
2 223 220
2 305 496
2 460 6
2 609 550
2 848 625
2 410 513
2 734 99
2 633 560
2 451 886
2 275 571
2 279 872
2 446 562
2 437 176
2 487 361
2 774 334
2 885 812
2 490 368
2 155 104
2 3 933
2 936 269
2 724 576
2 518 271
2 299 544
2 344 682
2 703 455
2 581 554
2 935 609
2 580 296
2 403 492
2 774 717
2 398 697
2 990 1000
2 791 152
2 724 878
2 15 852
2 405 842
2 279 322
2 340 391
2 704 182
2 635 252
2 626 788
2 639 701
2 29 596
2 923 502
2 89 459
2 162 448
2 161 396
2 539 141
2 534 707
2 566 450
2 441 848
2 764 962
2 612 886
2 767 402
2 913 564
2 865 174
2 61 742
2 823 494
2 190 343
2 984 541
2 165 665
2 847 155
2 869 399
2 830 89
2 617 551
2 193 332
2 466 120
2 456 854
2 77 627
2 285 958
2 546 757
2 310 706
2 339 977
2 684 630
2 452 54
2 394 153
2 581 927
2 552 692
2 76 248
2 233 707
2 332 105
2 86 899
2 787 818
2 486 230
2 373 78
2 71 777
2 141 652
2 156 751
2 676 707
2 540 405
2 334 58
2 495 863
2 193 948
2 195 89
2 974 606
2 704 293
2 665 616
2 725 791
2 999 36
2 857 811
2 719 138
2 782 72
2 151 876
2 266 27
2 147 229
2 123 24
2 95 922
2 752 745
2 914 460
2 2 503
2 807 40
2 498 697
2 214 553
2 677 865
2 402 737
2 350 516
2 306 865
2 924 89
2 994 831
2 735 604
2 71 445
2 87 510
2 881 587
2 474 221
2 73 660
2 558 208
2 721 184
2 7 657
2 397 446
2 425 992
2 41 594
2 780 784
2 68 887
2 855 182
2 799 1
2 790 678
2 626 173
2 193 721
2 710 45
2 231 90
2 493 286
2 78 666
2 430 261
2 741 801
2 92 944
2 210 268
2 635 872
2 647 320
2 331 963
2 783 852
2 262 16
2 46 161
2 409 738
2 116 784
2 342 265
2 990 543
2 464 491
2 939 288
2 220 23
2 921 836
2 673 937
2 819 953
2 750 12
2 233 713
2 535 744
2 302 184
2 456 95
2 637 996
2 308 183
2 557 737
2 555 671
2 969 334
2 918 609
2 640 621
2 778 609
2 16 308
2 277 616
2 617 306
2 287 534
2 105 363
2 87 961
2 752 517
2 316 461
2 618 864
2 106 626
2 623 286
2 599 289
2 725 133
2 113 101
2 726 718
2 714 704
2 871 154
2 33 719
2 855 854
2 223 108
2 772 4
2 312 451
2 675 86
2 930 386
2 585 406
2 964 766
2 345 133
2 736 691
2 751 407
2 209 204
2 228 521
2 462 477
2 351 94
2 35 122
2 481 830
2 928 759
2 476 784
2 744 264
2 888 851
2 188 148
2 128 893
2 53 616
2 112 631
2 75 42
2 120 813
2 223 424
2 568 905
2 719 332
2 960 818
2 830 184
2 40 634
2 482 240
2 339 66
2 87 362
2 492 191
2 687 292
2 467 9
2 100 643
2 909 864
2 162 803
2 629 189
2 861 1
2 242 622
2 849 50
2 746 509
2 849 500
2 696 470
2 800 588
2 123 228
2 354 579
2 441 667
2 194 167
2 849 508
2 673 650
2 11 418
2 36 281
2 815 783
2 833 634
2 589 949
2 968 893
2 339 59
2 342 609
2 693 378
2 297 868
2 524 345
2 751 396
2 873 326
2 390 225
2 200 841
2 919 571
2 998 508
2 518 902
2 651 787
2 217 260
2 490 176
2 645 945
2 658 80
2 56 411
2 278 439
2 736 503
2 767 746
2 397 636
2 369 223
2 508 579
2 133 276
2 531 409
2 721 404
2 229 326
2 977 254
2 932 470
2 46 119
2 570 706
2 362 85
2 146 8
2 417 956
2 466 563
2 924 7
2 460 848
2 227 229
2 727 658
2 854 760
2 193 573
2 270 693
2 107 267
2 849 768
2 429 641
2 67 863
2 24 558
2 353 167
2 961 207
2 860 109
2 247 738
2 721 205
2 600 671
2 836 505
2 64 732
2 710 680
2 91 566
2 250 542
2 643 317
2 797 657
2 799 636
2 599 857
2 857 613
2 687 500
2 230 707
2 532 774
2 728 456
2 188 600
2 355 494
2 308 941
2 675 377
2 714 821
2 397 246
2 580 854
2 320 478
2 631 830
2 348 87
2 986 881
2 853 794
2 589 22
2 64 553
2 856 626
2 274 817
2 724 738
2 852 529
2 332 35
2 557 104
2 420 950
2 313 232
2 339 350
2 534 337
2 162 12
2 260 302
2 684 604
2 651 526
2 376 328
2 725 49
2 166 358
2 816 120
2 190 795
2 460 38
2 219 974
2 348 385
2 242 99
2 650 293
2 913 42
2 518 916
2 137 715
2 894 389
2 786 606
2 338 94
2 165 706
2 41 498
2 755 244
2 955 671
2 697 437
2 212 246
2 193 647
2 899 38
2 482 450
2 388 23
2 816 137
2 361 777
2 270 454
2 944 515
2 652 680
2 961 122
2 698 130
2 826 807
2 918 983
2 990 798
2 806 336
2 362 292
2 412 909
2 242 566
2 444 880
2 714 163
2 425 294
2 924 28
2 253 548
2 561 657
2 946 352
2 818 532
2 287 750
2 881 198
2 402 913
2 613 93
2 934 292
2 823 536
2 265 793
2 464 906
2 756 473
2 600 276
2 316 878
2 375 731
2 766 686
2 761 360
2 388 121
2 777 962
2 658 975
2 135 790
2 156 132
2 266 207
2 684 421
2 217 796
2 951 208
2 147 549
2 208 975
2 845 127
2 940 706
2 498 757
2 623 235
2 924 174
2 363 99
2 191 896
2 872 395
2 942 656
2 239 445
2 125 934
2 881 521
2 281 14
2 542 104
2 12 199
2 202 671
2 836 771
2 590 861
2 354 193
2 785 877
2 16 848
2 758 140
2 474 318
2 300 649
2 939 931
2 818 84
2 96 45
2 453 996
2 998 529
2 3 185
2 456 867
2 16 472
2 278 592
2 940 804
2 941 962
2 485 550
2 479 510
2 847 254
2 350 261
2 987 481
2 123 750
2 76 164
2 849 482
2 524 594
2 559 603
2 598 716
2 772 103
2 702 624
2 147 535
2 930 210
2 917 128
2 311 546
2 915 623
2 24 530
2 24 435
2 849 903
2 420 971
2 796 154
2 206 460
2 190 391
2 98 455
2 796 613
2 484 707
2 909 750
2 584 165
2 973 370
2 584 593
2 955 571
2 46 985
2 244 320
2 199 52
2 879 812
2 123 225
2 558 850
2 247 935
2 146 800
2 42 336
2 726 628
2 329 435
2 345 728
2 581 655
2 353 433
2 803 697
2 768 958
2 348 183
2 44 580
2 345 579
2 206 880
2 444 672
2 195 968
2 398 48
2 59 48
2 515 12
2 163 854
2 816 807
2 648 975
2 904 204
2 30 760
2 278 177
2 243 480
2 451 920
2 775 734
2 228 764
2 168 830
2 75 181
2 659 16
2 523 12
2 273 408
2 160 424
2 430 757
2 691 1000
2 607 503
2 253 384
2 889 687
2 625 23
2 255 429
2 701 289
2 137 455
2 994 543
2 936 785
2 2 425
2 805 92
2 864 403
2 822 2
2 549 985
2 664 439
2 589 935
2 901 243
2 804 459
2 850 332
2 863 682
2 97 889
2 840 228
2 949 541
2 183 411
2 330 265
2 422 521
2 77 719
2 166 693
2 310 683
2 268 38
2 614 365
2 5 153
2 885 582
2 377 237
2 897 592
2 848 868
2 487 650
2 644 220
2 646 566
2 979 204
2 950 981
2 142 25
2 156 567
2 554 376
2 466 599
2 186 173
2 825 719
2 135 982
2 466 254
2 521 891
2 934 983
2 169 712
2 154 184
2 576 562
2 310 148
2 375 684
2 135 155
2 193 969
2 873 181
2 621 438
2 184 327
2 40 452
2 703 942
2 81 556
2 48 367
2 124 540
2 373 703
2 858 719
2 281 162
2 135 157
2 190 352
2 751 600
2 635 984
2 397 665
2 632 446
2 43 469
2 373 596
2 390 160
2 251 638
2 159 922
2 83 274
2 126 697
2 458 973
2 88 309
2 496 282
2 546 321
2 380 32
2 942 35
2 618 846
2 529 188
2 871 133
2 154 676
2 68 115
2 563 955
2 831 596
2 464 167
2 705 189
2 964 481
2 969 794
2 89 571
2 904 86
2 603 690
2 746 541
2 527 523
2 938 800
2 490 80
2 580 412
2 946 44
2 482 235
2 906 511
2 5 706
2 785 289
2 620 179
2 725 817
2 320 83
2 263 894
2 86 175
2 539 74
2 996 617
2 756 573
2 113 351
2 755 678
2 756 216
2 103 726
2 269 222
2 713 691
2 95 683
2 595 545
2 402 659
2 630 152
2 946 583
2 3 434
2 156 970
2 731 43
2 591 74
2 466 567
2 263 569
2 389 990
2 734 84
2 827 737
2 196 580
2 88 701
2 952 926
2 608 138
2 526 808
2 113 330
2 520 473
2 44 797
2 593 370
2 507 957
2 8 675
2 212 730
2 323 403
2 76 710
2 290 381
2 801 389
2 736 608
2 51 962
2 323 321
2 869 906
2 311 138
2 135 889
2 502 693
2 728 942
2 764 261
2 599 139
2 566 636
2 970 349
2 582 868
2 635 791
2 402 200
2 385 695
2 959 400
2 666 115
2 594 469
2 457 259
2 960 350
2 848 865
2 98 908
2 568 341
2 391 352
2 101 732
2 312 223
2 890 503
2 661 37
2 771 742
2 352 307
2 338 85
2 188 992
2 113 283
2 823 370
2 878 106
2 920 564
2 757 788
2 443 186
2 822 143
2 123 835
2 951 353
2 525 201
2 905 110
2 335 694
2 74 595
2 154 995
2 911 831
2 209 145
2 323 521
2 381 608
2 206 48
2 907 733
2 833 621
2 664 141
2 574 451
2 869 742
2 972 896
2 20 434
2 11 221
2 390 905
2 222 152
2 274 838
2 186 662
2 135 966
2 421 155
2 701 551
2 828 908
2 533 327
2 88 814
2 105 971
2 981 459
2 603 417
2 434 784
2 613 154
2 417 687
2 418 748
2 812 159
2 924 566
2 457 677
2 420 995
2 537 718
2 721 726
2 840 742
2 753 652
2 858 597
2 704 457
2 594 852
2 231 387
2 339 899
2 337 198
2 310 642
2 792 643
2 828 299
2 616 610
2 131 35
2 311 492
2 237 558
2 886 176
2 70 942
2 287 746
2 117 723
2 452 74
2 549 860
2 859 533
2 832 983
2 799 997
2 31 321
2 500 351
2 76 271
2 568 341
2 396 976
2 919 499
2 966 957
2 923 525
2 353 188
2 150 315
2 419 422
2 155 679
2 251 111
2 679 685
2 431 729
2 371 789
2 607 916
2 815 513
2 263 712
2 596 100
2 940 383
2 549 71
2 398 649
2 581 715
2 175 853
2 861 929
2 44 621
2 583 322
2 687 222
2 77 64
2 731 649
2 427 994
2 714 69
2 722 197
2 744 626
2 728 785
2 883 446
2 372 263
2 533 364
2 953 184
2 823 587
2 377 580
2 163 627
2 957 480
2 420 480
2 444 399
2 422 912
2 658 332
2 936 636
2 905 29
2 526 977
2 411 842
2 979 988
2 556 167
2 703 143
2 678 196
2 310 527
2 464 298
2 340 933
2 735 561
2 801 960
2 747 609
2 267 298
2 507 868
2 308 985
2 469 57
2 22 691
2 921 678
2 986 717
2 7 240
2 8 213
2 961 947
2 928 142
2 827 995
2 614 655
2 176 172
2 741 221
2 101 222
2 559 351
2 727 385
2 574 782
2 663 699
2 228 206
2 66 687
2 926 929
2 943 7
2 558 326
2 428 519
2 769 571
2 663 609
2 1000 442
2 729 834
2 795 212
2 482 408
2 765 796
2 58 4
2 24 79
2 262 394
2 657 886
2 869 760
2 231 797
2 758 193
2 344 842
2 694 22
2 898 993
2 88 473
2 728 218
2 676 59
2 261 641
2 114 45
2 200 376
2 137 264
2 269 181
2 835 553
2 532 795
2 379 341
2 238 108
2 582 433
2 324 173
2 729 830
2 633 736
2 865 13
2 199 178
2 959 119
2 874 202
2 120 666
2 28 948
2 306 103
2 348 129
2 657 581
2 444 660
2 633 386
2 42 33
2 480 424
2 352 638
2 847 408
2 694 12
2 443 995
2 668 513
2 589 775
2 420 946
2 873 844
2 871 552
2 735 480
2 305 837
2 485 186
2 141 717
2 849 520
2 616 309
2 125 255
2 162 700
2 525 538
2 516 362
2 441 496
2 856 222
2 498 336
2 77 739
2 930 593
2 366 777
2 974 680
2 690 775
2 483 265
2 800 836
2 49 578
2 718 544
2 560 61
2 509 903
2 839 545
2 474 156
2 326 34
2 587 677
2 603 416
2 987 730
2 83 40
2 199 546
2 235 624
2 850 861
2 994 270
2 978 632
2 889 609
2 846 810
2 5 104
2 457 990
2 40 330
2 576 404
2 767 171
2 979 769
2 150 813
2 823 55
2 577 671
2 352 846
2 482 475
2 670 807
2 277 606
2 200 614
2 41 1
2 745 792
2 332 494
2 363 179
2 734 164
2 425 962
2 129 400
2 949 331
2 173 32
2 245 899
2 543 181
2 373 852
2 641 221
2 468 295
2 964 28
2 143 37
2 299 186
2 498 214
2 765 646
2 679 384
2 345 853
2 139 378
2 617 97
2 474 845
2 287 289
2 570 7
2 337 271
2 756 504
2 884 232
2 690 574
2 39 440
2 967 119
2 415 941
2 406 33
2 713 796
2 62 688
2 532 167
2 306 943
2 816 924
2 377 518
2 294 276
2 839 867
2 323 474
2 423 179
2 488 202
2 438 78
2 132 904
2 488 138
2 305 960
2 518 39
2 244 811
2 915 267
2 209 862
2 817 766
2 363 588
2 560 657
2 775 634
2 431 346
2 791 370
2 792 947
2 245 39
2 139 625
2 180 150
2 337 737
2 783 860
2 727 406
2 389 789
2 31 566
2 181 27
2 871 367
2 42 698
2 387 141
2 319 819
2 550 802
2 910 904
2 211 883
2 769 604
2 469 170
2 44 399
2 921 846
2 867 875
2 787 538
2 67 652
2 787 561
2 909 960
2 637 43
2 118 797
2 877 881
2 242 107
2 924 312
2 490 73
2 64 896
2 774 759
2 631 569
2 269 407
2 109 920
2 740 562
2 772 955
2 548 423
2 520 399
2 800 917
2 919 743
2 310 379
2 210 831
2 871 966
2 849 405
2 55 875
2 872 792
2 48 902
2 64 363
2 88 789
2 545 243
2 591 334
2 634 994
2 33 489
2 397 649
2 772 904
2 118 327
2 686 451
2 930 372
2 481 411
2 413 433
2 170 671
2 326 476
2 575 689
2 685 876
2 553 370
2 531 75
2 746 834
2 346 124
2 107 642
2 59 450
2 776 86
2 319 545
2 664 782
2 513 905
2 951 316
2 389 573
2 415 177
2 150 352
2 285 88
2 994 178
2 483 996
2 521 672
2 552 328
2 623 311
2 452 907
2 2 667
2 733 802
2 633 913
2 547 609
2 344 624
2 444 756
2 58 372
2 782 754
2 29 788
2 932 902
2 761 439
2 78 421
2 839 353
2 476 771
2 12 445
2 439 914
2 890 556
2 49 133
2 155 596
2 441 622
2 675 761
2 157 995
2 778 414
2 188 659
2 237 788
2 577 706
2 468 580
2 698 941
2 662 514
2 583 612
2 758 892
2 227 877
2 974 657
2 11 133
2 283 927
2 890 120
2 921 416
2 294 906
2 651 865
2 808 410
2 22 682
2 125 13
2 949 628
2 983 341
2 231 645
2 623 5
2 493 90
2 600 452
2 350 292
2 73 530
2 331 229
2 975 880
2 310 368
2 135 212
2 748 613
2 623 595
2 861 475
2 323 837
2 534 835
2 952 640
2 479 448
2 432 86
2 468 974
2 701 347
2 161 128
2 461 682
2 21 848
2 550 109
2 472 298
2 319 11
2 2 83
2 786 288
2 908 868
2 253 566
2 132 471
2 631 293
2 108 129
2 989 19
2 390 308
2 903 181
2 520 774
2 320 385
2 522 232
2 781 139
2 316 945
2 774 674
2 93 985
2 85 511
2 475 153
2 858 326
2 624 862
2 700 379
2 602 754
2 639 788
2 92 762
2 751 50
2 389 194
2 493 306
2 673 25
2 906 626
2 855 119
2 844 726
2 971 461
2 422 130
2 351 736
2 910 526
2 293 130
2 85 736
2 924 640
2 193 328
2 676 341
2 215 45
2 297 104
2 350 755
2 432 567
2 410 707
2 966 433
2 677 298
2 337 656
2 904 716
2 189 802
2 419 880
2 773 618
2 828 368
2 445 446
2 633 715
2 345 940
2 554 760
2 580 472
2 389 946
2 477 138
2 648 859
2 160 348
2 665 609
2 485 802
2 980 68
2 887 107
2 110 10
2 103 932
2 835 383
2 505 759
2 33 493
2 664 914
2 969 513
2 260 438
2 333 519
2 241 142
2 260 674
2 635 336
2 585 521
2 599 800
2 883 861
2 494 89
2 212 918
2 131 41
2 8 426
2 479 867
2 144 406
2 676 89
2 206 40
2 869 975
2 157 858
2 263 608
2 518 995
2 873 297
2 556 496
2 932 122
2 785 67
2 241 472
2 873 264
2 78 37
2 646 887
2 313 512
2 507 59
2 381 550
2 168 342
2 417 859
2 193 927
2 578 249
2 291 938
2 434 505
2 513 111
2 618 926
2 247 37
2 881 893
2 326 394
2 192 100
2 436 189
2 198 412
2 877 164
2 431 84
2 404 327
2 162 216
2 661 421
2 729 113
2 940 937
2 645 301
2 49 654
2 504 216
2 787 4
2 930 931
2 569 544
2 147 88
2 917 288
2 281 785
2 129 912
2 508 323
2 672 495
2 3 785
2 340 477
2 4 691
2 981 142
2 712 947
2 430 646
2 535 100
2 890 583
2 904 423
2 282 643
2 663 219
2 800 652
2 126 777
2 429 370
2 54 654
2 970 738
2 209 859
2 199 520
2 930 739
2 402 919
2 432 171
2 70 426
2 685 997
2 782 490
2 720 777
2 156 352
2 270 544
2 699 459
2 617 985
2 154 899
2 847 304
2 495 437
2 953 486
2 415 862
2 927 361
2 802 882
2 796 399
2 236 433
2 785 983
2 7 406
2 596 621
2 953 760
2 987 348
2 112 183
2 913 616
2 373 995
2 181 259
2 788 831
2 157 577
2 597 652
2 823 507
2 766 642
2 67 478
2 669 955
2 581 698
2 990 716
2 125 821
2 747 864
2 156 211
2 952 657
2 670 202
2 971 224
2 373 836
2 893 762
2 21 723
2 631 52
2 704 264
2 529 771
2 585 116
2 670 254
2 651 752
2 503 577
2 125 926
2 999 644
2 429 479
2 572 229
2 7 292
2 555 904
2 444 188
2 464 434
2 387 369
2 487 381
2 523 129
2 798 688
2 716 470
2 778 953
2 686 221
2 334 246
2 160 488
2 920 933
2 576 424
2 822 181
2 765 317
2 928 578
2 987 660
2 818 432
2 511 785
2 884 299
2 277 789
2 765 472
2 140 451
2 647 352
2 749 854
2 663 103
2 241 942
2 463 841
2 325 200
2 210 205
2 561 673
2 817 983
2 690 919
2 645 423
2 421 883
2 213 231
2 375 782
2 883 442
2 300 542
2 173 553
2 752 587
2 923 779
2 435 945
2 157 669
2 785 546
2 468 845
2 169 181
2 803 919
2 278 502
2 58 470
2 55 774
2 46 929
2 799 850
2 984 132
2 505 478
2 998 965
2 462 424
2 47 835
2 970 861
2 2 347
2 665 473
2 978 551
2 180 768
2 384 757
2 583 129
2 948 227
2 134 337
2 483 881
2 517 638
2 542 159
2 648 549
2 694 364
2 920 841
2 26 993
2 495 601
2 832 414
2 49 931
2 205 259
2 368 263
2 449 91
2 80 216
2 262 105
2 923 867
2 258 896
2 987 573
2 876 882
2 260 612
2 177 37
2 568 235
2 212 848
2 500 787
2 52 258
2 328 552
2 367 298
2 632 122
2 308 996
2 787 913
2 597 938
2 903 723
2 559 327
2 897 382
2 504 884
2 520 569
2 521 749
2 463 956
2 745 369
2 822 84
2 808 143
2 462 153
2 668 893
2 457 760
2 134 392
2 979 384
2 764 56
2 287 291
2 317 852
2 536 911
2 15 238
2 529 452
2 356 459
2 951 211
2 261 259
2 548 523
2 957 60
2 805 558
2 245 642
2 928 565
2 269 144
2 836 100
2 386 258
2 224 434
2 311 641
2 776 314
2 883 768
2 847 724
2 129 641
2 1000 592
2 823 176
2 990 453
2 674 565
2 17 424
2 49 842
2 21 563
2 78 383
2 416 37
2 31 672
2 628 688
2 366 301
2 246 324
2 243 426
2 678 82
2 466 108
2 326 865
2 63 470
2 344 843
2 827 486
2 929 115
2 260 613
2 646 858
2 489 868
2 178 881
2 175 439
2 832 698
2 185 124
2 989 592
2 254 865
2 466 62
2 904 268
2 541 211
2 668 969
2 177 831
2 710 500
2 843 450
2 443 240
2 33 79
2 650 811
2 62 894
2 992 890
2 648 377
2 361 83
2 110 764
2 898 743
2 687 143
2 936 178
2 745 466
2 856 437
2 401 634
2 206 78
2 52 964
2 997 379
2 166 841
2 95 365
2 185 280
2 237 655
2 483 224
2 648 443
2 39 779
2 767 895
2 347 119
2 884 47
2 348 288
2 657 793
2 583 306
2 36 857
2 209 832
2 285 485
2 708 125
2 1 324
2 185 133
2 955 695
2 268 103
2 206 45
2 515 97
2 33 654
2 651 144
2 518 482
2 539 309
2 223 420
2 722 185
2 147 847
2 9 593
2 768 898
2 918 84
2 858 970
2 534 162
2 732 475
2 485 368
2 732 84
2 82 702
2 747 115
2 656 558
2 123 930
2 368 549
2 60 494
2 683 455
2 474 868
2 312 656
2 431 500
2 83 360
2 241 875
2 888 521
2 505 127
2 617 400
2 759 406
2 692 809
2 702 667
2 287 269
2 51 215
2 820 115
2 535 812
2 896 186
2 570 34
2 299 108
2 966 425
2 177 537
2 457 158
2 855 787
2 211 258
2 734 824
2 544 863
2 252 185
2 253 830
2 648 490
2 838 872
2 351 559
2 709 108
2 588 205
2 101 286
2 779 980
2 95 785
2 42 215
2 756 481
2 51 469
2 193 959
2 336 173
2 343 553
2 973 844
2 649 349
2 879 584
2 510 844
2 334 396
2 723 661
2 572 204
2 640 304
2 200 245
2 53 881
2 417 975
2 550 803
2 582 6
2 140 629
2 834 761
2 725 788
2 979 890
2 500 643
2 747 329
2 431 504
2 67 553
2 974 963
2 655 347
2 257 813
2 398 114
2 946 352
2 483 59
2 263 537
2 375 797
2 729 163
2 881 516
2 764 931
2 145 682
2 704 37
2 670 796
2 816 267
2 205 526
2 155 202
2 465 920
2 274 842
2 566 37
2 952 947
2 112 900
2 524 282
2 371 704
2 365 950
2 725 178
2 676 348
2 803 432
2 331 833
2 836 15
2 205 615
2 22 383
2 660 370
2 957 935
2 809 878
2 490 730
2 343 100
2 620 53
2 848 471
2 934 354
2 676 604
2 703 459
2 266 412
2 518 513
2 472 496
2 507 264
2 791 393
2 101 362
2 631 208
2 761 197
2 420 891
2 72 800
2 488 785
2 51 717
2 501 671
2 891 852
2 320 133
2 402 551
2 250 500
2 401 462
2 682 757
2 268 434
2 551 277
2 314 175
2 548 758
2 270 687
2 658 889
2 236 420
2 134 843
2 185 612
2 295 103
2 994 652
2 82 201
2 925 985
2 269 208
2 405 503
2 709 795
2 280 801
2 310 682
2 782 455
2 930 816
2 163 83
2 384 695
2 114 113
2 898 526
2 254 365
2 246 802
2 598 742
2 823 75
2 537 657
2 374 301
2 244 601
2 934 671
2 224 564
2 312 583
2 56 235
2 498 539
2 348 671
2 271 615
2 461 665
2 858 595
2 178 938
2 309 288
2 577 27
2 780 106
2 113 997
2 59 351
2 577 225
2 366 407
2 92 146
2 177 368
2 966 891
2 885 835
2 971 74
2 625 40
2 216 276
2 463 372
2 422 253
2 251 691
2 608 65
2 123 349
2 70 699
2 804 983
2 611 896
2 578 854
2 536 146
2 2 747
2 668 822
2 238 428
2 859 737
2 981 86
2 888 553
2 162 220
2 889 667
2 718 942
2 808 878
2 488 92
2 356 208
2 814 986
2 10 221
2 975 84
2 897 517
2 17 32
2 466 700
2 792 811
2 694 622
2 215 59
2 772 908
2 134 509
2 227 758
2 673 538
2 72 220
2 239 151
2 926 878
2 722 843
2 83 670
2 565 828
2 663 530
2 216 683
2 348 717
2 842 807
2 164 673
2 465 475
2 886 988
2 416 865
2 67 152
2 903 706
2 190 863
2 897 489
2 973 612
2 216 753
2 342 197
2 325 779
2 818 714
2 649 712
2 827 634
2 964 229
2 972 179
2 180 908
2 591 580
2 585 692
2 854 514
2 854 892
2 500 689
2 45 605
2 147 345
2 803 776
2 3 695
2 401 540
2 793 624
2 398 438
2 449 461
2 209 440
2 773 214
2 600 127
2 756 382
2 887 184
2 775 929
2 982 650
2 585 543
2 508 667
2 902 901
2 699 32
2 817 896
2 693 956
2 699 652
2 723 902
2 316 880
2 732 259
2 628 32
2 410 719
2 646 234
2 187 154
2 305 501
2 736 34
2 362 558
2 420 151
2 735 815
2 220 771
2 957 417
2 508 775
2 329 596
2 584 72
2 171 515
2 785 197
2 909 78
2 342 737
2 38 103
2 480 482
2 908 993
2 733 922
2 125 414
2 315 90
2 919 993
2 54 105
2 780 19
2 464 138
2 94 10
2 39 994
2 940 711
2 213 235
2 57 932
2 377 653
2 980 246
2 933 938
2 816 153
2 820 728
2 969 997
2 690 506
2 517 37
2 700 27
2 441 205
2 602 234
2 918 363
2 340 14
2 444 183
2 404 140
2 805 848
2 77 283
2 287 418
2 5 691
2 996 303
2 586 42
2 73 385
2 133 596
2 307 271
2 910 242
2 525 68
2 62 856
2 721 187
2 299 197
2 978 417
2 350 614
2 415 244
2 413 245
2 1 345
2 96 829
2 700 254
2 372 491
2 632 245
2 867 712
2 937 629
2 718 809
2 105 712
2 233 513
2 36 925
2 380 973
2 966 797
2 174 476
2 88 826
2 883 264
2 601 143
2 903 868
2 825 77
2 513 846
2 833 640
2 758 421
2 372 982
2 348 296
2 409 524
2 557 75
2 930 936
2 909 272
2 846 969
2 736 74
2 779 173
2 123 738
2 403 264
2 832 742
2 999 630
2 634 399
2 774 972
2 837 918
2 453 825
2 504 206
2 910 89
2 140 55
2 835 519
2 805 690
2 861 277
2 829 254
2 859 98
2 740 221
2 508 829
2 801 95
2 250 44
2 399 654
2 421 972
2 336 882
2 887 477
2 191 20
2 302 317
2 529 494
2 453 774
2 99 510
2 685 831
2 542 719
2 533 887
2 917 732
2 700 908
2 280 409
2 257 214
2 340 524
2 430 643
2 16 409
2 549 438
2 22 907
2 784 172
2 59 941
2 934 391
2 924 840
2 385 874
2 568 973
2 767 352
2 916 836
2 586 855
2 42 438
2 219 857
2 56 179
2 788 37
2 972 151
2 198 460
2 916 128
2 897 67
2 887 99
2 986 578
2 91 966
2 175 772
2 990 738
2 287 649
2 121 7
2 466 328
2 949 667
2 452 511
2 389 367
2 753 387
2 13 965
2 544 109
2 747 209
2 765 930
2 554 257
2 772 20
2 568 354
2 859 243
2 877 191
2 21 19
2 877 167
2 118 583
2 825 677
2 617 210
2 773 253
2 678 518
2 796 959
2 548 708
2 594 244
2 887 125
2 433 225
2 669 88
2 856 331
2 402 438
2 534 308
2 850 906
2 118 776
2 372 341
2 269 716
2 257 467
2 805 671
2 854 174
2 187 6
2 302 716
2 317 379
2 164 253
2 438 583
2 223 561
2 827 4
2 393 459
2 815 460
2 473 954
2 617 263
2 938 877
2 311 395
2 953 116
2 315 481
2 870 649
2 841 928
2 212 362
2 555 545
2 357 146
2 633 753
2 996 867
2 846 907
2 131 291
2 928 887
2 990 472
2 774 745
2 755 177
2 212 659
2 281 691
2 195 456
2 678 61
2 348 581
2 218 798
2 627 541
2 97 324
2 885 357
2 764 611
2 890 837
2 386 359
2 613 424
2 428 887
2 344 582
2 807 629
2 9 459
2 131 111
2 490 983
2 501 625
2 347 656
2 687 103
2 156 728
2 412 314
2 555 838
2 1000 212
2 547 309
2 323 309
2 66 553
2 859 286
2 727 355
2 287 325
2 901 364
2 925 567
2 52 204
2 704 16
2 267 733
2 212 993
2 219 726
2 464 887
2 794 900
2 291 247
2 389 859
2 71 546
2 291 465
2 876 151
2 669 382
2 121 851
2 355 16
2 934 289
2 722 423
2 190 682
2 647 408
2 274 14
2 753 190
2 135 168
2 610 322
2 356 139
2 110 143
2 209 899
2 211 710
2 136 896
2 874 202
2 929 922
2 674 144
2 327 848
2 114 153
2 327 505
2 374 732
2 515 666
2 285 572
2 703 707
2 529 950
2 371 321
2 542 226
2 210 189
2 984 349
2 335 440
2 540 433
2 684 606
2 242 247
2 914 842
2 659 116
2 211 30
2 218 520
2 783 70
2 413 382
2 880 943
2 529 970
2 697 638
2 987 392
2 622 276
2 690 788
2 866 172
2 111 737
2 614 736
2 58 321
2 443 231
2 22 708
2 847 734
2 9 642
2 77 775
2 971 283
2 648 850
2 792 43
2 527 651
2 334 898
2 673 470
2 333 770
2 157 723
2 677 255
2 629 982
2 646 32
2 270 490
2 529 919
2 210 669
2 853 387
2 919 140
2 544 179
2 957 673
2 623 767
2 81 1
2 765 167
2 106 683
2 410 840
2 334 299
2 561 992
2 421 713
2 348 841
2 980 850
2 57 460
2 826 265
2 974 22
2 935 254
2 241 821
2 167 869
2 112 643
2 594 214
2 859 407
2 266 171
2 95 725
2 191 9
2 77 755
2 302 842
2 533 608
2 394 723
2 649 553
2 286 12
2 182 928
2 722 357
2 290 796
2 44 887
2 662 6
2 892 461
2 325 331
2 496 341
2 882 208
2 348 346
2 224 545
2 675 716
2 294 641
2 856 206
2 439 532
2 269 908
2 565 716
2 957 982
2 778 213
2 798 222
2 19 837
2 87 370
2 428 742
2 463 100
2 637 322
2 908 82
2 725 722
2 317 369
2 462 157
2 134 404
2 187 636
2 894 333
2 574 396
2 998 126
2 599 545
2 848 665
2 63 738
2 863 812
2 337 634
2 606 528
2 444 1000
2 142 850
2 735 101
2 318 934
2 883 475
2 839 702
2 260 477
2 923 328
2 508 128
2 971 742
2 129 349
2 375 524
2 735 620
2 639 316
2 803 960
2 677 111
2 157 697
2 962 436
2 374 822
2 212 273
2 549 876
2 55 500
2 116 360
2 449 667
2 49 570
2 223 393
2 284 495
2 180 471
2 620 665
2 646 392
2 916 535
2 714 582
2 829 589
2 647 393
2 821 174
2 377 22
2 922 376
2 196 70
2 97 777
2 858 795
2 348 720
2 388 791
2 958 25
2 545 965
2 990 526
2 887 207
2 14 532
2 678 395
2 525 55
2 37 951
2 927 781
2 763 303
2 783 681
2 315 292
2 236 360
2 21 115
2 752 411
2 60 179
2 356 458
2 486 34
2 227 807
2 229 221
2 311 650
2 813 829
2 867 530
2 431 974
2 131 950
2 885 825
2 101 430
2 427 409
2 380 772
2 540 794
2 697 65
2 662 644
2 842 445
2 633 779
2 512 677
2 363 528
2 179 615
2 767 777
2 648 618
2 164 301
2 380 353
2 102 119
2 570 307
2 39 768
2 536 552
2 425 470
2 770 886
2 13 637
2 544 174
2 51 191
2 646 387
2 561 16
2 439 760
2 300 540
2 632 645
2 679 467
2 81 964
2 948 857
2 395 691
2 618 270
2 602 291
2 554 755
2 908 226
2 422 638
2 888 947
2 677 115
2 156 15
2 335 226
2 195 87
2 371 526
2 396 286
2 698 428
2 674 633
2 168 350
2 856 240
2 242 213
2 468 506
2 568 244
2 581 548
2 318 325
2 58 335
2 396 133
2 502 743
2 929 760
2 397 476
2 275 821
2 374 627
2 416 798
2 396 364
2 121 301
2 467 56
2 775 961
2 822 381
2 196 982
2 958 450
2 783 82
2 77 892
2 77 752
2 924 674
2 403 911
2 447 530
2 827 255
2 756 922
2 704 216
2 183 773
2 63 220
2 647 183
2 908 807
2 418 594
2 1000 456
2 734 590
2 63 415
2 653 845
2 172 590
2 411 948
2 562 612
2 607 667
2 285 231
2 161 482
2 824 66
2 439 84
2 96 678
2 952 158
2 708 731
2 419 265
2 858 333
2 101 50
2 389 750
2 869 527
2 961 743
2 535 964
2 953 732
2 397 941
2 873 265
2 784 35
2 206 175
2 978 566
2 114 846
2 945 450
2 746 416
2 101 376
2 390 331
2 656 276
2 644 983
2 806 666
2 455 766
2 318 480
2 524 696
2 800 629
2 368 740
2 978 172
2 372 56
2 557 378
2 114 875
2 682 465
2 426 60
2 533 986
2 190 450
2 140 258
2 685 835
2 966 522
2 866 496
2 130 37
2 63 20
2 340 10
2 187 233
2 390 472
2 504 811
2 28 932
2 677 128
2 102 845
2 588 446
2 925 929
2 581 417
2 410 157
2 28 49
2 519 32
2 588 111
2 997 336
2 887 830
2 975 551
2 232 111
2 375 516
2 989 481
2 25 956
2 335 611
2 753 330
2 59 961
2 99 965
2 712 780
2 168 854
2 490 948
2 541 795
2 818 517
2 443 23
2 144 491
2 335 846
2 456 420
2 164 811
2 166 442
2 105 259
2 832 574
2 549 500
2 535 435
2 310 122
2 152 268
2 744 332
2 957 1
2 923 798
2 880 801
2 764 246
2 183 76
2 800 84
2 87 217
2 870 294
2 736 619
2 250 820
2 323 466
2 914 259
2 674 115
2 18 843
2 83 336
2 69 553
2 599 683
2 985 129
2 982 176
2 295 859
2 942 945
2 786 22
2 335 790
2 263 590
2 18 134
2 622 582
2 69 435
2 486 843
2 134 522
2 732 737
2 778 694
2 673 317
2 559 384
2 91 538
2 666 106
2 549 535
2 146 619
2 278 414
2 626 509
2 118 697
2 973 484
2 865 475
2 871 940
2 577 569
2 618 677
2 64 611
2 703 496
2 130 543
2 646 277
2 441 237
2 885 986
2 686 220
2 767 901
2 319 107
2 861 25
2 664 407
2 515 576
2 324 552
2 314 965
2 765 567
2 870 810
2 554 617
2 581 966
2 160 836
2 666 221
2 102 366
2 102 81
2 384 220
2 927 240
2 260 341
2 113 408
2 747 697
2 21 89
2 326 722
2 359 777
2 592 878
2 334 1000
2 112 499
2 688 122
2 312 85
2 181 616
2 384 711
2 678 697
2 11 627
2 677 476
2 461 316
2 183 794
2 140 658
2 568 71
2 964 19
2 935 938
2 901 259
2 89 652
2 188 511
2 278 87
2 373 955
2 739 140
2 916 904
2 389 349
2 800 246
2 519 100
2 507 811
2 898 319
2 830 956
2 857 848
2 507 265
2 906 816
2 561 977
2 11 379
2 898 352
2 700 128
2 976 971
2 604 360
2 112 627
2 481 106
2 540 992
2 134 445
2 512 582
2 786 340
2 359 972
2 132 407
2 290 643
2 910 187
2 260 537
2 590 485
2 323 316
2 49 790
2 356 445
2 490 68
2 772 29
2 849 359
2 822 766
2 20 461
2 519 1000
2 803 860
2 594 569
2 886 34
2 676 550
2 741 673
2 700 11
2 754 184
2 26 835
2 155 396
2 576 255
2 206 383
2 504 223
2 408 962
2 366 78
2 273 977
2 855 75
2 367 836
2 157 178
2 211 757
2 211 892
2 721 70
2 83 511
2 231 743
2 647 632
2 743 475
2 388 657
2 287 887
2 375 764
2 571 986
2 872 777
2 239 991
2 85 69
2 196 902
2 684 949
2 978 684
2 969 58
2 369 625
2 772 364
2 615 55
2 908 114
2 421 740
2 435 119
2 612 983
2 808 657
2 127 643
2 814 294
2 921 49
2 674 635
2 181 349
2 201 423
2 998 85
2 964 739
2 883 993
2 348 76
2 585 737
2 263 445
2 929 171
2 3 192
2 374 57
2 777 97
2 769 983
2 394 84
2 542 603
2 638 636
2 948 781
2 401 560
2 982 708
2 278 666
2 973 334
2 598 425
2 972 359
2 838 743
2 107 988
2 247 273
2 200 723
2 269 672
2 483 685
2 703 60
2 11 190
2 212 176
2 252 836
2 883 253
2 957 197
2 623 374
2 505 852
2 747 250
2 302 295
2 976 813
2 523 626
2 479 848
2 488 240
2 410 370
2 427 119
2 233 540
2 305 25
2 201 299
2 431 379
2 844 114
2 718 438
2 86 580
2 173 611
2 892 634
2 568 283
2 435 979
2 49 322
2 62 835
2 840 442
2 134 203
2 296 470
2 952 850
2 558 48
2 332 732
2 141 79
2 80 787
2 959 12
2 388 428
2 641 894
2 892 544
2 465 690
2 466 352
2 468 219
2 116 245
2 420 450
2 247 835
2 799 625
2 945 32
2 112 151
2 92 983
2 140 955
2 156 125
2 629 100
2 228 642
2 778 984
2 708 577
2 354 330
2 778 516
2 518 781
2 718 563
2 695 909
2 452 82
2 891 99
2 506 498
2 147 715
2 670 229
2 310 512
2 206 115
2 62 869
2 509 931
2 303 492
2 335 48
2 157 99
2 308 327
2 586 811
2 961 438
2 395 733
2 930 994
2 851 575
2 787 566
2 374 413
2 238 965
2 285 799
2 708 119
2 178 730
2 51 892
2 582 213
2 940 759
2 36 629
2 856 933
2 901 8
2 53 230
2 558 317
2 283 842
2 902 186
2 167 455
2 709 795
2 532 374
2 873 34
2 775 671
2 456 28
2 527 404
2 469 523
2 987 914
2 198 738
2 105 707
2 58 130
2 673 407
2 337 94
2 57 830
2 781 815
2 796 965
2 934 92
2 302 827
2 518 657
2 448 23
2 218 517
2 864 578
2 201 494
2 664 582
2 12 232
2 858 470
2 250 854
2 474 830
2 419 905
2 582 361
2 534 460
2 206 97
2 768 152
2 856 148
2 895 564
2 674 152
2 183 314
2 241 252
2 684 50
2 587 458
2 33 176
2 978 87
2 646 113
2 231 425
2 373 248
2 966 470
2 620 633
2 116 855
2 168 792
2 98 32
2 55 148
2 169 423
2 131 68
2 986 802
2 521 813
2 678 707
2 215 103
2 218 20
2 540 601
2 692 845
2 855 708
2 469 876
2 355 68
2 944 918
2 463 572
2 891 65
2 302 31
2 761 308
2 959 848
2 528 650
2 494 297
2 160 378
2 351 276
2 987 270
2 49 130
2 725 601
2 749 994
2 706 341
2 640 432
2 397 529
2 812 495
2 483 232
2 178 492
2 469 239
2 486 34
2 428 844
2 83 834
2 933 16
2 547 122
2 219 896
2 870 364
2 629 634
2 726 628
2 570 74
2 449 244
2 88 870
2 509 287
2 323 525
2 599 329
2 401 687
2 928 780
2 132 68
2 777 528
2 709 52
2 237 177
2 434 482
2 410 186
2 339 521
2 533 58
2 51 891
2 439 174
2 192 428
2 278 520
2 888 268
2 930 104
2 3 601
2 998 334
2 776 561
2 677 234
2 629 784
2 644 632
2 524 893
2 66 331
2 54 227
2 286 877
2 713 179
2 527 682
2 727 153
2 553 370
2 278 886
2 510 677
2 776 411
2 279 89
2 959 446
2 803 673
2 513 452
2 584 282
2 359 367
2 169 825
2 904 850
2 240 298
2 148 799
2 5 737
2 581 636
2 44 143
2 285 637
2 693 475
2 214 794
2 880 605
2 801 60
2 524 833
2 147 649
2 696 202
2 959 759
2 630 254
2 66 891
2 409 686
2 559 344
2 184 171
2 368 48
2 627 220
2 699 391
2 363 483
2 506 169
2 203 202
2 864 173
2 840 408
2 910 925
2 279 933
2 321 379
2 299 400
2 33 843
2 120 624
2 750 229
2 897 892
2 212 947
2 125 395
2 90 141
2 784 314
2 218 72
2 462 9
2 158 382
2 284 273
2 914 324
2 123 399
2 460 992
2 456 208
2 34 868
2 486 196
2 859 603
2 77 854
2 246 303
2 906 789
2 91 24
2 525 548
2 489 178
2 211 777
2 491 862
2 164 982
2 118 755
2 338 993
2 583 496
2 682 655
2 82 271
2 653 764
2 905 182
2 175 762
2 339 78
2 978 346
2 468 160
2 489 747
2 123 784
2 814 229
2 636 413
2 103 346
2 941 837
2 274 304
2 873 698
2 255 955
2 287 466
2 503 989
2 529 334
2 281 535
2 483 27
2 117 841
2 437 396
2 155 574
2 251 440
2 269 237
2 482 841
2 417 672
2 32 38
2 495 906
2 404 536
2 459 71
2 479 208
2 598 37
2 638 439
2 669 251
2 933 526
2 444 1000
2 520 167
2 865 900
2 855 650
2 131 477
2 367 35
2 31 80
2 45 517
2 68 846
2 160 852
2 719 876
2 145 167
2 576 137
2 178 103
2 780 631
2 732 660
2 213 843
2 759 382
2 144 536
2 663 971
2 876 442
2 732 473
2 482 350
2 235 875
2 918 718
2 801 425
2 615 67
2 527 472
2 298 286
2 959 354
2 313 153
2 529 1
2 928 307
2 816 344
2 981 421
2 792 789
2 489 343
2 409 733
2 34 27
2 659 352
2 118 468
2 623 692
2 21 411
2 281 217
2 425 509
2 449 360
2 781 561
2 678 886
2 305 406
2 93 927
2 525 574
2 609 846
2 158 649
2 341 273
2 409 73
2 379 511
2 690 566
2 987 742
2 485 713
2 274 343
2 866 116
2 916 289
2 941 831
2 630 709
2 946 898
2 432 575
2 118 735
2 897 694
2 981 343
2 858 400
2 797 303
2 112 920
2 310 41
2 238 309
2 543 509
2 533 253
2 921 933
2 602 73
2 114 892
2 342 689
2 206 912
2 294 181
2 506 534
2 238 840
2 932 562
2 486 104
2 807 844
2 960 494
2 750 913
2 637 629
2 536 891
2 809 693
2 466 61
2 434 942
2 973 520
2 559 732
2 283 148
2 666 134
2 886 180
2 973 913
2 779 402
2 875 893
2 577 817
2 946 879
2 375 923
2 824 781
2 460 311
2 146 551
2 976 79
2 183 789
2 527 643
2 430 715
2 434 806
2 345 986
2 60 556
2 851 248
2 397 208
2 359 922
2 409 414
2 979 506
2 661 297
2 409 993
2 592 197
2 267 9
2 744 738
2 986 210
2 702 824
2 763 719
2 207 604
2 92 444
2 22 922
2 489 624
2 610 511
2 825 943
2 53 261
2 51 971
2 280 389
2 343 522
2 973 23
2 933 484
2 493 654
2 354 519
2 993 297
2 135 6
2 503 821
2 290 612
2 396 448
2 381 369
2 929 257
2 280 704
2 417 430
2 419 14
2 323 730
2 211 618
2 206 234
2 508 546
2 177 13
2 107 566
2 36 659
2 661 179
2 756 530
2 974 172
2 305 789
2 642 1000
2 415 739
2 251 638
2 62 937
2 782 206
2 532 289
2 855 625
2 178 252
2 287 181
2 102 955
2 505 604
2 829 179
2 844 562
2 412 713
2 83 707
2 927 627
2 751 973
2 621 246
2 904 370
2 624 382
2 656 269
2 856 618
2 872 787
2 633 902
2 620 630
2 968 479
2 111 467
2 726 58
2 607 578
2 298 13
2 313 748
2 856 469
2 961 140
2 749 691
2 731 414
2 18 654
2 92 595
2 419 678
2 789 25
2 399 286
2 556 864
2 551 55
2 868 328
2 243 433
2 527 487
2 560 72
2 113 909
2 3 292
2 943 28
2 334 569
2 821 907
2 283 655
2 195 966
2 317 1000
2 375 596
2 172 991
2 923 328
2 719 237
2 88 641
2 253 517
2 838 625
2 44 309
2 317 379
2 482 473
2 385 94
2 284 990
2 750 72
2 815 901
2 222 896
2 943 671
2 166 993
2 933 642
2 681 965
2 882 414
2 365 143
2 472 478
2 915 336
2 843 258
2 750 84
2 878 176
2 405 225
2 607 394
2 954 807
2 877 292
2 469 301
2 410 993
2 226 698
2 884 138
2 966 922
2 774 174
2 997 615
2 95 657
2 560 115
2 816 84
2 803 174
2 308 897
2 16 398
2 320 695
2 471 395
2 401 215
2 146 962
2 54 11
2 869 851
2 63 329
2 799 563
2 641 129
2 126 642
2 26 457
2 617 552
2 222 78
2 989 342
2 840 813
2 900 963
2 270 895
2 184 122
2 527 399
2 162 745
2 583 941
2 182 154
2 651 206
2 784 306
2 889 48
2 526 596
2 236 579
2 36 119
2 880 226
2 262 994
2 131 913
2 678 122
2 40 689
2 188 582
2 589 182
2 692 818
2 149 558
2 906 691
2 336 368
2 411 717
2 994 943
2 337 574
2 166 918
2 340 148
2 545 642
2 866 207
2 344 902
2 558 389
2 901 833
2 365 514
2 891 466
2 285 223
2 468 825
2 309 784
2 489 288
2 839 7
2 801 91
2 367 979
2 130 981
2 160 514
2 386 740
2 915 415
2 710 869
2 815 330
2 90 24
2 105 40
2 290 92
2 536 89
2 131 599
2 745 929
2 646 142
2 651 723
2 224 933
2 123 609
2 66 217
2 830 383
2 915 984
2 909 575
2 122 682
2 239 200
2 403 876
2 967 504
2 809 943
2 806 980
2 603 480
2 557 576
2 270 621
2 48 784
2 756 704
2 419 100
2 431 909
2 81 985
2 586 325
2 839 500
2 928 766
2 916 546
2 804 307
2 685 815
2 351 277
2 646 342
2 374 389
2 137 18
2 533 853
2 350 362
2 935 758
2 832 75
2 574 863
2 397 224
2 574 382
2 490 954
2 52 307
2 623 572
2 781 600
2 22 151
2 239 105
2 795 789
2 872 221
2 388 385
2 371 99
2 725 957
2 102 532
2 393 377
2 493 655
2 877 958
2 105 702
2 986 658
2 745 736
2 600 950
2 105 63
2 488 919
2 77 967
2 372 619
2 749 312
2 981 584
2 211 991
2 278 498
2 95 685
2 991 489
2 329 451
2 192 499
2 665 93
2 983 997
2 135 649
2 453 259
2 744 40
2 939 187
2 474 105
2 906 594
2 118 787
2 634 600
2 164 576
2 72 336
2 182 79
2 351 216
2 469 470
2 997 882
2 193 259
2 510 475
2 835 583
2 379 695
2 869 253
2 533 709
2 501 546
2 944 928
2 233 387
2 422 820
2 874 668
2 914 56
2 520 582
2 599 665
2 960 90
2 914 964
2 237 560
2 946 604
2 648 188
2 916 504
2 101 332
2 944 647
2 863 577
2 329 35
2 756 774
2 485 694
2 462 775
2 243 27
2 673 288
2 696 522
2 441 522
2 502 75
2 434 82
2 734 663
2 178 438
2 137 221
2 3 54
2 698 421
2 287 225
2 749 780
2 366 926
2 161 626
2 884 446
2 474 941
2 716 25
2 883 857
2 436 602
2 641 789
2 881 322
2 996 423
2 77 704
2 908 475
2 765 214
2 524 370
2 409 759
2 987 92
2 278 560
2 925 334
2 205 13
2 961 835
2 698 54
2 97 686
2 957 580
2 571 10
2 431 529
2 192 819
2 608 567
2 134 283
2 166 110
2 460 32
2 154 949
2 631 240
2 927 919
2 479 195
2 794 115
2 723 996
2 966 742
2 690 969
2 987 701
2 257 492
2 487 405
2 238 872
2 799 954
2 278 570
2 452 471
2 603 672
2 654 225
2 946 687
2 431 447
2 910 505
2 356 425
2 420 537
2 34 433
2 313 379
2 895 905
2 786 236
2 958 715
2 3 657
2 524 158
2 719 225
2 535 550
2 923 724
2 270 232
2 575 384
2 885 91
2 786 632
2 744 522
2 402 594
2 97 322
2 618 635
2 26 838
2 866 671
2 182 896
2 315 625
2 152 25
2 355 995
2 626 861
2 147 654
2 715 421
2 218 931
2 763 931
2 806 575
2 491 108
2 524 912
2 557 86
2 44 434
2 637 495
2 576 577
2 857 84
2 757 581
2 920 153
2 535 586
2 502 87
2 308 643
2 15 588
2 297 339
2 427 957
2 263 679
2 856 215
2 986 220
2 488 737
2 245 352
2 964 668
2 813 418
2 833 754
2 59 72
2 131 729
2 674 858
2 444 814
2 281 315
2 373 530
2 791 99
2 840 918
2 646 891
2 29 58
2 394 821
2 22 352
2 353 792
2 607 697
2 326 476
2 751 990
2 947 38
2 293 464
2 744 578
2 465 448
2 461 517
2 639 971
2 580 722
2 286 197
2 125 222
2 1000 649
2 102 227
2 293 795
2 918 787
2 895 761
2 3 127
2 866 525
2 472 425
2 245 716
2 788 662
2 775 777
2 976 25
2 128 115
2 92 345
2 118 172
2 462 404
2 783 829
2 796 940
2 903 379
2 123 283
2 423 76
2 620 606
2 52 977
2 166 57
2 152 411
2 2 496
2 942 94
2 248 395
2 559 358
2 633 86
2 286 301
2 897 142
2 534 32
2 923 185
2 648 829
2 302 654
2 601 277
2 311 435
2 312 186
2 416 843
2 525 636
2 919 415
2 820 370
2 698 109
2 239 298
2 336 249
2 946 671
2 320 850
2 763 626
2 98 384
2 805 812
2 961 199
2 319 99
2 910 168
2 889 514
2 293 501
2 278 217
2 371 139
2 271 215
2 422 40
2 612 37
2 356 483
2 910 707
2 579 157
2 540 531
2 411 956
2 702 940
2 767 592
2 351 966
2 522 27
2 694 784
2 946 351
2 272 73
2 979 704
2 726 167
2 291 92
2 631 707
2 988 341
2 713 870
2 487 693
2 18 389
2 692 404
2 864 348
2 325 911
2 560 661
2 761 75
2 339 192
2 190 79
2 946 634
2 463 103
2 207 833
2 889 945
2 293 593
2 33 644
2 54 723
2 403 35
2 404 840
2 792 185
2 314 208
2 82 609
2 51 387
2 746 530
2 856 288
2 574 947
2 251 706
2 620 66
2 700 521
2 818 262
2 785 949
2 90 272
2 698 643
2 905 654
2 804 202
2 417 312
2 791 511
2 458 268
2 622 802
2 53 456
2 51 637
2 901 505
2 623 536
2 656 907
2 69 977
2 891 777
2 441 82
2 73 734
2 110 479
2 595 17
2 42 159
2 739 288
2 381 889
2 994 619
2 452 174
2 497 577
2 856 307
2 348 862
2 900 886
2 348 709
2 992 834
2 979 192
2 272 173
2 302 220
2 979 917
2 675 538
2 722 445
2 881 456
2 540 767
2 245 920
2 13 259
2 83 513
2 423 835
2 15 568
2 388 547
2 723 189
2 941 43
2 730 739
2 826 991
2 683 195
2 272 922
2 783 128
2 366 244
2 665 382
2 631 61
2 602 134
2 155 956
2 20 286
2 435 367
2 823 127
2 872 442
2 228 58
2 64 711
2 376 775
2 679 773
2 675 863
2 568 756
2 123 128
2 519 737
2 337 944
2 465 779
2 399 770
2 686 38
2 723 643
2 472 893
2 185 148
2 415 414
2 511 612
2 592 773
2 536 567
2 224 918
2 131 973
2 703 667
2 346 572
2 410 335
2 269 261
2 128 439
2 294 783
2 130 340
2 657 14
2 162 762
2 775 794
2 798 131
2 397 616
2 498 627
2 196 98
2 703 883
2 333 958
2 795 560
2 792 788
2 872 305
2 662 342
2 133 319
2 752 865
2 809 343
2 778 423
2 134 459
2 943 119
2 700 786
2 723 843
2 996 611
2 979 316
2 24 321
2 175 521
2 959 25
2 775 592
2 586 831
2 372 754
2 709 522
2 736 715
2 26 438
2 227 702
2 303 892
2 506 884
2 36 920
2 967 630
2 473 784
2 156 783
2 785 220
2 355 665
2 275 635
2 826 992
2 895 605
2 556 143
2 316 700
2 46 341
2 83 410
2 279 476
2 881 111
2 44 937
2 913 15
2 833 672
2 201 927
2 697 636
2 462 313
2 232 802
2 112 430
2 889 600
2 968 208
2 843 478
2 200 654
2 127 369
2 404 424
2 458 494
2 876 484
2 170 197
2 180 399
2 139 961
2 569 216
2 746 454
2 978 101
2 879 760
2 346 476
2 899 875
2 678 936
2 123 149
2 361 724
2 670 108
2 761 457
2 171 55
2 622 427
2 946 885
2 398 865
2 200 820
2 126 173
2 372 673
2 215 415
2 300 28
2 817 972
2 809 563
2 260 970
2 317 80
2 534 433
2 327 12
2 435 174
2 647 826
2 487 647
2 342 82
2 533 830
2 268 677
2 541 127
2 504 539
2 449 824
2 190 805
2 877 551
2 270 344
2 647 290
2 913 489
2 869 260
2 585 55
2 471 191
2 424 821
2 275 949
2 687 170
2 904 50
2 684 718
2 207 495
2 313 966
2 838 889
2 164 835
2 168 553
2 419 844
2 864 434
2 549 687
2 869 409
2 560 180
2 454 553
2 399 521
2 581 629
2 524 875
2 846 789
2 91 488
2 83 426
2 84 605
2 904 825
2 648 692
2 389 12
2 305 275
2 637 109
2 982 268
2 163 639
2 366 944
2 377 180
2 815 459
2 1000 845
2 653 768
2 128 920
2 262 823
2 159 634
2 303 364
2 250 178
2 453 452
2 916 619
2 640 652
2 42 358
2 201 413
2 38 654
2 269 321
2 525 406
2 117 535
2 948 303
2 291 733
2 729 495
2 210 940
2 832 233
2 764 3
2 434 615
2 970 204
2 735 818
2 645 264
2 941 803
2 340 985
2 600 34
2 728 942
2 201 811
2 499 579
2 598 861
2 26 354
2 702 737
2 402 507
2 913 455
2 437 442
2 26 691
2 98 616
2 676 719
2 687 364
2 64 158
2 525 23
2 698 717
2 50 880
2 77 14
2 27 450
2 280 759
2 553 379
2 287 73
2 611 616
2 597 7
2 430 732
2 348 747
2 280 963
2 998 671
2 629 517
2 614 434
2 127 954
2 859 882
2 320 93
2 934 914
2 397 434
2 384 658
2 263 491
2 822 911
2 680 393
2 298 237
2 878 942
2 300 953
2 372 506
2 994 680
2 873 758
2 260 105
2 712 882
2 973 343
2 513 821
2 82 992
2 832 271
2 974 922
2 428 584
2 493 613
2 816 306
2 869 312
2 801 738
2 99 959
2 974 607
2 77 639
2 930 471
2 144 361
2 321 862
2 238 52
2 162 182
2 702 345
2 684 803
2 240 197
2 618 246
2 15 888
2 635 783
2 800 352
2 727 487
2 582 821
2 648 693
2 263 818
2 368 369
2 433 983
2 487 99
2 949 790
2 832 208
2 183 798
2 424 438
2 112 735
2 805 476
2 934 132
2 130 720
2 171 212
2 416 655
2 714 134
2 721 425
2 961 896
2 751 187
2 206 616
2 213 454
2 169 360
2 11 490
2 904 757
2 615 865
2 190 219
2 814 191
2 607 405
2 116 383
2 736 645
2 945 86
2 224 132
2 627 625
2 580 609
2 144 768
2 889 945
2 582 358
2 343 180
2 226 79
2 635 170
2 703 205
2 327 358
2 14 522
2 572 406
2 597 891
2 534 159
2 609 297
2 425 708
2 676 353
2 8 762
2 914 636
2 472 526
2 629 464
2 531 303
2 211 494
2 395 361
2 381 326
2 801 650
2 914 494
