1 3.2238163524317525
2 2.6400518237641433
3 3.8949266875142357
4 1.7629438259220858
5 23.86631885567276
6 2.547405336736806
7 0.9581562277013236
8 1.2848281210911423
9 3.3061823385603377
10 0.4314875452158877
11 1.9982146484432384
12 1.533613539131617
13 2.264898111031025
14 2.0597385242674977
15 0.655303574827504
16 10.603709071259892
17 0.3081622071976541
18 8.612485722885244
19 1.09445765165891
20 0.35420839403589766
21 2.8112491750893396
22 3.5439471872911894
23 0.48229646557411654
24 0.24928659343194967
25 0.2821895586320831
26 7.174050411868872
27 100.12915430052195
28 1.4368151303333239
29 0.09134502113265754
30 0.5133729097435984
31 2.0081351022845677
32 0.15973001233071724
33 0.24440779515644245
34 3.871445232213294
35 0.03556048434142053
36 1.0293619191542684
37 1.9318512413866118
38 0.014621177621291082
39 2.5636991668590055
40 1.130539940352117
41 1.147174811374003
42 0.12398787769477201
43 1.605730860890056
44 5.373423522206097
45 0.24136234250794877
46 0.9540421763679762
47 4.11694898693217
48 0.5600321163601497
49 10.275876529210038
50 3.004231972335249
51 1.2598958332330312
52 0.29170532416117795
53 0.667518512463582
54 5.066504578884984
55 0.42062917598912036
56 0.8748513287038155
57 12.090205224054209
58 0.3314152517155178
59 0.7078858891778603
60 5.871809642007825
61 230.2112048514335
62 0.721901377666938
63 0.8636858212737656
64 1.4866827044592361
65 0.021718098351075143
66 0.01572009927147611
67 0.8927254419473152
68 3.5422032817853637
69 0.7448758374429959
70 4.654844953241502
71 5.6573848163123595
72 0.010449156600977245
73 1.4836545434713428
74 2.2671489396106184
75 0.4639335996763932
76 0.573633401356108
77 4.735419986805933
78 0.9888347010289376
79 0.7538494428601155
80 0.30139476168678314
81 0.06444970970232246
82 1.3728577236430988
83 0.32347899892557463
84 2.191283773271967
85 0.31922689529194603
86 1.3275465702248628
87 1.5345236415835046
88 1.5902845554021503
89 1.4162665503891088
90 1.1711950081433697
91 0.8840571993277264
92 0.31442793768926264
93 1.0630934078275596
94 0.04762622547226186
95 0.6975331883633024
96 2.480082944185563
97 2.418706645252745
98 0.572598379871911
99 0.6408454579594218
100 11.25365571430253
101 3.741615047359191
102 0.20284929220251938
103 0.6639055090568247
104 0.805886676840524
105 3.666162553275229
106 4.850298422826522
107 0.7190103812497111
108 5.201956855556383
109 0.2203831589926356
110 0.7615361105240005
111 2.285814864498373
112 5.4425875946503695
113 0.19863703364191948
114 8.244892169323801
115 4.596031523955328
116 0.5976500193357959
117 4.200865522503685
118 25.9901407469834
119 8.025291500112733
120 0.17818465651743423
121 1.4274729616483726
122 0.2774655168672515
123 1.3236145067898537
124 0.026957723972767203
125 0.11962616036706217
126 1.3432859227382583
127 1.8068059978231206
128 0.5888147823702643
129 5.398663567697045
130 0.07537823563348128
131 0.167252517127275
132 1.4800018078468125
133 0.3418927240387557
134 3.720883986779056
135 1.0755215717958708
136 0.7132121608677934
137 0.5301210249148517
138 0.03590847306196921
139 0.11309354310491732
140 221.1842172574305
141 2.185985568079293
142 5.475719061755058
143 0.5811004762249733
144 18.697325918515592
145 1.5829213809804779
146 1.0980840485378236
147 0.9345275788249594
148 2.9328545230617324
149 1.4339697804879514
150 2.6089225888378103
151 0.7797620960561926
152 0.3313922288098235
153 5.029494760085245
154 3.5376709074762367
155 0.06519076944605037
156 0.4936732618903955
157 1.0064780394656991
158 0.14127926471979843
159 2.952628890954518
160 0.1156125037076037
161 0.06966749264617147
162 0.7991029179380071
163 0.37336167798888154
164 0.3024942699565976
165 26.074722376121123
166 7.4396029826348835
167 0.18921788543291473
168 6.777359336320137
169 0.2767853002850359
170 4.235471724647926
171 0.10529049896961622
172 0.36617297893866163
173 0.9087188258622689
174 5.023349583822766
175 2.7588147768337374
176 0.9036224034916399
177 8.130366862536688
178 4.159826564397127
179 0.04669039696290885
180 3.2763725044866607
181 1.4573596055804738
182 3.225029112326967
183 4.528744418031876
184 15.58604600798118
185 0.48477716380506364
186 1.1325841692449
187 3.5251144006832846
188 0.7725532582363457
189 4.168539969685521
190 0.06734057555832082
191 3.0988197664032846
192 0.7395085863396599
193 0.06318466452759955
194 0.0480735178160516
195 1.6440229982262977
196 0.45276399101517684
197 57.05541677468403
198 1.4266361051499652
199 2.311314081593603
200 2.299060630540341
201 3.0584643076061204
202 1.2526705069119923
203 0.5743547635661057
204 4.392773587821079
205 2.1828076077302656
206 0.235720370295406
207 1.2241219603113953
208 1.2050589999537489
209 0.037520226045328245
210 0.7921624486064132
211 0.4896415162469236
212 0.1771807819025326
213 0.0758658918108805
214 0.4634458052016957
215 5.903773514426378
216 7.893391205213902
217 0.3916352247299816
218 1.747997905913588
219 5.7449974723543304
220 0.5284258492453016
221 1.532315852827703
222 0.20101864748643988
223 0.02987659221038066
224 1.224633986070464
225 0.06563169361559938
226 1.4604388860463138
227 0.7717302649571595
228 0.382473949055451
229 0.305977561838415
230 0.34303577324145834
231 0.07849998476067559
232 2.6817904285230725
233 1.0439321740774998
234 0.03723464732306771
235 1.664337448719749
236 0.17019467420871315
237 0.4415143519300102
238 1.5843014368950434
239 0.10888607896160472
240 0.07489277136414686
241 1.0268610765263524
242 9.711433350813431
243 0.05284840358751423
244 1.7386667775281996
245 1.3984050845283198
246 0.37990676780416677
247 0.3968333554176396
248 0.179005958471981
249 0.2217529375529879
250 0.6067006516993908
251 0.16240480741131919
252 1.3243558846943615
253 3.5690425899117715
254 1.8860216401113925
255 0.003407966947972643
256 1.046254039202336
257 2.106449540590882
258 1.9560800865286991
259 0.2894830237129499
260 10.05130025794273
261 4.759243510961326
262 5.274610433322499
263 1.3477257803962308
264 0.3973157780080411
265 1.07145991812974
266 0.13948305984307957
267 5.60805437034162
268 2.1555501988115555
269 1.9213557037806461
270 0.47226168337109975
271 0.12656699862387308
272 0.345403151439798
273 0.6300983841562521
274 2.1835537888226875
275 7.237942129802971
276 1.2190324875264416
277 0.05127476832195928
278 0.6064274771448677
279 13.848752849041745
280 0.035246627931677384
281 1.0303624658057564
282 0.19540473967339012
283 0.7840460676081952
284 0.13569156455104103
285 0.04826942118530212
286 1.181688185756689
287 2.0237754255538967
288 0.17787972322100343
289 0.40191291054804046
290 29.22288024294026
291 0.38072585376938406
292 0.4356653942427629
293 3.0621563921956327
294 14.819554859616124
295 2.180209429199558
296 0.04771184816377734
297 1.0144795706305296
298 0.09228024868837069
299 2.4529208228268913
300 3.3060129217958174
301 1.9105308199188107
302 0.5003876720821997
303 1.4431274627459647
304 0.12975427280073876
305 0.7330094905296276
306 1.9482972948354544
307 0.501344613864076
308 2.229255010859527
309 0.8495920195435981
310 1.3317152477964935
311 0.4175180672299803
312 0.19796667471427437
313 2.8329107636098936
314 4.508207945497751
315 0.19619498049179182
316 0.4479083074325798
317 1.691678206738581
318 2.1571093145403957
319 0.8361654785422428
320 0.06751068814689459
321 1.6623111272692104
322 3.588178636659331
323 0.5785639700691884
324 0.8449083477296199
325 0.05434023715584212
326 1.8688475119047845
327 1.9162773323160633
328 1.7434028253402643
329 1.6986659032452756
330 1.36210874960941
331 0.18362467115803632
332 7.769469226556325
333 3.5065254958480354
334 0.3768010674400159
335 0.21513490491219275
336 6.275910289897331
337 0.33292308133072435
338 0.026871372569534646
339 0.5389249380146967
340 1.725704154271767
341 0.5562325968602302
342 1.0384463177316907
343 0.10039331616822947
344 1.5670712939827414
345 0.6400343917295214
346 1.7945579221532797
347 7.96618694979306
348 13.598782176465967
349 53.49768150725608
350 1.2394431884311814
351 1.3831997598370593
352 0.0967169654474847
353 2.3563455239125215
354 0.7348600571958606
355 8.715162760268841
356 1.505865099252866
357 3.300504270783911
358 74.31231068187458
359 0.7151590993205537
360 2.271648152375851
361 6.022435304194123
362 0.010429037432196604
363 0.7838453613616998
364 0.7942187974529263
365 0.6141054042612867
366 128.49842798635677
367 2.698769857661619
368 0.6317586479827209
369 3.1765609070050824
370 0.009393925861120792
371 0.29121244675061597
372 1.1858063932102714
373 0.9633005481151912
374 0.21599611798057033
375 0.7333700424325256
376 0.9409989591515269
377 3.634753020635713
378 6.073707563954921
379 0.22344029949659203
380 0.6233010729681425
381 2.4553465727803254
382 0.11862234688195186
383 0.1033056406325477
384 10.411445842050245
385 2.3694283268722662
386 3.684012177460822
387 1.1501292246851942
388 0.5655919749661481
389 1.4736304491606125
390 0.3456403900807254
391 0.09911659341471038
392 0.584906251235599
393 51.83801705354947
394 0.3971282295212178
395 0.34072525486830735
396 28.74904634872815
397 0.09344505937330691
398 0.8244740465810125
399 0.6028254456267468
400 0.4945053121772238
401 0.02626049863054779
402 2.036360868743783
403 0.2761959324831397
404 0.3277247361777046
405 0.8823935654666988
406 0.6103687344396966
407 0.9996000955528127
408 0.6168306434457171
409 2.064623470316616
410 10.741640257268216
411 0.4558587552189705
412 1.069486279573768
413 0.03900504400031511
414 0.17613811416670935
415 2.0511583827609203
416 0.2036928385367809
417 0.41836320174771213
418 0.4259378596319571
419 0.761889367474687
420 0.5489290832452911
421 4.043071621859039
422 0.3824878709646692
423 2.6683243660204052
424 2.2497145328136274
425 0.01216910824948658
426 1.2632475756730508
427 52.65083419132212
428 0.3469414629277569
429 0.2848327279485818
430 4.214036133878132
431 0.9656325749678957
432 2.433257221966212
433 0.12361690985994067
434 1.2052595193795328
435 0.155810784955408
436 3.2295205529821804
437 0.0008676238344363879
438 0.9649022680744924
439 2.3561369782113397
440 0.6180013059608063
441 0.38865776547021486
442 8.134737146123845
443 0.19378754095196332
444 1.0167697872786576
445 3.5593752013679776
446 0.28503412344159457
447 0.19192431386399816
448 0.030742866073666806
449 1.8689920049848607
450 1.785293192837206
451 0.3157836450752461
452 1.5018227389864132
453 1.231181080426087
454 2.6039413236583595
455 0.03701381687629851
456 0.08300472156550812
457 9.68159069731492
458 0.10422261533107681
459 0.27511845102898486
460 2.8505282289831286
461 0.03092721465336581
462 2.3706406819148316
463 0.7981989099850607
464 0.2651141318247314
465 0.4475358678178295
466 0.4295814123809342
467 1.0582240310569484
468 1.905890727637363
469 1.2377348046452017
470 72.89366851748005
471 0.631324764279072
472 2.034761327778494
473 1.7215802367180393
474 2.020743750194641
475 0.20523810722808344
476 0.6607107401263426
477 3.8397369646006787
478 0.4294780248450206
479 0.44976058870094177
480 1.0688104472140512
481 1.0927237894117117
482 2.219414540043039
483 2.843255121799102
484 1.5104549745393816
485 1.4468060163505327
486 0.6828056072817285
487 0.4988298247331091
488 0.2542045815083199
489 0.23979458507782894
490 0.3508279995096956
491 0.4307141453469156
492 0.2205067958026739
493 2.357948050793987
494 8.604294251420372
495 12.486355959181578
496 1.0219338508024867
497 1.5308565359805824
498 0.8502041380939223
499 0.1842135633640305
500 34.73384740418773
501 3.127287643932183
502 0.07037121536950534
503 1.2207270492871083
504 0.05554368308503879
505 0.9837263096135199
506 0.2844161172200437
507 0.0016487286160888918
508 1.3388706844210914
509 0.14055998745049167
510 4.251708187670341
511 0.21239943922925159
512 3.2757399518051806
513 2.1394009957683746
514 0.33248479229616135
515 6.982038760086719
516 1.3753865183888037
517 29.554850130947862
518 0.707251082160417
519 1.1297166370013243
520 3.9956871968270096
521 4.91037576522095
522 2.500114726316491
523 0.6592748159920595
524 2.3163413558270434
525 8.439470320560682
526 1.6278956412324554
527 1.4724141076214834
528 58.55321729701343
529 0.7863751679483804
530 0.25237055832612215
531 0.0595886850835717
532 3.0993097115543264
533 8.017808795793348
534 0.7155861572962408
535 0.9991303599694131
536 1.980076323553094
537 0.34489500784912364
538 4.229795504371461
539 0.18547384815268161
540 0.29694104198576954
541 3.2330216392582174
542 0.023559728902405926
543 6.142481762128419
544 1676.9832195605356
545 0.4894872695131786
546 0.297818229993881
547 5.232983130518489
548 0.25590178301553046
549 12.281872848254016
550 0.37315340903809824
551 0.07664316190058293
552 1.9187834723450978
553 12.143984179215165
554 2.5256195287586687
555 0.24379698696640525
556 3.2803115946337775
557 0.04314625971784269
558 0.9043614777056044
559 0.15256139845657313
560 4.0766880160174965
561 2.5886987394112375
562 0.12776628219558864
563 1.6805538107403775
564 1.7684642418561918
565 6.624641859683103
566 0.45608123734501665
567 44.331602911391
568 18.186603666118234
569 0.5809905097828245
570 1.0108996945146125
571 2.8377890532126453
572 2.3879381405288123
573 3.2668154361693507
574 6.784228478185886
575 0.4498989011764787
576 5.15057830333615
577 0.05789137819819475
578 3.961313676659352
579 0.10590033106374805
580 5.184191693319743
581 0.34307842753275863
582 3.4037991518172266
583 1.0841951910288137
584 0.22950654618521577
585 0.9809095637935613
586 0.3519136608545593
587 1.2827810479705168
588 0.450253200838651
589 1.2825865075006444
590 0.08449618588020849
591 6.436763717869345
592 0.7327823133840117
593 7.178383115227542
594 9.933496943153969
595 0.930461154520478
596 41.62225010599421
597 0.6720704600543277
598 0.16163739824629667
599 0.3563112114526092
600 0.1722583816879428
601 0.45093993983504604
602 0.4641432879133739
603 0.8260669789502563
604 0.39588794902378627
605 1.3076890762460238
606 0.6150196679487617
607 0.06250670695673399
608 2.3609059230624894
609 1.6551432297691064
610 1.6835730749267745
611 2.080884881846162
612 28.912093571845823
613 0.3981128458957416
614 0.22138810656006824
615 7.511044087134714
616 2.1785006082118117
617 2.343361098233196
618 0.37632373411572967
619 4.947788602175547
620 0.5690123738210215
621 4.61664679613461
622 8.40879215995779
623 0.8928845015738345
624 2.120812927860252
625 2.1099881873739763
626 7.72554805328555
627 0.1048428348013663
628 6.821032845369205
629 0.25926755576399957
630 0.31141513827497913
631 1.0847823687135985
632 0.12432041607767907
633 0.40008146860806015
634 3.0623132638497346
635 12.648759665947603
636 0.5758505926619374
637 2.1283681788160234
638 0.04663893623843174
639 1.1025495430028938
640 0.43468576911105566
641 1.418577013592285
642 0.7863227872637122
643 0.27167608321008435
644 0.11749560904802568
645 5.10781443779301
646 2.941004499866271
647 0.09751637756497296
648 0.11392635124500591
649 2.3640553319368176
650 8.362034292538848
651 8.603484716576684
652 0.2830110626129999
653 15.126050499439927
654 14.268548922966671
655 4.170048730134384
656 0.2905400508688734
657 2.0212939137182904
658 0.7576408604267731
659 5.2810493857670044
660 0.8260603766422855
661 5.17516251079756
662 1.2101867867518699
663 0.23724173405569757
664 48.44831624815256
665 0.3920095911362926
666 26.657527689361206
667 1.8873768687422354
668 2.8752234792129827
669 1.794133527993391
670 0.6206112927501819
671 0.43245584074171295
672 0.3245154234773252
673 0.650799856214081
674 1.527945280186264
675 0.30489648666640784
676 0.11553085874153911
677 1.6327559252672266
678 17.08834985497482
679 2.5294430585013177
680 0.11824187509275419
681 1.5218027452598268
682 0.36562019358443104
683 0.9063510679786722
684 0.4175206189036375
685 0.6143420146070175
686 1.1895949143589166
687 0.8115192506555485
688 1.589997786071045
689 5.610661114772598
690 0.9659858349923833
691 2.7680022352448157
692 0.2518166915236048
693 39.65100867865246
694 0.27731810911135435
695 2.7908573942188277
696 5.650223707539101
697 1.8421022977008619
698 0.042970817305154875
699 2.8223955287192153
700 0.6753195159108386
701 0.976659429817022
702 1.194860164998471
703 0.15647085551874437
704 0.662376482871443
705 8.987062974667003
706 1.312686463217651
707 0.019788010234280368
708 0.46415692805374764
709 8.130282651540757
710 1.45414946095709
711 0.613780458898167
712 0.007268594791503398
713 0.9788934406814798
714 0.44896432772821304
715 0.01010310283667113
716 1.291485842134096
717 1.987947187604851
718 0.758156555280753
719 0.6368055552108671
720 1.4841532466316536
721 17.613460946292694
722 0.8521870735141338
723 4.644245004646014
724 1.352011662351774
725 0.12853153128008307
726 2.5736343470966676
727 0.4407020318464027
728 0.016084376303455487
729 0.5685822462120256
730 5.372585294638112
731 5.526729329883581
732 0.22232089758800386
733 1.0739227242072824
734 0.23856912021523755
735 0.6690338646622721
736 8.949674259612385
737 0.1497062084443074
738 0.22975730835529815
739 1.2246712755662792
740 1.6171912664120214
741 2.485246258036524
742 0.1866663414379793
743 0.44020889792134854
744 14.421349333534291
745 1.1158726972206876
746 0.9163798885775016
747 5.785453718736024
748 0.07478377401688518
749 1.0604201809708613
750 1.267656614153465
751 10.95982664937577
752 0.3934543780733416
753 0.7205884854858958
754 2.147574216040505
755 1.6425003949369317
756 0.3140385085444802
757 5.858938783815574
758 1.6974703323916955
759 2.5287947062345357
760 0.04648643864713283
761 0.030053459860800734
762 1.3754905629529321
763 99.19387650815898
764 2.0921121754932157
765 0.3298430451241968
766 0.7497047803295369
767 0.12872016443853704
768 40.21584167222028
769 1.1933688753848957
770 2.136271408065176
771 0.048652677671106065
772 1.9534278479123877
773 2.9402696462751243
774 0.5508193863676017
775 0.32822714691689925
776 9.309984244410325
777 15.907769647039554
778 1.2537013540784288
779 2992.9340962237334
780 0.7342902551999494
781 2.443049317488638
782 0.16856456286010058
783 0.116284023348695
784 1.222946652406396
785 0.5508833102196442
786 0.4986918566601336
787 1.4658892086236375
788 0.17288840691613458
789 0.10371141259575699
790 0.1772101261395748
791 9.92818129773864
792 0.7872742873666905
793 0.3790445047762595
794 1.7060988069821792
795 8.001536830088709
796 0.20786448034650656
797 0.9639159754283557
798 21.32144245963784
799 0.5766347769342045
800 4.006583798014163
801 1.393932747058876
802 1.1192482536891915
803 0.14014362152333792
804 3.4845765551486285
805 0.9735409146729515
806 0.8164854746014008
807 0.34807133922631533
808 2.1059757289918375
809 0.34914009708411886
810 1011.7949613341361
811 16.32087097193023
812 0.9032414051444085
813 0.2668275154957727
814 1.4305960145611174
815 0.18250472460960673
816 0.03903844153155838
817 0.0037467127208422866
818 0.19047167336241166
819 0.8468958305286711
820 0.08193406147091935
821 137.14097377312706
822 88.13113501577652
823 2.3766911829844175
824 0.2343511662908356
825 0.19752931807020535
826 0.46119875606732624
827 0.9665286017776709
828 0.24273491747191842
829 29.682224258857467
830 3.067313762289722
831 0.4300565161817877
832 2.222801079543846
833 0.17410106440486464
834 0.7070376743748275
835 2.995996093022648
836 5.559225012776744
837 0.7340980494531215
838 0.763606051119631
839 0.07484647766428734
840 3.386517191909369
841 14.309801668277386
842 2.571523569391254
843 1.080954739051814
844 7.138650545192433
845 0.0012232531748146663
846 1.48631408808305
847 6.626240720955431
848 4.4384768677482205
849 0.09183938638743964
850 10.642221088523293
851 14.706300502081275
852 0.27384050527604503
853 1.0124984174973646
854 0.05981443181530708
855 1.1426003978388641
856 3.3988437298078273
857 5.725431129688777
858 0.13453764962260525
859 2.2857515255919076
860 1.153990188815061
861 2.3294609214916737
862 1.52820341741794
863 0.5543482577557054
864 2.428152468006975
865 0.743306197756693
866 3.4752480750070367
867 0.487136731811061
868 3.5164177084514607
869 4.287617484282312
870 4.749284303668798
871 1.068220899428719
872 0.5924580919649399
873 3.360479655462602
874 2.042191930696584
875 2.89273109703127
876 2.048354431672922
877 0.13697706283843267
878 6.762954164958875
879 0.32320008106228604
880 61.43356670672973
881 0.8951055026757515
882 0.07019285801514648
883 0.5616190915934639
884 0.9029497726673027
885 0.24197094249262646
886 1.845421120102573
887 3.7612788076263985
888 8.324726426271194
889 0.0363747455051011
890 1.2455050923327993
891 2.403557515979592
892 0.24220732674798492
893 0.34786269448875057
894 4.1239947211635695
895 1.7339592220281905
896 0.5887197684628682
897 1.6563858970946488
898 1.69106718910192
899 1.0992409426592202
900 3.7922801811394864
901 4.972985714601789
902 0.8781190125104164
903 0.09904104631832043
904 1.9444775672773826
905 0.8001759186578242
906 0.014403855012475065
907 0.02801663331683162
908 0.03852152237861929
909 1.420663697288814
910 0.8990885593590425
911 0.45105229692782123
912 2.8321285939790353
913 2.167549095279298
914 4.145547858106055
915 0.5878512498389233
916 0.8555306636493046
917 0.7857461105020972
918 0.8336585433289697
919 14.445384817138235
920 4.356686462425341
921 19.62027484699196
922 1.8015561893922232
923 0.34518101297606496
924 0.4714760095779366
925 6.8145085524432005
926 6.579557834232415
927 0.14506245304547594
928 0.07753409947017748
929 0.4656683983930145
930 6.73924482377218
931 0.5862422235848103
932 3.3955839231902316
933 0.2592199800446943
934 2.2176365315883997
935 5.780484540955886
936 0.6571817970533411
937 0.9365733765503012
938 3.522341408740462
939 6.754596661256195
940 106.39991349225025
941 11.84363262430158
942 0.4707540225668205
943 2.366748653959668
944 0.8333023539170126
945 0.2368697715213505
946 0.5145339509239761
947 0.9503534677678108
948 0.8100412764073495
949 1.1313168752354013
950 0.23774097061562538
951 0.5910267058773063
952 3.130206580368182
953 1.6504493467396817
954 9.943512096437699
955 0.8800359887377667
956 6.17398013557203
957 0.5961949889048478
958 0.5747419234039632
959 0.27441402217065686
960 0.22668461760059708
961 0.7311033838978247
962 0.16089555309886808
963 0.4385478656522989
964 0.2661623228115006
965 1.6742388822187835
966 0.011874986754598058
967 10.061776092620939
968 0.4269341986269812
969 1.319144905083872
970 3.121778425339581
971 1.651856640584181
972 1.4111001641355685
973 53.72814008086383
974 3.7653598348524966
975 0.38862427867724253
976 2.9370889981843122
977 1.3346254622928124
978 0.08563000995143383
979 6.653355588692156
980 5.279064497604345
981 1.5230480528839
982 0.7303351052394769
983 0.9882320810532255
984 0.10638157939845702
985 4.065141382681694
986 0.5774161373794372
987 1.8573541231009596
988 0.07264715891465308
989 1.4250799787226986
990 0.5742473587096607
991 0.05990007207643257
992 4.415852725295094
993 26.970802148423832
994 0.46797701583171114
995 3.5480816599711966
996 1.735008300754355
997 18.575919951491326
998 0.04049876419387134
999 0.07079373092165897
1000 1.1844448912557242
