1 4.194255762115283
2 0.5804990717403379
3 1.5844194053941807
4 0.06528881619704062
5 8.273090979384598
6 1.8779840203332774
7 0.37626851398294636
8 10.570475770198362
9 3.6830383065924144
10 1.088557819628308
11 0.4732475269608463
12 0.8919352254395763
13 0.03484360219945695
14 5.420534377449487
15 0.5530152864890103
16 0.023516366154236332
17 0.29115412885731934
18 0.9311467119785344
19 0.18968251637355396
20 2.3339366015842105
21 0.642411406937324
22 0.4024344376657761
23 9.407506759735387
24 0.9382928572653777
25 0.3488359482609133
26 0.05334585838353785
27 6.247060405808531
28 1.9490506990956449
29 1.1605245532488384
30 1.4851518542836972
31 20.261799193173093
32 0.8500576626636933
33 1.3187191329017334
34 1.1042927321167537
35 2.037018544409896
36 2.346082215732971
37 7.323484537684013
38 0.7668028273634188
39 0.18326310784242666
40 9.650005215604846
41 1.5374395990091603
42 0.9388582433193206
43 0.26026789200756
44 0.4468449444976703
45 1.5323769420440947
46 5.2942657383234195
47 0.265935282186625
48 3.4995672686232973
49 0.00487185876302909
50 1.4027687520783514
51 0.6176869697327391
52 5.013934761385313
53 2.4568189485403846
54 17.892316825784867
55 1.5511694469801791
56 42.71853495732031
57 0.24018128013626416
58 7.447827216435
59 0.34938442186876717
60 0.019100644801443276
61 0.006264957043896845
62 1.9142030033563187
63 5.9219382514855825
64 0.7418706639042799
65 0.18108558795256557
66 0.14878021627242471
67 1.971682025616648
68 1.8082486120638726
69 1.047332231563548
70 8.755622877458013
71 0.4070891092107586
72 3.169819568969871
73 4.311434424562805
74 0.24794705013832544
75 1.2692253766439572
76 0.5624751494796084
77 5.962538936168168
78 0.5296787653552295
79 12.711332163825258
80 1.0256390792961791
81 1.4761421948009237
82 1.3053200198730672
83 0.9448021593796557
84 8.549897402414626
85 0.07529141367660397
86 2.4996264669542643
87 0.41927260500792324
88 0.6292250880813236
89 1.8992525239585882
90 6.301479189350444
91 0.057897408783196644
92 0.44184819380050167
93 0.18838254382774797
94 0.16624838609208067
95 1.1902490806862023
96 4.380409669727842
97 2.0670694822605085
98 3.0408312329790856
99 7.464067064163066
100 3.521116360439685
101 0.5855719010756865
102 5.247514205307248
103 3.7170019017353817
104 0.10350273773868862
105 4.855808200873304
106 1.9908813099077158
107 259.83916872810516
108 0.8510132871943117
109 2.0155058808973916
110 0.4905426741508137
111 5.766272920220693
112 3.7571482804318883
113 0.3528966522703496
114 47.744977901553234
115 0.4491794515495163
116 0.532742703024785
117 0.3661471033726272
118 0.22480559438208594
119 0.005325506747054251
120 0.18461625897529602
121 0.7463189652473187
122 0.12142043973468479
123 1.1432647672538363
124 2.2777117556332835
125 14.624826220265613
126 1.1533698384154638
127 0.9440163154785749
128 0.08871565719028045
129 1.1439648034811845
130 1.1961247219374354
131 0.32680047439902365
132 3.001853429439758
133 3.06329561906296
134 0.18370589643192395
135 0.3389511267664156
136 6.5590287068826525
137 0.08584510463559454
138 0.09157162848567382
139 4.245595467517899
140 0.5081187087506389
141 0.679580836804557
142 0.6055773991008914
143 0.057861810212441474
144 0.008883837510084218
145 15.333751773495408
146 4.317716467676194
147 0.36266659967090553
148 20.383708183958547
149 1.5211127834643008
150 2.321163296898499
151 0.02158346474107333
152 0.6971765442316379
153 2.1094431160142864
154 0.2835452546918771
155 1.3896294301816654
156 0.3415703050097819
157 4.500899062996335
158 0.6668053841087664
159 4.53370811165179
160 3.2102409302099075
161 1.483536019886259
162 0.32897966545981516
163 4.613111391107161
164 1.6605229916153954
165 0.34077317886848024
166 3.448664535576038
167 5.860770113445688
168 0.08206249844554384
169 3.799293105966408
170 0.6038356542629851
171 0.17105372455246104
172 0.07206424722799672
173 0.35219623034387965
174 3.2477719892486703
175 0.45919584020671167
176 1.129490609892223
177 2.405457699644794
178 0.2238662827828241
179 0.04297677816544383
180 0.15765668301304978
181 0.20615439558429358
182 0.22708788722435777
183 0.35961729370736
184 0.9962396497207179
185 0.19360917354289955
186 3465.7875707170456
187 2.6501939943423336
188 0.8202673919841499
189 187.145094383796
190 0.2687308791125155
191 2.732828779661424
192 3.4975614751654818
193 0.6813504664984937
194 2.925819741708591
195 3.4470008412318585
196 0.036415422215578586
197 1.8212629906221198
198 0.06306061838176588
199 0.6049618090635351
200 0.21916563697499203
201 0.8827024002253686
202 30.43653088320201
203 5.121538933178687
204 0.733828676440072
205 3.1838544871647523
206 4.330333014308256
207 1.7662934534658015
208 1.2019872709686308
209 5.467078998851449
210 0.15364111813411863
211 0.2513945820383418
212 0.35136129148212614
213 1.1819317820011703
214 0.30117633534463606
215 176.90127818704465
216 25.95476759911094
217 0.6100602836234835
218 2.3022526482334866
219 0.49914705160572065
220 0.12164986448314362
221 0.1694262087651699
222 3.0079455435219504
223 3.669904732156775
224 0.056655456678056854
225 0.7094054151155618
226 1.1619615929733735
227 1.4917402833917182
228 2.0430350903530368
229 1.7156257120884604
230 16.228135906769154
231 2.3777756706069493
232 2.27892980609673
233 3.2166052801143383
234 5.991191254878468
235 9.212396860675677
236 34.58914696821652
237 5.100441225223518
238 0.3580575564726471
239 1.8016350470840463
240 1.47453421468901
241 9.289664931232805
242 6.9264013188834985
243 0.9237494699730381
244 2.4610117617455356
245 0.8510927803084886
246 0.20156721932077437
247 86.11995593430954
248 0.4065852729334942
249 0.49364149670044954
250 1.2051956593396898
251 0.2115540671300627
252 6.555444169154066
253 60.271157662640356
254 4.022901865530789
255 1.061288919513632
256 1.2838012364369258
257 1.977114978358528
258 1.5461120372229207
259 11.056729130660345
260 0.20808605697995955
261 1.1123304940492122
262 0.1970561466572254
263 1.0350595752588683
264 1.8849062249273645
265 0.23343747664649012
266 0.8450854731359667
267 0.8540651174669667
268 1.4440401263940774
269 1.7004317679612573
270 1.6649853234265792
271 0.049519085730519684
272 0.8526007569242031
273 0.37783156958207414
274 8.037083893930083
275 1.4707780204157415
276 0.11188730580146403
277 0.24146285880216226
278 4.782101700024974
279 0.4763138248622093
280 2.3091988387406555
281 0.07481501347219398
282 0.17269362964560844
283 0.19079854385999487
284 0.5395633965195238
285 18.480214365498977
286 1.7455865164632898
287 9.798637431800751
288 0.26770462478406165
289 0.17188645298420077
290 0.26987751288253203
291 0.9247995157976233
292 0.46088314763320337
293 0.6680845742743111
294 0.3832763910697118
295 0.74145231092334
296 2.2861182144599193
297 0.5976816233975585
298 4.746907969026305
299 0.24525390875823552
300 9.780200781534774
301 1.0832034132431398
302 0.9218757782899488
303 0.1944112726886111
304 0.14122373066508256
305 0.5871886470000467
306 0.07455087433347156
307 1.9884304127364323
308 1.5648648077236327
309 2.9141163155387044
310 0.5177665587824195
311 0.08331591912406046
312 1.1102516218598522
313 0.34012302810702194
314 0.11549380596250014
315 0.24772270113148326
316 0.6375507748605079
317 3.930207993500844
318 8.664768655703101
319 0.972878446581774
320 0.9431995618180813
321 0.6376902580960027
322 0.21511200503287992
323 0.21542243106619788
324 0.18616477923501437
325 0.5637757544631583
326 0.7757844379404402
327 23.71886095427086
328 11.54731275511556
329 0.47697799166636773
330 5.393529053443518
331 0.27386341149673993
332 0.08184302037587893
333 0.21816997758057818
334 0.10866809138839983
335 1.4052690375809243
336 2.268252993323608
337 1.9604756554784644
338 0.4369217853147845
339 0.8729238363476342
340 2.179607595559703
341 6.6404038731575765
342 0.41347962151213696
343 0.11346658069322452
344 0.16585715721030408
345 1.8033743430980458
346 0.9475567378915705
347 0.22294128986541756
348 10.905979005362171
349 0.2052665567898209
350 22.620310726177408
351 0.8679271093041222
352 0.3838681378881567
353 1.9201601667400412
354 2.5850537459847045
355 0.31816772554559436
356 3.277314423049457
357 0.6605725394699405
358 0.005465391238533133
359 0.5854829616173938
360 0.8613646839317047
361 0.21732212842048126
362 0.6703837896447185
363 4.1331729926193
364 8.612540137782732
365 85.04189664507926
366 0.4027925111227503
367 0.08297403326897805
368 1.7027821916761121
369 3.6685372795592146
370 0.2738769200420872
371 0.37272634593803944
372 0.29061039601529065
373 11.54688205730002
374 0.6656898666006776
375 0.5337689859333974
376 3.2515663431523403
377 0.042141990888357114
378 13.757975619349722
379 3.6300780950711937
380 2.8106542454022088
381 8.41181826514298
382 4.464967711153659
383 6.736590581470671
384 0.21712134029168004
385 1.344606142179606
386 3.179433275031289
387 2.796697908360044
388 0.5070600323067712
389 4.86893843113647
390 0.18561097866667894
391 0.29061002084444154
392 0.6756762154926071
393 0.7859123162906928
394 3.084967196161353
395 9.61888089048428
396 0.5045064589956352
397 1.1373749917690439
398 4.273012679693004
399 1.0052986405388087
400 0.7146246367856436
401 3.914660905571972
402 2.4963132463488495
403 1.7216877083385582
404 0.7963036091568563
405 0.28917993328459296
406 2.17150304551227
407 29.165697461459395
408 0.6536496724190732
409 0.38719877484426013
410 7.771936009635731
411 0.2837561969500419
412 1.2411589836312984
413 1.2516511226700493
414 0.3921668630062736
415 0.060291087689103955
416 0.4966264390871317
417 0.44390988123319325
418 0.9873590345115033
419 0.3038410875797764
420 0.012704917676158283
421 0.058912908481857984
422 0.43105630047458937
423 2.345174838159917
424 6.821636845470824
425 0.06511372831147211
426 8.282045261073621
427 0.3002722896393302
428 0.656049205437525
429 0.26160282959347825
430 0.15543879197765098
431 0.15714906982449503
432 5.379786415478877
433 0.7736223187384716
434 7.586967891306217
435 1.4300862787026232
436 2.374725682546802
437 8.46775951180962
438 2.5648159857021176
439 6.06522827751638
440 5.533668195934286
441 0.9542819711389716
442 0.4915414247062596
443 2.264742400482521
444 0.5194920282368136
445 2.7389889954761735
446 3.859753526063632
447 0.13484677383521013
448 1.5277054520678268
449 4.965761464461827
450 1.279556988131721
451 0.12865064771934054
452 6.572105347615125
453 3.0897172697788333
454 2.2706296744982906
455 0.5921508575548206
456 0.007293756610235147
457 0.020259343509582074
458 0.06527829368698865
459 0.31268709725078436
460 1.8044241460655335
461 1.182858368254686
462 26.557148967377227
463 0.6185716206686309
464 1.6528650624564414
465 0.30865016492234576
466 4.147834203424903
467 1.1631160776395304
468 0.32831758025212054
469 16.32141683660602
470 0.807134865207967
471 1.446893791923136
472 0.1691925242544318
473 7.2212328708417575
474 0.5759669910159978
475 3.2060094155086736
476 8.207890180955046
477 0.025912958214614507
478 0.0010142665451475105
479 4.066195188553975
480 4.186005628127266
481 0.26748013831862466
482 2.8723004366161464
483 2.485468081153754
484 4.55377376621082
485 13.407734068094072
486 1.085283730842621
487 0.05239420514839216
488 0.9248352236170407
489 0.3379129547876429
490 0.10669880341179808
491 0.452669306135065
492 1.7559323568686656
493 0.3027144905255645
494 2.0766228623976213
495 0.6179108085233068
496 1.4098185720377077
497 1.5221628921153731
498 6.236826130402591
499 0.4677944844516567
500 2.532801676406178
501 7.135364201301685
502 1.435267900212177
503 0.006974156583732375
504 6.424190782055138
505 191.01670725007565
506 3.2828051284092656
507 6.911639539285287
508 0.9761753094290984
509 0.3628937486078465
510 23.26164267646704
511 0.25107112309752966
512 1.0694275880258945
513 0.6765716035521522
514 1.936110431699984
515 1.0715233570184295
516 0.2573145798537491
517 0.10004911933920282
518 1.1592435286108298
519 158.52156618766855
520 0.23654923308771392
521 6.244895553932178
522 1.0605500770640632
523 0.053268448362359964
524 8.711465378822506
525 3.3309222385481814
526 1.4624249184266973
527 5.813653476303043
528 1.1354270169972152
529 0.3317071327104211
530 23.306554834899938
531 0.45576656773672963
532 9.253229950128418
533 0.5562134700102143
534 31.906035410257818
535 0.3962854165971643
536 0.4338505353132559
537 1.2623307718356653
538 0.2591981592831795
539 17.57689464693515
540 6.131349107015726
541 0.6053949753064466
542 0.4496683657968781
543 4.702171571682091
544 15.844394923191519
545 0.6261278350508939
546 0.3359793899864961
547 0.3407397245779183
548 1.1979846986895548
549 1.346609515489408
550 0.19081410669221782
551 2.8258934397999695
552 0.22151224383191195
553 0.6689028898782312
554 1.9458902015679254
555 2.4908842064616143
556 1.2567702516183938
557 34.77222092184133
558 1.0247663086227838
559 0.7286276867533974
560 0.516695374575176
561 0.3573320524560455
562 801.6422242143781
563 3.271719174264071
564 3.5888133032774925
565 0.16316147680301527
566 0.05424062195474567
567 37.41704787924199
568 0.4693809481149467
569 115.12250678371512
570 2.019875206715052
571 0.857755821504438
572 1.9954454247333822
573 0.007109861970938793
574 0.8308931994706761
575 0.021512837116186363
576 0.03950142704899307
577 2.983189397198391
578 0.12649646396018932
579 1.6918124405558066
580 0.4907527550513826
581 0.4499897007890323
582 2.668987297950595
583 3.37594309428963
584 1.944097073880235
585 0.09253532340791842
586 0.22452314224264994
587 3.129984406458936
588 0.4332501104284158
589 0.12401108897175749
590 0.09679281523497527
591 5.8108832543748585
592 0.005284360329265684
593 0.6281787797053384
594 0.8427556103320438
595 1.005188436558364
596 1.1322367916969602
597 0.21429381901720218
598 1.289402466849313
599 16.03688830443118
600 1.2116074457712511
601 0.12868530007921664
602 0.4424906741341731
603 1.054751527814956
604 6.0344864523764965
605 16.87263441036971
606 0.9916242749345818
607 0.39489639432355406
608 0.5191863731984282
609 1.8500533407121198
610 0.26907976077415563
611 0.38465934001974217
612 1.0151824170449089
613 2.3798846560441507
614 23.28142179477814
615 0.0569709688080411
616 0.24913570803529264
617 7.592004790258222
618 2.191749027285136
619 0.36979805528510684
620 0.2419943316113023
621 0.09545392643518918
622 2.0960327584669076
623 0.07415849267533602
624 1.1768227649185528
625 3.321626991781501
626 1.5076080455548948
627 0.6389154212776287
628 0.7048390006957403
629 1.0939814916292943
630 0.6580934969404203
631 7.151525216994433
632 5.69833605311043
633 2.7910405254064727
634 0.18217919747758804
635 7.510375210885988
636 4.802133989977911
637 0.08574867460550145
638 0.011786929283567525
639 0.7712625685669863
640 3.842992853097681
641 2.20765519607959
642 1.4290507797504632
643 3.4799489196177436
644 0.5578359308744647
645 0.7894547249737782
646 0.09044281143396861
647 1.0037329538742046
648 5.14306327833856
649 0.3053372831243078
650 0.2836575367225741
651 0.07971298935897332
652 0.031904340501141784
653 1.0940400856437607
654 8.140534937590882
655 3.4972007256147895
656 0.8057134638819625
657 1.541428624946629
658 0.27602815081574056
659 7.468692379843036
660 5.35794405204306
661 2.2052235968017526
662 2.0407690669376857
663 0.09588745385252316
664 0.739396019595757
665 4.493925882921391
666 2.0597446726385478
667 2.368513367255673
668 0.05702143716558115
669 0.07958148120423003
670 0.24312312598221716
671 0.5196757605458115
672 0.428732898602183
673 0.002431068607638481
674 7.922664321605201
675 0.20721761578889836
676 0.4960712439134001
677 6.656097561622208
678 2.579169257680312
679 0.29451297252629915
680 0.07983127267121976
681 0.045000842762565586
682 2.6163807945245177
683 1.5084707078984416
684 5.905341994224626
685 1.0339172249403812
686 6.709193423042065
687 4.278055317006161
688 16.629107030118615
689 2.4788662597709616
690 0.3331744464192197
691 1.053565188154179
692 0.04012332487426491
693 0.4332069532268909
694 0.07117084990189718
695 60.56597622272292
696 0.9795448339255941
697 0.2330069059080916
698 10.637476447738505
699 1.5207716207793074
700 0.47084163884091107
701 4.233428957104389
702 38.38978848929006
703 1.1050206056380834
704 0.17308873741540376
705 1.6605097988055582
706 27.714816940384157
707 0.11391557663764526
708 0.5488706316255946
709 3.6171933226339497
710 3.2319093026982886
711 0.10894601934457869
712 2.7027679777638296
713 0.4517712802638415
714 1.068037012585537
715 5.117765947586423
716 0.01984363746662248
717 2.4624355318737305
718 0.23533039833375946
719 0.11253219947604594
720 2.172333461964903
721 0.21910377511528764
722 0.0009075379424054899
723 4.760901071257791
724 0.36396243735933703
725 0.2962395341519429
726 0.08328302925928105
727 0.5232998720620979
728 1.9800047229527427
729 0.07025834846472728
730 12.16530533757592
731 0.19867295528887863
732 0.16520872812670492
733 1.893361733075101
734 0.09761384862376689
735 2.3631725057635573
736 0.17016607068021328
737 9.17132762456264
738 0.41437037345307104
739 0.04679232253231715
740 13.042192992107266
741 3.292161622623648
742 0.10290392819247232
743 1.1967722818076474
744 0.041183703579050816
745 22.385821182617903
746 0.48321243916581796
747 2.127069867245054
748 0.4916711120958628
749 41.365789376198975
750 1.1486648188933506
751 1.4473459630375447
752 0.7867458724191585
753 3.3683849175577896
754 0.17263468286552053
755 2.564549390150771
756 1.7459423056226067
757 0.27395573473550006
758 2.4092735295561214
759 0.5666566825973948
760 7.205280709766281
761 0.8806795157984167
762 1.2812656529005109
763 1.2494092135163266
764 2.9542205371730614
765 43.58294420545468
766 1.0078513889288931
767 11.10413621423917
768 0.5202740753288424
769 0.6452896724662003
770 0.47494501066089045
771 0.33707685369787177
772 4.675233985573417
773 0.7286223584284804
774 0.3216786147384117
775 1.481394311202469
776 0.17572577246514826
777 0.5474349901013711
778 1.4086580795038395
779 0.40092768159429437
780 0.38144575942811715
781 0.8801260415556231
782 6.252552232979588
783 36.664169445546044
784 1.1078065785991138
785 0.5065979708004146
786 0.20256574518469977
787 0.01826760598576341
788 0.03617928118085134
789 1.0446343989403717
790 1.4555502328435892
791 0.30664901666411254
792 13.729151367041698
793 7.998115924896475
794 0.04380091919567963
795 0.07821878625799322
796 1.0106078849462843
797 0.28067911939957446
798 0.3651748349409961
799 32.450403526735585
800 2.996460946820694
801 0.18692042690651828
802 12.387353926774246
803 0.886938025421532
804 4.873860118505374
805 17.58841003929746
806 0.11265067407653137
807 2.005222568327181
808 0.9481188823788239
809 3.533124814080549
810 5.272918208362328
811 2.646197271048712
812 0.8831395218281645
813 2.154139997098358
814 0.2612416664529776
815 2.0107304768809797
816 0.5061233553614459
817 3.259109066381161
818 0.37962816229118185
819 2.559820721987928
820 7.93760102144279
821 0.5130220587134682
822 0.412090230309854
823 4.1337207260366835
824 4.5748682242597525
825 1.7156001673849677
826 0.8024168177315609
827 0.15890342865352974
828 0.09825711870774581
829 78.73893646730235
830 0.1974701060121923
831 0.3170321469191289
832 0.5137556896652643
833 1.644060327769302
834 0.9833133819111265
835 0.6713544484830826
836 881.3030935881748
837 0.6918625579459904
838 4.216212405472011
839 0.3726372222185709
840 1.1616225745031672
841 4.435474536016473
842 1.3876625457440317
843 1.5348162132801404
844 0.3089294038559126
845 4.624143293239837
846 3.232261143099217
847 4.618135402362221
848 0.734029790870141
849 1.9839250935147543
850 2.9111556902084414
851 1.9254748299885531
852 3.3561501276624983
853 0.11367819602454929
854 0.4346248153058429
855 28.433968003880356
856 4.900052634517858
857 0.8089261609135818
858 0.41927463694315154
859 3.3537960505468964
860 0.209140061570854
861 0.5447805188026777
862 0.964449123856306
863 0.5983041355645667
864 0.18808774999483016
865 0.09517246000957247
866 22.81004423914606
867 0.44022833563242825
868 4.430772956590573
869 2.3886222462798328
870 0.24623480324506308
871 1.4866069195491969
872 3.7883646651466516
873 1.1258155745358474
874 1.0000431322077454
875 5.230522358620801
876 2.0333661757454196
877 0.3867852376787795
878 1.7144673733244444
879 0.29365420798987213
880 0.8282772686760375
881 1.6338386641216538
882 0.11573287817069607
883 2.439008316941082
884 13.663116736838948
885 0.45472735573156725
886 104.85085607728057
887 1.440967919688871
888 2.9396709732723814
889 3.249937920903275
890 0.8916100603155931
891 0.03251443420266727
892 1.9560085923722081
893 0.41252064920531006
894 2.1940007330837537
895 0.23948135500122414
896 3.476788376973973
897 52.111499127994996
898 0.4405863558061697
899 0.46169329519433816
900 0.07026831410220465
901 4.297659675400794
902 1.2733129811743003
903 0.5147748834433649
904 0.3651344627205758
905 81.92974764040255
906 126.81155669826114
907 0.5210171487788061
908 2.0209585395129444
909 0.3542154023810337
910 16.010587777341012
911 0.26226236344358017
912 0.1795196153013659
913 0.15153153120892174
914 0.3696961981806821
915 0.37104546103151764
916 4.676893328285916
917 0.027284944621264344
918 1.1142381013119471
919 0.024739789606004585
920 0.11935240452674557
921 0.3993903295154231
922 0.46864847705729
923 1.2572376045544176
924 0.6024898056402135
925 1.8245151706849947
926 0.5677655563072233
927 20.605683120346846
928 0.21817793876608396
929 0.11249062388634458
930 0.045808846228457316
931 0.933449235482281
932 0.682198736231416
933 0.43411376152724507
934 0.8848925403212116
935 0.6869207947973394
936 0.549231098778545
937 4.650487217404859
938 1.3565138398440566
939 0.49540734513720464
940 2.114720157845411
941 0.30268857161508483
942 3.2470603963431706
943 68.11024786984377
944 0.07729123043433209
945 2.2004010619301524
946 5.141598734774169
947 6.096015570672182
948 1.8204905124029198
949 0.14358603381074492
950 0.0966912618420278
951 0.6664035094217562
952 0.5974100295034599
953 1.612127423645919
954 1.0301789970188957
955 0.3884694314653106
956 1.1983895420612705
957 0.6518181274257725
958 1.1192918658583704
959 0.021764278397467883
960 0.5333385011002959
961 0.9342931987340453
962 0.18160790221544512
963 0.17523095952796136
964 3.0558830289752756
965 3.472768486872126
966 0.8385409862216388
967 9.965757031473093
968 2.8610163788522747
969 10.762478332035744
970 3.27567569448926
971 27.89753461745965
972 1.1689341812566991
973 10.901057194821902
974 0.3598364685380797
975 3.231955246625967
976 0.3351434084853546
977 4.5816228631778
978 0.3591611812070221
979 0.1055897779982896
980 0.4190003688265527
981 1.9483174186475056
982 0.5779653696211858
983 0.5286955247002861
984 1.5698955780202506
985 0.10116369837917655
986 0.8588391905228497
987 1.8259582089287703
988 0.2412424990446647
989 0.8507341652828233
990 0.10173607716193385
991 0.4222096905802808
992 0.5188545317771232
993 0.14061416205884683
994 0.46133653921919776
995 9.478678820192531
996 0.12975142745166388
997 0.3633645024257952
998 0.15361874222276334
999 0.007549650274296196
1000 3.1784748658509283
