1 6.608111359976905
2 1.1401555365384546
3 1.1085303218691598
4 91.77475785561133
5 0.496005908954201
6 13.286543357676079
7 0.489737893320719
8 0.8160151443291157
9 28.939765842144343
10 0.20119270585788573
11 0.30917006111662454
12 0.3126994831867511
13 1.5875526275415779
14 2.145288571613421
15 0.00300970553272869
16 0.33395400060674363
17 0.34296642595099314
18 0.0020975139219459845
19 0.3133547166093686
20 1.9119007489012199
21 4.686805505258123
22 0.5099047186618223
23 0.07773625865531004
24 1.4164569290494053
25 0.22481424070400582
26 0.22382576378424052
27 1.9341957604319029
28 76.28741881853495
29 0.39638327415020264
30 0.43682167217659534
31 1.8419654002679484
32 0.666108300075412
33 0.663902262093938
34 1.7542687700356152
35 5.558383839381587
36 0.1625414342588123
37 1.0298286290589858
38 0.6195214198744993
39 0.6783981583755005
40 2.9275769251784425
41 0.34988403046719396
42 1.0857552134456012
43 1.1570941679250406
44 43.49627343818595
45 1.3278176307621068
46 11.397445363042548
47 1.121122369176041
48 2.8651160922018684
49 0.8197302157610414
50 0.37656682714203277
51 0.8617352646166743
52 6.313916662412244
53 0.10381694166980321
54 0.15672928913160872
55 49.54553228318528
56 1.4258294585951246
57 0.4289037951013833
58 0.871280790544639
59 1.5152036590687927
60 0.7324195523556275
61 1.5258212339047006
62 4.854890450119988
63 1.515095517298808
64 0.4219700829215174
65 1.6287182947868442
66 5.33398316527354
67 0.3058322471788201
68 0.9617707741327741
69 0.8612797199478981
70 1.4585380986060181
71 1.2535012302720072
72 7.439447851608802
73 5.6825989494837055
74 6.561076983225143
75 0.5332430874170165
76 0.13419976064316544
77 20.859285411048653
78 1.6165651105702334
79 2.3884520748335603
80 2.659878284507047
81 0.5052273124127263
82 0.05485323143948576
83 0.12455428449668905
84 4.828111321273693
85 78.54390855788708
86 3.1345545650344664
87 25.767397428197317
88 0.05179560765664397
89 1.456301431770474
90 1.709302154718307
91 0.7052493643536163
92 0.44055786379836404
93 0.321296427104843
94 0.44104117611944366
95 0.7485659025914844
96 4.118820656101067
97 0.12483800827085331
98 0.44247699757041425
99 61.61608832717546
100 0.996727305043643
101 0.7476007959017746
102 1.282523794387062
103 5.715274428393056
104 0.24880281079342859
105 0.2422066848569426
106 3.9517279669571805
107 5.89369744120385
108 0.4184634084828399
109 9.425909162598227
110 0.2381630345531283
111 10.016656467887696
112 1.9721947071189212
113 4.493808712668084
114 3.2890162707769646
115 0.1538915470168713
116 38.78412337467499
117 17.27596406424222
118 7.183787460208626
119 6.773458811510088
120 0.3426578595657902
121 1.1453354979345192
122 22.615722879874028
123 7.179589039874067
124 0.5892273676989864
125 0.006186596772912968
126 0.26549926745551855
127 0.32632764409549975
128 0.045865703171815625
129 1.9517338816547625
130 2.3031525722366055
131 0.1580293577015263
132 0.04318413014043108
133 0.5080066184447216
134 3.0562465052434797
135 0.205694905182056
136 0.6643824536295589
137 0.026754569411222433
138 6.304319115153184
139 0.16920932241757952
140 3.4736834111705512
141 0.04218235673752779
142 1.1151785282523126
143 0.4544008115170056
144 0.546417691602892
145 0.41898183928537214
146 0.22357966411340247
147 0.842950671718422
148 0.48414350272889956
149 6.873322603094367
150 2.630181055598612
151 6.169531630949261
152 1.3961642261914402
153 0.9499259503122537
154 0.5253467531934456
155 0.26352353846029963
156 5.37609027325372
157 1.1654392183319189
158 2.9813979993505852
159 2.787260597014003
160 3.569439414423226
161 17.30008044294376
162 0.8099093087047388
163 1.1091151099749004
164 0.5246588202005487
165 0.3295127819618089
166 3.4275712897429536
167 3.8278239488817785
168 0.092633710636412
169 2.8726485855023074
170 0.2779366899881705
171 2.8763619688324433
172 28.348145407478295
173 6.517033315696963
174 4.659019219204156
175 0.02465547582000098
176 1.8607408950229236
177 0.5594541933675597
178 0.05121190287302952
179 0.6748522396297026
180 5.329134360990249
181 0.21356458029403785
182 1.125060311096463
183 0.010451235217597317
184 0.2589111538392591
185 341.0664004336331
186 2.6588328785714856
187 12.510255077078906
188 1.3138358429539498
189 0.3234193667492897
190 0.611493788610362
191 16.40406204026496
192 2.628573299653982
193 0.1628047414945916
194 1.333787698240426
195 5.176694778146993
196 1.370289083811736
197 5.709781937305285
198 2.167375120765522
199 0.3641569844461348
200 172.15134234444056
201 0.6603511253957515
202 5.828304582593302
203 175.02442645275542
204 0.4708975380074068
205 0.15272511144041276
206 2.950766511235632
207 0.19006166304057084
208 0.6715839488948064
209 7.636783063474633
210 1.4691649887992426
211 0.10823067642167003
212 0.13459516741596697
213 2.6520782132475778
214 0.9650544682867498
215 2.037859678846408
216 0.6714392577990497
217 288.93291871226165
218 0.7858718881075855
219 1.0353310447232997
220 1.3124496800311507
221 6.831348101076029
222 0.5773529672016275
223 1.6776283571214397
224 0.2880259653951907
225 11.022309342938104
226 33.08550594872926
227 0.8047687635205223
228 0.013034670075034274
229 10.828632934384146
230 0.18746105193944768
231 0.8051348908627032
232 0.2803134693383215
233 9.161772534719633
234 1.2745177537133598
235 0.8265085013565259
236 0.016636512857298995
237 0.4554856280186526
238 0.17427085564670375
239 0.6705552794009719
240 0.2525532366931456
241 0.4915429641095083
242 0.8584987256752378
243 3.585309463792674
244 6.567025172824389
245 13.991121647492598
246 0.0860066912172312
247 1.980210609344675
248 0.04578189636416183
249 0.4104805622876809
250 2.934928295864542
251 3.3483968122230716
252 0.10795473838988898
253 3.3742248418949345
254 7.859774312448904
255 1.5891794074182808
256 1.1379968554565507
257 0.1114729022720715
258 0.35420944221932943
259 1.2399643093701087
260 4.924089244702848
261 0.12883643125067903
262 0.27826950620593843
263 7.503269818086127
264 0.027324081820563426
265 0.12089588147065437
266 0.06779067919464352
267 0.9019633501337565
268 1.587013506773868
269 0.663598913483047
270 2.4001819820471697
271 0.0005344983886916878
272 6.998328409187335
273 0.6990238785272853
274 0.5274031530293496
275 0.4787810988371967
276 13.837149746162762
277 0.38724030505700396
278 0.8043009928217116
279 8.985480275930032
280 6.948422182958525
281 19.733754615368834
282 0.024385366469006017
283 5.4234073214065335
284 3.1897028348267247
285 1.6656551169632638
286 1.2386350087099105
287 1.2646870759297404
288 0.6938846646840847
289 0.377077472060611
290 0.44962465690840214
291 0.14552464320940842
292 4.78520573869159
293 31.173747772780057
294 0.7807214325613323
295 6.649697943245718
296 0.4227310341970191
297 0.5109913890214409
298 9.959948504994975
299 7.68327811928872
300 0.5305126593205934
301 0.45034226812686073
302 0.8920302843941461
303 0.08697911503705329
304 0.33738950274999324
305 0.2250082729199517
306 0.24013905598250931
307 0.11071781720191223
308 0.13300702909980266
309 3.3480899598857463
310 0.08586198397890141
311 0.8481293475925763
312 0.07056948806037794
313 3.086412478724118
314 0.21478500792046581
315 6.774160624329834
316 0.07562336076337343
317 0.07787498480404674
318 2.38053914013617
319 9.201847475437592
320 3.2421318126239616
321 0.6757987679777883
322 1.8868995949647624
323 1.5591017784342511
324 0.3932720689341713
325 0.9628027003585244
326 8.452448981148594
327 1.4670064898884285
328 6.340316690789533
329 14.11314879472825
330 0.3961857104771513
331 1.5852977065996277
332 0.16719305454859487
333 1.8168938473181706
334 0.9013211737064591
335 0.47484945384563004
336 0.2566982789626736
337 2.393483480663756
338 1.2984278423732836
339 3.6727036675217604
340 34.29509236332552
341 0.11588846117146054
342 0.14992674639458792
343 0.3423351091370289
344 0.057022345373330036
345 0.4395315934049141
346 2.7668376242942956
347 0.09410442348096068
348 1.294078065919176
349 1.0699023622642827
350 0.12137704562387949
351 0.5227590006922903
352 1.4089215716101722
353 0.1738053608929628
354 1.6734747693722407
355 1.2610566680561632
356 0.07963578318517414
357 0.11493553453827228
358 0.6121241591725479
359 17.978259501184382
360 0.8539462768983542
361 0.08858539762106041
362 1.1760270774355968
363 3.3351261564833394
364 1.3457247928656944
365 0.002653082199294293
366 0.11129075839631199
367 1.5341330335103767
368 0.15806118691709095
369 0.13437371829259884
370 0.10939769896325421
371 0.17749342177418703
372 1.493518329571671
373 7.357708907053264
374 0.09426668488811317
375 1.732961446778401
376 3.311008686153009
377 0.12556598033566346
378 26.855590263744407
379 2.55688959400742
380 1.3718000421690932
381 2.0673181901288515
382 0.15007315175406613
383 16.01289166991227
384 0.034391773520763426
385 11.099187545570702
386 10.278883602120734
387 0.06507934539274046
388 0.2945524941672382
389 0.21980835158463213
390 14.50160239133045
391 0.91601023711106
392 4.192576217927199
393 1.4636635269559255
394 0.46896443073371835
395 15.356671251924134
396 1.3303277016750714
397 0.26540114431589107
398 0.13830300523424718
399 5.597548015686574
400 5.370817390406936
401 0.5344713061922794
402 0.16934147015798812
403 10.561281197761065
404 0.4648882397107923
405 3.65870385364402
406 1.2386672545585955
407 3.0198783928127533
408 0.2922515033525709
409 20.184666086456613
410 0.22880099540570423
411 75.75526354880321
412 2.2259632635957542
413 3.3000650144588626
414 0.20072751512626472
415 0.10782955601504653
416 0.07162061261292196
417 0.8740540854430349
418 7.078383849415999
419 0.25459419194840466
420 1.1964538497141857
421 0.38442464126935577
422 0.6097626052447288
423 0.5468033950076574
424 0.6217654806762464
425 26.041666073214728
426 16.696938821502744
427 0.8958710352684086
428 5.774641871367173
429 1.2349699250271908
430 0.3695309706988657
431 2.5826214582959652
432 0.1526013032144612
433 0.10623409016280219
434 0.35725377790598833
435 3351.6925381815445
436 0.6957811592244793
437 0.17156568565753547
438 0.08282705170760583
439 0.06668270510596537
440 0.7355112453282885
441 0.31912301326639103
442 1.5859989315842582
443 1.8735599365526718
444 2.70281802600814
445 27.214725369673566
446 1.4021444890048196
447 0.09466172092890887
448 0.6188615977572521
449 1.8977957952102193
450 6.959466792430379
451 6.21227680828469
452 12.351193577142347
453 5.652041278358487
454 1.0913125398562975
455 0.2656879545921453
456 12.859966134740143
457 0.13079075837295007
458 0.2825207677043142
459 0.7522131663272575
460 0.3511393092367199
461 0.05336022621432266
462 4.456939602025401
463 1.631255203489782
464 0.49997541136562107
465 0.7397085680739421
466 471.72264171218524
467 0.09269478615803449
468 0.32754542806004056
469 1.004978465539093
470 2.809147626132577
471 0.04690588619618941
472 7.000138854441708
473 0.709698242872388
474 0.5994227310552749
475 0.9333880333442566
476 16.053008571103888
477 0.8182894268357318
478 0.5178442077274199
479 0.1291844318369192
480 0.05288176737986863
481 0.5172154801456108
482 3.6961307892992115
483 0.15495194995590966
484 0.15197036925073182
485 0.19858160020627358
486 0.8463771018330167
487 0.8130147666615782
488 0.0412351797095671
489 0.389997686568256
490 0.6800565275450617
491 0.6126803559420008
492 1.1714049195716516
493 0.17490071153302955
494 26.659156984677878
495 2.5333816092913928
496 0.21557204658998178
497 0.10831184464860415
498 1.0837420968947138
499 5.166453640614106
500 0.13003658399825677
501 1.1168486246666105
502 49.272837909394724
503 5.17875209187361
504 0.3455859978152057
505 0.2691518875243138
506 8.760788214532797
507 36.30562315310818
508 0.9963593676336291
509 0.7285711036230718
510 0.26735884606037635
511 1.174543618104054
512 1.048180457264404
513 0.2407338389839581
514 468.3048092139616
515 0.1431099884167587
516 9.568695984918435
517 0.44955439542414344
518 1.4792684601991155
519 2.4461472279231185
520 0.39892992977611497
521 28.499666724017537
522 1.5031525605414433
523 4.587819584494744
524 0.2759597166434189
525 44.81229990704587
526 0.11729283326107612
527 2.3322342964401805
528 0.5281680945033908
529 2.0377317407967004
530 3.913700375430174
531 0.24728094757419933
532 1.8003404304117105
533 0.7743004593542822
534 6.176011866684703
535 4.897757442231235
536 1.1869666153392116
537 0.4187762463952984
538 0.09765312221713907
539 15.476226775288337
540 0.16726948677818027
541 0.07701167237554923
542 1.0865047414398845
543 65.17521924014966
544 5.178931356732897
545 0.626626083967792
546 1.1519666652337366
547 0.6753648712065241
548 0.3173101004843217
549 4.753191813607837
550 0.6114175269624336
551 4.499079317032676
552 1.0309229630383747
553 1.1326275251111804
554 16.978950047891313
555 9.558962055809994
556 0.08353488601791116
557 0.0021172895578575562
558 0.11737188709902262
559 0.18508021350282158
560 1.2336029906606651
561 0.3497409928838546
562 3.8869592274469755
563 0.6624150381665395
564 3.6389870647863494
565 135.54213867851405
566 2.066204780247023
567 1.4099806230227403
568 7.664643502552647
569 0.10690132906867685
570 1.0068834061056415
571 4.004188287888974
572 0.6544579054899949
573 0.18901871674733897
574 0.376774596138172
575 0.035071913612952345
576 1.0024170906025496
577 1.490790197482212
578 1.9989010519371575
579 0.1563448479508642
580 0.8347262307458009
581 0.00960117232258776
582 0.02341203057370589
583 84.06341467021493
584 0.19826668942497133
585 0.6288379741155348
586 1.3462297181569056
587 0.32432684965624126
588 2.182446233237812
589 0.28448063708687854
590 0.09071402879232679
591 2.488502222264081
592 0.09936042796923703
593 3.0127531274987702
594 0.8363809214920722
595 1.6422958110212411
596 0.5787591072100726
597 11.900739177420734
598 0.21292165708353075
599 0.779494016233055
600 0.27311173202539535
601 1.431361294868483
602 0.11348844388699306
603 0.1470041772979692
604 1.355478532266001
605 0.4925469862464411
606 4.179848472357717
607 2.6251673273800225
608 1.0979566779770042
609 0.47499024840200565
610 4.829070463943453
611 1.3592866067160154
612 12.108659113898177
613 0.35698170951270825
614 0.07407379662462779
615 0.2319227160500289
616 0.2761357296977528
617 5.171008078157502
618 0.5606892387326805
619 1.4622564943576537
620 0.3638697752313687
621 9.24964410668369
622 0.4679750277517761
623 2.005785195036703
624 3.899156239756231
625 0.6825159662003852
626 10.306170076360237
627 0.34759140333401173
628 1.8813466242239558
629 0.5475959107621612
630 1.245327366477686
631 0.04067615386657945
632 0.06274824515575435
633 0.20618261560777604
634 0.19715881270008156
635 0.06946389395349399
636 0.20597879087156065
637 2.6997622372777803
638 3.464277484806908
639 2.233069195823353
640 3.8955711510817186
641 0.5463579283679435
642 0.4420598942002198
643 0.15196408075198706
644 1.3110834451648323
645 1.9097470408628903
646 0.4993064653524708
647 0.5996256688273244
648 2.1890201205463726
649 0.7027465957001543
650 0.4083294207163224
651 0.3321290319090305
652 0.054910960586590556
653 0.4594633649893567
654 0.6321168626467847
655 0.17551071480221841
656 186.89728670226827
657 0.4116493621164
658 0.22284666398877007
659 0.25663723617274986
660 2.676537617662042
661 1.057420548745522
662 0.11241597728748773
663 1.2981707074262983
664 0.16883567166745714
665 0.639141298924134
666 2.3350922801128355
667 0.9822463390864615
668 4.154019092356589
669 0.28497864152137947
670 6.98428237357945
671 4.73966306904097
672 0.6275347665601051
673 0.604992038067127
674 3.022285618702047
675 3.1937561028748336
676 0.7906749199186411
677 1.6494693258829207
678 13.926715085788496
679 3.2673278700558206
680 0.8825781632382053
681 50.78358929197691
682 0.17933902586021702
683 0.9455801397806831
684 0.5593549671616838
685 0.00472273153400212
686 6.290729893222006
687 1.9377245952176574
688 11.015705273368123
689 16.559516438575383
690 0.8790187649516459
691 0.07579704812021255
692 2.6068213377449396
693 0.054071057411474346
694 0.771461841166293
695 1.6705211758449066
696 1.0435657849093387
697 3.935489018634118
698 5.935961709876112
699 0.6868105326725016
700 0.018745272580355295
701 0.8772688733957712
702 6.64052552467938
703 1.568853831038424
704 5.026474155299867
705 0.46650612691597465
706 1.5281264339542302
707 1.8537927362178426
708 0.2798900337615672
709 0.18504838299439288
710 0.7763508562096498
711 1.3792342547500513
712 0.43682561268238534
713 57.163825038626975
714 0.7745540236433015
715 1.2692325939398932
716 2.4150584191048603
717 1.4981588826228043
718 0.17470815897762168
719 0.28002260281454144
720 0.013836103934175264
721 1.641143549005149
722 1.2239561078354624
723 0.653303268985392
724 69.5357843830334
725 0.4310836392081439
726 0.07838944631451877
727 2.4164080188592156
728 0.7669942548102567
729 2.279459097350426
730 2.187420895196779
731 0.03888084754448656
732 5.869238514001617
733 0.39380038337472645
734 0.9327280379136784
735 0.4413067606231021
736 1.551375356765189
737 4.145946286517473
738 0.7659914638599774
739 1.5884604540134661
740 4.189206274269058
741 0.060154684585815514
742 3.329961324490513
743 0.3484650983264552
744 162.1021895310347
745 0.2988359116268922
746 26.658744098012793
747 3.434053691650496
748 0.4946028576457378
749 6.420304187918421
750 16.285330129000616
751 0.6153066673850321
752 1.129119964975383
753 0.1173865183273871
754 1.5953926962618767
755 25.07838439540259
756 0.6798391284696873
757 0.816169829119406
758 0.028758621473250864
759 0.9632728110695803
760 0.25962816342809436
761 1.0052501975916142
762 0.7626226499046712
763 3.629047682162373
764 0.7735132734547717
765 8.494313689235213
766 3.2409983457442806
767 4.324095862542005
768 0.5564644831039415
769 0.4438987998551799
770 0.3250731928736586
771 3.0689030545324667
772 0.018002138481032184
773 8.790476480676086
774 0.20490392342023808
775 0.18486943696899996
776 1.1795338913444908
777 0.18187587516912032
778 0.9043387205407087
779 0.04911926847280992
780 15.254335881630858
781 47.36221747659405
782 51.94262269421327
783 0.39319128693684985
784 0.4931791316835707
785 2.4967001550236136
786 0.9504134239408931
787 0.016963288497654
788 3.7521616655529106
789 1.34071092779021
790 5.756112649895672
791 0.6344536664907791
792 0.3217566115529109
793 0.5678023308912873
794 5.879031906896284
795 2.477681074191432
796 0.13434818602110982
797 8.486397829854276
798 4.495438845561582
799 0.45683248998725656
800 0.5954463154118289
801 5.8793772631157495
802 0.17777431785773676
803 0.27767867996107065
804 0.25071252218648044
805 12.30902789855671
806 1.6457402373449317
807 1.7341900265805144
808 4.487621208946862
809 8.677546706991501
810 1.4866800182377278
811 6.206444638974172
812 1.1582933802491018
813 0.17260272418684838
814 1.5082200939299908
815 0.33070646608534965
816 0.6998802117849217
817 0.7901684473610622
818 0.19848394002530031
819 3.36327898911846
820 0.2187910420292254
821 0.8373286606571019
822 0.383619974128122
823 6.215318544331084
824 0.7547465845463767
825 9.04303089510243
826 0.33710427628060396
827 0.3981770503042701
828 6.6900967518803425
829 0.5849685539121843
830 2.387384633295436
831 1.6122383056700724
832 0.3274092837895906
833 18.982627754374352
834 5.6367714593347085
835 3.6142285227957816
836 0.7650213806830546
837 0.4834304608672563
838 11.134270740908994
839 0.11286404743584441
840 5.915936731368928
841 0.8667265469043308
842 0.04129379467099257
843 1.2657523295828577
844 33.68632192459195
845 5.7363109635201175
846 0.056435147210095106
847 3.8322727244107924
848 0.9526941078122074
849 5.082692351077819
850 0.16022601926818603
851 0.8080092419133104
852 1.6537046280999044
853 0.30300919239381685
854 0.7162178111864608
855 0.6952455365038754
856 0.24880929700893722
857 0.5856096065381458
858 1.5936817429843702
859 2.5686874698832014
860 1.6838088258358583
861 0.43849432964424767
862 7.244554306193214
863 0.042138892887355325
864 0.129681082815522
865 0.19873035418824722
866 0.544612552611598
867 0.0959465440470246
868 1.1141925016819114
869 9.56491888706313
870 0.3010517234801977
871 0.8038624955398808
872 14.297161747300423
873 2.9197277701257582
874 6.881467874740497
875 6.020458891611889
876 0.49473003887020023
877 1.0624470779782864
878 5.9588552912251975
879 2.3551833890511644
880 0.1783454856339724
881 0.39711821901667055
882 0.5072549561376543
883 0.36081759152488374
884 9.68177438882356
885 0.16714993657121088
886 6.076792366138505
887 0.16055601455724913
888 0.4755382729352227
889 10.358298667917655
890 0.3541038705308033
891 0.00982114521455067
892 1.128074524837728
893 1.7686362932180162
894 4.718284773753917
895 1.37172332874747
896 0.7993512264026551
897 0.7209639592150162
898 1.156416030512706
899 0.39142545844669646
900 1.4894274749938279
901 0.4371869592808636
902 0.5513715084355755
903 0.4968683293126397
904 1.3472129048654549
905 0.7878192365554819
906 4.790353538539249
907 2.5190414216189283
908 1.8241824727702265
909 3.6383879179711127
910 2.6896580375339436
911 2.826968652968201
912 3.6803471781389065
913 1.69599768398087
914 0.903655444840216
915 1.211617286252297
916 1.733043785779437
917 0.0902706785137872
918 1.2041525674965599
919 0.5761140496519963
920 14.771361992081333
921 6.059204270740357
922 2.5977486035308273
923 12.623126064262683
924 0.486974380996917
925 0.41393359466157276
926 111.6262097317062
927 9.404677524036169
928 2.179455885801568
929 0.9651779186669845
930 0.01930427530928533
931 13.98214465406805
932 0.3591732491502771
933 0.8658543339557289
934 1.3622484111888429
935 4.985206778194706
936 0.02282714369749989
937 0.8704924345121263
938 1.2480950610492392
939 1.051796335136415
940 2.9835422491737327
941 5.615467580484117
942 1.0321737431326106
943 0.014703948149135272
944 0.1062712345175786
945 7.919614774739378
946 0.09752941312285929
947 0.5477449352152991
948 0.41698742065037847
949 1.244593869720122
950 0.21316748402961935
951 0.29705982834329286
952 0.35771573074496715
953 0.03231386444744602
954 1.1758443329274892
955 10.6787782816936
956 0.29677343457627225
957 0.6226055836271535
958 1.8355976265680476
959 2.273498614292639
960 5.105265775833422
961 1.2023948741943193
962 5.246514922766972
963 1.6682625451535575
964 0.018717591357496635
965 3.7042578932335934
966 203.68661416129552
967 0.990322184374083
968 0.098257971839198
969 0.14905292490396505
970 0.373007161254633
971 0.10194716828909542
972 0.2474226909266282
973 0.05469068149891019
974 7.67232099661602
975 1.5309276689645916
976 0.15625858539920814
977 0.0012914469526487803
978 4.007625727908401
979 1.2277094751625623
980 5.413085271053905
981 0.5349320069002362
982 0.9834662600066644
983 1.0911132658699925
984 7.029532552742052
985 1.0539532465988333
986 0.862465345063908
987 3.8168257557654437
988 0.36288878289270066
989 5.353286885522304
990 0.018420835556582315
991 1.180486969035662
992 0.17604657345211824
993 0.3578183809260638
994 0.25366339164520807
995 1.0430079785569815
996 2.5260737762452163
997 0.3264575731199998
998 0.8617771382242457
999 0.1476336057418864
1000 3.917135660000172
