1 0.3916662045329017
2 0.6043144664628318
3 1.555582880036899
4 0.0129415509772018
5 0.051003762001292315
6 11.034450004857902
7 0.6400440019207874
8 8.906788454884273
9 7.4351392003671934
10 0.01467343277101774
11 0.24719388039899068
12 0.7302351318609401
13 0.36707011812952295
14 0.9216905428754372
15 1.2065263444965744
16 2.2340461973063483
17 10.836071479196283
18 8.717627393381175
19 0.22807302661079207
20 36.16668920074479
21 1.5152192682328807
22 1.6705535852587048
23 0.24729868099465047
24 2.3641305397436594
25 9.834075453654336
26 0.21369775595144547
27 0.4116534070582345
28 2.746963220418323
29 0.5594504477913299
30 0.6321786226596877
31 3.844087196024241
32 0.0904375798821349
33 11.71400358283058
34 1.1102546643322153
35 0.5281767977339139
36 1.3976673405372106
37 0.35996655961920465
38 9.84019183662048
39 0.31117231821703956
40 21.457517692483325
41 1.8184450816397706
42 0.6334039629284806
43 25.13885835411058
44 0.5482132889783574
45 0.6444334235427043
46 2.3185077465106283
47 0.16495566825002436
48 1.057777876356395
49 0.4293113451021582
50 3.0269425684847326
51 1.2085680200276403
52 1.3666689405329566
53 0.12556639985090506
54 2.5821336285866274
55 0.43823698474287354
56 1.1661734368586016
57 2.7800247763153294
58 0.18971060122232355
59 0.3150168751120053
60 1.9475694713022926
61 0.5166113032731295
62 0.5752071974168773
63 0.10992281358730646
64 0.34701949952868905
65 1.0237580297932478
66 13.458015079043149
67 1.1420806478264416
68 0.5253856763982783
69 0.5526278322715109
70 0.6021761624288727
71 0.40911805905263765
72 0.20042122273614432
73 0.0835167448925236
74 0.8292021293429589
75 0.8606475398839596
76 0.10679440740161947
77 40.5550253280626
78 0.689151627258233
79 0.137025112506997
80 0.019586206561912203
81 67.21517598460821
82 0.4683628802105339
83 0.9656159980188196
84 6.125716505694211
85 1.3077216895849237
86 3.367074750057897
87 0.5360465526189836
88 0.39571037316853064
89 0.6854261678467477
90 0.43462868263907256
91 1.9736159351987528
92 0.2868450828572677
93 2.3721474611883067
94 0.2349350846067445
95 0.007263757718775683
96 1.1123119184830592
97 2.015766585368212
98 1.6498214985564312
99 14.739007885410345
100 0.48165777650903224
101 2.58972550581939
102 0.15355820208335633
103 0.2774833913001398
104 5.393706940502354
105 38.967409581432676
106 0.9721189840245813
107 0.3171377684171937
108 1.7107993763755422
109 10.692882714730308
110 8.690447642746122
111 0.16283151667076223
112 1.7231046834937491
113 0.6698422086224008
114 7.634236067929428
115 1.5423224354711644
116 2.159226115662525
117 2.1626598229295153
118 0.42632108587441453
119 1.089212959728472
120 0.5243335476273454
121 3.844411109276124
122 20.110453640828524
123 0.8826964470492487
124 13.551022104405835
125 0.0624554484938674
126 0.1303624426919639
127 2.8445418172949126
128 5.073764495002767
129 1.5093824086154723
130 0.4126235809654739
131 0.036394214453265725
132 0.08023015057952147
133 0.45724457318516665
134 31.380615286805337
135 0.5228666882254931
136 0.13038389858745358
137 0.7292372820754855
138 0.12507574145581582
139 7.281912793591251
140 0.9071504539728321
141 2.968987904891608
142 0.30566819369382797
143 7.528901574295757
144 1.6701162655477135
145 0.030816299601083758
146 3.588833798836612
147 4.90951869687669
148 40.83490046562143
149 2.0967892317964822
150 0.013575974339274136
151 0.17810946490778387
152 0.08035179008366983
153 0.11015104989291095
154 0.35823178737922334
155 1.9565783716660077
156 1.0805662626641328
157 0.3796390814991853
158 26.81130213625941
159 7.171165610148864
160 0.553001822117529
161 0.6582694185650377
162 1.6567704656584175
163 1.5773195614777904
164 2.3703381133181156
165 0.041346159499403345
166 14.75857805706704
167 3.2671313013323644
168 0.05375649074572178
169 2.0226611464988866
170 0.6603147848666138
171 1.0795722100097087
172 0.22306662202146074
173 0.722284099936764
174 0.3112467223000925
175 1.2784451533174015
176 0.5740501225828115
177 0.31332292623866004
178 37.94285323474542
179 0.2288221996467635
180 13.095513979867006
181 3.422468590923097
182 0.3557289873332411
183 6.180248723776365
184 24.69124777979363
185 0.1701462105558973
186 0.9781175682431792
187 0.364120706184514
188 0.22367868692059206
189 0.9910056414189548
190 0.6094469942838758
191 0.17589196926572956
192 37.998614889328266
193 26.492366102195028
194 0.4154219506139251
195 9.0560013052358
196 0.660616727931553
197 0.9596757516300773
198 0.5478625377683072
199 1.0945492425790553
200 5.421118553124585
201 0.6933153063815521
202 0.08114834310817262
203 30.92769554791448
204 1.0573478979829645
205 0.05512537705184227
206 0.254744149765882
207 0.6254332513640123
208 0.6919129361502766
209 14.33036756754141
210 1.6569615233901387
211 6.162478777600142
212 3.4244402913657814
213 10.74425608882121
214 0.5959383657509401
215 0.4874061499060241
216 0.2323296219640065
217 1.2681226867307582
218 0.2711052480303455
219 0.3404085981990665
220 0.11596802388566967
221 0.14929481740594272
222 8.583497682923431
223 2.755839919081437
224 0.17611213394119357
225 0.6801167689035681
226 1.002101015326622
227 2.158412474360221
228 1.1317628519361596
229 4.982672255959101
230 0.27739249600402494
231 0.4948094559994222
232 0.1828868632606936
233 70.7184811994274
234 1.2608804826333144
235 6.5234974317964705
236 0.2575910858226345
237 0.8721185742313684
238 0.21084301532920796
239 0.1270847711543543
240 0.41848779323566676
241 0.9185059813706171
242 33.30326106734818
243 0.8408636264608761
244 0.026109083341704517
245 1.4958805771545123
246 6.433831241858096
247 0.08732277254502573
248 0.3545769066889507
249 2.6906672304016466
250 0.7759641657983435
251 0.12102934936073619
252 0.5306655017378643
253 6.290993154078459
254 0.08533915960434021
255 0.8829555684018076
256 14.655880750448842
257 2.2907242059321646
258 5.30642855204309
259 3.3837949004587933
260 1.9781108276874466
261 0.2604758276007641
262 15.78584942628183
263 0.29330448230758055
264 1.008355681858563
265 18.22502994531271
266 0.1878443530107673
267 0.6580217311923265
268 0.30333192867470593
269 0.49961524593462203
270 1.1387240654785833
271 0.1729242787657785
272 0.723475921049128
273 2.0702467479587323
274 0.9154405709781603
275 0.9647308601421232
276 0.7484508053878595
277 0.7302453076759045
278 0.23563684079162706
279 0.08776991680693692
280 1.007075228807731
281 0.10635815171116283
282 20.59684484669943
283 0.6620512594002499
284 0.5715817899705884
285 0.5643138985007824
286 11.223040245931475
287 0.15197045833443087
288 16.31342449433397
289 4.333856831950863
290 0.9987791611302247
291 0.5553029671170737
292 0.14392412886113995
293 0.24730787371428958
294 6.811646903041522
295 1.0417760106373402
296 1.4256707681410075
297 0.5412896811379178
298 0.3078937069751124
299 3.8187967598438064
300 30.930954395452193
301 1.9178238178042122
302 1.094900111998879
303 1.7416523614477881
304 13.227419116046466
305 1.207450562851679
306 4.048059947872782
307 19.79425390626802
308 20.553834303805907
309 0.39629501586865434
310 1.0585811691173803
311 0.2572073010744875
312 1.2771456511906822
313 0.7625541830521293
314 0.3795891755334054
315 1.555085711967882
316 0.05555373932671901
317 5.586574409150948
318 0.5024032305482226
319 1.215096597086282
320 0.4182926571093
321 1.7971845657074061
322 9.039554173302493
323 1.243817990761691
324 0.20936675541143884
325 1.8227908163625113
326 0.19605404702012336
327 0.16182469154118626
328 0.1435204712327144
329 6.547561044844945
330 174.64833454287242
331 5.042887269920809
332 1.5515636990271562
333 0.08909287000291241
334 0.17003083756379664
335 2.7681956075601977
336 1.2995582196207642
337 17.655062537354322
338 0.19080483124660144
339 0.0775633495449951
340 0.2597039493549223
341 3.615122800239426
342 0.7655861209869826
343 7.484166814584946
344 0.5240881439168585
345 1.3508569908997203
346 1.0536429728904932
347 0.40846655174373403
348 0.441320427940469
349 4.719077183588874
350 0.013296087908232588
351 0.2139689601083711
352 0.21303634229988327
353 2.9423264088019585
354 2.224802012766391
355 0.39305325823530135
356 2.5052410133740226
357 0.8679742325533244
358 2.085556422789789
359 35.1131590132584
360 0.6823337981478784
361 0.2282101890736189
362 141.70933572480297
363 37.624432455181115
364 0.6773126592743118
365 3.403855668189609
366 4.890031768130095
367 6.5195829634222235
368 2.861213852635488
369 1.6401331913284158
370 2.4452780451121754
371 0.17214142648928252
372 0.21735799514056064
373 0.1607560153487965
374 0.019307280895443927
375 0.18189195555609064
376 2.9865654435403965
377 1.0886317246086505
378 0.8585736517446304
379 0.03260096037301085
380 4.810516384400209
381 38.45715953508604
382 2.1804764795759093
383 0.3462408237985658
384 1.0030307392359266
385 1.2239183438706438
386 0.6376927984410486
387 1.0669466878734901
388 37.514252319990135
389 0.7789541523443141
390 0.24415132688998786
391 1.2832197113766806
392 0.27740260209397305
393 39.41586482371878
394 1.2179572845778257
395 1.189369670487617
396 0.11649527543518975
397 0.8058802957551562
398 3.050196521191819
399 0.2011909716464118
400 2.362109603432739
401 0.3364576002450211
402 0.3881577517040341
403 2.6967171508335346
404 0.534164981900627
405 4.537365575616422
406 0.17005547806380217
407 14.849273715480507
408 0.16738504697478546
409 8.924386868310103
410 2.187714616861819
411 0.8308783872985516
412 0.9601874483166836
413 0.09786520305858513
414 0.12359809855856227
415 0.16647914879236073
416 0.4296930704782207
417 2.002532075901948
418 1.6891288829348343
419 0.24924518883050678
420 3.2205889440404305
421 0.3395531063747251
422 0.5533751546705818
423 0.0920022286764892
424 1.480155706379302
425 0.3008397544222767
426 0.7075556029833274
427 0.23289627204845012
428 0.6855942841393758
429 0.1400644609545325
430 7.607093126491506
431 2.345239808102605
432 0.21475108989886071
433 0.13103240237306651
434 1.0595258941980585
435 1.516042855808878
436 9.700314541051
437 7.609650539084463
438 0.020989951976770962
439 7.8407069178544395
440 0.5172567759689807
441 0.41680087166801477
442 3.6361568797057116
443 1.5596258054207852
444 0.22756292752382637
445 16.35501582489039
446 0.800931091783807
447 2.6814235323771043
448 0.29375592605686973
449 0.6961329953560168
450 4.0963922930287415
451 3.697911832720864
452 0.10931458884675621
453 3.3362607696958504
454 0.11398458377147488
455 1.108973290268347
456 1.3049793695774632
457 0.12206461756011035
458 0.1479570976469958
459 1.3152454936197742
460 1.600014324488205
461 2.231073903659619
462 2.7597418518141663
463 1.5710030478787889
464 1.2257192117081086
465 0.13795294871026972
466 14.45542206473392
467 0.04224407516135373
468 3.2438116708275384
469 0.05051953551290252
470 1.83810346517154
471 0.1747525112924069
472 4.72589772220091
473 40.10372521452284
474 0.23844687390067237
475 1.509431985166171
476 0.46867655761220894
477 0.19415849115171444
478 0.11240536661021344
479 0.6775500209253684
480 2.1083061818664857
481 0.16290008635088277
482 0.24993896559740073
483 8.739164922004198
484 0.6557908410110626
485 3.5976916727867847
486 5.990908572701218
487 22.388723439555374
488 0.0562765835300959
489 0.5081246410928497
490 1.8257171057486195
491 66.62183658353047
492 0.9344301508804607
493 0.4852538679112256
494 0.2873853221394749
495 0.8228266483507325
496 1.596733437755873
497 0.09667969724359941
498 0.6706079721671111
499 32.47432524460921
500 143.0672176967731
501 0.9782065253040994
502 0.7616862918081589
503 0.49648048258222394
504 0.043010933185367244
505 0.7545683391157321
506 0.031774597748186126
507 1.4120988855620917
508 2.1575524882695047
509 2.108393373716033
510 3.1372997964132465
511 0.387831311337402
512 3.4769709485020734
513 6.417224711209493
514 3.5350292290505374
515 2.872254175313102
516 0.35820796126248716
517 0.4977203775725703
518 1.6650769846071567
519 0.9474351809840926
520 0.4759756409544058
521 5.0300709026155435
522 4.989228986189669
523 3.20236193347738
524 0.07880024054572227
525 1.5163015726608773
526 4.470109463842323
527 0.9659188571184132
528 0.6896239075022897
529 12.061282984294367
530 5.848318812191038
531 2.5313749473796836
532 0.2493535772918118
533 1.9585171514620354
534 1.3965461688812513
535 1.6874326796178114
536 1.1924233977551848
537 2.3642250586812246
538 0.3565347173289297
539 3.109501274071593
540 0.014922911984221111
541 0.2563465145249695
542 2.3496467096807425
543 3.166199939905468
544 0.7643513515001068
545 0.19026509715655207
546 1.023120078735774
547 0.17955314328360167
548 0.3436558748841383
549 8.90966372249847
550 0.6849663463305462
551 3.2423990881079607
552 21.87803100083363
553 0.5153520208462559
554 2.4007826438280415
555 1.2856952655971523
556 0.0700243564622445
557 3.8803168703155664
558 37.23365450837782
559 0.7469858285155815
560 0.20608424574466203
561 0.19039944548579613
562 1.0632043061669705
563 1.581587572066513
564 5.340973283577708
565 5.982514821919591
566 0.003993367198085903
567 0.2327065155151628
568 1.4078054271003895
569 170.00331996391765
570 0.3967693930227054
571 0.3982037332189812
572 4.500142031294307
573 11.271167734501555
574 22.342652391813868
575 1.2833071057304948
576 0.8489780581029955
577 0.2748085431743
578 1.3331406646032826
579 0.1426909353105346
580 3.0038176553452187
581 1.2933396735504448
582 0.1659002133495379
583 1.6904842528384447
584 9.334658698925182
585 1.332664218328637
586 0.22617169918604407
587 0.3138742811894627
588 0.6965567929699976
589 1.0403213156544422
590 0.31496028568347834
591 1.2206047682018022
592 12.67375092775561
593 1.458837915078838
594 2.32935306401014
595 4.5247883046158295
596 5.609417461254184
597 80.62846769383256
598 5.723626371005802
599 0.3937999506389726
600 0.03574617385149128
601 0.18112452097576065
602 2.7438208029585387
603 10.0449892529219
604 1.3333959420269985
605 5.097945161469149
606 0.6529423167226606
607 0.4751651843267756
608 0.1035348930037777
609 0.9301102903885954
610 0.010371977789933996
611 0.21372230205814935
612 0.7984070051138109
613 0.5178308233796054
614 0.08248219327984509
615 1766.7985910175314
616 0.1995855089257276
617 1.0562499817275988
618 3.0806771170047296
619 6.291262407866363
620 4.190767745652463
621 0.48656486492182965
622 0.6946551625329093
623 5.722139921071725
624 0.26686565749460484
625 0.15991827851154058
626 1.8746048889794342
627 3.9007258731705305
628 0.3512466523466583
629 0.750177643372142
630 0.08618731705437722
631 0.03513725590787758
632 1.2038978959895585
633 0.15915698438126616
634 5.183937096344501
635 2.7266435480539433
636 0.5105339339381895
637 0.2817094123032075
638 2.465725867983864
639 0.5186990783726609
640 21.41358438301416
641 1.5335551984109943
642 0.5074629067684825
643 1.053963390512085
644 1.1714139648111759
645 2.4276777333119415
646 0.6818897112337993
647 4.659959098162572
648 0.4230667869743202
649 0.45775740895309003
650 0.26827134657980034
651 1.027166270925179
652 0.2654440458516429
653 0.21890727928658657
654 1.0847389265411742
655 1.6858591867461874
656 1.6208620663202649
657 0.17824103153221896
658 0.23985732893358716
659 4.268474954758147
660 2.058579145649393
661 2.7199741555275754
662 0.13081924038066856
663 0.005433129800834411
664 2.2577759106109645
665 0.08470799795962825
666 0.5836695128820051
667 0.5169418184877809
668 0.28041652484997326
669 0.47727002815129643
670 0.32146888836285054
671 0.9381207137298331
672 1.9042700132915882
673 0.2549635451743017
674 1.2323785209442075
675 7.619777141706947
676 0.10470479181500997
677 7.686115518019579
678 0.1437978909310405
679 0.2264742251790038
680 1.2114725355803697
681 0.02121024229592091
682 0.07485634678964696
683 0.1353224654362491
684 0.13650876909079268
685 0.7747729703748085
686 2.336462851469759
687 1.3298264768526278
688 9.86178987257179
689 0.20641247962726011
690 4.036007082169076
691 0.006911552790210811
692 1.447200887625105
693 4.262207088550691
694 0.4293458539039795
695 2.4632341600197596
696 2.6661965669858607
697 2.1464227710853447
698 0.4317960798030217
699 3.811857529830975
700 0.1587824737164557
701 7.343462276665362
702 1.3347881569315314
703 3.288657526953656
704 44.957912990701054
705 225.9992382952083
706 3.578815269331914
707 0.011965082241919552
708 2.575761800185816
709 0.42247698092169345
710 4.345677040331092
711 1.6674482588142236
712 0.13769709498007127
713 5.65683407493432
714 1.099012704189114
715 2.7524008378723868
716 0.08207317416780263
717 0.15239599762874037
718 0.09084271975401945
719 19.958563764760367
720 0.12903625190559234
721 0.0017151659162669185
722 1.6762532154025382
723 0.2888637764126103
724 2.969638759981562
725 0.6573514778274256
726 3.752433413318026
727 5.733550643799105
728 6.69357848490545
729 0.4500167391472989
730 8.925249378700974
731 0.2239551246307978
732 0.2209726843802598
733 0.5615418911954922
734 0.1142290232822998
735 0.09451172649951894
736 0.610377006755616
737 0.11336595560072969
738 71.87060831654465
739 0.1454157277336384
740 1.8120705108742345
741 0.28950778183799925
742 0.22718892809295319
743 2.082593009179523
744 0.21838513058405395
745 10.902052574861042
746 0.1799146236723638
747 2.1388780675131582
748 2.679462242682497
749 0.12375160878320217
750 0.0732936851543635
751 0.21821902882372904
752 1.655602884046758
753 0.3837089968509118
754 0.2750638014609508
755 0.5832895121475778
756 1.0507657753834057
757 109.25447082437333
758 0.10686771741794233
759 0.39740824189920915
760 0.06650672500212612
761 0.8713506217369128
762 0.3586434457536482
763 1.7805403477073276
764 0.20484887009999836
765 2.6266438686317097
766 0.9041380925084384
767 5.466311043325458
768 2.3371536384098004
769 17.515693598152996
770 1.282946341161377
771 0.17282986732737124
772 1.2547314645468532
773 0.4520746598618461
774 6.970277925795898
775 0.3746295620402601
776 0.018410992264227013
777 0.6628604413025079
778 8.263700755134591
779 63.13682449230594
780 0.9838198131775794
781 66.6019232865326
782 2.9045953860679945
783 9.883739554279167
784 0.16205338901735178
785 12.876734848244856
786 0.11149347467804069
787 0.9584269273066167
788 3.522635371119519
789 2.341034459759783
790 0.5819365173194333
791 0.07945806922737712
792 0.37033790713143605
793 0.25967696569037324
794 3.3550926020129705
795 1.289913509511024
796 3.5962329720373836
797 0.21643914442304305
798 5.3354040412741695
799 0.2427370884174621
800 0.14804260291095026
801 1.1923750958813963
802 15.127024631170752
803 16.76958284070085
804 0.5976003181633345
805 33.00590722635741
806 15.254676250561108
807 0.9839613302155545
808 0.39152632979173546
809 1.7972240022311503
810 1.0590011590148125
811 1.10926909384841
812 0.11313638093876847
813 4.56083444421607
814 1.4192007040789802
815 133.44077397337676
816 8.464213473728028
817 7.397894697970897
818 0.29337203996131134
819 21.156012481889306
820 0.05511534574460145
821 2.248788422140938
822 0.43655534542908125
823 4.533923614293878
824 0.23523964659195506
825 3.9426645767867115
826 0.19335832882675807
827 5.132743807297507
828 0.3017847608736437
829 1.150358932315747
830 2.5643397476615832
831 0.08648819926699296
832 0.1454650888615593
833 0.461441020560425
834 10.512127809288668
835 0.463193632359337
836 1.707532469745406
837 0.03910109739839273
838 1.1130803519512804
839 2.3034265887363032
840 1.6408552084061063
841 0.3595864902648039
842 0.19454490277425443
843 3.1581370519970102
844 2.9778738020542073
845 0.9534100152805121
846 5.726283066876463
847 1.8227634932983654
848 0.19440821263789898
849 1.031084801272132
850 1.5971742421986665
851 3.0403188022248364
852 5.398269033425945
853 0.0888261619174312
854 0.20857065596597754
855 9.194304629610386
856 2.1154754913023224
857 0.6253723458640771
858 1.1719460130091992
859 1.4752729921063028
860 0.3442947622586764
861 0.8896946084811385
862 1.438070037313791
863 0.1619426496056228
864 0.22312147131997434
865 0.9001300305375883
866 1.7101606763040225
867 1.3523562458492153
868 2.978368650489332
869 16.857135078783763
870 0.29505234056430624
871 1.0859904970660954
872 0.18325731025446132
873 1.5625245111463262
874 18.45477539442734
875 1.8247706575822265
876 7.6573813061037255
877 0.517851250570405
878 39.24312951265234
879 2.994666785651674
880 0.02933675618739017
881 21.357302646615196
882 0.13892348700510568
883 0.9341025248489272
884 2.0571557514656202
885 0.8911862726669182
886 0.13797207418531537
887 0.629235478588018
888 3.9345636505592014
889 24.129481222032332
890 8.9804087385151
891 0.517270843476442
892 0.4156379562997563
893 2.290693544358125
894 3.606350219340797
895 7.909978318924898
896 3.074218766013888
897 0.4581855548688406
898 0.544974733417356
899 81.75661540271226
900 0.12744784703673662
901 0.9360907718346875
902 7.481412541188361
903 1.6921089176616486
904 0.9692712809512425
905 1.183045752596146
906 1.936876141822313
907 9.857451357681954
908 0.8249297377091711
909 1.8859631455746286
910 0.6104212495789513
911 0.04422153261668561
912 0.8410662083072817
913 0.008721650351634505
914 1.0613304509949055
915 0.06649651431426777
916 0.026797302922883064
917 0.0017432376732617477
918 0.03486337250446402
919 9.567463540438796
920 0.0978172887314259
921 0.8795683669646563
922 0.2822037260242803
923 0.4157637152592156
924 126.76472245854285
925 0.6187884786301268
926 0.27012765872216904
927 0.21733718146515735
928 1.5329787900165832
929 0.9894026552103289
930 1.6990007088391192
931 0.7295510657999582
932 0.1567064537370741
933 91.57079315419526
934 6.336310707033362
935 80.03397170986784
936 28.038663743485774
937 0.8428702537121879
938 0.18113818096177542
939 5.282983092806786
940 23.46890712508319
941 0.6381647879374001
942 0.21553553870730927
943 1.5267067015312399
944 0.12805277484416208
945 0.06638330287233944
946 0.061150696470642904
947 0.6523327004046564
948 10.7226793193555
949 11.957431653923297
950 3.0988952216415817
951 0.355996309693996
952 4.903737134968501
953 7.040593423047115
954 1.047392373479064
955 0.6890711155346764
956 0.7241748536242293
957 0.47477680873186834
958 0.6786440450534229
959 1.3663060300384422
960 2.937962637535427
961 1.6239441143173956
962 9.3868660080119
963 0.20313362870586454
964 1.8004966061770435
965 0.11943243966445828
966 0.16909563523187565
967 1.1639557412900032
968 2.837876927072286
969 0.09879389077567817
970 92.45794172618552
971 1.0837039419637013
972 1.132736623824427
973 0.4891256078251858
974 0.10667120544102264
975 1.1514883880323576
976 0.3717938707155592
977 0.1873745509015352
978 0.10673244041326142
979 0.004247519815239783
980 0.0740167845599139
981 0.8385682355557439
982 2.2873015376821546
983 0.177504927814452
984 2.6243578082305214
985 2.642853830674329
986 0.5657576608939487
987 0.9507122621224622
988 0.9437457668881718
989 2.925957498256973
990 18.037972331963484
991 0.04031540908040644
992 1.7042801047401024
993 0.5828536635521749
994 0.9699494602159731
995 0.5069661772023816
996 1.1895851992302522
997 1.3626111747617862
998 1.9448461655241729
999 0.06823638675784256
1000 1.9490918224895932
