2 995 194
2 896 638
2 29 373
2 172 769
2 595 126
2 90 880
2 657 117
2 635 103
2 576 510
2 553 923
2 448 546
2 325 317
2 937 601
2 836 148
2 322 963
2 46 349
2 695 379
2 496 570
2 184 277
2 29 59
2 501 374
2 504 539
2 184 27
2 317 844
2 454 217
2 658 67
2 166 646
2 459 568
2 3 163
2 361 451
2 242 729
2 889 293
2 944 844
2 391 355
2 973 757
2 498 507
2 630 118
2 717 461
2 8 626
2 39 580
2 415 741
2 830 336
2 475 222
2 210 16
2 395 863
2 87 580
2 41 93
2 189 667
2 870 348
2 614 568
2 124 423
2 475 11
2 624 942
2 304 673
2 739 602
2 564 45
2 938 264
2 356 941
2 167 431
2 464 634
2 516 274
2 148 116
2 377 407
2 197 749
2 957 602
2 984 876
2 3 522
2 860 293
2 314 32
2 58 365
2 322 666
2 382 113
2 834 992
2 573 684
2 138 83
2 406 207
2 353 906
2 364 2
2 495 634
2 415 862
2 287 109
2 345 561
2 755 248
2 661 155
2 391 912
2 920 378
2 98 953
2 827 881
2 575 750
2 743 463
2 490 113
2 949 842
2 520 538
2 184 601
2 643 687
2 368 724
2 660 218
2 523 410
2 397 413
2 630 996
2 831 977
2 447 883
2 856 827
2 575 800
2 637 691
2 909 762
2 336 374
2 612 115
2 60 809
2 423 908
2 1 70
2 202 478
2 755 18
2 766 286
2 287 572
2 836 540
2 488 691
2 837 673
2 507 484
2 648 317
2 743 941
2 471 749
2 785 73
2 945 555
2 241 919
2 690 473
2 967 445
2 770 849
2 678 794
2 956 286
2 687 811
2 978 246
2 824 580
2 820 975
2 620 656
2 791 998
2 229 667
2 22 297
2 640 39
2 299 426
2 376 270
2 291 438
2 595 554
2 82 328
2 265 795
2 563 379
2 898 726
2 946 93
2 377 145
2 892 682
2 874 424
2 53 505
2 437 154
2 674 833
2 588 160
2 607 783
2 324 283
2 236 809
2 792 99
2 660 482
2 354 927
2 513 99
2 127 760
2 918 285
2 703 453
2 40 808
2 601 54
2 869 976
2 322 417
2 703 319
2 180 125
2 158 265
2 786 462
2 208 885
2 872 382
2 401 477
2 779 270
2 303 422
2 377 776
2 37 800
2 986 933
2 568 219
2 575 351
2 569 124
2 240 446
2 640 744
2 436 427
2 732 802
2 600 36
2 639 862
2 389 42
2 207 424
2 422 615
2 986 434
2 985 4
2 942 164
2 236 636
2 541 589
2 933 577
2 69 727
2 557 536
2 588 525
2 214 193
2 125 576
2 825 24
2 457 935
2 608 558
2 591 755
2 488 92
2 707 214
2 134 779
2 226 472
2 896 959
2 482 71
2 556 305
2 112 566
2 164 421
2 256 248
2 470 546
2 758 484
2 614 246
2 954 423
2 834 106
2 636 504
2 84 454
2 841 195
2 611 169
2 871 444
2 491 299
2 284 130
2 816 69
2 991 299
2 866 869
2 38 788
2 688 410
2 179 773
2 762 441
2 176 30
2 101 686
2 44 460
2 287 35
2 177 326
2 739 648
2 675 488
2 694 332
2 509 140
2 616 110
2 811 527
2 742 414
2 662 392
2 318 203
2 836 57
2 719 617
2 993 555
2 699 374
2 687 90
2 804 191
2 434 378
2 433 547
2 835 580
2 500 148
2 180 168
2 417 799
2 150 355
2 505 754
2 632 363
2 592 332
2 134 997
2 183 965
2 58 768
2 107 937
2 464 353
2 970 200
2 499 545
2 697 815
2 55 252
2 626 691
2 474 138
2 147 944
2 643 419
2 113 199
2 698 104
2 123 413
2 183 970
2 481 604
2 703 549
2 10 683
2 334 467
2 385 324
2 69 953
2 418 241
2 993 772
2 369 208
2 870 33
2 942 70
2 429 172
2 558 651
2 987 600
2 618 998
2 220 965
2 544 454
2 585 267
2 933 247
2 875 260
2 173 411
2 198 773
2 632 220
2 803 905
2 165 970
2 504 802
2 277 422
2 578 794
2 279 33
2 218 178
2 373 315
2 857 545
2 846 91
2 317 724
2 752 683
2 647 335
2 218 806
2 829 83
2 888 421
2 71 959
2 135 670
2 366 245
2 611 300
2 259 373
2 977 724
2 158 789
2 304 35
2 852 879
2 39 299
2 377 74
2 305 430
2 544 844
2 780 190
2 613 960
2 907 631
2 206 531
2 662 68
2 782 242
2 754 982
2 623 32
2 913 871
2 784 694
2 562 47
2 476 162
2 541 116
2 326 348
2 560 64
2 696 93
2 582 27
2 187 435
2 410 157
2 400 355
2 225 894
2 381 494
2 700 46
2 344 178
2 431 140
2 624 352
2 293 74
2 71 415
2 112 516
2 878 98
2 993 508
2 724 986
2 352 489
2 8 683
2 809 266
2 964 822
2 709 878
2 206 304
2 529 763
2 785 486
2 587 116
2 718 489
2 334 74
2 738 258
2 568 353
2 437 805
2 128 887
2 603 545
2 801 411
2 444 43
2 360 238
2 685 310
2 423 1000
2 480 92
2 552 814
2 630 858
2 965 257
2 405 727
2 808 893
2 370 573
2 694 103
2 372 267
2 851 933
2 481 141
2 154 43
2 952 399
2 682 173
2 568 765
2 553 979
2 370 565
2 845 505
2 86 434
2 633 549
2 160 858
2 497 61
2 857 879
2 484 764
2 420 16
2 825 167
2 432 120
2 860 944
2 662 34
2 244 430
2 397 972
2 37 948
2 886 530
2 61 517
2 663 764
2 58 703
2 585 194
2 52 732
2 417 319
2 267 393
2 369 421
2 367 429
2 510 815
2 87 582
2 652 992
2 826 648
2 633 352
2 645 185
2 739 546
2 961 428
2 821 580
2 853 874
2 340 519
2 175 676
2 812 433
2 696 997
2 145 332
2 60 564
2 53 172
2 996 249
2 761 903
2 646 220
2 933 735
2 335 119
2 843 186
2 64 305
2 511 667
2 457 823
2 371 158
2 553 178
2 17 676
2 882 141
2 760 270
2 967 789
2 102 429
2 575 519
2 939 36
2 623 898
2 497 192
2 305 530
2 751 939
2 786 585
2 893 51
2 636 333
2 95 79
2 169 216
2 888 255
2 404 602
2 719 410
2 787 743
2 505 368
2 977 772
2 731 449
2 662 278
2 851 243
2 971 915
2 951 919
2 211 563
2 188 985
2 367 643
2 821 925
2 541 294
2 85 642
2 799 745
2 11 227
2 127 435
2 674 964
2 952 56
2 592 878
2 193 715
2 458 619
2 868 303
2 657 551
2 831 851
2 437 250
2 405 462
2 88 984
2 364 307
2 31 451
2 861 179
2 309 840
2 679 461
2 952 886
2 276 278
2 387 397
2 878 45
2 783 156
2 688 782
2 452 414
2 330 583
2 565 822
2 628 378
2 719 149
2 632 16
2 354 767
2 746 262
2 213 770
2 649 731
2 901 909
2 891 710
2 480 448
2 130 927
2 53 886
2 454 597
2 956 62
2 282 106
2 284 19
2 783 315
2 527 129
2 732 12
2 302 694
2 161 536
2 829 226
2 523 125
2 727 659
2 348 580
2 948 283
2 784 699
2 737 859
2 535 653
2 115 752
2 336 721
2 831 147
2 63 743
2 712 588
2 62 334
2 900 146
2 447 806
2 849 163
2 562 240
2 866 799
2 938 822
2 968 414
2 288 749
2 937 266
2 297 42
2 132 889
2 523 814
2 396 875
2 125 763
2 664 927
2 851 437
2 54 553
2 459 902
2 457 435
2 535 260
2 869 328
2 453 768
2 131 598
2 366 194
2 761 4
2 85 873
2 453 601
2 533 550
2 248 427
2 631 137
2 461 299
2 458 119
2 651 269
2 453 615
2 81 823
2 934 854
2 346 720
2 860 658
2 585 627
2 280 814
2 912 45
2 350 613
2 299 106
2 144 401
2 504 239
2 309 55
2 88 868
2 161 941
2 939 706
2 513 122
2 167 500
2 389 325
2 949 123
2 295 361
2 88 194
2 284 415
2 834 440
2 132 881
2 739 247
2 522 510
2 611 799
2 124 569
2 136 511
2 614 270
2 777 832
2 972 980
2 652 774
2 722 303
2 934 735
2 259 342
2 364 485
2 419 453
2 293 716
2 53 549
2 584 579
2 783 333
2 985 334
2 891 657
2 875 949
2 5 118
2 808 82
2 777 953
2 324 355
2 197 73
2 641 940
2 700 753
2 830 705
2 732 324
2 968 490
2 23 567
2 360 544
2 626 551
2 14 561
2 825 4
2 30 844
2 128 537
2 564 567
2 60 411
2 298 863
2 837 699
2 123 48
2 9 642
2 397 314
2 485 326
2 79 508
2 268 171
2 850 857
2 875 778
2 56 980
2 792 368
2 692 192
2 587 264
2 632 747
2 1 151
2 180 348
2 434 284
2 588 430
2 82 421
2 947 800
2 5 673
2 773 348
2 258 310
2 751 805
2 804 105
2 149 740
2 436 941
2 966 870
2 170 481
2 891 280
2 9 597
2 737 524
2 461 241
2 922 518
2 308 133
2 299 768
2 224 739
2 153 488
2 845 878
2 696 248
2 887 940
2 650 315
2 696 447
2 78 463
2 785 130
2 750 905
2 360 682
2 933 130
2 290 713
2 952 368
2 988 514
2 443 576
2 30 879
2 511 702
2 936 251
2 153 321
2 906 785
2 837 764
2 707 383
2 137 862
2 499 724
2 598 405
2 477 306
2 5 74
2 839 663
2 630 564
2 579 802
2 825 283
2 448 444
2 857 571
2 394 622
2 299 547
2 147 998
2 535 615
2 484 124
2 281 344
2 509 587
2 316 157
2 97 430
2 318 810
2 481 800
2 732 441
2 748 318
2 60 569
2 869 771
2 269 967
2 463 73
2 44 366
2 880 999
2 317 550
2 440 261
2 401 964
2 429 733
2 278 252
2 116 637
2 685 682
2 884 725
2 688 501
2 831 783
2 808 945
2 688 953
2 744 120
2 626 683
2 15 821
2 595 914
2 397 336
2 186 222
2 906 466
2 57 564
2 101 27
2 934 749
2 455 380
2 577 779
2 735 765
2 396 702
2 646 39
2 75 944
2 5 694
2 334 243
2 774 410
2 5 63
2 712 287
2 470 213
2 494 227
2 189 74
2 884 510
2 202 802
2 646 233
2 311 92
2 973 580
2 912 36
2 11 972
2 703 721
2 544 522
2 411 435
2 515 537
2 650 778
2 26 606
2 645 312
2 854 48
2 1 362
2 877 794
2 312 529
2 2 565
2 256 117
2 861 19
2 727 882
2 198 989
2 516 888
2 464 336
2 330 803
2 130 705
2 855 496
2 229 671
2 946 568
2 883 770
2 590 43
2 929 145
2 292 293
2 469 214
2 331 783
2 591 654
2 788 43
2 899 281
2 633 531
2 542 888
2 744 795
2 148 250
2 342 960
2 64 941
2 195 147
2 393 670
2 631 127
2 957 932
2 143 427
2 729 98
2 829 806
2 837 792
2 439 717
2 476 909
2 541 149
2 950 586
2 586 66
2 986 965
2 695 769
2 452 539
2 604 965
2 300 694
2 302 216
2 180 404
2 568 156
2 920 215
2 311 520
2 732 245
2 293 885
2 253 192
2 210 752
2 875 886
2 641 366
2 601 379
2 829 453
2 871 716
2 440 857
2 498 735
2 589 223
2 575 447
2 224 554
2 318 137
2 93 702
2 28 222
2 372 328
2 175 197
2 745 248
2 541 193
2 918 218
2 674 678
2 704 975
2 254 702
2 191 213
2 102 712
2 700 511
2 990 132
2 692 756
2 704 261
2 533 334
2 970 564
2 514 462
2 119 982
2 424 790
2 557 518
2 855 170
2 208 124
2 176 537
2 38 648
2 632 45
2 774 462
2 387 903
2 865 710
2 433 361
2 75 214
2 187 110
2 423 366
2 860 181
2 562 925
2 932 521
2 3 615
2 840 481
2 32 466
2 729 131
2 450 353
2 517 626
2 797 481
2 812 691
2 15 708
2 922 615
2 84 257
2 837 663
2 369 120
2 840 421
2 690 65
2 90 123
2 636 593
2 800 325
2 459 323
2 990 373
2 767 557
2 144 265
2 590 200
2 624 302
2 781 917
2 143 599
2 377 473
2 852 372
2 125 549
2 39 407
2 133 59
2 692 120
2 855 417
2 339 154
2 562 642
2 671 378
2 966 294
2 241 666
2 938 335
2 585 744
2 603 848
2 384 497
2 945 465
2 448 713
2 590 325
2 612 473
2 135 216
2 310 362
2 724 975
2 543 93
2 826 683
2 738 776
2 86 516
2 642 931
2 896 333
2 898 627
2 681 495
2 380 550
2 706 422
2 988 490
2 166 5
2 409 281
2 392 786
2 444 699
2 111 419
2 878 414
2 865 862
2 42 536
2 253 803
2 708 523
2 551 754
2 213 807
2 48 301
2 364 387
2 648 246
2 362 67
2 661 294
2 224 462
2 102 368
2 635 565
2 955 308
2 762 895
2 387 638
2 340 868
2 904 574
2 993 622
2 40 973
2 911 2
2 142 648
2 868 971
2 867 117
2 884 739
2 193 27
2 450 270
2 624 703
2 758 517
2 891 927
2 132 237
2 733 191
2 588 956
2 440 722
2 527 604
2 330 650
2 869 985
2 794 551
2 950 200
2 453 195
2 381 207
2 834 258
2 206 292
2 289 861
2 949 702
2 935 305
2 324 998
2 915 138
2 554 122
2 614 778
2 650 843
2 227 876
2 706 244
2 394 448
2 711 173
2 397 358
2 961 353
2 148 77
2 336 596
2 541 314
2 978 438
2 34 499
2 655 106
2 85 433
2 850 433
2 528 978
2 612 117
2 676 113
2 505 429
2 153 791
2 726 493
2 726 199
2 137 121
2 374 484
2 315 668
2 505 839
2 107 925
2 341 988
2 588 693
2 71 763
2 987 545
2 144 217
2 252 422
2 364 62
2 62 599
2 900 801
2 367 139
2 506 880
2 26 56
2 258 537
2 224 249
2 436 379
2 586 948
2 878 667
2 301 365
2 275 717
2 134 291
2 731 921
2 6 779
2 207 37
2 624 284
2 392 805
2 102 497
2 501 397
2 851 663
2 600 673
2 525 199
2 685 155
2 633 900
2 108 699
2 817 897
2 483 647
2 776 18
2 875 444
2 304 863
2 440 39
2 88 282
2 872 477
2 942 213
2 592 628
2 915 512
2 320 606
2 594 822
2 545 296
2 449 8
2 726 542
2 588 145
2 992 274
2 513 410
2 225 564
2 585 23
2 938 541
2 485 579
2 84 513
2 265 325
2 123 82
2 436 82
2 63 184
2 460 344
2 116 401
2 920 820
2 183 851
2 956 227
2 350 135
2 515 491
2 228 999
2 881 471
2 381 285
2 964 880
2 733 194
2 602 989
2 200 572
2 443 835
2 143 945
2 545 271
2 496 489
2 244 283
2 888 518
2 28 206
2 528 542
2 933 314
2 750 666
2 267 185
2 809 322
2 253 755
2 886 773
2 734 346
2 6 850
2 677 246
2 107 494
2 9 778
2 816 974
2 191 972
2 90 817
2 601 566
2 612 83
2 148 364
2 102 532
2 351 300
2 263 809
2 333 45
2 455 583
2 186 524
2 640 316
2 127 783
2 350 486
2 590 39
2 428 375
2 244 800
2 248 117
2 129 74
2 164 249
2 500 543
2 393 743
2 692 493
2 766 623
2 131 966
2 805 245
2 55 136
2 57 89
2 839 646
2 400 344
2 26 456
2 241 24
2 437 71
2 685 508
2 68 307
2 174 285
2 685 773
2 872 249
2 966 393
2 293 702
2 56 965
2 302 531
2 623 558
2 576 936
2 528 766
2 556 693
2 38 434
2 428 546
2 112 321
2 221 358
2 384 524
2 949 909
2 13 417
2 123 76
2 656 283
2 682 106
2 703 723
2 352 48
2 830 445
2 785 481
2 478 264
2 366 93
2 639 576
2 318 660
2 905 582
2 265 953
2 329 537
2 784 770
2 834 794
2 259 826
2 916 660
2 640 771
2 799 18
2 632 617
2 624 850
2 974 301
2 417 570
2 353 643
2 857 723
2 689 103
2 780 421
2 170 210
2 725 647
2 549 727
2 594 49
2 404 507
2 112 414
2 442 463
2 479 133
2 327 960
2 816 593
2 256 863
2 418 296
2 929 1
2 954 538
2 595 782
2 544 354
2 740 724
2 191 426
2 13 963
2 726 74
2 734 547
2 51 773
2 325 43
2 530 313
2 248 587
2 986 188
2 447 572
2 161 718
2 236 752
2 229 799
2 285 149
2 406 398
2 987 369
2 823 489
2 753 724
2 24 965
2 384 944
2 900 612
2 655 433
2 400 505
2 727 463
2 595 149
2 240 863
2 55 721
2 377 396
2 695 42
2 331 321
2 586 471
2 149 408
2 372 136
2 468 132
2 57 883
2 527 830
2 617 74
2 37 454
2 671 249
2 349 289
2 680 670
2 484 223
2 25 705
2 357 124
2 387 130
2 722 500
2 946 924
2 568 260
2 492 267
2 839 668
2 857 215
2 281 249
2 170 878
2 94 430
2 37 788
2 176 92
2 961 754
2 678 736
2 192 495
2 697 968
2 130 931
2 144 43
2 96 870
2 190 307
2 280 448
2 283 352
2 426 953
2 826 762
2 371 803
2 737 347
2 610 716
2 371 612
2 575 68
2 735 702
2 746 512
2 142 254
2 375 881
2 941 195
2 112 332
2 993 34
2 736 43
2 997 673
2 848 610
2 137 832
2 287 142
2 22 327
2 448 268
2 892 232
2 628 20
2 358 880
2 679 726
2 887 960
2 542 666
2 34 574
2 930 596
2 436 98
2 709 397
2 29 947
2 111 895
2 605 269
2 165 660
2 587 449
2 981 770
2 297 1000
2 437 932
2 440 24
2 587 4
2 494 462
2 581 841
2 786 716
2 930 932
2 540 577
2 392 415
2 837 801
2 875 139
2 682 453
2 679 605
2 699 568
2 674 422
2 47 395
2 965 304
2 925 815
2 945 218
2 941 331
2 592 37
2 342 366
2 202 137
2 728 937
2 662 838
2 90 577
2 921 263
2 81 441
2 387 672
2 924 334
2 951 576
2 804 558
2 706 462
2 766 489
2 504 264
2 105 419
2 69 380
2 124 251
2 641 151
2 472 106
2 283 414
2 834 797
2 527 282
2 202 347
2 871 606
2 562 935
2 351 356
2 6 347
2 907 672
2 791 708
2 643 268
2 783 246
2 786 127
2 869 195
2 102 666
2 856 59
2 207 823
2 60 905
2 510 998
2 622 343
2 100 16
2 218 758
2 302 440
2 104 205
2 948 925
2 623 705
2 983 502
2 3 105
2 464 992
2 688 671
2 451 755
2 13 922
2 436 649
2 801 478
2 99 428
2 505 278
2 935 700
2 454 656
2 480 759
2 52 940
2 860 380
2 29 72
2 926 864
2 127 89
2 825 834
2 128 521
2 678 191
2 342 790
2 773 374
2 65 876
2 17 234
2 726 776
2 901 12
2 582 598
2 358 851
2 689 67
2 211 56
2 935 270
2 265 160
2 408 967
2 241 821
2 504 51
2 92 551
2 237 450
2 485 129
2 294 333
2 494 226
2 317 550
2 45 999
2 171 408
2 35 588
2 868 266
2 639 743
2 748 704
2 193 819
2 392 534
2 971 103
2 834 220
2 703 161
2 344 783
2 857 434
2 308 919
2 346 711
2 946 137
2 232 713
2 349 472
2 946 407
2 706 745
2 420 422
2 558 565
2 221 912
2 836 45
2 404 267
2 371 86
2 126 897
2 973 311
2 790 940
2 881 45
2 794 317
2 682 821
2 510 182
2 203 235
2 229 959
2 360 808
2 820 615
2 410 201
2 240 79
2 816 893
2 409 815
2 575 815
2 59 742
2 711 930
2 582 43
2 544 605
2 571 906
2 500 396
2 488 550
2 669 873
2 395 95
2 512 928
2 556 65
2 363 741
2 298 401
2 221 621
2 728 708
2 105 342
2 231 911
2 848 969
2 523 138
2 213 783
2 60 708
2 614 84
2 148 786
2 548 486
2 31 973
2 346 401
2 474 825
2 483 879
2 238 43
2 708 333
2 845 744
2 226 791
2 811 272
2 256 777
2 569 233
2 838 873
2 942 49
2 70 411
2 829 388
2 873 1
2 56 475
2 963 636
2 154 940
2 14 490
2 190 841
2 788 798
2 25 850
2 941 930
2 216 575
2 242 453
2 843 895
2 515 709
2 718 279
2 203 197
2 507 453
2 524 740
2 436 83
2 277 271
2 646 887
2 9 832
2 371 171
2 680 256
2 997 731
2 664 90
2 253 548
2 707 783
2 86 959
2 990 166
2 86 451
2 884 226
2 637 39
2 315 251
2 687 899
2 336 5
2 86 818
2 707 536
2 907 852
2 600 140
2 645 547
2 116 264
2 394 178
2 112 362
2 280 587
2 827 884
2 650 807
2 607 227
2 75 666
2 409 345
2 147 625
2 553 674
2 626 935
2 830 842
2 262 916
2 184 146
2 915 399
2 315 41
2 13 359
2 192 557
2 682 373
2 582 928
2 748 477
2 594 381
2 816 636
2 594 214
2 959 111
2 647 527
2 526 792
2 691 789
2 638 115
2 236 115
2 733 998
2 353 58
2 434 978
2 901 617
2 598 687
2 220 493
2 371 231
2 729 542
2 668 393
2 753 97
2 766 429
2 81 703
2 690 451
2 253 335
2 567 45
2 31 257
2 242 276
2 131 488
2 160 410
2 504 463
2 339 530
2 590 318
2 3 772
2 812 593
2 624 61
2 11 719
2 231 444
2 147 303
2 404 300
2 163 648
2 79 895
2 900 246
2 315 952
2 90 563
2 83 710
2 517 18
2 395 880
2 41 882
2 128 27
2 569 447
2 628 641
2 324 166
2 945 713
2 410 117
2 830 933
2 352 171
2 111 625
2 698 911
2 372 606
2 345 445
2 871 990
2 505 182
2 815 802
2 932 239
2 688 917
2 37 492
2 253 359
2 490 108
2 381 787
2 111 497
2 9 112
2 730 698
2 159 437
2 690 814
2 739 863
2 958 874
2 211 851
2 318 331
2 578 400
2 400 967
2 882 475
2 994 550
2 447 654
2 955 355
2 442 231
2 574 405
2 174 548
2 92 749
2 599 340
2 865 373
2 904 181
2 182 451
2 874 808
2 334 465
2 746 393
2 711 172
2 856 563
2 786 33
2 293 410
2 592 499
2 630 350
2 698 936
2 824 881
2 409 742
2 371 753
2 209 726
2 779 310
2 843 240
2 962 642
2 51 39
2 229 722
2 842 219
2 565 817
2 629 945
2 399 215
2 236 930
2 235 383
2 709 115
2 126 536
2 741 204
2 536 397
2 71 463
2 567 362
2 696 991
2 569 98
2 952 14
2 949 57
2 16 219
2 11 198
2 491 184
2 630 224
2 479 457
2 989 413
2 405 245
2 318 776
2 457 304
2 941 255
2 420 773
2 858 255
2 594 309
2 412 910
2 213 347
2 899 43
2 113 733
2 638 847
2 768 114
2 523 154
2 262 338
2 930 207
2 830 695
2 539 881
2 89 404
2 645 92
2 459 851
2 260 861
2 545 566
2 902 563
2 674 724
2 10 5
2 967 99
2 874 721
2 532 455
2 729 870
2 280 425
2 213 789
2 125 493
2 555 550
2 680 709
2 681 355
2 470 776
2 99 977
2 240 383
2 420 575
2 915 586
2 168 269
2 280 364
2 356 261
2 694 852
2 661 754
2 480 328
2 384 796
2 687 307
2 637 561
2 213 821
2 680 788
2 955 500
2 917 334
2 280 162
2 329 601
2 929 625
2 654 25
2 898 174
2 282 174
2 41 395
2 458 372
2 946 585
2 711 500
2 786 705
2 640 195
2 212 744
2 671 608
2 345 989
2 948 965
2 227 291
2 484 604
2 353 125
2 536 663
2 203 45
2 53 33
2 808 840
2 256 473
2 402 224
2 377 895
2 616 951
2 860 414
2 963 160
2 1 654
2 366 341
2 76 818
2 836 411
2 136 95
2 227 580
2 992 647
2 826 377
2 216 518
2 279 828
2 656 475
2 923 721
2 396 724
2 882 876
2 218 78
2 174 851
2 647 497
2 621 579
2 687 251
2 677 602
2 60 567
2 113 886
2 436 151
2 32 705
2 796 912
2 469 373
2 689 261
2 247 173
2 365 768
2 239 103
2 853 785
2 632 931
2 564 540
2 108 244
2 816 488
2 400 896
2 284 773
2 942 125
2 653 116
2 182 454
2 12 839
2 153 29
2 836 942
2 344 396
2 725 342
2 741 931
2 590 914
2 453 329
2 183 503
2 481 724
2 177 425
2 933 970
2 638 538
2 969 101
2 442 593
2 602 278
2 725 630
2 873 379
2 535 991
2 123 523
2 447 733
2 513 743
2 372 651
2 649 41
2 562 926
2 675 681
2 935 711
2 990 90
2 184 502
2 313 228
2 372 791
2 299 354
2 601 919
2 513 429
2 957 73
2 83 146
2 15 807
2 986 770
2 820 701
2 57 701
2 130 502
2 882 975
2 376 878
2 603 583
2 752 559
2 431 414
2 707 866
2 76 980
2 198 368
2 316 140
2 61 270
2 137 833
2 253 204
2 253 153
2 819 574
2 745 341
2 393 43
2 78 114
2 137 784
2 845 346
2 824 610
2 479 269
2 818 637
2 58 574
2 789 54
2 804 612
2 735 124
2 688 631
2 520 157
2 154 418
2 206 926
2 511 727
2 836 908
2 403 899
2 853 145
2 100 430
2 783 776
2 780 83
2 676 978
2 397 225
2 289 215
2 929 350
2 804 412
2 570 814
2 484 79
2 155 31
2 887 921
2 762 563
2 374 411
2 695 917
2 270 871
2 66 3
2 55 27
2 972 70
2 462 975
2 968 976
2 403 654
2 100 743
2 420 479
2 884 937
2 738 903
2 855 89
2 891 217
2 573 68
2 98 531
2 446 307
2 830 150
2 875 863
2 273 407
2 443 744
2 936 26
2 242 779
2 722 145
2 610 111
2 393 811
2 52 404
2 995 615
2 785 695
2 612 587
2 660 854
2 387 198
2 776 909
2 293 511
2 890 190
2 913 166
2 702 720
2 436 48
2 923 663
2 130 283
2 800 438
2 60 693
2 663 812
2 983 23
2 336 36
2 846 634
2 729 400
2 833 411
2 517 417
2 450 286
2 404 494
2 589 215
2 543 527
2 204 406
2 654 917
2 937 20
2 607 873
2 88 192
2 84 742
2 166 478
2 14 574
2 407 629
2 479 862
2 20 701
2 554 207
2 95 844
2 112 53
2 202 45
2 675 408
2 27 948
2 389 710
2 933 234
2 135 812
2 486 441
2 480 45
2 710 378
2 450 834
2 692 643
2 161 180
2 460 278
2 46 495
2 16 251
2 628 580
2 955 188
2 88 658
2 685 416
2 659 361
2 318 729
2 782 69
2 269 167
2 675 264
2 339 174
2 514 21
2 431 658
2 836 662
2 687 470
2 662 695
2 429 945
2 94 697
2 837 930
2 450 332
2 554 719
2 936 56
2 24 366
2 367 572
2 619 858
2 707 519
2 544 111
2 153 666
2 915 67
2 272 976
2 275 37
2 754 944
2 841 810
2 262 833
2 985 620
2 637 627
2 285 122
2 590 768
2 184 959
2 595 670
2 677 998
2 275 210
2 391 502
2 26 277
2 609 690
2 347 812
2 72 508
2 28 484
2 86 208
2 926 333
2 149 711
2 682 422
2 913 321
2 484 618
2 731 918
2 627 765
2 15 757
2 223 828
2 294 873
2 33 833
2 849 25
2 13 711
2 743 217
2 211 30
2 70 930
2 61 773
2 650 421
2 174 403
2 402 49
2 14 137
2 981 518
2 922 287
2 622 300
2 892 736
2 658 261
2 938 21
2 347 472
2 127 91
2 31 179
2 624 712
2 843 996
2 334 427
2 687 466
2 594 995
2 440 388
2 669 159
2 578 610
2 137 909
2 121 68
2 955 314
2 907 644
2 637 684
2 478 117
2 17 444
2 991 261
2 315 583
2 691 928
2 609 771
2 730 931
2 870 487
2 577 101
2 634 860
2 40 49
2 559 750
2 5 299
2 333 294
2 755 170
2 158 106
2 661 600
2 36 751
2 636 93
2 292 948
2 997 966
2 227 254
2 747 492
2 226 17
2 911 570
2 791 499
2 791 321
2 625 316
2 374 461
2 429 380
2 893 376
2 378 637
2 311 942
2 198 48
2 299 863
2 624 61
2 669 438
2 425 56
2 652 504
2 552 120
2 297 680
2 722 850
2 883 576
2 343 681
2 47 404
2 801 840
2 671 924
2 830 984
2 228 197
2 460 483
2 369 574
2 866 960
2 1000 520
2 525 492
2 632 822
2 302 998
2 38 20
2 498 966
2 273 404
2 400 310
2 85 335
2 750 67
2 787 517
2 738 79
2 836 756
2 427 576
2 679 842
2 619 703
2 955 528
2 327 496
2 498 584
2 826 529
2 193 201
2 780 211
2 340 708
2 785 742
2 717 634
2 334 80
2 855 85
2 553 162
2 354 283
2 770 326
2 468 850
2 111 916
2 183 127
2 416 745
2 498 357
2 62 262
2 42 239
2 646 286
2 130 139
2 56 490
2 354 231
2 866 151
2 340 256
2 860 828
2 108 798
2 897 101
2 732 434
2 497 733
2 351 27
2 643 745
2 337 122
2 201 395
2 706 959
2 631 504
2 387 30
2 177 786
2 904 49
2 735 359
2 629 932
2 16 278
2 153 221
2 292 817
2 886 673
2 930 797
2 891 704
2 82 2
2 375 279
2 375 247
2 295 499
2 950 42
2 923 243
2 581 505
2 103 691
2 726 170
2 327 366
2 266 289
2 731 138
2 968 681
2 467 279
2 696 5
2 459 312
2 922 438
2 309 184
2 533 37
2 337 975
2 604 91
2 735 489
2 987 648
2 907 62
2 877 790
2 199 465
2 537 399
2 746 171
2 618 926
2 99 178
2 428 694
2 535 816
2 703 295
2 398 356
2 188 319
2 9 736
2 388 182
2 330 48
2 491 83
2 952 706
2 498 172
2 499 714
2 182 520
2 703 250
2 605 967
2 26 776
2 986 703
2 330 403
2 29 807
2 847 583
2 52 697
2 645 91
2 994 71
2 562 857
2 419 52
2 846 209
2 234 433
2 892 163
2 859 427
2 118 179
2 724 23
2 718 609
2 491 982
2 397 218
2 105 91
2 500 139
2 284 303
2 977 445
2 962 56
2 453 119
2 541 874
2 522 596
2 351 825
2 535 116
2 184 563
2 586 372
2 783 266
2 102 805
2 75 294
2 41 671
2 461 52
2 836 118
2 725 496
2 129 880
2 665 627
2 293 794
2 482 817
2 918 714
2 144 23
2 62 719
2 280 932
2 174 914
2 292 55
2 564 355
2 328 881
2 894 437
2 46 133
2 119 164
2 27 606
2 53 565
2 964 942
2 815 296
2 486 307
2 5 597
2 365 179
2 957 390
2 406 455
2 887 689
2 56 880
2 390 606
2 809 268
2 567 258
2 892 740
2 144 989
2 577 337
2 966 964
2 940 822
2 993 948
2 60 739
2 401 705
2 927 817
2 596 932
2 394 984
2 977 187
2 330 302
2 900 963
2 417 483
2 103 977
2 632 222
2 645 878
2 233 545
2 704 543
2 48 673
2 890 357
2 674 264
2 697 12
2 824 398
2 595 507
2 142 2
2 431 71
2 746 550
2 782 128
2 60 870
2 249 798
2 613 432
2 928 763
2 926 222
2 685 195
2 316 767
2 829 802
2 608 854
2 397 231
2 63 931
2 172 752
2 899 816
2 708 180
2 137 801
2 491 823
2 758 606
2 234 214
2 323 363
2 119 704
2 750 268
2 985 268
2 169 809
2 275 235
2 725 20
2 335 579
2 293 910
2 357 194
2 819 119
2 775 43
2 242 560
2 221 888
2 284 91
2 625 653
2 155 150
2 222 207
2 634 976
2 433 858
2 183 809
2 50 701
2 297 268
2 928 929
2 797 779
2 916 870
2 696 958
2 189 866
2 551 749
2 460 180
2 304 717
2 247 555
2 551 316
2 640 778
2 512 16
2 603 523
2 253 25
2 994 68
2 651 757
2 669 255
2 345 76
2 94 356
2 578 545
2 686 999
2 44 171
2 247 264
2 89 37
2 716 226
2 35 15
2 17 61
2 436 23
2 330 140
2 446 45
2 252 499
2 144 422
2 238 636
2 340 140
2 855 860
2 297 972
2 721 979
2 159 732
2 795 248
2 728 881
2 329 700
2 952 671
2 176 672
2 843 914
2 202 396
2 628 986
2 950 635
2 6 83
2 426 735
2 452 373
2 159 32
2 95 205
2 377 300
2 661 205
2 463 999
2 431 733
2 294 920
2 366 412
2 203 788
2 142 325
2 231 136
2 515 781
2 891 337
2 613 39
2 993 277
2 652 948
2 406 363
2 36 215
2 957 876
2 42 184
2 920 487
2 662 910
2 41 63
2 445 863
2 845 668
2 785 474
2 318 624
2 459 423
2 629 657
2 692 879
2 623 363
2 102 389
2 53 496
2 500 396
2 153 120
2 717 538
2 725 184
2 607 585
2 70 33
2 326 341
2 595 430
2 606 767
2 846 599
2 398 64
2 494 870
2 670 807
2 227 779
2 651 647
2 125 966
2 487 494
2 709 683
2 235 82
2 289 925
2 154 115
2 949 916
2 649 469
2 136 801
2 143 671
2 570 683
2 784 601
2 787 151
2 47 324
2 635 851
2 88 631
2 156 566
2 373 520
2 909 773
2 443 141
2 977 701
2 83 421
2 545 332
2 989 684
2 995 781
2 230 348
2 855 553
2 449 413
2 228 140
2 531 529
2 617 286
2 842 579
2 605 185
2 846 360
2 418 903
2 174 82
2 100 125
2 735 282
2 945 331
2 544 493
2 447 49
2 745 178
2 242 2
2 751 886
2 878 915
2 183 747
2 722 171
2 765 133
2 891 413
2 191 976
2 391 344
2 736 779
2 123 269
2 456 673
2 293 567
2 483 67
2 811 851
2 368 433
2 601 74
2 116 755
2 35 659
2 631 876
2 360 114
2 578 137
2 165 21
2 781 441
2 665 769
2 598 512
2 674 249
2 490 510
2 632 374
2 256 89
2 862 863
2 654 320
2 559 615
2 129 880
2 662 806
2 924 553
2 312 765
2 575 349
2 41 4
2 836 694
2 254 936
2 905 953
2 846 501
2 528 317
2 532 714
2 698 641
2 708 764
2 455 711
2 732 2
2 404 695
2 551 637
2 416 314
2 614 458
2 338 107
2 224 61
2 433 260
2 609 62
2 829 392
2 48 151
2 595 951
2 502 991
2 207 397
2 6 333
2 79 756
2 731 974
2 144 789
2 935 182
2 325 927
2 382 218
2 661 592
2 51 959
2 6 806
2 984 356
2 642 636
2 86 797
2 224 414
2 517 102
2 94 811
2 493 362
2 650 883
2 65 536
2 846 814
2 206 843
2 831 376
2 260 40
2 952 889
2 330 509
2 560 215
2 973 550
2 90 636
2 746 78
2 217 723
2 11 349
2 774 273
2 746 854
2 331 854
2 632 959
2 498 981
2 23 248
2 98 495
2 648 16
2 272 809
2 988 841
2 97 969
2 266 566
2 746 416
2 338 181
2 803 175
2 742 18
2 158 938
2 490 179
2 955 377
2 299 734
2 464 959
2 64 171
2 153 940
2 474 846
2 53 629
2 568 435
2 377 563
2 983 912
2 6 785
2 677 184
2 759 332
2 568 637
2 181 61
2 766 2
2 319 940
2 466 51
2 707 799
2 783 282
2 494 151
2 872 281
2 183 814
2 544 549
2 661 977
2 334 369
2 988 141
2 484 141
2 189 281
2 495 408
2 674 931
2 630 140
2 864 196
2 43 881
2 515 361
2 431 876
2 901 655
2 469 225
2 709 159
2 132 840
2 346 81
2 555 67
2 739 749
2 131 887
2 14 548
2 329 916
2 236 370
2 624 373
2 247 629
2 726 242
2 60 144
2 795 135
2 75 741
2 496 494
2 27 696
2 85 815
2 402 636
2 543 209
2 631 592
2 857 873
2 342 374
2 346 488
2 418 984
2 312 446
2 569 218
2 97 504
2 884 176
2 697 653
2 664 322
2 951 996
2 783 569
2 65 726
2 415 400
2 240 642
2 223 210
2 918 50
2 169 765
2 665 812
2 88 561
2 439 344
2 754 768
2 662 733
2 14 851
2 181 497
2 406 926
2 391 39
2 403 37
2 221 190
2 595 769
2 918 493
2 56 324
2 145 522
2 186 192
2 352 320
2 301 378
2 231 91
2 5 417
2 129 755
2 479 981
2 846 469
2 657 756
2 699 502
2 568 486
2 564 910
2 319 956
2 956 145
2 319 197
2 515 592
2 437 229
2 923 335
2 594 42
2 402 12
2 609 369
2 737 476
2 111 866
2 330 718
2 375 504
2 258 215
2 498 833
2 839 783
2 677 47
2 624 482
2 107 759
2 210 356
2 645 641
2 923 918
2 813 977
2 302 210
2 704 564
2 97 195
2 381 915
2 204 792
2 660 883
2 941 921
2 835 857
2 590 471
2 73 306
2 320 63
2 559 914
2 825 434
2 728 860
2 2 653
2 168 759
2 698 836
2 499 982
2 292 135
2 313 140
2 758 361
2 608 731
2 920 410
2 69 19
2 848 851
2 581 341
2 387 370
2 188 877
2 242 331
2 107 297
2 600 161
2 709 848
2 105 641
2 714 341
2 595 938
2 846 990
2 224 763
2 597 626
2 624 697
2 522 222
2 134 397
2 781 981
2 257 518
2 750 335
2 166 956
2 734 835
2 225 462
2 528 580
2 370 33
2 24 177
2 700 155
2 986 606
2 823 833
2 164 737
2 499 401
2 858 999
2 166 303
2 457 264
2 825 749
2 445 914
2 724 427
2 920 769
2 754 864
2 364 81
2 760 337
2 225 550
2 685 310
2 680 101
2 290 54
2 647 783
2 226 424
2 378 369
2 855 857
2 621 224
2 901 735
2 692 693
2 648 914
2 680 66
2 253 76
2 208 511
2 223 790
2 695 133
2 815 539
2 692 403
2 786 774
2 662 176
2 831 456
2 7 843
2 15 575
2 506 455
2 853 456
2 560 372
2 363 294
2 926 992
2 811 743
2 985 712
2 679 223
2 326 507
2 312 278
2 780 834
2 536 267
2 46 279
2 117 137
2 892 545
2 590 686
2 956 142
2 272 422
2 350 83
2 535 811
2 970 533
2 83 434
2 654 33
2 230 957
2 334 635
2 795 673
2 22 435
2 163 489
2 225 768
2 867 65
2 84 58
2 394 403
2 754 502
2 786 615
2 358 519
2 827 445
2 543 78
2 350 109
2 355 379
2 443 818
2 722 582
2 801 495
2 359 236
2 648 546
2 86 741
2 659 31
2 97 51
2 79 911
2 656 771
2 168 130
2 569 981
2 970 432
2 158 742
2 915 101
2 517 462
2 958 355
2 777 752
2 753 907
2 891 743
2 147 881
2 654 881
2 500 506
2 182 547
2 819 453
2 226 435
2 87 408
2 767 673
2 897 720
2 340 957
2 609 303
2 66 536
2 154 555
2 877 906
2 598 985
2 377 817
2 804 795
2 564 781
2 683 219
2 997 48
2 812 656
2 126 790
2 755 727
2 63 20
2 934 912
2 543 83
2 764 557
2 766 841
2 736 34
2 32 92
2 507 944
2 771 998
2 896 491
2 164 350
2 826 305
2 844 615
2 534 991
2 639 655
2 60 294
2 38 573
2 439 695
2 168 776
2 498 178
2 494 433
2 849 418
2 715 762
2 476 999
2 973 755
2 651 810
2 459 180
2 144 372
2 733 28
2 829 559
2 443 508
2 77 581
2 408 716
2 664 877
2 760 279
2 601 995
2 623 334
2 611 264
2 983 56
2 672 791
2 747 502
2 230 170
2 599 638
2 387 869
2 142 355
2 912 953
2 30 135
2 121 257
2 621 885
2 824 270
2 655 49
2 915 411
2 164 838
2 580 477
2 375 665
2 505 636
2 787 903
2 785 595
2 758 505
2 796 972
2 338 698
2 267 373
2 323 520
2 297 865
2 380 683
2 847 100
2 592 120
2 502 797
2 253 733
2 265 273
2 128 717
2 137 806
2 816 246
2 455 353
2 923 839
2 730 569
2 849 894
2 78 658
2 138 666
2 338 191
2 319 608
2 75 369
2 457 889
2 503 796
2 489 762
2 291 767
2 300 673
2 805 335
2 652 586
2 467 229
2 847 570
2 508 862
2 725 233
2 727 802
2 107 787
2 989 847
2 797 914
2 687 430
2 737 906
2 900 288
2 397 717
2 58 147
2 950 881
2 6 143
2 268 288
2 86 873
2 783 243
2 658 723
2 459 710
2 716 115
2 446 109
2 284 76
2 387 409
2 29 377
2 783 214
2 958 503
2 7 184
2 971 213
2 543 552
2 988 412
2 612 186
2 578 926
2 568 612
2 180 945
2 105 193
2 522 859
2 596 880
2 453 832
2 212 408
2 928 119
2 475 110
2 49 424
2 491 184
2 113 496
2 874 496
2 915 348
2 539 461
2 944 514
2 771 999
2 547 91
2 485 930
2 13 790
2 675 530
2 745 542
2 963 43
2 228 883
2 923 777
2 208 99
2 123 130
2 527 934
2 370 851
2 459 659
2 520 564
2 121 862
2 157 808
2 542 769
2 981 466
2 58 139
2 514 729
2 694 195
2 823 610
2 887 789
2 785 128
2 841 36
2 803 524
2 423 705
2 479 297
2 136 545
2 829 11
2 685 504
2 443 895
2 945 245
2 866 224
2 44 258
2 88 143
2 265 947
2 76 679
2 865 4
2 961 81
2 662 517
2 228 724
2 38 243
2 589 167
2 499 26
2 431 594
2 395 809
2 495 190
2 38 423
2 356 21
2 361 45
2 832 970
2 569 432
2 418 191
2 534 490
2 784 413
2 712 871
2 345 240
2 363 131
2 13 116
2 384 50
2 319 805
2 491 841
2 881 25
2 403 184
2 32 822
2 468 349
2 590 964
2 716 277
2 761 636
2 662 993
2 324 928
2 501 156
2 394 440
2 600 116
2 889 877
2 591 191
2 597 921
2 915 580
2 894 401
2 552 581
2 467 835
2 965 116
2 10 564
2 69 514
2 825 653
2 643 136
2 537 878
2 681 665
2 343 194
2 886 729
2 670 205
2 778 752
2 805 593
2 934 510
2 894 374
2 733 682
2 610 31
2 819 612
2 391 480
2 992 758
2 392 217
2 140 306
2 113 356
2 950 934
2 410 194
2 331 644
2 480 956
2 834 690
2 744 116
2 126 956
2 11 461
2 56 536
2 527 883
2 952 532
2 426 173
2 987 653
2 505 897
2 502 37
2 108 110
2 134 250
2 231 963
2 664 315
2 234 307
2 480 323
2 527 279
2 353 54
2 409 2
2 696 30
2 204 667
2 777 467
2 17 199
2 421 74
2 907 347
2 459 615
2 746 207
2 394 200
2 402 741
2 23 944
2 504 422
2 295 465
2 485 173
2 412 864
2 113 602
2 248 340
2 994 439
2 816 409
2 834 207
2 139 478
2 405 574
2 5 542
2 648 140
2 796 222
2 237 83
2 690 17
2 8 468
2 562 685
2 537 644
2 518 355
2 457 571
2 770 500
2 649 611
2 748 481
2 240 33
2 168 234
2 795 214
2 978 25
2 831 145
2 633 74
2 386 54
2 905 441
2 805 356
2 460 647
2 394 840
2 688 991
2 297 89
2 460 211
2 922 722
2 567 806
2 147 529
2 835 283
2 479 172
2 440 727
2 456 194
2 404 230
2 197 333
2 269 461
2 775 47
2 946 854
2 37 184
2 224 31
2 985 926
2 158 717
2 543 631
2 169 172
2 359 719
2 174 391
2 152 7
2 134 576
2 735 645
2 436 119
2 456 806
2 748 559
2 827 786
2 213 249
2 53 418
2 267 172
2 406 885
2 37 739
2 558 649
2 607 738
2 884 418
2 222 305
2 357 136
2 648 273
2 556 581
2 750 114
2 898 551
2 971 282
2 671 62
2 961 171
2 695 54
2 5 802
2 575 992
2 685 272
2 242 458
2 242 196
2 704 272
2 822 451
2 53 825
2 340 687
2 793 46
2 387 191
2 576 286
2 815 759
2 595 403
2 920 451
2 490 666
2 368 74
2 282 659
2 892 636
2 985 543
2 210 240
2 889 70
2 224 539
2 674 932
2 103 653
2 96 760
2 589 361
2 836 354
2 782 361
2 388 704
2 255 74
2 837 561
2 130 811
2 155 563
2 856 485
2 350 944
2 882 870
2 918 133
2 592 221
2 882 101
2 920 943
2 793 668
2 189 365
2 192 321
2 90 354
2 323 435
2 86 875
2 186 224
2 249 719
2 206 585
2 883 846
2 722 355
2 304 93
2 894 207
2 474 141
2 338 188
2 212 706
2 669 445
2 788 968
2 308 461
2 675 710
2 647 358
2 100 340
2 955 71
2 792 149
2 499 519
2 528 337
2 951 712
2 729 369
2 480 879
2 533 944
2 845 913
2 131 362
2 650 103
2 357 747
2 453 209
2 750 302
2 55 363
2 358 897
2 979 876
2 875 276
2 408 925
2 819 516
2 952 100
2 3 781
2 434 931
2 729 425
2 210 72
2 670 4
2 573 835
2 694 263
2 460 533
2 144 248
2 584 625
2 418 339
2 738 1
2 231 550
2 681 999
2 977 522
2 276 124
2 22 884
2 718 885
2 808 640
2 649 48
2 882 304
2 546 422
2 293 289
2 591 144
2 381 826
2 13 216
2 857 903
2 478 496
2 96 592
2 170 256
2 770 376
2 571 98
2 496 152
2 70 65
2 669 943
2 544 903
2 543 291
2 186 343
2 181 404
2 241 791
2 391 976
2 841 171
2 452 205
2 597 667
2 916 283
2 970 670
2 819 792
2 711 112
2 709 302
2 450 73
2 960 546
2 786 854
2 180 791
2 412 820
2 193 95
2 94 814
2 632 499
2 676 432
2 456 143
2 33 348
2 373 673
2 754 719
2 649 264
2 680 870
2 346 609
2 770 415
2 265 933
2 196 70
2 292 713
2 548 427
2 435 538
2 581 327
2 147 600
2 814 283
2 121 975
2 578 759
2 247 910
2 833 980
2 239 268
2 690 841
2 707 434
2 206 610
2 867 458
2 309 755
2 888 210
2 715 534
2 801 445
2 172 260
2 785 462
2 148 196
2 804 236
2 482 876
2 689 255
2 773 805
2 410 910
2 79 163
2 625 281
2 902 768
2 47 131
2 373 340
2 482 923
2 302 868
2 443 283
2 995 684
2 46 354
2 797 20
2 482 75
2 629 526
2 994 645
2 528 714
2 268 615
2 21 711
2 761 821
2 100 40
2 309 989
2 647 194
2 767 184
2 63 940
2 257 874
2 805 862
2 926 617
2 369 933
2 166 491
2 329 731
2 364 382
2 148 797
2 916 124
2 358 43
2 469 649
2 950 146
2 428 233
2 837 54
2 997 573
2 442 800
2 511 398
2 860 265
2 727 393
2 373 851
2 439 175
2 339 99
2 704 256
2 359 39
2 392 306
2 346 499
2 530 601
2 551 627
2 420 397
2 160 540
2 359 99
2 610 16
2 154 743
2 583 178
2 468 157
2 418 486
2 576 218
2 312 82
2 456 26
2 297 195
2 19 897
2 865 999
2 406 39
2 725 149
2 965 417
2 449 482
2 611 373
2 484 68
2 590 839
2 656 462
2 672 634
2 453 594
2 369 854
2 377 453
2 429 80
2 535 970
2 108 415
2 164 247
2 380 895
2 394 546
2 993 158
2 799 554
2 602 704
2 859 269
2 127 874
2 904 854
2 448 721
2 76 435
2 271 778
2 864 740
2 549 194
2 386 151
2 891 832
2 201 597
2 645 163
2 792 897
2 993 584
2 364 234
2 500 72
2 187 213
2 675 225
2 443 34
2 639 885
2 466 166
2 58 710
2 206 187
2 958 735
2 716 2
2 526 848
2 769 713
2 126 532
2 592 612
2 208 676
2 126 612
2 47 827
2 63 634
2 107 964
2 954 349
2 415 142
2 933 552
2 334 355
2 360 353
2 893 472
2 892 129
2 310 249
2 170 794
2 691 472
2 302 645
2 263 398
2 164 245
2 53 144
2 404 185
2 172 286
2 293 728
2 871 43
2 692 748
2 989 145
2 943 979
2 58 554
2 97 244
2 478 78
2 417 317
2 765 778
2 742 356
2 819 433
2 560 491
2 916 714
2 378 130
2 236 264
2 893 105
2 496 593
2 620 269
2 843 448
2 717 488
2 830 905
2 905 581
2 235 453
2 375 244
2 166 511
2 522 62
2 60 591
2 84 608
2 436 250
2 371 254
2 485 449
2 1000 524
2 626 865
2 688 379
2 20 529
2 762 239
2 826 888
2 76 538
2 869 460
2 517 141
2 312 142
2 29 156
2 238 273
2 50 327
2 720 306
2 486 725
2 938 642
2 785 532
2 295 992
2 732 110
2 624 596
2 760 399
2 904 1
2 952 361
2 11 774
2 904 57
2 940 165
2 347 174
2 961 161
2 210 246
2 521 403
2 392 210
2 935 788
2 372 798
2 706 516
2 316 800
2 989 56
2 839 822
2 292 147
2 652 878
2 732 287
2 916 525
2 944 580
2 588 558
2 442 369
2 654 291
2 827 776
2 692 591
2 852 232
2 329 66
2 154 438
2 302 925
2 40 625
2 58 830
2 623 651
2 588 920
2 565 452
2 402 385
2 19 233
2 986 895
2 237 821
2 696 754
2 733 606
2 865 959
2 630 733
2 690 300
2 837 146
2 689 914
2 677 399
2 694 130
2 32 767
2 675 948
2 403 305
2 158 536
2 394 343
2 901 304
2 229 758
2 586 765
2 165 483
2 214 811
2 68 25
2 183 238
2 439 316
2 211 767
2 212 227
2 730 980
2 211 648
2 594 359
2 217 291
2 286 912
2 199 473
2 736 510
2 958 537
2 446 790
2 34 809
2 493 146
2 741 42
2 874 739
2 198 426
2 66 145
2 331 143
2 881 687
2 855 600
2 189 427
2 929 881
2 805 518
2 747 831
2 837 620
2 973 827
2 834 34
2 987 923
2 267 261
2 841 769
2 630 454
2 447 720
2 177 277
2 135 542
2 905 121
2 29 403
2 213 398
2 988 12
2 113 718
2 753 474
2 544 933
2 139 998
2 777 102
2 86 500
2 47 587
2 86 658
2 578 941
2 954 399
2 704 673
2 877 547
2 709 935
2 812 219
2 523 405
2 50 380
2 426 316
2 613 139
2 88 786
2 618 644
2 28 221
2 549 585
2 496 600
2 361 288
2 765 27
2 325 488
2 452 327
2 978 759
2 485 815
2 140 277
2 315 927
2 384 30
2 929 551
2 962 141
2 30 219
2 432 305
2 522 791
2 545 37
2 148 460
2 630 255
2 973 916
2 241 74
2 339 976
2 995 601
2 342 98
2 731 924
2 188 11
2 641 537
2 645 357
2 735 68
2 827 117
2 964 414
2 28 564
2 605 165
2 799 758
2 606 691
2 631 336
2 596 552
2 820 333
2 950 651
2 431 933
2 121 294
2 152 324
2 977 609
2 918 285
2 718 461
2 646 106
2 330 266
2 126 996
2 111 213
2 478 809
2 76 261
2 517 776
2 18 264
2 734 353
2 384 433
2 385 530
2 981 682
2 293 634
2 27 670
2 787 16
2 625 481
2 782 863
2 208 375
2 665 171
2 230 609
2 644 161
2 942 354
2 366 271
2 10 54
2 40 7
2 708 952
2 709 465
2 281 763
2 11 288
2 129 365
2 153 504
2 29 806
2 744 806
2 73 601
2 228 374
2 724 80
2 868 56
2 801 644
2 142 473
2 255 296
2 896 33
2 417 814
2 536 778
2 918 114
2 725 788
2 839 417
2 160 68
2 149 714
2 296 828
2 762 288
2 520 277
2 741 713
2 286 401
2 887 727
2 638 723
2 896 110
2 851 508
2 243 109
2 211 469
2 977 132
2 66 239
2 50 806
2 66 638
2 544 643
2 318 195
2 35 714
2 753 848
2 841 91
2 403 764
2 353 419
2 967 210
2 836 936
2 700 878
2 371 480
2 458 693
2 596 160
2 645 343
2 575 301
2 66 473
2 648 694
2 1000 823
2 463 636
2 533 797
2 431 275
2 725 15
2 457 226
2 560 24
2 857 284
2 36 439
2 360 465
2 38 362
2 257 815
2 599 897
2 614 842
2 574 349
2 540 306
2 345 821
2 737 911
2 841 820
2 913 160
2 764 371
2 492 388
2 780 584
2 498 376
2 406 718
2 509 948
2 417 416
2 311 721
2 94 131
2 699 752
2 498 830
2 559 139
2 909 635
2 997 652
2 134 699
2 709 403
2 212 247
2 843 598
2 360 843
2 753 881
2 849 328
2 990 468
2 893 314
2 14 839
2 825 148
2 300 194
2 436 575
2 6 378
2 523 311
2 664 422
2 669 326
2 47 50
2 75 972
2 275 745
2 662 441
2 827 416
2 893 424
2 299 510
2 569 463
2 752 832
2 217 932
2 836 582
2 674 329
2 46 501
2 51 278
2 393 992
2 136 629
2 915 184
2 624 104
2 60 98
2 14 435
2 720 255
2 213 833
2 888 850
2 322 940
2 573 875
2 79 130
2 700 535
2 168 538
2 488 419
2 811 333
2 631 998
2 166 552
2 443 315
2 958 301
2 365 963
2 774 239
2 785 336
2 968 587
2 628 785
2 236 222
2 325 888
2 63 67
2 964 473
2 924 310
2 618 639
2 267 948
2 674 174
2 825 518
2 337 164
2 930 857
2 248 601
2 407 336
2 212 341
2 864 418
2 416 799
2 432 269
2 779 133
2 39 791
2 295 453
2 751 336
2 235 735
2 589 798
2 669 96
2 592 482
2 128 60
2 988 382
2 904 903
2 483 550
2 829 234
2 551 976
2 247 91
2 113 116
2 611 396
2 650 760
2 14 996
2 428 261
2 883 661
2 385 481
2 56 863
2 900 593
2 815 383
2 901 682
2 357 367
2 872 257
2 582 101
2 529 998
2 869 889
2 629 882
2 573 301
2 922 441
2 347 25
2 221 759
2 316 391
2 191 371
2 776 710
2 11 576
2 320 841
2 429 715
2 240 545
2 734 585
2 49 172
2 624 356
2 632 333
2 315 287
2 652 84
2 952 58
2 324 304
2 650 457
2 460 787
2 567 776
2 174 224
2 553 395
2 220 943
2 61 893
2 903 980
2 361 33
2 722 931
2 505 254
2 184 542
2 324 386
2 984 98
2 988 419
2 731 55
2 638 375
2 513 383
2 677 713
2 344 33
2 819 992
2 153 15
2 351 57
2 986 943
2 636 423
2 128 459
2 394 808
2 725 273
2 472 478
2 53 498
2 372 112
2 669 534
2 114 724
2 451 361
2 861 976
2 837 21
2 866 199
2 848 451
2 912 888
2 496 756
2 877 667
2 492 673
2 827 860
2 191 475
2 584 871
2 287 547
2 797 174
2 39 945
2 359 160
2 108 991
2 708 269
2 55 479
2 393 220
2 307 365
2 373 519
2 751 256
2 597 640
2 453 423
2 389 111
2 933 268
2 732 308
2 108 781
2 955 754
2 961 151
2 470 486
2 692 800
2 436 658
2 730 922
2 165 822
2 489 582
2 114 508
2 1000 740
2 225 576
2 797 11
2 536 927
2 20 749
2 501 138
2 628 702
2 10 18
2 13 30
2 875 871
2 691 839
2 432 26
2 347 711
2 183 790
2 339 483
2 744 413
2 905 247
2 356 185
2 168 953
2 857 686
2 873 463
2 599 430
2 82 89
2 542 362
2 858 711
2 102 628
2 951 885
2 722 354
2 581 117
2 977 999
2 668 131
2 134 554
2 618 473
2 817 691
2 600 172
2 569 446
2 632 307
2 428 72
2 129 156
2 354 154
2 454 25
2 645 622
2 560 534
2 860 12
2 329 963
2 280 689
2 92 814
2 139 407
2 535 171
2 598 636
2 96 35
2 842 526
2 89 372
2 351 388
2 656 365
2 499 399
2 86 510
2 484 276
2 770 716
2 951 139
2 805 979
2 969 842
2 905 308
2 105 50
2 902 919
2 125 178
2 8 326
2 711 908
2 114 547
2 371 267
2 643 509
2 627 909
2 546 936
2 94 234
2 144 118
2 485 715
2 61 880
2 901 785
2 804 687
2 685 341
2 774 172
2 954 641
2 386 344
2 570 968
2 275 73
2 46 172
2 702 322
2 239 783
2 674 247
2 938 93
2 304 447
2 57 742
2 10 647
2 643 218
2 368 317
2 860 195
2 428 2
2 772 261
2 161 876
2 476 489
2 278 319
2 938 34
2 834 310
2 794 699
2 41 379
2 907 347
2 79 567
2 716 465
2 455 646
2 793 166
2 293 800
2 126 862
2 903 483
2 968 813
2 329 534
2 52 136
2 343 446
2 654 726
2 244 926
2 424 171
2 678 261
2 476 928
2 696 776
2 318 850
2 134 315
2 153 649
2 452 283
2 848 528
2 681 143
2 707 91
2 28 502
2 927 534
2 229 488
2 803 407
2 643 659
2 429 885
2 694 407
2 469 279
2 901 151
2 506 256
2 754 78
2 830 569
2 128 939
2 617 64
2 465 291
2 594 130
2 488 970
2 115 767
2 53 844
2 950 495
2 776 561
2 458 233
2 617 407
2 420 449
2 827 636
2 734 385
2 942 154
2 515 221
2 323 184
2 722 373
2 431 419
2 971 885
2 181 251
2 442 765
2 202 998
2 908 341
2 983 927
2 968 441
2 557 851
2 752 307
2 114 185
2 876 184
2 210 504
2 46 416
2 216 3
2 552 19
2 206 828
2 306 25
2 491 410
2 386 334
2 413 656
2 939 21
2 592 201
2 861 132
2 545 673
2 640 146
2 216 851
2 302 871
2 718 772
2 820 438
2 65 269
2 381 761
2 384 450
2 836 361
2 318 943
2 221 40
2 659 243
2 64 243
2 236 639
2 589 741
2 884 919
2 985 17
2 116 565
2 961 274
2 503 976
2 562 807
2 174 519
2 71 296
2 238 130
2 628 823
2 952 650
2 986 721
2 120 694
2 628 909
2 851 187
2 650 117
2 616 210
2 218 606
2 124 209
2 965 967
2 623 306
2 164 638
2 444 828
2 568 454
2 907 317
2 459 315
2 934 822
2 508 240
2 781 802
2 780 965
2 903 291
2 206 831
2 76 156
2 742 319
2 343 671
2 138 925
2 562 543
2 993 901
2 782 726
2 153 972
2 19 989
2 257 33
2 549 57
2 946 390
2 922 544
2 581 235
2 198 261
2 803 567
2 505 49
2 549 854
2 159 790
2 924 194
2 706 699
2 370 92
2 911 957
2 965 647
2 516 451
2 373 334
2 712 245
2 167 850
2 170 383
2 166 768
2 454 960
2 336 397
2 321 555
2 119 411
2 682 907
2 476 672
2 342 274
2 295 148
2 728 399
2 498 89
2 442 772
2 642 980
2 957 531
2 330 563
2 795 365
2 725 261
2 696 246
2 769 942
2 954 285
2 523 133
2 401 156
2 50 308
2 931 306
2 868 137
2 128 513
2 406 712
2 946 682
2 762 975
2 810 291
2 98 626
2 948 213
2 614 637
2 401 214
2 685 158
2 140 271
2 984 400
2 359 750
2 118 37
2 770 915
2 132 398
2 915 401
2 10 18
2 721 538
2 541 966
2 467 31
2 607 756
2 208 443
2 11 445
2 704 569
2 460 91
2 728 593
2 874 636
2 631 352
2 665 702
2 88 101
2 924 170
2 369 396
2 298 999
2 365 81
2 407 83
2 789 612
2 907 948
2 895 721
2 150 739
2 385 752
2 901 883
2 198 622
2 620 908
2 746 797
2 109 887
2 112 963
2 118 33
2 632 130
2 406 239
2 189 205
2 175 722
2 469 646
2 685 474
2 107 565
2 406 943
2 551 930
2 420 967
2 353 466
2 818 74
2 41 627
2 674 439
2 235 219
2 407 57
2 901 92
2 810 570
2 977 614
2 236 718
2 622 940
2 804 362
2 150 210
2 722 396
2 524 842
2 925 638
2 534 720
2 52 969
2 267 668
2 600 366
2 206 428
2 499 727
2 376 40
2 254 791
2 986 651
2 139 550
2 804 423
2 830 457
2 512 149
2 521 12
2 950 577
2 83 274
2 965 615
2 403 379
2 404 301
2 674 634
2 340 727
2 970 673
2 110 463
2 997 237
2 768 430
2 49 486
2 994 361
2 737 206
2 986 895
2 608 576
2 681 309
2 527 510
2 611 117
2 554 81
2 780 1
2 901 362
2 586 854
2 730 93
2 966 454
2 856 232
2 831 748
2 384 528
2 697 379
2 853 900
2 579 762
2 99 469
2 33 504
2 186 672
2 971 522
2 481 58
2 419 205
2 819 861
2 465 73
2 845 908
2 862 821
2 819 529
2 498 579
2 832 570
2 304 640
2 645 296
2 736 2
2 745 24
2 514 690
2 960 767
2 602 433
2 225 701
2 563 192
2 981 12
2 784 996
2 842 979
2 551 379
2 974 885
2 280 289
2 78 719
2 608 274
2 1 482
2 308 828
2 832 924
2 238 931
2 888 379
2 183 935
2 903 300
2 284 201
2 330 113
2 389 772
2 471 615
2 450 905
2 40 789
2 28 113
2 57 499
2 539 943
2 937 339
2 76 443
2 458 954
2 819 549
2 416 641
2 167 174
2 503 389
2 954 823
2 265 659
2 597 759
2 662 280
2 661 137
2 409 310
2 520 43
2 594 189
2 174 508
2 941 987
2 745 130
2 248 763
2 759 959
2 126 42
2 887 996
2 50 757
2 565 73
2 204 424
2 96 42
2 263 195
2 104 40
2 335 956
2 480 220
2 111 269
2 993 279
2 44 503
2 459 723
2 917 984
2 385 333
2 302 124
2 153 996
2 640 573
2 796 333
2 124 30
2 382 490
2 716 106
2 946 820
2 113 261
2 364 247
2 139 101
2 498 770
2 469 313
2 36 425
2 665 871
2 66 825
2 813 295
2 168 48
2 717 112
2 824 541
2 312 779
2 95 558
2 692 876
2 340 547
2 335 769
2 455 992
2 409 99
2 24 214
2 322 423
2 317 239
2 942 12
2 69 772
2 126 322
2 590 998
2 273 822
2 239 752
2 804 422
2 344 473
2 831 968
2 548 920
2 724 895
2 77 775
2 169 78
2 591 285
2 889 205
2 448 169
2 314 1
2 327 864
2 467 889
2 336 614
2 818 777
2 137 974
2 451 337
2 418 881
2 29 420
2 44 175
2 527 76
2 7 199
2 624 561
2 658 885
2 153 542
2 236 954
2 711 852
2 459 863
2 287 393
2 492 791
2 684 170
2 798 762
2 105 461
2 745 564
2 950 609
2 252 448
2 212 478
2 157 268
2 860 993
2 424 828
2 665 759
2 337 833
2 335 895
2 278 684
2 468 331
2 97 598
2 468 40
2 445 249
2 760 604
2 543 62
2 636 67
2 228 723
2 83 285
2 629 587
2 509 934
2 627 115
2 320 177
2 44 451
2 751 618
2 917 263
2 679 341
2 369 990
2 269 121
2 476 363
2 889 339
2 665 138
2 507 812
2 210 4
2 351 726
2 921 996
2 337 860
2 555 119
2 275 609
2 221 260
2 24 213
2 868 114
2 382 92
2 84 828
2 277 557
2 564 964
2 105 941
2 492 99
2 736 357
2 192 838
2 618 823
2 176 300
2 424 291
2 674 863
2 253 757
2 281 972
2 187 808
2 321 604
2 739 880
2 684 331
2 505 735
2 884 147
2 512 457
2 350 69
2 623 901
2 389 108
2 190 261
2 780 603
2 811 547
2 668 723
2 992 98
2 813 235
2 9 81
2 808 270
2 837 609
2 679 442
2 700 336
2 803 269
2 510 362
2 583 684
2 164 445
2 590 387
2 189 211
2 420 176
2 884 192
2 952 204
2 591 855
2 530 393
2 796 50
2 111 308
2 202 530
2 86 362
2 6 5
2 582 885
2 509 306
2 725 118
2 867 627
2 630 771
2 559 529
2 317 438
2 917 575
2 41 773
2 186 608
2 378 67
2 996 882
2 344 561
2 870 408
2 177 589
2 132 698
2 605 293
2 182 663
2 305 408
2 96 908
2 504 263
2 573 23
2 632 131
2 675 570
2 393 509
2 184 483
2 567 821
2 614 52
2 748 876
2 500 288
2 494 959
2 923 862
2 439 448
2 360 705
2 544 721
2 875 811
2 949 647
2 794 618
2 980 400
2 221 26
2 165 717
2 698 886
2 46 294
2 491 606
2 744 146
2 556 416
2 673 185
2 327 782
2 961 512
2 734 293
2 726 999
2 937 380
2 251 426
2 75 510
2 609 348
2 488 331
2 203 114
2 916 701
2 321 932
2 212 545
2 932 851
2 412 489
2 687 956
2 968 517
2 505 541
2 174 656
2 311 369
2 500 802
2 933 814
2 668 91
2 836 51
2 14 73
2 915 957
2 623 319
2 291 974
2 856 93
2 113 88
2 8 679
2 287 877
2 166 278
2 846 28
2 772 214
2 993 341
2 158 627
2 628 52
2 431 288
2 44 289
2 94 959
2 990 446
2 591 440
2 363 56
2 830 887
2 104 294
2 437 979
2 220 167
2 746 881
2 657 170
2 824 704
2 31 265
2 734 378
2 396 234
2 65 372
2 970 554
2 158 3
2 878 735
2 431 403
2 226 705
2 578 73
2 122 818
2 841 929
2 256 555
2 526 953
2 239 438
2 853 159
2 774 630
2 983 138
2 961 505
2 77 194
2 84 237
2 439 888
2 682 219
2 464 526
2 647 593
2 683 379
2 203 119
2 620 199
2 474 99
2 770 149
2 316 490
2 856 213
2 494 545
2 85 597
2 385 264
2 820 771
2 333 414
2 98 654
2 964 905
2 134 39
2 280 304
2 357 983
2 254 8
2 364 392
2 132 87
2 610 366
2 591 384
2 9 616
2 712 194
2 99 508
2 53 472
2 989 786
2 495 194
2 638 502
2 869 18
2 28 22
2 126 912
2 292 779
2 564 173
2 554 915
2 349 176
2 548 443
2 787 609
2 376 12
2 110 714
2 294 305
2 628 526
2 198 240
2 848 828
2 109 222
2 70 266
2 8 572
2 657 93
2 814 806
2 971 149
2 417 938
2 598 179
2 869 403
2 775 991
2 996 110
2 89 59
2 23 673
2 567 564
2 297 376
2 872 324
2 97 77
2 319 566
2 358 422
2 529 245
2 329 564
2 323 819
2 609 51
2 645 761
2 639 435
2 554 798
2 837 379
2 660 355
2 818 385
2 645 820
2 132 438
2 630 687
2 891 346
2 325 21
2 429 600
2 60 736
2 935 683
2 897 514
2 357 118
2 496 413
2 871 833
2 392 928
2 496 2
2 986 247
2 86 77
2 196 136
2 209 759
2 309 934
2 792 769
2 837 410
2 71 529
2 121 169
2 753 436
2 374 523
2 415 734
2 40 36
2 728 492
2 547 321
2 29 130
2 977 256
2 888 300
2 60 116
2 690 276
2 689 111
2 532 419
2 652 814
2 385 512
2 347 740
2 918 63
2 696 354
2 977 512
2 605 979
2 273 119
2 972 286
2 361 234
2 35 140
2 368 276
2 108 794
2 782 425
2 397 681
2 884 433
2 19 114
2 61 484
2 582 667
2 942 445
2 517 579
2 785 916
2 764 429
2 57 776
2 832 332
2 588 494
2 287 301
2 710 298
2 737 599
2 390 776
2 706 310
2 96 539
2 838 536
2 94 63
2 558 155
2 836 677
2 85 812
2 10 421
2 8 686
2 227 752
2 651 103
2 155 98
2 949 410
2 233 190
2 854 545
2 475 407
2 789 136
2 399 863
2 392 281
2 370 308
2 515 572
2 233 905
2 511 576
2 293 572
2 203 544
2 298 250
2 327 246
2 112 551
2 489 880
2 991 456
2 14 733
2 848 233
2 492 739
2 669 722
2 387 973
2 922 899
2 869 101
2 690 253
2 695 589
2 523 724
2 872 836
2 654 758
2 128 374
2 44 874
2 290 319
2 970 641
2 439 137
2 108 288
2 736 335
2 639 148
2 49 870
2 614 324
2 660 791
2 821 828
2 394 7
2 787 585
2 533 185
2 144 436
2 415 902
2 575 915
2 339 858
2 974 817
2 534 923
2 467 168
2 37 752
2 726 369
2 830 400
2 776 654
2 918 663
2 898 471
2 29 699
2 163 34
2 541 111
2 181 975
2 952 490
2 139 27
2 993 343
2 243 727
2 675 507
2 113 71
2 574 526
2 737 897
2 670 300
2 211 736
2 88 124
2 780 860
2 151 259
2 56 876
2 447 243
2 393 821
2 228 465
2 564 421
2 188 828
2 556 414
2 860 329
2 573 416
2 849 538
2 792 578
2 955 790
2 48 693
2 918 752
2 650 752
2 344 720
2 877 439
2 905 313
2 930 996
2 922 405
2 703 386
2 30 356
2 674 201
2 418 240
2 899 839
2 780 763
2 888 712
2 868 184
2 588 111
2 675 361
2 112 221
2 581 588
2 168 68
2 638 557
2 488 93
2 179 716
2 361 472
2 958 755
2 100 209
2 717 258
2 607 452
2 96 34
2 317 204
2 671 347
2 753 363
2 628 522
2 315 756
2 592 229
2 628 130
2 557 135
2 2 45
2 63 773
2 926 782
2 620 570
2 390 761
2 586 638
2 309 795
2 616 915
2 799 833
2 122 178
2 653 139
2 338 95
2 482 820
2 678 83
2 666 380
2 647 463
2 608 326
2 188 3
2 831 597
2 522 815
2 599 557
2 612 24
2 643 118
2 149 534
2 913 381
2 795 359
2 625 35
2 442 401
2 948 271
2 717 314
2 523 315
2 884 956
2 596 976
2 653 911
2 562 126
2 386 401
2 646 415
2 652 582
2 265 120
2 854 576
2 928 669
2 318 404
2 105 885
2 891 810
2 627 57
2 535 882
2 44 359
2 623 920
2 497 27
2 370 958
2 453 802
2 317 812
2 579 297
2 174 773
2 903 314
2 7 378
2 95 466
2 503 382
2 340 281
2 455 700
2 479 240
2 55 474
2 497 276
2 443 411
2 295 801
2 733 984
2 81 488
2 903 304
2 23 570
2 1000 73
2 503 428
2 783 547
2 428 691
2 505 712
2 149 489
2 983 339
2 183 229
2 685 551
2 774 279
2 648 489
2 784 483
2 129 18
2 394 661
2 871 729
2 587 329
2 808 4
2 186 128
2 490 642
2 479 489
2 612 606
2 688 645
2 218 520
2 783 585
2 53 516
2 230 61
2 825 353
2 84 115
2 400 660
2 816 860
2 992 18
2 76 969
2 409 862
2 247 264
2 918 617
2 22 666
2 179 331
2 111 971
2 79 444
2 511 36
2 124 648
2 79 130
2 719 930
2 52 176
2 888 738
2 171 16
2 274 769
2 680 509
2 804 72
2 952 864
2 308 445
2 854 506
2 709 355
2 241 554
2 370 146
2 729 279
2 143 415
2 527 477
2 328 277
2 618 551
2 173 196
2 993 907
2 762 380
2 467 283
2 917 984
2 962 442
2 560 165
2 318 451
2 199 881
2 745 858
2 155 34
2 676 433
2 578 524
2 786 407
2 76 764
2 154 333
2 972 59
2 247 130
2 904 982
2 628 54
2 619 673
2 707 494
2 293 583
2 382 178
2 150 487
2 100 106
2 451 263
2 527 414
2 97 320
2 908 375
2 809 873
2 853 848
2 773 61
2 937 459
2 94 895
2 197 472
2 85 959
2 165 721
2 10 789
2 491 514
2 453 398
2 888 98
2 258 811
2 187 790
2 87 210
2 48 551
2 521 897
2 389 73
2 344 243
2 620 187
2 787 56
2 639 56
2 981 138
2 719 563
2 722 644
2 614 443
2 474 73
2 584 920
2 655 31
2 334 284
2 527 564
2 216 268
2 979 425
2 170 451
2 722 845
2 371 698
2 3 136
2 573 838
2 161 298
2 170 752
2 856 63
2 513 914
2 997 161
2 93 246
2 222 833
2 748 749
2 412 40
2 854 133
2 706 291
2 312 930
2 350 880
2 297 634
2 613 564
2 685 686
2 813 784
2 253 945
2 784 753
2 450 399
2 707 32
2 596 822
2 941 245
2 116 914
2 680 721
2 875 873
2 717 713
2 440 598
2 904 190
2 89 298
2 884 742
2 836 296
2 750 461
2 376 746
2 844 331
2 94 132
2 284 392
2 888 834
2 243 283
2 480 983
2 642 797
2 734 246
2 855 316
2 562 991
2 167 880
2 357 493
2 134 716
2 155 840
2 619 170
2 533 761
2 269 531
2 46 187
2 696 166
2 101 379
2 290 554
2 899 530
2 496 172
2 420 352
2 837 305
2 603 431
2 476 712
2 911 379
2 603 312
2 582 639
2 307 264
2 60 802
2 351 259
2 532 507
2 688 220
2 867 802
2 168 335
2 864 295
2 191 448
2 426 795
2 186 491
2 944 103
2 52 549
2 301 115
2 966 783
2 781 62
2 330 344
2 990 633
2 949 446
2 354 517
2 875 462
2 756 925
2 465 727
2 970 185
2 712 366
2 125 105
2 703 987
2 804 424
2 65 833
2 11 186
2 348 291
2 310 33
2 963 479
2 896 803
2 55 839
2 9 964
2 65 828
2 44 756
2 611 47
2 869 776
2 993 662
2 402 447
2 836 695
2 92 703
2 680 109
2 139 807
2 735 995
2 905 579
2 203 263
2 974 548
2 172 597
2 955 181
2 562 997
2 831 268
2 786 472
2 85 443
2 474 196
2 895 909
2 924 266
2 385 589
2 313 246
2 533 26
2 129 274
2 320 486
2 416 554
2 527 927
2 909 969
2 610 851
2 183 300
2 682 220
2 431 245
2 569 808
2 819 977
2 496 259
2 996 246
2 872 660
2 643 843
2 966 34
2 226 982
2 861 928
2 192 807
2 330 436
2 957 81
2 443 475
2 516 28
2 359 710
2 521 545
2 568 344
2 819 483
2 186 835
2 533 386
2 214 358
2 388 444
2 685 323
2 65 73
2 899 719
2 115 881
2 623 327
2 635 944
2 525 114
2 131 541
2 38 448
2 236 278
2 61 639
2 418 469
2 633 558
2 456 105
2 664 21
2 895 328
2 958 953
2 743 390
2 90 14
2 359 125
2 726 495
2 994 396
2 303 966
2 633 36
2 582 224
2 469 832
2 127 355
2 869 57
2 533 368
2 87 351
2 141 64
2 260 749
2 447 802
2 268 885
2 582 342
2 241 554
2 391 486
2 617 796
2 573 618
2 589 288
2 945 43
2 522 17
2 230 511
2 578 905
2 180 536
2 794 740
2 450 862
2 832 260
2 829 475
2 572 895
2 431 931
2 543 930
2 422 239
2 844 7
2 1 314
2 183 471
2 562 144
2 370 858
2 479 168
2 144 380
2 614 842
2 647 606
2 521 296
2 83 870
2 62 437
2 949 421
2 593 914
2 632 10
2 566 433
2 197 789
2 902 463
2 865 265
2 901 586
2 820 233
2 949 649
2 978 288
2 676 651
2 585 813
2 588 167
2 3 219
2 402 263
2 42 198
2 677 828
2 222 245
2 601 72
2 546 89
2 651 332
2 586 699
2 412 899
2 951 232
2 892 561
2 661 265
2 3 592
2 429 403
2 688 591
2 877 979
2 77 11
2 522 322
2 598 971
2 373 791
2 821 693
2 261 466
2 787 529
2 989 818
2 964 953
2 581 726
2 750 871
2 908 522
2 267 17
2 213 916
2 696 644
2 719 129
2 503 149
2 961 614
2 951 758
2 37 978
2 970 406
2 196 877
2 716 877
2 573 667
2 363 428
2 798 701
2 959 74
2 901 323
2 100 656
2 155 858
2 725 535
2 323 543
2 315 470
2 554 601
2 388 580
2 820 232
2 19 342
2 318 652
2 891 371
2 403 126
2 254 291
2 230 754
2 143 276
2 454 35
2 950 500
2 778 740
2 443 210
2 996 944
2 354 140
2 79 676
2 240 66
2 19 585
2 583 545
2 491 898
2 972 859
2 898 841
2 946 31
2 837 302
2 255 414
2 471 195
2 123 164
2 795 136
2 129 822
2 748 721
2 873 178
2 820 133
2 323 70
2 660 311
2 391 996
2 907 732
2 34 258
2 191 234
2 619 335
2 372 828
2 364 135
2 75 871
2 81 276
2 995 109
2 862 609
2 934 282
2 867 610
2 312 572
2 131 353
2 340 833
2 657 185
2 751 686
2 351 745
2 926 873
2 703 655
2 212 538
2 455 399
2 254 529
2 387 465
2 294 333
2 88 137
2 126 186
2 697 59
2 951 43
2 297 985
2 646 951
2 968 788
2 183 770
2 155 371
2 443 859
2 373 820
2 912 138
2 494 916
2 748 956
2 753 189
2 94 555
2 846 815
2 58 64
2 864 204
2 731 663
2 497 92
2 377 430
2 549 317
2 459 237
2 127 847
2 521 164
2 192 4
2 912 367
2 579 426
2 148 187
2 419 602
2 406 469
2 342 141
2 89 851
2 9 23
2 730 690
2 515 482
2 90 111
2 905 16
2 577 564
2 689 873
2 758 301
2 923 116
2 84 32
2 417 716
2 208 99
2 800 870
2 694 998
2 188 982
2 559 414
2 95 432
2 34 90
2 291 411
2 480 701
2 834 653
2 392 787
2 270 303
2 533 423
2 210 805
2 409 727
2 651 352
2 572 136
2 902 896
2 323 217
2 533 222
2 549 231
2 294 550
2 153 693
2 47 839
2 364 597
2 432 188
2 407 2
2 816 895
2 525 227
2 707 645
2 57 849
2 732 953
2 183 299
2 908 92
2 690 561
2 377 743
2 216 224
2 679 654
2 292 877
2 295 669
2 878 670
2 406 636
2 924 279
2 893 533
2 244 771
2 59 195
2 774 783
2 107 161
2 680 232
2 711 80
2 141 522
2 433 815
2 176 630
2 235 365
2 997 927
2 244 226
2 83 393
2 934 332
2 473 198
2 762 708
2 133 438
2 470 71
2 525 263
2 98 689
2 417 906
2 394 762
2 270 281
2 853 664
2 730 198
2 148 670
2 688 134
2 81 342
2 924 462
2 581 629
2 312 167
2 382 138
2 952 359
2 532 820
2 206 114
2 839 368
2 974 416
2 480 75
2 218 163
2 830 411
2 850 334
2 819 333
2 703 671
2 574 99
2 187 246
2 42 720
2 35 496
2 174 287
2 900 241
2 700 390
2 144 910
2 238 463
2 464 718
2 905 39
2 230 697
2 133 434
2 436 645
2 792 197
2 935 725
2 287 271
2 192 713
2 535 434
2 783 493
2 511 625
2 254 626
2 41 572
2 515 465
2 780 881
2 672 185
2 370 550
2 323 596
2 786 996
2 952 539
2 707 726
2 766 601
2 229 902
2 107 318
2 867 599
2 226 835
2 986 18
2 501 168
2 158 928
2 980 871
2 987 205
2 402 388
2 338 583
2 985 421
2 833 906
2 987 487
2 754 927
2 397 706
2 940 844
2 679 433
2 525 940
2 912 805
2 653 834
2 290 558
2 753 499
2 646 339
2 182 79
2 452 139
2 60 311
2 784 566
2 548 291
2 951 655
2 905 185
2 155 558
2 485 817
2 87 326
2 971 637
2 754 319
2 716 383
2 351 489
2 349 887
2 373 516
2 503 315
2 209 400
2 411 980
2 638 362
2 826 974
2 692 731
2 582 507
2 866 779
2 116 719
2 500 883
2 445 25
2 482 74
2 685 281
2 525 976
2 945 52
2 904 236
2 725 11
2 234 472
2 186 110
2 443 999
2 70 362
2 505 168
2 891 847
2 312 115
2 523 613
2 873 594
2 889 454
2 985 409
2 942 936
2 725 154
2 44 604
2 440 443
2 484 777
2 53 64
2 809 156
2 209 25
2 782 644
2 782 656
2 543 504
2 443 856
2 345 120
2 962 611
2 637 878
2 95 270
2 697 878
2 684 96
2 631 570
2 252 852
2 860 48
2 363 70
2 308 808
2 809 152
2 75 288
2 380 425
2 468 389
2 341 710
2 17 896
2 746 161
2 523 165
2 660 942
2 562 975
2 789 533
2 252 315
2 611 399
2 527 943
2 129 778
2 676 673
2 707 973
2 81 520
2 76 545
2 368 163
2 99 491
2 131 45
2 896 995
2 946 429
2 268 98
2 869 115
2 613 700
2 989 59
2 323 827
2 224 427
2 667 757
2 635 651
2 556 593
2 827 741
2 541 162
2 513 98
2 962 739
2 954 512
2 345 598
2 610 506
2 17 696
2 595 592
2 227 104
2 11 408
2 485 441
2 42 140
2 369 790
2 216 149
2 820 250
2 183 333
2 306 244
2 595 63
2 410 49
2 532 55
2 149 379
2 143 197
2 423 885
2 13 508
2 47 471
2 645 280
2 527 571
2 591 745
2 569 651
2 370 909
2 130 74
2 96 850
2 381 78
2 23 50
2 515 16
2 302 50
2 324 225
2 238 347
2 553 535
2 509 820
2 846 932
2 970 783
2 354 151
2 478 524
2 254 471
2 339 335
2 535 493
2 202 86
2 832 419
2 186 70
2 858 606
2 623 159
2 992 916
2 258 881
2 680 478
2 767 657
2 465 779
2 896 869
2 47 424
2 535 186
2 553 106
2 675 487
2 180 414
2 787 727
2 364 582
2 595 172
2 728 24
2 738 308
2 652 830
2 127 478
2 26 964
2 497 637
2 846 598
2 259 251
2 779 587
2 342 156
2 508 54
2 69 820
2 21 354
2 847 379
2 14 726
2 981 365
2 198 138
2 249 179
2 152 725
2 474 932
2 69 713
2 661 637
2 977 374
2 197 263
2 588 718
2 476 771
2 884 42
2 785 576
2 336 82
2 819 311
2 963 629
2 560 805
2 397 522
2 871 106
2 645 464
2 486 319
2 662 568
2 860 563
2 681 871
2 981 271
2 215 527
2 609 723
2 949 643
2 784 540
2 479 658
2 784 326
2 38 48
2 801 298
2 96 762
2 982 97
2 181 378
2 220 331
2 436 992
2 382 508
2 407 48
2 491 971
2 329 245
2 66 502
2 603 347
2 103 195
2 439 366
2 37 25
2 827 179
2 196 260
2 696 823
2 737 392
2 664 947
2 512 602
2 309 55
2 402 587
2 46 589
2 945 122
2 746 40
2 534 695
2 774 204
2 841 828
2 901 376
2 587 828
2 467 107
2 132 219
2 699 73
2 327 376
2 645 361
2 412 797
2 507 999
2 904 587
2 715 92
2 170 762
2 367 415
2 337 1
2 602 287
2 937 834
2 950 457
2 986 32
2 587 728
2 221 683
2 860 801
2 500 267
2 948 956
2 482 712
2 277 293
2 213 947
2 603 800
2 950 986
2 27 642
2 113 554
2 385 454
2 856 948
2 291 683
2 155 666
2 675 275
2 7 251
2 426 64
2 282 163
2 901 988
2 319 334
2 178 897
2 911 215
2 550 705
2 646 806
2 834 871
2 253 45
2 619 641
2 141 506
2 800 999
2 861 670
2 482 443
2 781 854
2 450 156
2 330 249
2 864 262
2 581 479
2 787 341
2 868 916
2 468 160
2 237 180
2 744 926
2 312 266
2 42 612
2 788 118
2 888 400
2 598 54
2 34 713
2 823 514
2 390 32
2 352 529
2 890 868
2 725 106
2 14 155
2 446 343
2 584 630
2 389 984
2 611 956
2 840 61
2 343 491
2 212 549
2 345 660
2 891 733
2 343 329
2 533 80
2 842 941
2 162 987
2 818 580
2 364 261
2 212 969
2 360 236
2 665 383
2 544 193
2 416 790
2 200 86
2 679 862
2 809 296
2 124 495
2 865 659
2 233 294
2 58 76
2 962 305
2 575 525
2 464 274
2 877 647
2 213 115
2 847 842
2 966 550
2 994 15
2 272 43
2 750 922
2 887 921
2 581 615
2 485 512
2 128 195
2 371 146
2 768 477
2 302 872
2 620 439
2 867 311
2 834 252
2 739 115
2 58 536
2 55 133
2 993 162
2 679 693
2 840 807
2 791 559
2 418 319
2 880 33
2 324 167
2 706 208
2 501 416
2 436 385
2 423 626
2 386 589
2 840 911
2 561 642
2 423 243
2 595 908
2 737 740
2 668 924
2 894 878
2 707 846
2 747 929
2 364 404
2 716 110
2 132 928
2 353 194
2 496 672
2 977 693
2 47 428
2 882 857
2 148 876
2 817 425
2 527 224
2 646 373
2 111 342
2 327 947
2 373 404
2 589 191
2 445 374
2 595 349
2 9 456
2 925 257
2 882 405
2 544 438
2 908 724
2 795 801
2 438 209
2 202 673
2 774 779
2 309 498
2 315 806
2 100 261
2 717 8
2 371 540
2 100 185
2 11 126
2 591 890
2 54 205
2 675 582
2 32 769
2 286 413
2 568 916
2 314 207
2 631 63
2 374 749
2 766 184
2 118 98
2 114 296
2 611 122
2 459 403
2 513 213
2 803 2
2 982 644
2 172 877
2 748 999
2 884 487
2 87 953
2 99 72
2 90 982
2 515 107
2 918 606
2 411 953
2 279 336
2 638 549
2 50 527
2 544 260
2 319 506
2 635 18
2 665 973
2 855 795
2 595 942
2 967 504
2 912 718
2 127 17
2 549 653
2 602 219
2 694 332
2 467 647
2 105 571
2 292 588
2 482 270
2 515 538
2 316 713
2 621 898
2 844 705
2 893 241
2 457 787
2 183 536
2 209 237
2 153 466
2 77 139
2 937 138
2 895 390
2 137 34
2 955 776
2 658 413
2 574 588
2 720 862
2 646 852
2 389 669
2 962 255
2 780 605
2 934 359
2 423 379
2 143 984
2 750 355
2 299 947
2 809 365
2 65 752
2 748 531
2 734 196
2 659 565
2 571 193
2 971 143
2 417 26
2 643 133
2 958 439
2 347 708
2 679 982
2 571 691
2 931 755
2 220 538
2 662 989
2 129 57
2 884 637
2 758 991
2 41 765
2 238 482
2 284 522
2 931 750
2 339 54
2 515 334
2 819 516
2 198 973
2 82 426
2 611 357
2 98 303
2 301 693
2 557 615
2 262 518
2 497 359
2 491 942
2 337 644
2 586 367
2 789 91
2 827 403
2 410 992
2 573 644
2 468 421
2 174 407
2 319 524
2 672 243
2 551 964
2 428 550
2 955 732
2 100 757
2 50 182
2 917 580
2 127 550
2 585 184
2 107 437
2 728 779
2 372 93
2 267 851
2 254 883
2 873 277
2 620 332
2 676 149
2 624 257
2 291 115
2 972 568
2 514 184
2 323 250
2 14 693
2 775 705
2 107 557
2 772 441
2 952 214
2 229 906
2 438 571
2 374 723
2 552 259
2 569 709
2 750 546
2 485 944
2 903 769
2 608 773
2 620 646
2 22 348
2 991 610
2 836 52
2 762 18
2 316 656
2 796 944
2 789 166
2 763 925
2 480 329
2 48 809
2 613 189
2 872 104
2 458 119
2 340 741
2 395 178
2 710 870
2 312 777
2 496 164
2 108 407
2 623 363
2 172 122
2 322 911
2 979 656
2 191 800
2 284 806
2 450 256
2 643 914
2 295 789
2 239 26
2 952 985
2 150 269
2 120 948
2 573 193
2 240 317
2 165 419
2 59 884
2 368 134
2 445 243
2 468 693
2 932 493
2 38 281
2 63 74
2 8 205
2 706 48
2 613 423
2 443 356
2 426 374
2 627 245
2 964 969
2 464 319
2 152 773
2 925 276
2 709 203
2 463 565
2 689 353
2 672 183
2 364 588
2 552 372
2 918 622
2 782 386
2 281 759
2 729 715
2 835 246
2 16 833
2 564 319
2 597 466
2 241 718
2 421 666
2 949 988
2 137 285
2 933 653
2 505 96
2 787 936
2 284 729
2 657 648
2 692 961
2 28 463
2 866 298
2 76 739
2 678 979
2 744 793
2 553 196
2 285 367
2 420 274
2 483 328
2 612 72
2 668 920
2 416 825
2 248 89
2 899 641
2 364 165
2 724 910
2 802 752
2 682 714
2 385 729
2 584 578
2 188 446
2 596 701
2 501 577
2 760 697
2 993 156
2 955 547
2 918 135
2 942 507
2 833 571
2 141 778
2 643 517
2 681 256
2 491 866
2 184 315
2 360 607
2 901 569
2 845 520
2 841 676
2 846 41
2 823 723
2 347 416
2 457 600
2 579 146
2 628 92
2 685 801
2 413 789
2 952 283
2 986 166
2 350 807
2 233 987
2 765 863
2 887 852
2 971 130
2 108 626
2 890 409
2 616 320
2 966 877
2 802 122
2 826 767
2 344 354
2 732 45
2 780 808
2 191 51
2 97 610
2 939 220
2 590 648
2 268 506
2 143 388
2 727 673
2 159 59
2 680 439
2 218 311
2 937 494
2 641 536
2 408 74
2 329 184
2 509 564
2 607 114
2 826 691
2 480 125
2 709 316
2 962 665
2 158 247
2 496 79
2 439 59
2 562 927
2 46 170
2 28 183
2 774 308
2 702 634
2 572 670
2 48 975
2 628 422
2 475 279
2 937 28
2 305 716
2 777 787
2 355 759
2 373 521
2 151 7
2 623 140
2 960 666
2 859 246
2 267 618
2 501 389
2 236 224
2 319 794
2 329 655
2 621 657
2 223 508
2 751 167
2 916 691
2 55 68
2 657 727
2 731 343
2 972 973
2 917 390
2 404 379
2 949 790
2 990 477
2 700 693
2 910 167
2 163 408
2 190 111
2 947 433
2 97 91
2 395 982
2 308 790
2 852 388
2 160 663
2 397 260
2 29 894
2 934 757
2 270 762
2 530 156
2 42 722
2 394 135
2 562 84
2 26 321
2 495 408
2 672 341
2 571 873
2 148 401
2 806 218
2 746 914
2 312 379
2 436 860
2 678 349
2 212 884
2 977 570
2 180 332
2 133 477
2 339 929
2 370 455
2 144 735
2 825 127
2 496 431
2 915 777
2 532 607
2 986 953
2 849 695
2 775 760
2 668 288
2 60 940
2 323 558
2 605 120
2 389 853
2 476 576
2 183 981
2 727 686
2 450 164
2 560 806
2 22 741
2 430 257
2 158 634
2 994 93
2 144 366
2 9 949
2 176 851
2 86 551
2 917 547
2 279 567
2 793 610
2 368 996
2 244 620
2 298 602
2 958 853
2 596 262
2 767 176
2 268 246
2 650 883
2 518 832
2 512 226
2 191 48
2 842 383
2 687 635
2 860 338
2 614 367
2 110 31
2 81 710
2 711 187
2 134 276
2 780 306
2 931 738
2 622 205
2 728 579
2 360 880
2 443 80
2 210 920
2 577 771
2 696 329
2 904 606
2 104 910
2 359 355
2 364 209
2 367 57
2 422 984
2 346 478
2 173 811
2 930 910
2 980 635
2 182 198
2 925 300
2 750 492
2 429 478
2 957 493
2 687 845
2 945 763
2 633 127
2 53 390
2 813 37
2 846 683
2 440 714
2 710 768
2 675 413
2 200 780
2 987 792
2 353 910
2 985 913
2 464 91
2 393 57
2 893 239
2 562 866
2 114 691
2 426 684
2 535 40
2 624 516
2 894 823
2 336 272
2 495 607
2 900 919
2 934 197
2 191 848
2 491 130
2 875 296
2 198 521
2 926 617
2 621 381
2 372 668
2 353 425
2 406 237
2 181 885
2 738 516
2 125 902
2 987 481
2 460 405
2 523 641
2 650 445
2 254 797
2 527 363
2 786 634
2 868 978
2 782 39
2 385 537
2 536 914
2 99 285
2 585 832
2 952 511
2 395 399
2 844 33
2 974 570
2 53 235
2 51 932
2 498 643
2 801 574
2 751 932
2 515 654
2 1000 879
2 217 820
2 934 609
2 609 507
2 268 30
2 651 596
2 335 466
2 631 723
2 297 246
2 812 998
2 170 398
2 75 581
2 456 791
2 888 844
2 297 234
2 548 559
2 795 48
2 939 878
2 954 270
2 14 169
2 14 940
2 253 872
2 209 649
2 213 791
2 499 852
2 148 951
2 899 572
2 754 494
2 841 551
2 503 454
2 622 951
2 197 457
2 372 514
2 286 247
2 753 636
2 317 96
2 649 505
2 150 110
2 970 963
2 973 201
2 97 767
2 814 34
2 813 749
2 112 926
2 774 389
2 455 959
2 212 936
2 567 881
2 834 165
2 224 140
2 954 838
2 301 911
2 321 910
2 639 205
2 838 219
2 214 106
2 15 586
2 812 874
2 782 786
2 452 705
2 779 233
2 819 881
2 64 407
2 11 164
2 323 252
2 647 172
2 385 890
2 367 565
2 922 356
2 793 910
2 837 865
2 157 448
2 846 278
2 168 628
2 330 950
2 944 300
2 533 277
2 869 475
2 232 181
2 934 391
2 316 110
2 244 740
2 70 147
2 58 334
2 148 298
2 103 26
2 316 332
2 464 329
2 160 668
2 562 236
2 177 756
2 578 298
2 732 118
2 936 463
2 817 310
2 813 218
2 344 380
2 968 991
2 640 633
2 346 233
2 500 43
2 384 225
2 876 201
2 782 181
2 969 18
2 521 70
2 696 826
2 360 286
2 360 331
2 556 99
2 795 209
2 42 337
2 201 371
2 445 617
2 788 441
2 661 662
2 619 477
2 86 757
2 564 324
2 99 240
2 107 575
2 918 269
2 128 673
2 597 421
2 589 58
2 765 117
2 353 806
2 517 368
2 230 393
2 434 757
2 730 426
2 774 393
2 779 550
2 37 472
2 702 122
2 347 308
2 459 17
2 677 269
2 961 369
2 987 344
2 234 908
2 305 414
2 902 609
2 351 177
2 717 439
2 533 561
2 382 155
2 836 924
2 883 713
2 72 185
2 471 569
2 350 940
2 557 734
2 197 975
2 809 140
2 273 668
2 191 124
2 803 169
2 788 925
2 912 792
2 841 168
2 398 776
2 605 93
2 541 886
2 230 508
2 331 876
2 22 861
2 820 565
2 795 66
2 908 832
2 334 358
2 142 333
2 339 700
2 466 976
2 160 337
2 101 779
2 987 114
2 13 902
2 273 261
2 979 772
2 366 25
2 251 425
2 736 942
2 639 145
2 504 7
2 976 580
2 70 798
2 485 451
2 534 307
2 105 325
2 109 472
2 792 352
2 728 551
2 675 618
2 796 727
2 123 68
2 648 510
2 850 418
2 186 602
2 2 294
2 159 720
2 392 399
2 437 272
2 369 528
2 872 572
2 267 824
2 409 547
2 392 154
2 114 296
2 144 808
2 735 580
2 256 826
2 228 548
2 500 106
2 956 893
2 671 131
2 668 757
2 496 975
2 904 361
2 478 970
2 780 447
2 553 352
2 688 35
2 809 211
2 613 162
2 230 163
2 10 687
2 737 503
2 132 606
2 202 439
2 153 237
2 426 858
2 287 403
2 924 247
2 640 89
2 601 995
2 599 875
2 897 140
2 905 530
2 468 876
2 278 478
2 801 220
2 242 147
2 202 279
2 552 109
2 918 100
2 841 82
2 917 64
2 6 275
2 742 474
2 290 735
2 901 56
2 984 818
2 730 672
2 295 628
2 614 760
2 104 600
2 5 413
2 169 658
2 443 673
2 445 451
2 235 20
2 417 234
2 653 382
2 302 195
2 965 421
2 620 880
2 928 54
2 426 221
2 935 564
2 448 14
2 191 656
2 412 800
2 682 957
2 324 43
2 801 886
2 285 540
2 946 570
2 157 763
2 268 507
2 710 137
2 34 561
2 654 282
2 647 285
2 613 83
2 917 14
2 728 132
2 416 754
2 364 172
2 143 604
2 416 524
2 192 27
2 147 405
2 289 980
2 442 273
2 57 433
2 894 583
2 496 185
2 977 105
2 604 885
2 65 398
2 497 169
2 319 899
2 849 294
2 586 341
2 622 749
2 627 267
2 309 70
2 900 616
2 856 433
2 592 234
2 515 345
2 177 749
2 751 818
2 860 859
2 590 970
2 716 264
2 913 539
2 713 74
2 343 601
2 117 879
2 277 570
2 812 24
2 116 881
2 304 989
2 334 146
2 62 105
2 651 728
2 623 874
2 42 691
2 786 104
2 692 276
2 100 384
2 890 351
2 183 549
2 389 798
2 841 808
2 287 908
2 394 524
2 235 46
2 204 472
2 965 21
2 176 185
2 562 437
2 58 434
2 932 759
2 473 67
2 922 160
2 100 724
2 601 974
2 263 815
2 361 114
2 643 571
2 269 858
2 726 250
2 238 437
2 543 903
2 657 450
2 263 702
2 997 68
2 804 506
2 37 548
2 501 7
2 460 176
2 369 828
2 642 879
2 292 727
2 66 39
2 479 52
2 388 355
2 591 865
2 763 911
2 739 198
2 687 52
2 799 849
2 399 270
2 526 317
2 834 361
2 479 554
2 96 129
2 958 379
2 785 404
2 112 437
2 501 786
2 778 807
2 891 882
2 677 7
2 223 878
2 376 669
2 669 422
2 904 178
2 522 346
2 621 759
2 788 502
2 318 925
2 248 916
2 65 862
2 730 269
2 655 462
2 532 73
2 168 484
2 837 28
2 364 504
2 676 306
2 864 583
2 605 537
2 556 988
2 236 410
2 729 12
2 878 408
2 592 323
2 675 768
2 761 395
2 79 911
2 552 465
2 890 540
2 763 877
2 696 586
2 836 33
2 844 599
2 443 636
2 13 137
2 98 744
2 882 12
2 277 982
2 497 374
2 743 185
2 316 116
2 631 462
2 295 646
2 212 348
2 169 683
2 161 271
2 611 857
2 962 633
2 862 599
2 340 587
2 46 777
2 226 49
2 432 310
2 927 356
2 509 201
2 669 66
2 438 540
2 748 943
2 363 82
2 549 215
2 100 347
2 706 767
2 897 919
2 382 119
2 200 755
2 472 544
2 698 860
2 65 448
2 814 550
2 127 647
2 413 750
2 28 205
2 120 614
2 191 996
2 2 571
2 785 461
2 474 475
2 861 361
2 928 54
2 15 167
2 297 187
2 605 715
2 544 928
2 324 214
2 691 177
2 368 169
2 265 219
2 709 226
2 228 441
2 604 320
2 345 715
2 620 39
2 841 366
2 496 974
2 662 861
2 868 785
2 252 520
2 137 207
2 447 131
2 532 169
2 384 367
2 795 364
2 370 972
2 52 181
2 735 751
2 391 91
2 11 693
2 104 550
2 53 879
2 786 655
2 193 694
2 324 332
2 257 157
2 69 808
2 104 651
2 658 979
2 539 408
2 243 615
2 659 799
2 634 101
2 431 332
2 694 838
2 541 622
2 137 197
2 46 761
2 3 477
2 758 315
2 27 724
2 850 617
2 657 838
2 382 915
2 353 276
2 532 734
2 868 401
2 893 224
2 108 246
2 282 251
2 928 207
2 764 226
2 661 81
2 248 341
2 94 931
2 338 296
2 37 970
2 804 14
2 953 162
2 108 781
2 563 233
2 994 806
2 11 12
2 661 18
2 818 532
2 983 943
2 804 570
2 456 1000
2 669 417
2 364 584
2 830 24
2 269 910
2 944 456
2 420 182
2 684 336
2 509 393
2 26 92
2 446 251
2 266 600
2 781 850
2 108 941
2 385 41
2 824 62
2 909 858
2 640 74
2 89 940
2 349 93
2 979 405
2 901 197
2 391 140
2 840 74
2 76 716
2 983 949
2 671 337
2 173 139
2 241 369
2 307 254
2 556 239
2 850 945
2 760 205
2 136 502
2 202 432
2 294 427
2 748 482
2 347 805
2 536 979
2 541 870
2 621 873
2 393 169
2 41 227
2 15 442
2 227 139
2 766 718
2 24 490
2 404 858
2 912 763
2 208 241
2 492 720
2 775 134
2 898 723
2 577 239
2 352 193
2 160 310
2 123 349
2 794 291
2 361 925
2 440 731
2 142 33
2 766 601
2 955 861
2 875 281
2 290 52
2 635 186
2 726 854
2 187 612
2 58 685
2 14 554
2 113 316
2 822 564
2 437 777
2 479 924
2 395 35
2 22 143
2 728 787
2 596 246
2 902 217
2 308 885
2 677 760
2 6 533
2 816 284
2 640 455
2 116 466
2 70 355
2 780 395
2 645 468
2 368 190
2 39 686
2 818 999
2 24 25
2 791 975
2 889 646
2 853 713
2 218 27
2 411 215
2 358 873
2 513 653
2 138 943
2 977 101
2 579 820
2 887 171
2 634 306
2 799 914
2 958 898
2 147 4
2 973 838
2 238 936
2 528 812
2 874 427
2 172 80
2 359 636
2 530 791
2 624 263
2 107 806
2 259 887
2 32 56
2 440 30
2 475 191
2 541 659
2 908 945
2 265 656
2 85 127
2 918 86
2 567 547
2 989 145
2 504 701
2 420 910
2 948 223
2 934 265
2 939 128
2 970 427
2 208 516
2 946 246
2 834 140
2 581 902
2 121 704
2 819 799
2 400 518
2 703 349
2 746 757
2 834 38
2 254 33
2 660 912
2 895 43
2 622 798
2 443 510
2 99 822
2 782 376
2 983 578
2 925 147
2 722 628
2 3 935
2 243 540
2 716 799
2 898 471
2 626 503
2 700 106
2 712 109
2 855 164
2 544 874
2 839 478
2 642 356
2 652 464
2 155 95
2 44 336
2 512 615
2 845 697
2 904 137
2 207 713
2 614 572
2 459 580
2 578 368
2 582 977
2 798 561
2 202 209
2 631 259
2 549 75
2 680 121
2 745 271
2 494 172
2 169 880
2 426 506
2 192 193
2 801 924
2 339 243
2 980 953
2 280 883
2 906 945
2 371 546
2 689 656
2 138 73
2 178 693
2 293 903
2 719 414
2 409 877
2 298 266
2 624 736
2 800 341
2 373 640
2 520 873
2 53 850
2 552 93
2 399 612
2 900 519
2 279 328
2 24 941
2 484 658
2 496 838
2 607 210
2 890 334
2 414 873
2 990 142
2 750 610
2 438 940
2 237 900
2 293 483
2 972 378
2 619 286
2 958 195
2 744 821
2 470 658
2 913 566
2 890 309
2 684 229
2 258 882
2 170 756
2 900 113
2 640 807
2 49 705
2 955 558
2 279 722
2 737 912
2 398 224
2 912 137
2 794 434
2 884 276
2 457 937
2 241 586
2 864 288
2 748 211
2 776 472
2 523 873
2 692 877
2 532 953
2 88 656
2 861 248
2 871 991
2 272 852
2 417 379
2 752 422
2 864 2
2 980 845
2 766 185
2 758 341
2 789 984
2 516 122
2 175 39
2 837 628
2 201 740
2 48 488
2 622 21
2 981 524
2 662 823
2 503 486
2 962 969
2 10 299
2 946 213
2 774 72
2 279 255
2 830 963
2 697 117
2 494 798
2 442 561
2 82 218
2 973 570
2 47 33
2 921 74
2 376 113
2 282 469
2 307 231
2 952 82
2 559 407
2 661 232
2 323 171
2 703 745
2 639 514
2 165 749
2 945 321
2 675 885
2 664 322
2 609 2
2 390 313
2 240 268
2 257 444
2 213 770
2 607 876
2 748 76
2 993 838
2 748 708
2 496 137
2 917 22
2 35 464
2 305 139
2 573 953
2 581 195
2 180 353
2 420 300
2 917 815
2 481 307
2 755 215
2 910 822
2 193 996
2 533 844
2 952 268
2 76 740
2 381 298
2 902 365
2 697 482
2 996 362
2 165 927
2 88 910
2 848 784
