1 5.864261854911724
2 1.3670545347052838
3 0.0359659440356645
4 1.86947518799979
5 5.666056984048829
6 1.600567447183757
7 3.1489761407737014
8 2.7931509335858045
9 6.432650813414602
10 5.978487109210196
11 0.29041977957843434
12 1.144531949654636
13 0.6060747834956495
14 0.9917066063205402
15 0.2238992978085729
16 14.813411326177684
17 1.8849010440289837
18 3.471581263160499
19 0.277305534724464
20 0.35433434436408245
21 6.254721350935703
22 10.706829286750324
23 0.9807575998339622
24 0.1650428510152782
25 0.44392305236287194
26 1.0497646355666859
27 6.4373992218518294
28 2.5987561578130927
29 6.648189362015622
30 0.06821853839031243
31 2.3755080288838166
32 20.669278500976375
33 0.2099814944225547
34 18.597582309632795
35 0.7255523330276055
36 0.5538168501255819
37 4.079593115034466
38 10.482679378081851
39 3.340009270920886
40 3.735447068574346
41 0.7034289827985812
42 0.17998082543837596
43 2.1138541504856034
44 87.12847136386694
45 0.8056132272562297
46 0.7371944911049946
47 0.3583960154448889
48 0.07533680101302061
49 0.14372534250386212
50 1.1099696352643977
51 2.9595595860315855
52 0.9724018183959082
53 0.33024844540111997
54 0.11176713358027125
55 387.42932952111596
56 0.5239302722559065
57 3.43171873662142
58 0.11521917308635217
59 2.243978992225862
60 8.357291758944653
61 0.43429985900674334
62 6.943729504141943
63 1.5133735577035636
64 4.7230392831927555
65 0.04916008410683688
66 0.25252499956692026
67 1.3528346208171933
68 0.09067282839796854
69 0.34014805765767603
70 0.04315175545609658
71 3.5739969786899355
72 0.05909146885461365
73 1.6534599768220846
74 1.2986216039624132
75 1.1173541275343193
76 6.822458397111071
77 0.0288822405115417
78 0.2811458666668867
79 10.132541303171779
80 0.7363513520109777
81 0.028166555774420187
82 0.0010928828223860717
83 1.336278993111761
84 10.478676188615061
85 51.09732934531355
86 0.7296435519521021
87 0.2933175762030814
88 3.219525958123386
89 1.0719930884342188
90 1.1298830610131285
91 7.237538373994866
92 5.9148664944445075
93 1.140307943584452
94 1.226205104592762
95 0.07481769897588039
96 0.31745319664089383
97 7.454639047713828
98 0.2469583216923647
99 8.87355035745702
100 1.8001389477593757
101 2.0309460221010927
102 0.26231091778788596
103 0.8727074567567948
104 1.0469108230736721
105 0.9827421086501064
106 0.14253133423994432
107 0.0944126533353311
108 0.04470788874114194
109 3.179870392751299
110 1.8717109783549886
111 14.613663075529855
112 0.8078322005108605
113 113.96516009079163
114 1.27106828877293
115 9.631262017871569
116 3.564039400603093
117 0.14184127664903812
118 3.500365595429759
119 3.164637468567568
120 1.0868708659530049
121 0.47911358767647017
122 0.0009130244847958831
123 16.903416090452023
124 13.073140170087244
125 0.47876374219744533
126 2.156778678270282
127 0.02639873027640293
128 0.8291271164822176
129 0.4287492821898449
130 539.5362160745838
131 0.5988109524949166
132 39.93449710806435
133 0.3814258660861404
134 0.7720902851617191
135 1.1495373064069785
136 0.6620900046592919
137 1.6461905652854913
138 1.1043296379396415
139 0.9544716759303032
140 2.268626644227806
141 4.903822870464845
142 0.7633592329343004
143 0.5361996626068285
144 6.8381255990575545
145 0.2518682990119243
146 20.03145859213153
147 0.8518711738954495
148 0.3236061909867146
149 43.83689797831874
150 1.5131934905359483
151 11.182256811807875
152 22.02782033916825
153 0.14239353976121746
154 2.046091743849748
155 0.41296550490036993
156 0.7821304962016532
157 2.5573079354256887
158 0.621355333586015
159 0.986050899363379
160 22.576603139461437
161 2.681034930448787
162 3.679330668366578
163 1.3270280867272761
164 1.8322957751496074
165 0.5513709414204826
166 3.3547961560865645
167 1.996259074105422
168 4.175301144208003
169 0.6553674871753045
170 0.5458662676793506
171 24.712851481157955
172 0.07147571633274188
173 3.262000128262268
174 0.17442957389743735
175 13.554825700374757
176 0.03242065630940353
177 3.4106019443493865
178 0.7572453525970507
179 0.07437871068316212
180 2.6488687416380294
181 0.11046451972931606
182 0.7029531365657197
183 1.0438044821512331
184 2.242135304696867
185 3.0186514932944326
186 1.797194588508603
187 0.548095600024587
188 6.677874853509921
189 0.6692782848619901
190 2.277582445688549
191 4.2701707960513415
192 0.18113911031399169
193 6.15186406269112
194 2.0258491608880074
195 2.4484204441305075
196 2.405999245429242
197 4.06652670177642
198 0.15273097832351093
199 0.1023785085025087
200 0.12262677319075983
201 4.721865269780618
202 1.0850989340088446
203 0.32227367007396895
204 0.36506206735447644
205 0.3749239272098692
206 11.354608558966891
207 1.0713006755271568
208 0.025564766022784697
209 13.128801126034537
210 0.6846830992531648
211 0.4743870785364161
212 0.5818666737813675
213 0.3864645675452125
214 3.1754105342659655
215 16.012137423446255
216 42.16930515582138
217 1.7189119336670822
218 1.9145894054887374
219 2.1744763910202085
220 1.235290522052783
221 0.37819989975592777
222 10.250054420362819
223 2.8869883685858153
224 6.158723722388346
225 0.06321267153465955
226 0.811814346708219
227 0.7669922165905558
228 0.44838484852316807
229 0.11055354025448548
230 1.1920657376813066
231 2.1789779025907645
232 2.1371956287991964
233 41.66377303027359
234 0.1807797435988663
235 0.1908986409935244
236 2.2411629565369404
237 1.4798035166435948
238 1.1393428943273642
239 2.496565225000933
240 5.504655213797083
241 0.8227030207180428
242 3.571962017335804
243 0.7277450102922374
244 8.679522054070326
245 1.5221342050082016
246 0.4708824187969121
247 1.3001964689111094
248 13.752365118903315
249 0.04655846111406807
250 4.284345629877443
251 2.23000777108425
252 0.13942660428920792
253 0.0751479618344794
254 0.7833812266149431
255 0.18932354209722224
256 1.0678659197793003
257 0.9118103522417953
258 0.31167351910406893
259 0.2581376339916138
260 1.1783626135334577
261 0.16878294002030697
262 0.7625040996445938
263 1.3698727936385893
264 3.8676557417215305
265 0.7308610592289636
266 0.4304336898885577
267 1.9469887543359918
268 0.0530949234252841
269 26.96251505173923
270 1.3287055940213235
271 0.9393595455117533
272 5.687832154689974
273 0.3455626596627748
274 0.32909894695813463
275 2.261026712072075
276 0.2240458416950397
277 0.2690347308490802
278 0.23364070609573698
279 0.14472229184532803
280 0.7312478911238686
281 2.841477348979504
282 0.9970378161354173
283 2.030031516729282
284 0.056064290158454155
285 0.8296739459694593
286 0.5107695097834823
287 9.537890985478318
288 1.7375719949444666
289 1.495395366774654
290 1.4285776926706362
291 0.40961831102681423
292 0.24449594601346766
293 0.02357574343983789
294 1.1253409941287578
295 2.2140916911119017
296 0.9973745601007127
297 0.555700742198419
298 0.01777699497205313
299 0.31125071873746213
300 1.5608969233860146
301 2.2551734720740093
302 0.14663623243870524
303 0.06252457556322603
304 0.046125464466634264
305 1.1355461322910383
306 0.5586892331370039
307 0.8086694812746695
308 0.5997261148976677
309 0.9963602715062625
310 1.3962831269406037
311 30.91610310855714
312 0.3365899310001206
313 1.0471075510116545
314 0.9049585141788622
315 3.2751979355183605
316 1.6524324597316897
317 5.333105111718907
318 151.0416882241017
319 1.5390291443891675
320 3.625260449420827
321 0.08857861572428795
322 1.2070081410396327
323 0.4000301227825012
324 0.44688704762596515
325 1.9620142345258573
326 0.2223486943608327
327 6.592986399567393
328 0.45681734245093464
329 22.929629006388918
330 0.1252715681347237
331 0.4912195356952918
332 0.5488043195117568
333 0.9307381032675915
334 14.805901364076052
335 1.0059039633269224
336 0.526453555171948
337 0.6426745853031299
338 0.5844678101342671
339 0.1367389736737497
340 0.572819663882447
341 0.4895419915967919
342 0.9656577050126423
343 0.6566856403309129
344 1.376035521710944
345 3.4050197316089648
346 3.681908630536807
347 2.2574496670024433
348 2.6386159167856795
349 0.48275112703092377
350 1.8318994181004309
351 0.041449391826216035
352 0.4831093798174686
353 1.1863144229979343
354 0.812646241564217
355 0.22489072828037085
356 0.548374235547132
357 0.2392332702519598
358 11.061812599937618
359 0.64617416984936
360 0.0738333542969587
361 0.6290402872870345
362 3.3095609110047417
363 1820.5319205973817
364 0.10162522218569368
365 0.9029715632285099
366 0.1332273269276058
367 5.861060607683558
368 0.18307827859662748
369 0.8123763972606888
370 2.3229376905880135
371 0.4184236088561304
372 0.22284488885052245
373 0.1371514256908038
374 3.41053721898224
375 1.2962495780867023
376 0.22523292782521812
377 0.8620035928113263
378 0.25962296385985506
379 0.021279889198950835
380 0.4324188506060795
381 2.3951509221490195
382 1.3217496741157688
383 2.7459720292362477
384 7.968890331657541
385 2.7379959161881797
386 0.10190562342756468
387 3.7485137527844388
388 1.4673427644244448
389 0.49248209431222345
390 5.1450408710692646
391 8.779938041337415
392 1.5814013907436646
393 0.30738056940200914
394 0.5621392296271496
395 0.013626855241861323
396 0.6891663106746582
397 3.0703246792727183
398 0.180186819125122
399 23.24287119294023
400 0.1472327662316927
401 0.3547896619749694
402 1.745603581394405
403 8.17053896451408
404 4.561697076809116
405 0.3957284363248258
406 0.6520510038186758
407 4.730871084754524
408 1.1394296849027006
409 0.12262430750692457
410 0.47039985078583013
411 0.0721156422267738
412 33.900582769390674
413 0.6748192364505203
414 0.21819122292847742
415 0.46001571565870625
416 4.083367172072424
417 7.145485473700963
418 0.4539914174395429
419 2.617812964245657
420 0.024160568960708072
421 0.2217878985378366
422 3.6704557352837686
423 0.2605613288815389
424 0.11226660524916406
425 2.9174214122310858
426 0.9931237806422349
427 1.9520697590862537
428 7.1997423398718166
429 0.7226523851229961
430 34.98314788991592
431 0.15279947314087203
432 0.4738734197721674
433 0.26528199391649604
434 2.195018244553975
435 3.0903387191016543
436 0.152506264564116
437 15.718182341606568
438 1.1225038457009013
439 0.33263262107812097
440 3.467903957614731
441 0.20159157786133297
442 0.28341001975210545
443 1.0195964421514796
444 15.179477818319263
445 0.7112421244105265
446 0.6708750819442543
447 1.5003427754670309
448 11.405267244065785
449 0.6698967560760491
450 0.4239749378206822
451 0.2958607208812659
452 0.4257810892959727
453 1.2076309178300941
454 1.9902841177607415
455 0.345486440109036
456 0.5841524136212722
457 3.624627703106158
458 15.265903633101132
459 1.6945265055251153
460 4.155736470366675
461 0.44510967576210286
462 0.2433178115927083
463 5.3639053836514625
464 5.001298368839077
465 0.27146905688743533
466 0.5455005452706818
467 0.8135238995371004
468 0.055531190875409385
469 3.6676109633060667
470 1.0336979904770773
471 2.5456464099335316
472 1.4378777253911699
473 47.99793593430577
474 2.2846875019177633
475 0.14831180140811623
476 1.3934120745241814
477 1.7154832658152614
478 1.1990159664502453
479 0.1367460744885799
480 0.8099489779480743
481 0.607894215273239
482 0.01981290895341272
483 0.10968070743988273
484 1.2638002642491435
485 2.50760133809558
486 3.8547736032571436
487 0.04843265621818168
488 0.437460875051332
489 1.401396734360065
490 0.0997522115565657
491 1.9975023356965373
492 0.5794381702015668
493 2.243909711271764
494 0.014143013173068115
495 4.298480911834819
496 2.6258618149884554
497 7.334630408090483
498 2.4886156326045348
499 37.501878213463165
500 1.425605277343473
501 2.1613532845130274
502 5.212385427537454
503 0.03571123647644771
504 0.5816974990188835
505 0.23883350463048345
506 3.525062858431481
507 7.583263924766932
508 11.798477870142857
509 2.1823167287322143
510 0.23740705876904822
511 0.8357997248574193
512 0.20558733872175272
513 20.699962254170032
514 0.026637459372451336
515 1.1411345155953505
516 0.9569436280482355
517 1.241860752214848
518 7.029580273210093
519 0.08307068175379986
520 0.7806636635841901
521 2.320576801472974
522 0.38930161955841946
523 1.4672230202044922
524 2.920666134945196
525 7.545327261847399
526 0.692665492816006
527 0.3873349124865039
528 2.1875126510037752
529 1.264701770020884
530 5.081418353026089
531 1.3545030919144305
532 48.772788506099644
533 1.231633527580935
534 2.5376455880339455
535 127.39404480580527
536 0.5886657900918093
537 1.1300578058956814
538 4.146893790806683
539 1.7990619549898246
540 12.373247738056607
541 1.0695419857446087
542 19.902783759858018
543 0.702533051148657
544 0.7227904051560492
545 0.1989940998166056
546 0.8743662859072249
547 0.21525449284695566
548 0.834764061754905
549 0.43428829053643353
550 0.4202002677257228
551 23.89562557636293
552 2.272587406332346
553 11.707866526002071
554 0.8082194035652109
555 1.7331774965041506
556 2.041337700695905
557 0.7581490537858909
558 13.522421438358686
559 3.145980917841114
560 0.004112679522295059
561 0.1592834868227983
562 5.423832113706456
563 0.18197285864309107
564 0.17688527260969086
565 0.0805787108582827
566 0.056360160431148554
567 1.6622097872726114
568 0.3403663219650845
569 0.2659067992478719
570 1.255752567035534
571 0.9884191855573017
572 278.3141034588018
573 0.5658421116191015
574 2.271279578350202
575 0.0762380431524982
576 0.9136343252314306
577 0.0023301487671563057
578 3.309341969005144
579 2.545992472919528
580 1.057609553744445
581 1.3001908703747156
582 0.41224156392439537
583 0.3179138515712511
584 0.3748638437180813
585 0.030214656302443976
586 0.06148608492008596
587 0.152245917099904
588 14.588083091989759
589 2.56238820497112
590 15.73315825325841
591 2.580155056467812
592 1.711827961494011
593 1.836515773798189
594 3.059265981555513
595 0.41434574825829473
596 0.054786630573016346
597 0.9495040174919332
598 0.29267189722142395
599 0.40137251225897413
600 4.444517820127062
601 0.39078020692162374
602 8.881450772980925
603 0.8366935421030764
604 0.018171558857230492
605 0.631684367704845
606 0.5489184016494266
607 0.43903475140948117
608 0.19954961402599639
609 1.4135158454240173
610 3.2413276530619872
611 11.136284133867724
612 5.884571563113333
613 0.01684489503667735
614 27.509958715793065
615 7.871430781685684
616 200.54943709894718
617 2.514500046063576
618 1.8667227822081074
619 0.4547661350929634
620 0.21148447800820294
621 0.5098610841509214
622 2.659299133962584
623 16.812925525711996
624 1.1156800152557682
625 0.0027318313008083818
626 0.6373237027051479
627 3.3987933790454816
628 0.22341479256370653
629 68.95360168990875
630 0.03488452305653671
631 9.036277020606176
632 0.26750109194206323
633 7.628049124925856
634 1.206092146210197
635 0.9795512793519693
636 0.07332837775181766
637 0.2041198007686744
638 0.9967781265379705
639 0.5277643213080264
640 0.7240961125217458
641 0.28505867990471734
642 1.3153407718788308
643 0.6513722602025773
644 92.12319261409645
645 6.632866082963172
646 4.135909137440377
647 0.5135616875723117
648 0.24327392258637112
649 1.2056286428254075
650 0.3095949849790958
651 0.8187933199187329
652 0.11871983574306853
653 0.880802755083511
654 0.5332600490726432
655 3.365557155066021
656 1.362859439063619
657 0.13038206735375868
658 1.7453423900595029
659 0.1849406669738495
660 2.099956171902789
661 0.8920624676517348
662 1.1014885732833606
663 0.03807632875231769
664 0.24490392673294403
665 1.8392093919567691
666 1.4363563035352496
667 15.070580501959377
668 1.1605767555129012
669 0.32270980845039693
670 0.027617008122576968
671 6.27001172577911
672 0.8031284863233598
673 1.2683552238138116
674 2.433440427164305
675 2.597180260332308
676 0.3646824380440004
677 3.2782600682488257
678 0.5178730745664537
679 0.9517546440542645
680 0.988745783491531
681 0.4866016378795071
682 10.565894014573836
683 35.694522228881446
684 0.7125493241042093
685 0.2842339931239337
686 1.1129516712977
687 0.26034931599260525
688 34.449241027405044
689 0.0708550304669017
690 0.06382323999460864
691 0.340774337109686
692 3.6764518247871094
693 0.6935436687557063
694 1.458285995725855
695 0.4860317214768471
696 0.24479355624787522
697 4.009918104304356
698 0.745595165898021
699 0.22149779231178568
700 0.07096840826826006
701 3.028398100787714
702 0.8592453162455942
703 3.3328470339829472
704 8.423733339650562
705 50.94896540776566
706 2.1568907231491217
707 3.488927346407825
708 0.5739727338365032
709 0.05990115081548788
710 0.8756577268878406
711 0.1073966163195471
712 0.0961946468275334
713 0.6907353337527292
714 1.4119000251029397
715 3.768265909655433
716 0.3817866787764033
717 0.34441644893113343
718 5.46671830591303
719 1.7803000671314297
720 0.1634693580926827
721 0.8446928348315313
722 1.2668130307248568
723 2.38908785227093
724 1.352565776538696
725 2.76543652056668
726 8.328464865214917
727 0.902920830581406
728 0.35634563707216504
729 0.6120700442620095
730 0.23684271291744277
731 1.2920932004485544
732 1.415137969991009
733 0.15856098470147809
734 0.12623066145997727
735 3.430016840160014
736 13.382376202267908
737 2.217829117035685
738 0.2648915227737386
739 0.8670265952116578
740 6.966083751350218
741 0.974264108882922
742 0.2721529878020563
743 13.930739487157105
744 0.49586890593890354
745 2.7238767092047196
746 4.118501629394574
747 0.04860403681634436
748 0.06580303159775377
749 1.0385215546232347
750 0.22983492242838785
751 0.23461924438245776
752 1.724660616433521
753 1.423040911865821
754 0.4129589492923015
755 2.6042229125793903
756 1.6077371176575173
757 7.8025923860817965
758 1.6843758823516797
759 0.014163183428041707
760 0.9230826471322798
761 0.08580499936026956
762 1.8524507232844982
763 0.07152844057604482
764 0.14032373590599787
765 0.2094242542446247
766 0.7031848895494877
767 0.24935573552132378
768 0.01981726391209754
769 1.2150777605424128
770 0.01922228511249461
771 2.4720194317222965
772 1.9844941842921038
773 0.04698123467015579
774 0.012047293178627301
775 1.6487370605523404
776 3.3915017365749107
777 0.8071542286320096
778 0.11409749595993793
779 1.103065918648069
780 8.287053835349866
781 0.4014479574991764
782 1.619962472358963
783 0.5718487669567952
784 1.0590061090082687
785 0.8956480473852884
786 0.2715041806316987
787 0.8246363806957205
788 0.24394129311182658
789 0.7200636400106685
790 0.13279501114215908
791 0.07682837734012771
792 3.6240645556547633
793 5.201569323124154
794 32.93189393847593
795 4.748352499038236
796 1.153895226824435
797 1.221668021875331
798 21.529185954397708
799 2.574307987841626
800 18.530114390952278
801 8.300583372222809
802 16.442832147676086
803 2.2076802039565453
804 0.08790084323564205
805 0.47340057874385466
806 2.2871403085110935
807 1.566538594692815
808 2.434523321934172
809 0.5876859109371234
810 0.7722759150743285
811 1.7754106359298205
812 1.7531865670404647
813 1.2227535966435774
814 0.4029946365540225
815 0.009254216356071631
816 6.566360631987441
817 3.8121058953913427
818 2.2893998178598447
819 0.7438272620273534
820 1.9840974513567529
821 0.7341682602422185
822 9.582149208359084
823 36.050138777328065
824 0.268360291478711
825 1.6592581205179948
826 1.3146855503767247
827 0.7223212032670121
828 2.9725765958566077
829 0.31485464131663105
830 1.6476199694084444
831 11.702208412633846
832 0.2131963349034737
833 1.1614715610315962
834 0.4850583195431911
835 1.2145676193914547
836 1.4320878653961095
837 3.676057140983324
838 0.5649152986761878
839 0.9500871161458017
840 6.218489973162002
841 1.4420832108337198
842 0.031566511145184405
843 0.12219343759889664
844 3.586297307707875
845 0.06918118633006375
846 5.633506048899583
847 11.621040064657432
848 0.42442276101718285
849 0.07657223211473473
850 3.2047612450964764
851 1.9840519582477052
852 0.10173494662485301
853 0.4509117358638356
854 0.3294083766529258
855 0.00045634411128085527
856 1.3517705809738771
857 0.7850321900077314
858 1.664695517490101
859 1.0798377458140602
860 0.6782874331456556
861 10.107298236077536
862 0.5980069445077488
863 0.07502117223879237
864 0.7037417580228832
865 5.829259935536546
866 2.7110212134968377
867 3.780271673058773
868 17.301839124836604
869 10.61862383529354
870 3.1158541206344554
871 0.059279157381865476
872 0.15359990498491774
873 3.232489644345823
874 0.5186362216560444
875 0.03787756884327879
876 3.033847081240748
877 2.269689342405669
878 0.03104684035440528
879 0.6401452129302645
880 1.678283816087209
881 23.916877520624944
882 3.7957075156779023
883 3.4047080257677282
884 0.6874639448651135
885 0.0872770790747538
886 0.35037934991854347
887 0.10473339756559083
888 25.515706187299685
889 2.9746512540858143
890 10.901589253303952
891 0.4370570728110761
892 6.868230126883959
893 2.750011935893244
894 0.4194979640817367
895 480.4990194547062
896 0.5221495220891296
897 0.37160671096779796
898 3.5030208559395772
899 0.413118977455297
900 5.5101368425500805
901 16.306298358661458
902 0.7669958405480185
903 0.41764455444528786
904 0.48587936560560924
905 0.002696042932139539
906 0.1759903362296596
907 16.564396843437965
908 1.957329503369035
909 2.6452087861497464
910 3.09178977699736
911 1.6211983652288677
912 3.649936894516987
913 0.6935144036527136
914 1.0212945618021152
915 3.793056130777405
916 0.31485654608262426
917 0.5512382754927244
918 1.37909624576576
919 0.6286746802185593
920 73.70985974821586
921 0.16144833190949698
922 0.3235299393036202
923 41.379991061395074
924 0.1594659643683168
925 0.337386241446406
926 1.2430673085538257
927 1.6066310766296414
928 2.5037986847747673
929 2.243385540711269
930 0.22627139866324839
931 0.20615188976529364
932 0.13978673025252403
933 9.521947632302192
934 0.09421158468687037
935 0.4501871181536878
936 4.572993126458521
937 0.5145767406485862
938 1.7748576060148298
939 0.31551026931624493
940 0.14762173649375482
941 6.839615398470056
942 15.411339265634416
943 0.7066443897798571
944 0.794152307803222
945 0.07780744349302764
946 0.03859686487127257
947 0.31639375655322477
948 0.4670757792673158
949 21.712777489578983
950 1.5702046057614107
951 0.4923505268716973
952 1.0600401962200552
953 33.70273044209243
954 2.6643649841793504
955 32.86758803565512
956 0.1693736094482239
957 0.58928850080698
958 4.045168042894512
959 0.1529008382201179
960 2.2305680814534687
961 2.5733651575447603
962 1.980060295985286
963 0.03692375936355832
964 0.271282848498436
965 0.5470301970496487
966 0.018322332565651012
967 0.42463932797322346
968 25.349210307045276
969 1.2540763519563218
970 4.581567010110493
971 1.193524439693777
972 1.4052732629880673
973 0.3246754541043239
974 0.032360669745719835
975 0.46139741808905793
976 8.102337293997534
977 0.06166250736295378
978 1.2639638607141108
979 0.022931982258460687
980 1.9385665276941952
981 0.008286129049553293
982 0.1434731884768643
983 0.8260510357650618
984 1.4137090765917062
985 2.5785234272250643
986 4.566939643911979
987 2.366375332170424
988 0.051015719416821856
989 0.7345988051095863
990 0.762823632812455
991 1.2403191968382332
992 2.843402432625534
993 1.2459346241386295
994 6.174454533836126
995 1.9062662017289267
996 0.11340898309318215
997 0.8055352079447843
998 0.2477301646347971
999 11.118956160287132
1000 0.3741550731721651
