10 139 824 231 810 112 116 241 581 56 476
10 410 466 261 722 420 925 611 222 859 808
10 323 615 189 673 353 211 472 971 478 890
10 509 250 894 532 770 850 423 45 343 812
10 380 709 963 242 180 822 935 39 313 594
10 380 56 356 745 3 228 68 450 533 2
10 647 119 467 380 45 222 827 264 242 17
10 28 635 115 237 142 900 123 68 325 838
10 366 351 666 610 865 88 320 850 5 141
10 178 666 728 316 502 922 938 75 45 610
10 256 790 882 547 972 906 717 173 830 223
10 615 397 797 954 719 702 520 374 183 306
10 114 118 605 961 905 453 519 10 615 155
10 506 907 498 110 866 135 877 442 531 743
10 860 481 91 688 345 37 116 478 584 271
10 169 425 347 674 419 62 896 920 847 465
10 957 781 518 266 615 502 986 553 890 503
10 934 749 398 585 916 220 553 575 927 718
10 807 55 66 617 38 902 721 598 77 149
10 596 22 813 780 701 550 566 711 360 298
10 68 261 157 627 554 570 611 470 469 36
10 921 611 784 472 484 909 500 891 503 427
10 601 790 649 634 964 566 890 266 760 563
10 748 518 287 897 482 943 136 777 252 556
10 612 259 344 151 922 636 65 735 455 503
10 243 30 696 462 620 446 419 223 638 825
10 176 356 685 620 810 453 992 83 626 253
10 104 797 882 803 519 415 817 918 625 753
10 659 758 10 182 739 533 131 287 27 723
10 659 809 726 200 974 255 227 623 760 465
10 452 406 216 603 159 660 264 876 435 825
10 738 328 13 884 532 4 167 289 778 469
10 467 274 509 917 580 123 45 958 326 811
10 219 431 463 317 14 184 494 975 891 763
10 110 435 613 213 672 646 842 209 668 890
10 536 145 621 99 313 732 167 964 676 112
10 545 489 592 342 358 177 471 326 399 789
10 764 856 864 984 606 38 842 57 812 846
10 845 995 445 434 3 656 873 571 485 952
10 532 919 512 776 609 167 123 293 549 847
10 66 459 967 814 908 295 328 189 61 697
10 695 738 590 726 839 905 412 56 68 319
10 139 49 43 122 467 639 165 247 344 494
10 794 408 822 84 962 918 433 353 771 904
10 100 653 667 782 287 209 651 820 312 23
10 32 200 141 470 707 978 191 699 503 485
10 902 26 138 361 369 660 602 971 353 96
10 280 410 809 559 380 732 71 791 637 99
10 256 288 59 462 872 763 581 429 926 575
10 311 113 715 266 132 433 775 373 285 983
10 683 722 389 988 856 377 12 633 912 297
10 816 300 366 71 248 661 106 3 829 994
10 109 749 72 8 442 466 896 91 515 771
10 803 785 310 757 669 646 906 419 164 23
10 397 330 162 188 822 581 848 159 292 876
10 444 382 156 673 357 21 61 770 853 502
10 980 314 845 809 214 520 699 697 727 637
10 740 984 128 529 423 89 626 697 455 355
10 431 213 1 364 912 339 163 994 658 760
10 145 280 314 995 915 130 275 267 691 505
10 225 380 250 158 216 262 460 696 465 393
10 249 231 429 966 222 258 793 330 57 697
10 630 945 349 995 51 834 124 446 191 141
10 849 739 172 203 744 568 4 427 465 844
10 935 706 259 245 827 168 360 247 699 552
10 59 543 260 704 445 593 36 412 747 565
10 409 596 288 331 585 528 969 304 484 825
10 384 321 495 665 372 747 116 994 472 508
10 14 213 803 694 130 229 74 430 128 568
10 683 287 44 588 245 430 443 723 565 829
10 444 558 323 728 548 786 782 808 531 692
10 849 108 207 121 870 437 80 449 805 393
10 59 668 130 747 123 791 360 101 772 23
10 674 596 618 333 976 529 799 973 294 747
10 8 319 90 337 105 142 446 577 813 563
10 759 924 633 905 488 85 833 392 41 681
10 27 139 171 613 265 318 960 757 345 279
10 974 580 132 622 488 850 441 684 829 204
10 557 861 431 20 389 413 99 179 490 925
10 194 59 733 357 46 450 890 751 800 642
10 27 90 202 804 935 96 643 73 652 670
10 742 118 997 569 63 262 936 619 330 835
10 506 723 957 609 711 576 565 339 1 853
10 845 966 914 680 176 278 39 504 508 743
10 606 295 423 35 749 1000 277 343 937 978
10 15 389 52 895 549 727 565 689 395 393
10 536 124 492 934 752 620 186 693 279 233
10 541 614 968 906 654 434 277 855 226 743
10 700 274 259 507 516 674 45 148 636 811
10 653 180 911 416 576 508 99 236 935 514
10 102 764 20 560 592 601 3 986 383 565
10 146 539 775 79 264 483 675 486 514 926
10 731 466 309 833 763 136 406 298 278 670
10 489 852 676 265 883 322 732 246 401 575
10 270 110 994 173 113 289 466 313 276 838
10 258 192 863 423 289 47 159 830 228 57
10 659 237 201 260 520 582 824 691 751 2
10 139 557 861 819 167 108 840 786 795 339
10 801 467 603 593 381 303 206 544 983 62
10 738 120 819 128 118 731 446 581 77 577
10 22 590 191 274 264 988 665 415 643 64
10 8 630 93 14 104 350 325 969 985 599
10 765 527 949 733 674 866 183 844 503 899
10 188 954 169 66 120 168 252 405 881 484
10 536 102 835 617 33 794 526 482 286 755
10 14 834 551 543 407 995 289 282 727 626
10 509 382 719 694 837 841 983 667 959 681
10 849 432 974 261 118 721 983 850 565 253
10 44 679 807 741 87 900 752 221 478 951
10 262 609 146 80 949 518 475 688 404 469
10 262 201 310 409 347 629 332 551 502 70
10 66 103 809 325 332 914 75 458 282 691
10 814 815 120 35 330 635 499 707 276 838
10 131 149 826 628 529 412 96 464 729 457
10 328 840 680 991 979 475 601 633 880 18
10 430 851 286 313 671 240 301 978 504 502
10 498 389 547 455 841 507 93 555 522 906
10 506 957 980 332 431 442 337 616 418 963
10 103 507 573 907 200 236 633 656 83 30
10 708 380 273 399 754 854 481 730 112 89
10 417 295 56 96 149 65 235 88 698 575
10 679 866 881 997 783 504 212 645 427 374
10 622 464 475 517 796 132 792 834 746 228
10 139 548 4 459 348 412 191 209 566 163
10 588 739 939 301 917 768 292 393 53 495
10 555 416 224 748 580 303 325 886 434 668
10 553 911 161 460 32 632 303 870 612 681
10 548 489 300 344 531 102 14 868 289 806
10 445 780 407 734 815 706 665 421 370 713
10 840 153 621 301 208 570 457 78 660 74
10 547 403 88 467 384 834 937 717 638 571
10 326 420 823 769 252 585 964 762 565 183
10 389 692 591 32 404 358 772 912 522 829
10 180 131 137 534 275 752 419 503 502 654
10 818 921 385 85 723 839 5 49 883 329
10 562 475 473 244 632 852 706 747 228 658
10 481 510 814 328 434 176 780 676 565 670
10 524 703 953 27 649 608 494 800 394 942
10 884 409 331 333 329 708 610 935 829 394
10 826 660 703 206 551 158 196 453 275 623
10 475 337 845 710 872 369 453 227 228 886
10 444 509 270 208 219 705 53 615 134 468
10 492 741 418 315 619 518 226 140 885 744
10 213 683 590 919 724 75 618 430 747 446
10 311 640 323 740 837 301 350 330 514 463
10 251 213 110 142 102 999 21 369 792 641
10 323 280 852 293 901 649 553 951 478 594
10 121 124 898 411 786 297 4 570 284 853
10 819 929 493 305 211 867 669 820 276 465
10 146 95 453 156 182 307 994 440 529 514
10 955 679 731 579 40 879 578 610 85 141
10 596 701 837 74 132 407 581 312 235 812
10 659 803 342 972 170 998 177 888 480 155
10 849 206 590 210 412 956 789 312 64 926
10 131 695 754 547 416 387 580 82 827 10
10 875 388 560 652 354 26 222 761 67 284
10 944 922 902 236 366 617 77 83 615 67
10 551 996 288 645 966 732 74 486 796 64
10 295 467 89 85 526 30 761 453 226 266
10 613 521 976 254 210 960 318 815 858 644
10 602 893 332 475 983 529 679 865 761 920
10 519 316 765 181 715 660 671 901 995 152
10 793 333 456 681 79 645 319 514 897 927
10 549 251 63 921 971 616 634 240 150 70
10 382 363 214 342 651 704 227 719 921 930
10 588 140 151 403 477 795 108 41 503 204
10 839 388 320 373 178 463 930 83 587 338
10 543 187 10 132 619 377 425 451 461 658
10 860 259 162 245 847 833 273 984 781 575
10 851 742 968 121 865 238 606 190 36 778
10 562 137 232 995 741 922 834 612 373 493
10 467 797 100 38 333 83 900 804 707 699
10 473 277 440 143 463 896 76 782 863 985
10 192 749 39 609 526 219 721 773 370 691
10 66 929 815 84 555 561 71 17 3 485
10 823 316 145 329 629 290 356 556 970 503
10 724 990 945 404 876 720 913 377 450 370
10 145 941 305 93 107 205 915 499 163 983
10 721 929 749 734 671 944 933 699 743 571
10 29 827 30 720 621 287 112 716 416 152
10 797 59 118 240 648 612 384 638 789 670
10 801 739 102 385 50 236 64 885 689 654
10 901 702 145 740 443 956 135 419 589 141
10 989 172 961 390 242 119 978 863 850 480
10 111 843 738 544 196 929 597 344 508 387
10 425 297 448 482 381 862 639 970 472 859
10 262 139 749 769 128 433 451 975 70 150
10 816 114 701 678 282 566 78 723 263 589
10 49 330 197 309 692 897 127 625 61 978
10 368 122 541 321 569 857 977 868 315 675
10 816 764 188 238 678 725 940 718 453 190
10 99 714 197 309 838 878 834 402 480 334
10 213 60 720 739 823 121 398 556 56 271
10 43 754 481 679 884 820 795 330 505 402
10 162 309 902 26 220 935 812 791 847 595
10 498 156 408 14 78 696 736 880 150 586
10 797 352 358 207 756 988 692 174 696 407
10 785 44 350 399 566 322 611 761 800 625
10 9 474 828 804 595 972 909 445 565 199
10 780 619 302 13 913 313 407 176 791 136
10 524 172 862 301 807 769 837 927 556 658
10 426 854 583 25 693 229 399 655 651 699
10 640 416 884 248 891 810 112 211 665 746
10 737 539 332 450 742 901 86 170 665 594
10 542 192 910 50 32 963 515 538 171 594
10 588 382 877 99 399 516 949 456 581 235
10 87 797 20 746 207 492 438 878 620 434
10 955 122 826 776 960 130 501 287 656 70
10 262 726 731 372 90 118 777 97 663 64
10 929 206 620 938 961 934 363 960 407 918
10 252 611 470 578 340 671 834 553 650 117
10 648 616 592 237 255 893 129 852 865 285
10 683 534 427 369 430 487 319 795 324 53
10 250 724 496 53 824 99 57 83 435 800
10 12 302 750 107 137 521 173 427 985 599
10 861 592 66 254 364 68 464 862 930 652
10 524 882 408 377 548 937 912 806 942 697
10 539 664 421 453 86 199 842 660 565 942
10 33 795 46 271 598 869 565 282 35 303
10 410 889 428 288 881 695 321 258 469 61
10 311 516 816 609 867 806 39 999 148 920
10 580 26 704 167 356 421 358 984 355 343
10 748 317 720 693 163 616 71 411 448 569
10 109 521 759 990 491 301 561 645 39 829
10 562 60 691 151 572 430 349 894 944 771
10 301 722 289 195 309 699 160 611 326 624
10 230 244 231 525 124 220 133 152 538 697
10 757 414 943 559 614 802 220 470 221 676
10 841 108 349 112 479 224 387 692 424 675
10 683 364 887 305 463 178 688 126 133 661
10 148 363 269 295 783 85 631 804 402 799
10 388 332 802 245 580 980 600 732 985 942
10 742 882 367 405 827 390 910 515 338 847
10 742 481 962 730 289 354 571 423 773 461
10 311 425 573 8 618 105 752 876 166 778
10 979 674 63 666 717 932 935 710 959 414
10 139 409 911 837 918 314 94 217 556 587
10 577 955 430 879 184 951 24 963 760 183
10 256 161 590 225 247 711 177 846 407 844
10 596 726 308 439 244 510 752 628 485 503
10 252 374 363 916 72 221 581 490 565 55
10 145 316 696 238 430 53 943 956 486 406
10 726 237 679 347 417 364 88 132 241 937
10 27 232 664 922 910 231 905 453 286 644
10 765 139 728 809 213 543 381 384 161 899
10 588 158 200 708 982 920 899 568 133 952
10 340 160 295 165 817 960 456 298 771 47
10 816 608 399 723 199 454 678 846 975 312
10 169 403 156 816 548 922 566 91 376 589
10 803 945 373 761 581 773 537 472 637 92
10 398 249 415 959 910 919 56 438 133 517
10 54 807 841 112 212 359 423 556 355 461
10 385 588 764 443 732 593 727 387 665 804
10 291 336 914 741 894 742 534 668 377 434
10 182 804 629 756 337 267 986 608 806 294
10 953 708 917 121 196 413 919 620 353 950
10 120 187 871 777 616 313 99 951 25 829
10 911 352 674 69 711 387 505 376 18 868
10 596 206 403 363 94 454 717 705 885 800
10 132 728 389 296 333 456 450 315 379 271
10 600 169 860 38 185 730 690 294 421 842
10 103 250 356 85 609 959 904 697 552 57
10 554 614 959 263 863 240 964 525 193 500
10 332 600 381 254 598 384 848 887 906 626
10 864 640 352 717 130 776 292 297 273 778
10 169 677 619 831 569 248 328 186 985 651
10 818 613 768 251 244 980 423 933 553 800
10 254 347 22 481 704 442 219 241 37 436
10 447 622 794 614 26 261 183 951 45 958
10 690 592 213 540 199 202 898 563 437 670
10 195 108 219 997 963 805 105 37 821 838
10 151 467 310 95 342 878 982 810 391 376
10 403 506 44 225 425 835 939 517 499 676
10 849 156 177 653 366 318 145 229 646 611
10 823 494 104 451 939 92 472 608 829 279
10 169 214 187 783 219 106 378 88 96 779
10 342 274 653 444 352 857 211 8 208 625
10 841 468 674 610 711 85 324 804 16 714
10 962 103 602 151 880 865 89 977 847 345
10 180 997 902 377 258 294 69 792 226 465
10 311 288 931 521 144 835 598 508 821 926
10 557 477 415 746 767 870 777 651 559 563
10 323 192 164 871 328 706 344 426 199 175
10 400 156 990 700 291 768 671 421 497 994
10 34 113 252 69 894 606 233 154 655 55
10 951 409 50 609 496 877 532 886 646 2
10 839 695 871 270 980 405 633 88 682 387
10 506 558 940 14 618 147 961 401 508 549
10 776 207 756 817 380 949 267 191 732 873
10 509 811 914 602 228 963 52 927 771 584
10 489 961 292 408 987 561 716 32 757 2
10 659 849 555 192 82 59 573 339 517 11
10 562 677 347 444 687 730 809 212 209 587
10 323 493 864 810 35 703 175 746 299 594
10 861 425 388 194 453 728 854 1 58 624
10 837 739 269 207 528 318 623 988 57 478
10 95 108 968 341 417 750 697 69 916 890
10 882 498 540 788 759 352 235 734 869 663
10 180 849 441 956 934 58 223 394 503 253
10 817 362 112 734 568 836 789 517 394 334
10 839 321 941 156 790 143 880 712 697 277
10 213 506 269 704 251 222 852 978 643 669
10 941 431 154 893 420 495 883 419 415 650
10 196 483 583 362 889 165 264 469 64 798
10 882 535 409 631 806 720 446 289 429 918
10 558 807 113 744 528 666 365 283 5 610
10 388 400 22 688 39 913 529 241 703 276
10 531 512 25 303 230 487 321 429 960 544
10 409 192 405 200 364 17 909 808 484 811
10 385 544 680 322 842 69 691 792 638 778
10 506 231 182 714 10 76 35 378 168 846
10 195 546 678 417 711 575 227 661 386 781
10 888 192 467 908 786 293 322 610 267 171
10 22 542 298 688 884 755 897 370 224 965
10 213 703 680 652 129 267 847 320 865 233
10 145 214 67 483 705 262 854 267 886 760
10 300 75 507 872 247 804 706 717 692 556
10 243 543 754 171 340 52 433 570 155 324
10 87 841 991 163 124 294 91 598 70 571
10 715 186 544 576 532 736 982 727 947 571
10 790 311 858 101 828 602 223 173 554 511
10 146 98 801 601 215 715 813 338 973 74
10 592 90 184 316 362 336 240 71 245 858
10 579 6 715 417 721 357 337 241 713 490
10 385 213 286 592 704 561 316 934 786 586
10 140 755 443 230 702 912 185 413 608 571
10 48 305 870 321 20 198 678 627 537 670
10 310 683 835 366 852 79 690 320 948 772
10 192 397 518 77 52 880 898 356 150 285
10 989 397 411 685 898 58 623 179 480 660
10 335 33 988 372 519 118 769 233 779 926
10 557 852 396 250 239 611 857 138 2 47
10 162 33 936 687 973 362 599 241 284 641
10 733 749 304 949 876 830 468 888 478 842
10 397 864 993 377 56 292 351 812 566 279
10 600 944 657 33 576 972 769 333 384 514
10 803 737 576 131 700 291 981 669 360 359
10 280 953 680 861 614 419 523 472 939 904
10 797 243 475 203 645 768 713 668 760 670
10 785 206 731 702 576 237 297 296 423 284
10 570 332 232 50 291 441 80 986 320 5
10 816 543 222 198 700 25 554 571 654 469
10 242 887 602 686 938 367 916 225 424 356
10 588 860 182 20 340 522 645 935 65 925
10 785 731 425 995 128 45 755 283 773 264
10 818 860 131 252 373 619 566 486 224 916
10 596 831 792 947 795 471 221 799 67 650
10 716 583 33 884 435 352 486 626 522 638
10 466 763 513 664 208 224 826 637 242 290
10 922 558 548 262 878 329 64 258 684 279
10 172 50 365 99 1000 112 786 3 41 514
10 20 617 277 830 561 878 179 325 947 522
10 311 384 739 537 510 828 210 365 436 654
10 745 348 339 177 344 828 554 370 791 584
10 230 87 256 120 579 646 330 568 247 669
10 860 222 266 824 25 866 274 260 423 70
10 673 878 83 559 463 257 858 533 760 436
10 136 124 340 683 20 266 259 438 41 264
10 109 557 121 289 863 733 325 133 649 924
10 933 215 848 212 883 660 470 499 155 705
10 413 662 13 378 324 987 727 933 858 191
10 683 193 303 420 21 159 440 406 876 892
10 685 918 736 467 652 273 936 541 292 338
10 310 329 816 745 852 477 895 69 669 735
10 417 154 74 470 65 134 97 478 45 484
10 700 686 295 207 518 912 137 171 11 855
10 560 535 750 120 390 670 987 324 152 299
10 939 886 122 912 296 928 604 157 920 5
10 498 183 332 521 580 237 155 226 927 586
10 968 456 801 591 873 417 364 486 292 723
10 218 715 567 428 373 608 531 910 727 424
10 818 945 660 63 336 130 886 426 414 599
10 680 143 921 382 483 891 472 580 379 126
10 382 410 137 43 728 667 441 248 221 166
10 65 287 780 362 920 577 693 537 913 415
10 989 573 748 515 984 566 933 173 628 812
10 247 813 694 962 632 759 898 39 853 950
10 989 611 427 608 466 840 729 294 718 253
10 957 818 60 196 153 703 278 984 504 696
10 968 684 577 526 268 36 998 858 709 193
10 523 830 247 339 678 468 697 234 575 436
10 660 557 560 578 615 52 265 786 183 904
10 738 866 669 793 329 337 649 646 271 624
10 592 802 953 993 507 24 17 183 173 676
10 8 733 846 413 529 747 401 866 595 689
10 863 242 871 931 709 876 286 411 623 299
10 774 180 968 439 877 813 992 415 663 18
10 323 398 765 836 614 769 75 183 227 549
10 340 823 118 297 667 729 977 478 376 283
10 945 51 987 957 962 908 636 127 30 338
10 125 431 814 398 898 38 453 807 4 56
10 15 908 823 373 396 140 463 552 684 747
10 765 592 832 679 608 811 390 898 773 670
10 100 897 894 673 40 934 441 565 235 771
10 143 824 618 948 69 672 199 530 58 11
10 856 764 749 945 711 876 652 986 337 294
10 562 203 467 493 611 425 900 152 97 713
10 398 33 267 966 255 68 273 70 62 773
10 590 481 295 403 785 704 370 538 224 624
10 441 153 358 8 246 207 61 412 928 334
10 382 561 106 762 741 98 163 885 625 503
10 254 679 437 775 988 291 946 297 644 226
10 54 703 735 232 752 520 310 821 858 697
10 640 855 13 609 188 872 548 791 639 880
10 176 635 418 682 879 905 454 233 792 624
10 524 758 51 27 509 102 261 4 500 367
10 630 861 54 33 550 375 369 413 706 904
10 190 723 254 13 645 944 678 221 130 228
10 938 639 50 836 717 806 127 233 283 838
10 679 968 38 921 890 77 781 675 414 842
10 172 108 321 687 787 225 392 233 47 771
10 797 335 549 696 185 627 987 844 2 925
10 809 510 939 505 997 619 963 179 435 234
10 742 19 477 510 176 160 349 678 205 423
10 194 802 158 708 159 307 712 236 233 660
10 382 945 90 319 13 377 602 750 792 753
10 535 547 986 612 595 462 965 706 587 800
10 215 34 742 841 218 182 104 750 70 829
10 679 336 318 900 730 360 374 714 753 23
10 21 380 27 310 171 29 620 349 164 825
10 882 180 316 768 329 944 927 479 725 89
10 66 919 686 932 889 154 240 838 829 892
10 662 180 790 96 331 553 429 942 644 2
10 311 400 940 841 10 418 310 865 414 825
10 93 525 332 972 745 909 912 127 757 394
10 809 459 314 14 364 531 682 123 729 697
10 590 243 819 86 889 729 692 826 918 866
10 722 914 510 328 357 222 153 687 983 942
10 467 653 728 145 99 897 846 939 415 455
10 49 439 421 793 745 99 349 996 23 471
10 726 579 328 688 308 364 886 788 73 538
10 139 59 492 410 192 976 331 931 627 175
10 809 34 714 111 708 703 379 484 563 926
10 466 342 657 51 613 321 865 48 116 159
10 989 137 797 722 690 8 445 49 906 148
10 572 889 802 895 418 880 283 646 266 743
10 861 535 203 756 108 381 319 769 566 842
10 618 243 979 652 621 507 431 447 682 637
10 108 13 473 482 220 534 743 732 418 833
10 558 784 164 776 13 157 464 72 869 760
10 991 984 493 172 634 290 575 289 885 276
10 323 687 232 745 124 35 927 434 480 698
10 400 467 15 180 931 817 221 362 847 228
10 125 588 938 470 381 855 453 656 512 925
10 280 537 364 733 547 577 127 931 419 279
10 535 656 49 981 666 645 573 711 268 412
10 153 579 715 518 399 392 646 529 287 927
10 653 119 945 758 1000 212 540 605 174 65
10 557 822 532 426 857 645 544 508 174 595
10 845 311 122 426 310 720 160 663 986 713
10 659 145 10 794 20 472 438 900 233 37
10 506 843 990 617 935 626 73 786 661 450
10 961 674 617 921 19 337 654 202 646 958
10 444 180 164 46 876 326 73 943 994 514
10 125 331 459 521 633 136 190 257 626 23
10 475 852 114 725 881 678 399 978 707 338
10 459 667 331 284 519 646 446 133 62 804
10 843 567 377 741 10 245 79 161 325 134
10 509 396 149 686 840 359 174 480 868 778
10 169 908 677 974 326 315 593 918 755 235
10 59 548 288 889 66 438 487 549 455 5
10 597 861 553 966 826 908 510 946 906 587
10 342 440 561 1 99 355 495 994 808 799
10 34 498 33 360 300 716 793 714 534 559
10 439 22 140 896 828 319 916 525 472 393
10 109 231 124 342 452 108 578 313 318 276
10 722 995 153 794 664 321 144 950 952 45
10 54 634 968 418 420 79 24 826 505 787
10 311 188 467 248 844 17 886 234 70 376
10 291 274 409 367 10 710 996 97 159 503
10 543 731 837 38 184 350 494 646 343 859
10 381 986 754 534 513 157 152 221 497 599
10 445 972 426 961 706 896 693 685 177 11
10 139 126 180 848 905 976 343 324 796 586
10 109 340 688 236 631 639 141 297 228 101
10 957 247 693 295 200 443 635 226 298 517
10 131 432 81 219 157 230 771 5 18 924
10 818 949 51 939 236 844 141 96 490 67
10 169 512 40 308 970 432 870 564 116 514
10 102 513 726 340 8 830 405 967 245 517
10 536 250 836 113 463 252 159 669 89 271
10 640 810 695 542 493 30 769 782 5 461
10 527 809 6 613 630 381 242 124 881 184
10 550 765 878 194 974 897 372 401 712 563
10 254 252 249 911 597 780 79 329 631 168
10 453 33 245 364 532 363 438 650 517 502
10 125 558 38 679 291 231 192 997 982 942
10 385 63 27 357 782 464 79 850 239 760
10 311 114 12 194 792 50 559 235 798 299
10 804 236 441 875 840 678 201 510 432 36
10 179 837 51 399 704 870 916 668 503 571
10 239 564 140 894 934 887 975 654 351 926
10 403 413 12 399 275 829 513 791 850 781
10 146 809 262 20 107 937 17 199 639 586
10 151 420 546 45 214 837 263 806 402 829
10 143 954 137 711 81 128 726 304 354 528
10 66 452 166 762 287 140 456 580 782 985
10 34 243 720 597 529 912 710 648 533 829
10 146 707 315 129 327 72 846 136 277 549
10 195 59 795 286 645 138 827 620 969 455
10 750 809 421 420 897 443 28 97 781 235
10 249 688 878 79 693 891 4 644 455 490
10 243 728 384 124 726 917 275 906 944 283
10 156 140 618 279 616 634 674 537 343 663
10 311 773 919 474 867 219 709 786 152 985
10 153 859 423 446 15 725 170 743 11 800
10 596 1000 733 215 591 85 190 155 891 973
10 979 431 331 666 931 785 47 392 831 257
10 20 945 487 124 242 939 993 531 355 925
10 542 785 148 369 349 167 991 656 934 508
10 806 182 722 725 663 462 435 325 951 57
10 396 335 416 222 602 188 216 500 67 424
10 6 974 206 650 211 665 478 514 197 859
10 728 145 655 231 696 278 966 768 294 681
10 864 98 835 946 267 351 673 464 746 769
10 1 180 665 28 231 286 49 885 942 571
10 527 188 895 863 185 987 766 708 13 981
10 759 293 102 166 674 216 48 738 956 641
10 109 295 945 487 984 85 12 176 960 973
10 410 34 910 250 115 404 159 515 886 437
10 336 432 247 349 900 71 421 505 594 595
10 539 614 897 549 346 514 503 566 970 299
10 543 340 293 995 541 518 367 582 880 768
10 389 29 857 76 920 973 387 163 290 433
10 146 666 596 252 809 525 878 48 655 257
10 103 957 990 712 369 564 349 611 514 747
10 539 140 44 104 604 80 230 712 947 660
10 788 47 265 576 433 415 30 455 643 772
10 683 114 229 78 105 611 457 463 455 253
10 100 12 468 700 791 4 191 991 927 718
10 9 666 120 281 282 868 404 970 339 362
10 9 392 897 124 63 240 770 678 935 753
10 756 172 633 13 481 232 65 978 670 394
10 955 157 618 366 451 240 873 278 193 689
10 149 425 34 630 591 850 552 725 226 266
10 323 467 295 491 541 363 245 826 35 465
10 575 63 635 706 273 456 419 289 522 869
10 889 509 680 291 95 860 817 869 997 278
10 875 631 432 34 336 286 984 530 786 691
10 156 217 854 22 1 673 488 384 529 378
10 874 195 352 15 341 395 708 885 415 424
10 115 32 515 655 352 487 725 99 663 344
10 21 483 267 32 632 706 433 315 191 985
10 567 348 940 194 866 80 703 778 235 644
10 33 22 214 805 282 884 633 637 918 650
10 849 145 695 567 512 515 460 704 692 952
10 12 196 548 194 961 310 872 372 669 947
10 323 557 606 917 937 794 321 214 104 612
10 347 907 251 943 963 405 297 52 430 290
10 27 604 293 202 548 265 971 813 642 925
10 447 221 763 142 996 131 913 298 735 45
10 27 820 579 764 943 512 326 934 205 268
10 158 764 761 166 431 871 68 744 771 37
10 724 202 331 911 439 748 418 363 70 663
10 788 592 445 832 769 951 324 978 141 868
10 211 740 513 837 537 206 184 154 959 514
10 843 701 261 554 589 48 936 879 556 465
10 567 187 686 211 361 346 157 314 997 80
10 871 728 261 372 492 610 934 30 669 926
10 120 258 467 928 574 626 748 322 352 186
10 444 382 310 269 280 764 481 897 885 641
10 38 158 31 674 258 951 345 246 393 62
10 458 203 509 357 493 1000 732 587 74 278
10 6 955 308 614 721 35 427 747 419 663
10 597 302 832 722 833 885 152 360 257 676
10 108 777 776 982 984 569 703 693 824 144
10 409 194 207 335 519 915 997 123 675 76
10 155 301 443 567 82 971 940 696 525 42
10 882 139 304 43 814 410 446 672 811 39
10 766 719 335 865 601 395 420 83 962 221
10 775 332 520 964 3 709 359 484 460 760
10 623 803 300 605 932 578 537 117 918 18
10 9 431 258 795 705 603 24 873 456 57
10 467 473 207 386 775 493 618 317 913 658
10 152 403 329 714 611 476 835 432 637 784
10 724 180 252 601 761 115 963 623 386 771
10 882 187 172 203 466 984 964 306 582 594
10 280 593 409 810 629 811 501 850 595 334
10 397 403 52 387 821 448 138 168 813 18
10 453 822 936 474 870 952 791 773 58 643
10 142 656 239 706 987 277 113 837 505 394
10 169 200 841 1000 354 229 540 297 771 958
10 621 121 164 491 569 977 460 661 970 62
10 15 945 728 821 561 792 636 504 538 644
10 725 166 509 439 87 954 129 951 531 184
10 33 87 133 914 430 488 605 74 458 762
10 843 527 382 357 416 51 187 230 148 643
10 882 94 647 891 399 297 419 364 265 343
10 562 333 137 317 267 464 123 746 531 692
10 473 740 147 373 585 486 198 933 870 566
10 232 543 203 600 824 440 369 30 744 643
10 146 231 197 957 153 574 895 423 908 625
10 919 75 754 516 432 344 329 538 791 658
10 385 864 774 962 153 26 204 936 55 297
10 874 988 814 860 712 327 329 476 638 691
10 843 961 225 813 893 734 858 821 204 271
10 125 726 613 192 78 177 502 424 625 105
10 335 839 700 90 858 155 205 561 935 465
10 667 884 560 403 140 848 865 521 656 494
10 54 606 416 414 348 666 514 318 836 290
10 592 724 780 98 940 632 456 106 821 771
10 536 118 827 664 474 265 258 544 62 842
10 196 12 65 426 265 200 105 570 174 586
10 60 380 740 817 703 798 83 850 594 144
10 989 990 251 106 824 978 171 628 257 586
10 640 622 15 782 8 696 518 727 870 952
10 439 444 914 532 136 899 934 967 697 928
10 527 156 688 828 574 991 369 644 781 718
10 558 93 4 672 432 994 520 648 589 284
10 543 766 946 262 297 988 350 950 645 682
10 866 948 413 673 418 99 629 220 377 470
10 788 536 549 239 791 164 111 345 904 485
10 230 963 534 796 515 469 993 566 798 503
10 408 618 393 429 33 500 553 76 773 760
10 68 431 577 761 905 947 138 869 283 711
10 244 252 416 686 425 325 520 933 86 360
10 818 225 357 609 289 993 920 369 503 285
10 341 518 118 1000 615 283 654 2 393 594
10 542 411 851 993 823 159 208 424 565 101
10 695 509 704 59 207 322 130 836 141 235
10 295 803 620 110 354 267 136 969 251 424
10 125 496 267 781 577 459 205 479 348 350
10 803 231 880 822 140 508 82 422 446 272
10 534 368 875 261 227 929 275 513 806 5
10 810 354 668 249 481 529 733 660 644 306
10 114 87 9 816 576 755 754 443 349 821
10 451 113 686 291 345 784 844 690 983 642
10 425 910 105 56 692 682 283 853 663 718
10 346 347 310 275 232 795 392 969 209 937
10 855 238 953 332 588 333 95 534 541 223
10 408 195 317 574 375 813 112 399 912 552
10 715 964 98 574 24 266 740 205 656 253
10 728 327 51 496 889 14 516 946 98 705
10 573 76 336 215 766 813 101 986 286 626
10 245 275 576 551 669 620 426 598 556 846
10 14 742 897 903 427 513 635 956 696 553
10 385 788 777 721 290 395 289 325 782 798
10 861 57 976 364 583 188 705 326 868 699
10 995 525 212 29 742 398 183 325 320 999
10 93 968 728 357 513 126 148 247 658 594
10 562 864 721 848 3 532 737 326 343 859
10 911 956 388 851 254 102 321 330 898 372
10 801 397 231 342 301 354 816 612 884 170
10 742 294 60 634 10 443 32 234 583 639
10 109 169 336 726 651 130 981 743 533 461
10 509 151 613 51 526 405 828 934 626 743
10 194 861 327 91 308 30 48 582 272 595
10 785 255 230 794 98 27 290 707 117 55
10 9 380 708 218 854 118 636 840 976 713
10 147 656 168 74 984 17 704 199 582 670
10 335 865 882 651 140 597 459 416 982 676
10 722 8 911 858 959 83 886 707 511 324
10 688 84 317 346 872 876 582 746 927 998
10 524 797 758 94 163 977 935 30 298 393
10 125 25 328 740 567 258 781 238 97 77
10 87 409 802 664 317 762 792 760 747 923
10 255 425 190 185 823 14 636 762 476 624
10 156 288 515 256 15 492 893 19 920 302
10 66 535 704 976 234 69 518 620 212 654
10 300 217 439 131 723 721 186 258 660 800
10 618 320 238 322 17 898 42 167 865 676
10 109 537 91 609 282 986 364 11 41 930
10 242 136 585 4 638 965 265 615 899 454
10 120 845 653 194 801 313 57 372 42 642
10 765 887 505 369 969 485 470 649 821 58
10 748 245 372 743 297 136 846 751 62 718
10 524 683 158 902 445 672 889 556 725 412
10 143 37 400 211 189 383 620 682 150 582
10 803 353 827 433 252 671 275 73 344 712
10 557 145 988 794 350 256 488 537 760 395
10 594 340 435 690 226 541 263 449 705 772
10 659 733 886 578 421 346 750 485 306 531
10 229 176 190 242 378 238 68 191 540 575
10 635 131 849 910 60 979 118 690 351 879
10 677 238 673 278 3 80 933 689 762 838
10 363 366 365 21 63 79 965 897 559 829
10 409 758 17 214 889 50 884 76 772 70
10 195 954 102 50 679 289 479 312 623 942
10 694 898 741 404 770 479 534 939 553 689
10 543 309 788 770 205 212 105 449 451 789
10 857 495 21 593 710 381 933 202 370 891
10 172 887 205 938 708 755 984 184 24 906
10 591 34 449 767 157 378 348 392 57 985
10 323 671 590 341 560 850 99 177 46 67
10 572 151 888 42 219 301 770 81 344 296
10 653 548 614 852 468 3 857 296 958 906
10 949 364 369 646 352 708 19 544 436 636
10 95 473 405 82 672 973 551 916 812 743
10 659 108 132 507 261 251 417 8 458 469
10 26 245 795 660 372 441 952 582 982 253
10 6 456 289 147 301 596 841 886 163 777
10 765 130 991 220 951 460 747 623 346 799
10 995 417 90 538 199 221 170 441 47 641
10 989 404 169 151 603 572 127 319 273 383
10 195 368 527 262 467 901 529 885 330 791
10 14 103 730 687 714 561 30 176 638 924
10 535 988 417 205 273 362 371 150 279 514
10 250 489 332 572 90 617 919 618 265 468
10 764 546 100 232 623 500 869 637 424 829
10 66 29 722 627 322 437 973 672 233 637
10 93 459 13 742 47 500 7 390 387 928
10 353 439 752 318 846 97 166 330 869 773
10 261 673 81 51 548 265 709 173 322 890
10 722 113 791 80 639 937 528 61 290 235
10 728 874 822 809 301 192 482 372 193 689
10 955 254 26 953 507 34 440 531 798 478
10 325 418 602 600 115 1 181 540 324 233
10 843 592 667 26 406 561 477 65 322 750
10 310 110 971 883 603 908 935 241 549 853
10 363 583 749 817 474 846 234 537 965 334
10 922 387 657 602 379 934 271 689 913 461
10 557 866 103 12 376 629 116 419 148 825
10 576 819 987 923 842 57 574 808 503 926
10 273 602 802 190 361 247 706 499 236 831
10 281 242 123 963 946 126 273 867 133 264
10 818 309 911 602 617 89 286 689 982 540
10 695 218 554 576 430 696 858 859 589 771
10 169 618 187 206 634 525 538 783 58 829
10 340 201 679 295 737 110 918 450 687 570
10 512 135 523 848 190 443 868 297 668 718
10 938 579 878 695 87 182 52 282 905 926
10 742 955 819 259 206 40 1000 712 393 641
10 158 740 120 580 820 611 129 148 760 538
10 446 411 369 154 113 214 869 264 163 2
10 34 547 819 728 54 437 326 916 642 842
10 444 44 819 572 981 709 661 294 64 692
10 177 308 649 830 806 460 297 478 469 925
10 600 268 210 219 421 171 831 384 973 67
10 733 40 722 686 178 879 611 981 502 436
10 6 785 281 837 721 427 294 615 384 778
10 256 132 149 218 828 795 336 553 772 461
10 409 212 715 104 308 419 948 173 553 457
10 897 100 657 702 877 68 934 799 916 386
10 849 962 685 108 988 24 638 698 853 502
10 426 195 135 473 160 720 710 678 283 789
10 126 409 162 281 990 832 554 12 887 227
10 100 124 377 167 301 692 623 855 47 800
10 987 968 84 389 593 26 528 832 48 568
10 694 207 137 687 460 632 977 804 969 278
10 620 145 337 94 706 561 36 917 419 277
10 111 488 702 554 131 780 292 959 500 312
10 287 405 76 260 622 824 913 412 234 2
10 968 579 112 884 178 948 691 35 725 999
10 360 102 734 546 736 598 927 344 577 698
10 169 14 996 395 739 926 251 381 3 718
10 477 374 817 877 364 963 499 486 47 772
10 322 673 126 575 735 783 101 873 916 279
10 160 408 153 801 115 918 865 117 616 502
10 357 78 447 877 438 446 620 872 859 582
10 280 490 598 748 25 993 36 343 710 778
10 560 810 917 152 383 933 457 503 386 299
10 262 32 982 402 589 933 799 503 312 925
10 728 981 766 936 965 160 175 345 781 272
10 102 280 878 793 822 619 378 446 598 643
10 194 754 425 34 143 848 580 404 684 77
10 243 722 464 94 75 361 693 967 435 697
10 793 677 616 901 27 745 428 358 471 675
10 609 866 793 130 247 617 906 465 869 789
10 310 597 740 116 233 786 533 266 212 386
10 139 477 469 731 74 970 910 368 209 565
10 444 592 160 694 907 396 783 944 984 235
10 596 254 367 101 53 3 517 697 853 514
10 902 754 89 189 307 234 272 663 37 465
10 397 10 579 606 608 337 927 96 873 645
10 166 487 185 110 607 53 3 928 744 796
10 66 618 203 929 305 479 221 784 589 11
10 550 332 807 206 24 402 751 92 942 18
10 558 995 98 377 429 322 947 918 436 906
10 506 287 666 6 189 9 129 684 738 628
10 255 243 808 258 568 687 371 833 138 257
10 87 426 33 420 883 422 413 706 62 743
10 709 741 77 364 85 274 624 320 292 334
10 588 402 960 286 505 263 617 675 789 511
10 286 519 405 400 250 81 936 468 872 798
10 311 463 251 397 518 437 585 468 451 175
10 477 156 115 497 537 198 34 936 889 858
10 109 719 9 803 740 252 362 437 57 70
10 953 680 255 282 412 602 339 781 983 707
10 862 496 463 207 696 153 717 78 824 285
10 819 431 153 608 881 343 372 855 658 838
10 506 112 440 837 492 629 913 429 235 18
10 506 694 305 246 897 496 587 821 528 859
10 6 249 467 91 901 690 633 504 568 469
10 12 491 710 974 111 69 909 878 885 838
10 9 632 879 159 580 414 589 117 970 899
10 534 796 739 740 617 428 165 709 272 595
10 539 635 678 526 358 227 601 752 206 993
10 592 293 60 895 173 657 433 769 283 998
10 489 452 166 692 667 735 264 946 504 469
10 591 613 534 91 476 992 920 283 362 514
10 191 128 516 555 987 537 991 88 476 285
10 647 426 997 549 424 18 360 79 779 503
10 202 375 968 59 107 736 451 349 429 904
10 137 161 916 638 887 773 91 952 438 503
10 849 153 479 119 293 884 626 681 394 771
10 765 49 788 135 656 292 492 934 339 67
10 120 527 6 273 870 218 411 484 299 386
10 864 60 256 758 378 647 242 610 414 355
10 103 739 118 479 572 888 65 219 434 544
10 363 308 929 82 134 872 339 74 417 973
10 243 620 143 335 171 998 346 441 67 312
10 560 366 986 936 206 84 943 932 707 948
10 633 451 203 149 134 750 582 821 781 47
10 203 860 178 740 94 337 613 415 855 778
10 659 172 708 871 638 178 412 165 478 778
10 4 258 160 255 633 294 616 407 821 461
10 953 836 902 28 742 84 339 832 159 501
10 98 90 802 166 928 655 638 500 566 808
10 590 161 706 453 948 885 470 969 670 587
10 583 701 544 725 32 362 850 177 522 642
10 763 98 738 667 832 1000 251 97 867 928
10 655 867 245 703 173 746 744 684 705 958
10 535 953 817 255 118 822 886 607 658 334
10 328 210 4 417 978 646 561 240 37 503
10 797 509 914 508 258 83 604 127 531 355
10 861 143 749 979 543 421 612 546 853 772
10 341 372 340 782 72 359 906 986 581 74
10 592 93 979 788 176 209 703 652 575 838
10 818 145 995 889 706 486 993 781 522 461
10 659 288 139 588 817 396 284 237 351 824
10 464 962 726 181 112 900 687 935 631 898
10 218 980 588 516 38 734 699 610 193 461
10 506 270 201 948 106 813 533 563 290 958
10 780 527 365 435 131 508 404 570 727 421
10 803 15 576 633 606 593 963 116 406 607
10 940 15 320 578 537 577 56 554 982 658
10 677 861 137 237 836 773 950 878 198 465
10 506 382 143 291 672 153 684 645 804 753
10 463 945 896 720 734 144 112 886 199 943
10 653 137 310 52 328 719 807 77 285 272
10 839 326 328 158 548 14 734 888 570 499
10 443 841 82 361 723 762 394 175 386 503
10 882 366 802 689 821 619 932 948 471 449
10 843 701 615 200 776 750 870 645 234 787
10 785 549 883 701 618 255 735 117 123 537
10 995 700 132 143 587 616 600 446 757 454
10 741 999 247 578 635 40 792 910 329 876
10 957 90 1 458 738 657 682 881 451 235
10 816 350 932 411 920 142 808 67 950 553
10 941 938 832 826 354 219 56 696 191 511
10 765 375 397 719 152 548 687 727 844 771
10 547 85 329 416 297 349 761 714 315 930
10 196 574 38 817 880 349 485 343 283 838
10 695 521 932 704 142 684 112 823 747 821
10 849 764 754 915 381 16 807 934 415 204
10 139 813 601 268 199 804 610 86 384 565
10 247 633 425 527 308 158 398 930 649 511
10 742 466 817 123 374 384 422 273 538 2
10 103 507 509 403 700 840 704 513 610 769
10 653 961 962 764 793 260 733 857 799 471
10 893 579 509 66 456 370 830 141 315 853
10 54 314 252 923 318 833 994 502 193 743
10 254 466 700 957 746 573 444 917 356 857
10 1000 754 660 590 613 833 301 152 68 386
10 255 214 201 368 967 704 111 294 669 355
10 945 875 709 693 46 529 772 423 275 480
10 492 874 521 600 711 201 318 167 472 772
10 433 254 700 543 851 128 978 91 626 663
10 398 739 207 902 214 664 470 164 857 117
10 683 293 775 143 810 390 503 599 661 707
10 989 418 546 738 317 910 178 135 390 36
10 967 110 207 618 721 766 768 551 152 465
10 364 526 949 723 93 117 148 487 167 480
10 797 943 940 31 337 170 470 735 117 150
10 261 405 558 309 336 116 730 520 602 476
10 956 768 416 321 48 678 415 72 599 779
10 560 406 51 523 82 974 201 4 501 660
10 1 428 744 152 224 497 965 526 571 825
10 341 573 20 24 824 583 898 441 986 641
10 700 195 489 237 488 168 651 703 202 899
10 151 258 428 883 273 734 987 805 718 64
10 182 554 687 356 608 528 944 241 714 5
10 27 444 520 16 950 1000 266 406 978 279
10 974 775 63 380 372 821 486 665 508 552
10 487 27 357 560 262 685 802 105 457 904
10 12 979 807 895 363 140 370 500 386 670
10 700 48 361 119 15 127 533 853 641 266
10 322 945 69 764 239 58 826 501 266 753
10 861 666 33 955 424 674 552 486 501 503
10 156 374 445 30 441 575 152 707 986 502
10 545 347 464 543 706 577 453 222 157 986
10 659 834 114 102 295 645 639 471 661 829
10 336 288 327 967 142 325 331 236 353 773
10 460 146 576 232 432 891 425 575 58 394
10 506 797 100 305 679 756 736 800 868 916
10 182 690 483 274 241 349 387 671 906 386
10 860 331 788 162 265 460 264 294 928 582
10 655 694 20 690 706 828 723 610 743 744
10 214 195 108 872 894 615 844 898 514 789
10 588 54 66 921 532 488 435 48 271 184
10 103 149 839 917 8 605 318 420 528 365
10 560 426 701 749 373 404 516 449 587 643
10 60 192 536 153 757 905 129 675 204 920
10 156 773 403 352 433 758 736 947 952 778
10 706 380 971 439 277 165 174 773 514 930
10 990 531 269 492 203 923 512 711 286 486
10 843 955 590 533 317 521 163 450 246 266
10 793 649 50 232 935 186 358 891 714 812
10 954 879 809 968 148 359 664 325 985 485
10 818 989 889 762 620 399 434 68 191 944
10 562 9 453 795 432 217 392 862 514 565
10 336 158 310 749 735 378 603 982 212 394
10 903 281 583 692 544 563 474 369 705 743
10 489 662 647 728 364 622 593 263 345 55
10 989 410 200 901 591 333 101 932 386 958
10 103 960 352 336 748 690 396 835 520 53
10 280 309 546 263 528 267 873 880 804 644
10 596 207 452 322 893 85 201 512 820 351
10 818 360 416 528 197 468 343 584 504 476
10 162 262 16 612 415 391 279 624 924 436
10 557 125 114 415 259 20 736 813 501 735
10 70 382 649 618 836 320 203 773 824 918
10 389 479 846 895 91 656 611 117 950 299
10 113 120 790 534 728 244 551 600 970 469
10 562 596 617 126 484 593 995 190 514 620
10 597 585 843 834 832 105 24 515 333 435
10 713 108 458 609 245 895 453 362 586 697
10 882 704 717 430 997 895 239 857 650 641
10 140 354 491 685 721 16 561 273 5 825
10 197 572 91 901 268 128 753 732 284 312
10 756 38 897 238 322 727 129 697 813 751
10 506 244 326 505 991 116 379 566 494 778
10 640 527 964 550 995 274 94 805 796 800
10 250 598 388 794 81 353 869 983 61 369
10 659 797 362 297 313 655 961 982 67 469
10 536 177 793 178 525 943 69 320 468 781
10 8 507 377 84 59 877 616 533 352 449
10 688 709 997 378 484 628 751 595 983 781
10 545 29 115 305 51 534 490 645 386 626
10 758 874 496 914 348 173 674 333 267 220
10 907 59 373 295 568 395 801 478 19 490
10 888 439 597 700 996 71 448 173 404 485
10 440 388 976 965 501 648 497 730 528 387
10 756 411 269 244 392 501 620 927 264 625
10 809 839 686 788 652 832 887 999 163 842
10 232 60 968 94 331 686 454 919 37 890
10 790 545 765 919 488 962 220 951 565 970
10 347 712 742 196 845 729 375 352 896 792
10 860 528 365 807 343 446 421 870 327 712
10 739 949 734 602 277 118 175 982 101 676
10 146 103 622 544 168 510 913 74 850 625
10 562 525 171 775 401 632 373 593 926 642
10 934 151 945 8 309 565 130 411 530 626
10 680 979 268 7 595 193 559 353 983 670
10 66 289 803 29 652 691 628 899 637 838
10 875 156 543 575 665 612 484 276 646 958
10 194 862 183 77 367 248 932 247 927 825
10 491 509 194 454 632 36 170 241 718 853
10 957 542 600 837 496 884 639 390 387 39
10 270 597 770 348 217 719 917 675 349 37
10 332 358 447 993 187 693 354 578 870 670
10 281 621 441 482 521 21 83 811 141 926
10 524 974 748 217 24 897 586 497 812 607
10 694 507 556 330 292 808 105 276 266 5
10 444 38 243 740 79 240 127 519 221 484
10 653 780 917 872 706 463 401 255 173 885
10 860 797 54 409 416 493 956 870 334 520
10 700 339 59 87 484 657 197 353 517 62
10 389 686 300 246 993 744 644 642 643 663
10 249 959 672 379 110 667 815 141 734 279
10 147 911 707 512 168 704 944 186 200 42
10 647 527 849 408 964 462 24 226 522 958
10 100 748 819 592 912 569 39 508 824 2
10 555 286 543 667 795 893 775 959 275 825
10 647 618 316 837 932 187 460 838 18 800
10 765 119 320 221 164 808 909 744 676 594
10 841 311 350 251 320 463 900 494 556 682
10 56 902 673 992 602 598 175 522 904 23
10 597 602 601 149 969 368 18 932 643 511
10 510 208 756 142 296 947 730 698 484 503
10 506 706 567 56 672 492 378 175 292 675
10 871 509 862 754 758 687 252 933 821 594
10 130 113 158 674 78 374 298 589 628 18
10 914 195 29 291 929 413 518 313 556 829
10 839 611 317 973 534 163 661 581 531 150
10 875 579 822 996 187 555 340 951 377 705
10 976 901 8 591 954 61 789 978 339 589
10 596 151 399 297 707 751 829 676 2 892
10 562 439 979 10 289 337 891 30 503 272
10 542 347 8 477 289 666 89 921 544 246
10 524 311 701 328 52 553 755 217 399 620
10 613 620 823 996 582 471 665 615 61 324
10 852 191 995 358 648 734 885 713 324 942
10 647 995 216 416 378 963 197 973 468 698
10 941 145 790 292 817 687 912 540 959 778
10 989 955 214 907 813 759 164 636 947 469
10 333 467 827 706 513 225 883 757 711 734
10 180 590 43 302 453 716 583 52 70 642
10 98 124 161 619 554 351 104 570 312 170
10 146 564 536 845 98 112 813 302 303 324
10 103 51 872 479 438 79 858 227 174 639
10 9 149 464 123 716 234 470 698 170 842
10 845 810 984 251 768 378 919 692 227 312
10 90 647 73 416 531 428 217 30 779 924
10 557 172 375 190 274 388 888 612 831 500
10 955 507 69 486 292 83 566 57 676 825
10 307 317 563 956 86 812 130 4 5 285
10 757 347 429 142 183 645 587 127 699 266
10 797 844 532 608 248 344 10 306 67 676
10 323 119 181 648 895 605 645 72 324 743
10 388 132 716 512 944 391 448 163 931 787
10 527 721 674 793 250 333 290 831 727 538
10 151 966 305 819 26 784 168 638 723 705
10 146 237 321 188 316 977 185 805 725 89
10 774 724 172 232 674 741 348 150 292 946
10 864 803 335 107 406 901 967 293 236 390
10 657 907 194 266 166 776 456 176 593 924
10 323 149 267 389 85 559 672 345 21 69
10 489 378 995 196 411 886 568 257 116 486
10 736 539 467 834 807 844 706 106 190 552
10 911 125 814 310 613 330 514 811 831 928
10 750 87 901 706 204 333 970 80 355 299
10 843 215 889 153 695 27 766 188 927 626
10 103 535 686 871 78 619 714 970 306 698
10 255 474 357 156 168 374 407 815 360 820
10 620 255 238 34 995 137 930 83 322 753
10 444 411 59 638 714 17 873 727 847 276
10 256 459 647 392 77 549 383 18 565 586
10 839 440 215 554 863 29 570 127 371 391
10 125 404 189 472 8 167 978 405 950 469
10 200 940 775 627 648 64 623 920 566 643
10 90 164 954 32 130 108 432 666 282 210
10 542 243 32 416 319 576 616 133 636 89
10 989 280 145 490 54 306 497 96 422 869
10 678 954 722 418 297 479 872 847 713 781
10 87 543 265 421 570 263 7 282 351 36
10 756 722 378 210 687 418 564 450 853 589
10 582 466 3 81 326 127 951 973 696 844
10 282 43 28 823 651 962 887 514 868 778
10 135 328 249 579 90 162 287 56 343 41
10 861 265 273 809 881 157 678 894 681 170
10 860 482 7 679 527 247 3 238 296 89
10 596 305 84 422 894 408 246 57 394 522
10 524 46 878 984 247 370 714 956 681 394
10 754 140 967 105 166 325 297 714 880 434
10 566 878 100 256 745 731 909 752 644 571
10 683 456 143 508 242 201 559 469 992 998
10 882 860 403 493 42 208 470 211 974 544
10 949 681 462 995 871 204 306 981 406 437
10 913 242 976 672 696 215 709 81 401 831
10 851 172 341 187 399 759 7 361 850 500
10 906 621 259 673 29 652 792 10 842 985
10 888 467 32 29 939 437 984 178 353 625
10 247 957 137 388 509 320 857 406 970 334
10 323 483 548 262 248 823 128 62 850 45
10 120 984 915 20 600 124 222 495 379 312
10 431 303 895 943 951 910 430 784 652 778
10 40 677 543 896 320 15 202 785 144 684
10 270 173 960 756 106 780 821 654 811 663
10 914 348 596 389 621 959 360 215 538 70
10 459 161 548 370 863 406 994 517 904 511
10 259 824 644 912 626 808 792 963 751 691
10 269 388 381 865 471 378 17 806 287 925
10 774 621 244 510 996 905 137 522 540 486
10 489 32 127 477 791 872 584 692 170 594
10 229 940 592 171 289 910 780 181 808 890
10 630 843 674 17 419 241 77 70 595 760
10 139 694 966 102 777 108 648 651 959 402
10 618 830 507 516 310 716 793 577 669 978
10 68 340 498 569 28 910 679 263 932 581
10 168 133 879 142 672 197 789 688 649 517
10 311 961 883 131 145 856 24 691 136 299
10 901 9 147 341 700 30 504 933 57 69
10 659 146 758 268 766 773 930 433 660 641
10 521 874 348 248 516 497 878 621 998 933
10 866 310 845 830 477 726 741 412 404 278
10 305 577 309 745 175 634 343 898 643 625
10 400 466 328 100 736 287 496 519 948 599
10 864 66 447 911 443 568 513 371 134 760
10 43 295 147 492 872 161 526 834 947 279
10 489 867 291 309 246 998 835 658 571 781
10 640 26 332 336 808 619 926 824 842 272
10 694 719 172 961 192 357 57 730 675 501
10 564 917 371 993 978 649 303 880 47 511
10 911 893 439 967 350 158 740 129 325 821
10 715 347 817 346 95 822 178 230 637 753
10 125 431 598 719 852 813 537 97 858 636
10 874 420 509 968 239 108 73 649 504 900
10 139 311 801 902 191 678 91 417 106 571
10 409 907 443 891 318 313 456 525 531 892
10 845 954 908 4 65 73 92 751 781 825
10 447 417 8 693 384 684 933 781 631 338
10 314 93 754 321 123 97 237 499 374 718
10 40 877 542 219 601 7 313 906 19 220
10 653 408 188 750 949 885 480 494 296 2
10 911 129 118 655 682 327 406 575 859 465
10 524 34 143 990 525 706 880 372 204 461
10 311 103 254 700 560 875 104 259 822 741
10 341 803 488 404 358 10 393 718 838 299
10 535 69 114 107 704 112 729 3 784 266
10 766 702 710 349 143 203 390 29 399 436
10 263 203 233 939 669 434 212 96 278 663
10 989 300 914 509 767 672 525 193 37 312
10 281 823 635 102 237 186 570 334 638 743
10 640 293 9 403 53 717 241 927 330 353
10 256 194 189 783 553 942 55 204 800 642
10 323 347 588 372 116 189 203 804 623 975
10 180 341 260 635 381 268 201 750 80 53
10 509 955 153 481 230 698 157 348 850 89
10 758 151 382 35 27 935 837 827 51 969
10 715 657 33 303 56 346 359 639 434 760
10 756 987 682 405 325 674 290 808 427 285
10 725 107 731 26 734 929 10 873 661 23
10 692 419 90 13 10 852 217 773 85 394
10 597 308 579 207 728 572 667 321 624 670
10 938 311 792 225 660 689 202 432 595 853
10 342 43 336 411 564 660 737 637 117 2
10 878 387 521 188 606 663 344 61 947 67
10 473 672 534 207 614 707 737 107 963 624
10 491 966 653 103 1 487 13 254 778 255
10 913 203 841 462 49 12 598 831 76 522
10 451 244 214 197 629 531 333 86 417 791
10 574 648 119 303 949 443 585 736 559 913
10 954 794 591 664 43 1 333 665 779 551
10 192 605 333 22 817 108 53 220 21 276
10 310 143 722 580 428 157 916 129 438 885
10 550 640 51 26 203 973 148 455 49 435
10 60 823 939 617 652 368 602 253 821 2
10 922 113 68 945 769 939 407 681 820 924
10 187 198 944 208 443 520 568 991 497 946
10 506 178 147 54 128 789 584 86 637 853
10 196 980 373 119 65 337 45 971 517 502
10 103 527 897 182 113 240 412 635 271 594
10 169 156 510 422 913 407 306 435 74 729
10 683 605 103 341 760 49 298 855 312 925
10 158 929 775 168 140 286 38 420 283 985
10 51 448 404 866 198 14 26 420 602 462
10 328 137 350 35 612 495 967 744 873 646
10 550 185 673 251 909 399 568 554 77 566
10 156 700 694 889 666 646 198 236 791 480
10 382 243 357 188 380 569 424 757 624 58
10 941 311 498 305 881 32 212 470 789 599
10 389 539 939 383 256 920 748 736 96 264
10 222 194 630 225 322 135 41 504 465 58
10 702 390 580 982 866 750 427 455 751 928
10 686 794 888 488 104 617 684 484 46 743
10 527 995 6 124 90 304 232 754 666 811
10 667 832 215 140 319 738 99 7 150 925
10 390 316 385 498 452 980 923 844 159 761
10 722 439 267 911 376 947 286 898 80 193
10 902 720 805 684 770 107 482 277 566 552
10 217 851 413 684 824 11 866 471 150 465
10 289 655 191 247 654 755 977 975 575 978
10 224 688 187 748 331 273 222 441 800 436
10 314 420 481 339 200 965 415 838 626 279
10 884 546 456 77 101 343 225 762 796 476
10 341 567 629 322 896 692 277 811 138 37
10 756 243 665 307 305 102 918 480 386 920
10 532 255 827 622 807 173 266 161 199 658
10 309 878 765 412 869 896 353 212 642 175
10 683 385 254 856 136 593 128 144 793 787
10 588 604 6 319 430 267 682 24 150 925
10 214 811 339 830 131 603 179 47 846 568
10 597 210 96 731 348 795 196 522 787 798
10 640 506 893 357 473 541 448 619 926 502
10 162 156 802 34 148 710 462 441 275 485
10 913 218 793 271 986 787 91 460 575 642
10 764 785 124 515 488 636 804 359 654 393
10 527 481 917 104 815 123 494 460 824 11
10 131 366 9 905 997 429 636 45 867 299
10 938 629 40 865 522 422 992 480 738 638
10 192 570 486 463 520 31 333 480 266 446
10 659 332 250 964 848 282 161 559 796 193
10 841 223 531 319 343 678 330 307 789 985
10 562 162 979 620 793 79 807 567 315 55
10 109 539 180 895 40 390 442 49 883 812
10 146 411 806 352 541 94 564 496 977 791
10 945 400 851 415 282 832 212 923 906 799
10 13 752 104 956 231 811 727 684 553 96
10 473 161 578 411 470 376 665 74 556 436
10 548 895 261 87 996 965 744 981 2 869
10 194 774 839 933 583 181 525 78 503 299
10 310 132 756 617 898 646 274 965 958 994
10 54 100 596 841 740 148 153 520 710 296
10 536 677 588 680 153 894 682 31 842 587
10 311 434 314 667 426 38 684 744 278 930
10 659 728 102 548 482 17 112 148 37 480
10 919 974 943 289 121 532 561 32 344 271
10 516 755 901 341 356 666 423 712 563 942
10 103 770 347 367 26 922 53 684 460 272
10 132 52 630 359 362 369 497 268 517 485
10 606 748 651 131 872 377 886 307 848 141
10 845 453 189 799 223 766 668 279 517 11
10 139 862 50 666 981 105 986 551 873 553
10 60 758 837 200 937 210 416 174 865 787
10 467 739 157 603 432 783 76 45 290 565
10 989 425 344 222 686 987 540 906 575 424
10 82 649 201 144 369 209 627 472 279 642
10 683 680 489 592 300 780 886 381 519 696
10 169 739 90 174 950 711 532 17 998 925
10 910 346 711 115 766 202 538 829 393 334
10 115 286 832 333 834 689 944 39 920 594
10 385 153 604 238 679 507 260 505 407 424
10 43 404 976 98 76 417 569 668 514 994
10 46 397 572 987 645 204 415 69 773 869
10 861 568 648 492 767 71 267 30 992 469
10 558 317 459 560 42 814 204 45 290 394
10 151 382 6 417 991 567 171 86 437 485
10 103 860 680 520 210 28 449 355 226 952
10 915 194 685 768 7 198 617 423 885 624
10 539 809 546 951 512 88 526 736 873 31
10 774 590 33 107 318 940 639 567 482 296
10 243 358 26 937 609 134 5 344 42 170
10 941 43 560 779 331 666 239 848 24 386
10 282 314 518 919 708 587 19 57 899 23
10 683 268 585 412 373 420 278 530 264 651
10 535 851 273 178 75 858 873 321 136 401
10 895 875 380 474 898 620 593 55 141 624
10 54 995 382 352 471 422 704 68 798 787
10 592 966 288 249 320 154 719 478 735 985
10 669 213 222 896 767 520 707 433 627 838
10 557 560 995 426 677 321 572 795 367 157
10 109 398 66 400 491 483 111 848 116 514
10 647 621 321 968 794 35 602 784 567 5
10 409 214 949 47 405 906 31 88 698 241
10 818 919 794 128 529 187 898 570 419 663
10 919 22 428 28 420 91 626 928 798 654
10 954 684 864 749 118 759 233 944 561 644
10 801 59 560 292 890 907 812 652 71 641
10 506 10 736 574 901 752 916 611 906 932
10 44 818 377 745 679 365 428 375 992 414
10 653 256 194 172 573 729 811 705 582 457
10 328 157 622 777 43 14 79 49 846 48
10 818 953 447 354 330 508 378 345 738 531
10 410 379 921 63 234 534 598 999 778 599
10 914 909 358 80 24 247 607 298 552 23
10 758 413 262 419 846 618 19 633 692 471
10 243 767 409 678 704 561 576 154 204 497
10 677 538 352 443 756 427 359 499 682 982
10 409 388 230 475 700 634 38 932 92 641
10 310 797 119 589 403 729 301 136 639 412
10 243 236 717 367 199 418 879 706 734 904
10 671 227 115 578 910 584 768 963 373 805
10 647 673 633 867 38 721 820 78 684 652
10 536 168 82 881 261 255 510 605 983 324
10 543 75 147 10 931 639 48 811 638 663
10 856 341 851 218 265 319 872 999 946 624
10 990 459 157 247 126 687 982 791 434 796
10 498 770 618 597 259 36 319 424 556 904
10 648 34 97 928 111 976 372 186 751 853
10 335 172 677 621 452 993 265 582 450 916
10 27 247 748 1 585 140 115 999 831 299
10 659 380 329 29 77 283 857 86 981 743
10 329 295 510 566 614 76 155 962 64 307
10 66 452 795 228 7 923 859 998 920 821
10 378 222 104 429 549 287 610 421 899 502
10 473 400 618 252 140 947 221 973 484 284
10 118 452 685 235 260 268 472 833 789 478
10 524 550 87 116 613 709 815 18 660 284
10 195 680 113 631 274 154 605 446 167 969
10 430 940 149 339 802 315 161 806 346 565
10 477 401 100 440 978 164 464 226 660 76
10 527 347 59 519 417 946 308 876 993 412
10 592 824 763 7 20 227 74 635 91 789
10 149 339 679 755 688 846 61 351 46 570
10 357 428 749 156 609 951 521 73 486 625
10 687 231 111 196 999 423 470 970 268 681
10 1 673 248 811 29 198 159 46 61 985
10 151 206 255 87 783 463 708 327 64 501
10 214 302 224 72 292 714 884 96 661 298
10 849 903 269 187 664 749 569 737 623 39
10 519 328 71 429 737 525 896 434 900 625
10 542 852 845 680 966 748 622 912 294 338
10 677 149 908 375 432 993 229 530 806 253
10 550 27 794 463 546 15 768 933 633 946
10 725 70 909 622 392 783 368 339 655 805
10 129 519 939 581 458 326 975 57 141 952
10 169 758 156 579 704 785 95 611 443 904
10 640 714 222 147 617 307 289 984 910 227
10 15 74 871 245 451 745 608 808 799 566
10 693 801 142 28 736 788 649 910 470 948
10 659 162 238 377 689 872 692 676 334 285
10 304 57 325 201 567 360 549 876 155 811
10 882 621 861 525 108 133 946 261 605 678
10 389 43 845 216 549 626 55 684 650 565
10 722 107 999 10 971 876 533 378 285 37
10 195 564 728 686 254 959 611 505 227 924
10 475 826 580 43 769 948 571 271 681 67
10 426 491 765 834 887 481 671 16 284 18
10 550 507 877 310 702 208 546 741 336 511
10 677 720 609 269 959 260 763 190 958 626
10 835 709 452 572 840 725 349 257 150 829
10 872 673 768 972 161 499 873 729 947 371
10 683 380 445 604 518 865 24 219 958 315
10 341 444 181 255 844 603 378 602 92 771
10 66 961 20 156 788 597 106 163 773 276
10 954 532 69 664 947 345 668 771 959 670
10 447 883 258 364 821 124 31 297 318 11
10 512 680 863 223 239 471 412 632 868 276
10 999 417 962 823 7 570 175 133 383 729
10 109 261 157 839 415 395 771 937 988 89
10 506 748 535 848 635 894 494 487 39 393
10 843 888 871 572 298 519 289 438 805 599
10 874 103 294 807 258 982 240 582 646 73
10 695 593 907 618 833 881 320 668 638 624
10 524 506 742 741 435 908 919 534 504 394
10 498 327 647 198 112 107 531 442 193 92
10 814 954 719 336 819 352 450 937 992 652
10 832 566 516 298 993 585 469 303 563 698
10 612 357 98 785 852 314 632 937 744 92
10 695 694 210 140 967 477 964 500 284 670
10 43 762 913 219 616 21 346 329 735 105
10 323 146 694 513 458 886 205 386 926 743
10 54 797 572 64 161 756 703 257 729 985
10 316 84 10 769 340 475 777 789 623 660
10 444 888 810 56 854 429 746 996 858 530
10 409 218 111 690 741 454 315 350 292 127
10 6 403 84 366 440 374 433 704 138 998
10 709 310 352 529 766 358 608 361 699 798
10 659 611 468 242 377 566 850 271 815 734
10 364 864 852 745 99 451 415 412 743 829
10 180 54 413 336 160 464 512 812 538 89
10 341 803 498 179 929 711 949 870 705 257
10 843 13 75 440 145 324 91 354 179 64
10 169 282 690 734 484 322 434 511 718 787
10 473 953 44 28 559 595 913 993 730 18
10 703 845 860 827 422 943 891 407 420 787
10 758 428 602 729 548 664 30 96 898 925
10 192 774 769 279 472 455 399 501 127 676
10 63 212 33 213 456 68 268 844 273 638
10 98 999 633 257 302 717 727 508 392 92
10 803 160 94 991 691 910 76 345 918 501
10 191 653 459 448 15 801 217 356 212 760
10 851 864 938 955 819 761 287 282 199 73
10 197 323 211 915 834 85 828 238 844 552
10 22 47 122 937 821 576 738 407 221 820
10 797 280 230 475 482 361 75 358 386 394
10 640 471 8 370 216 687 703 684 859 682
10 527 400 516 592 613 111 32 423 134 772
10 640 208 638 336 487 126 294 773 859 18
10 441 580 622 621 56 813 381 992 868 299
10 239 63 961 757 852 494 714 678 645 853
10 40 459 543 308 655 603 134 711 771 502
10 169 539 596 27 902 273 216 654 924 299
10 775 543 968 886 894 327 965 682 637 73
10 375 834 671 546 116 554 975 833 519 284
10 107 399 101 937 470 265 669 233 791 904
10 911 679 145 592 1000 987 117 761 643 461
10 768 827 432 291 541 731 205 791 665 821
10 162 635 314 316 275 613 651 277 792 641
10 125 915 443 750 232 202 692 420 646 858
10 139 374 893 310 706 256 862 690 423 62
10 498 742 332 860 217 948 220 460 655 313
10 980 662 380 481 408 411 199 283 744 86
10 953 957 915 156 730 456 757 505 138 594
10 243 938 370 854 40 538 621 89 926 670
10 94 915 776 364 53 574 184 935 480 37
10 984 214 745 178 197 158 97 376 627 760
10 148 259 960 196 773 933 598 964 234 743
10 382 803 385 919 831 102 152 852 462 455
10 146 605 403 559 731 696 402 255 299 892
10 916 147 114 788 136 219 948 282 721 324
10 749 96 895 597 757 887 251 104 982 913
10 1000 677 819 914 292 118 317 656 386 419
10 263 815 603 537 79 920 644 685 952 825
10 954 466 697 748 84 633 365 136 644 502
10 749 367 1000 946 166 912 827 273 442 586
10 701 282 83 922 932 887 360 909 141 391
10 790 512 128 756 680 82 235 155 387 900
10 764 95 902 680 912 649 181 225 760 298
10 385 860 122 426 481 559 471 285 665 315
10 941 288 44 185 413 260 7 478 833 61
10 539 756 291 366 197 222 367 392 581 982
10 545 592 405 157 901 220 345 404 358 525
10 861 122 51 375 815 978 846 932 531 530
10 957 63 519 261 763 137 835 465 360 698
10 48 555 578 282 616 856 976 137 224 2
10 692 244 9 225 291 464 632 298 233 586
10 1 948 417 896 241 236 544 589 283 607
10 605 318 499 317 731 438 971 86 204 514
10 803 51 531 474 98 987 274 210 212 502
10 350 894 719 77 840 68 133 414 193 586
10 378 400 596 678 639 624 492 633 638 753
10 989 357 211 934 867 79 433 585 873 639
10 919 262 127 248 619 863 639 565 676 394
10 243 280 788 421 689 725 761 432 868 595
10 752 410 113 945 158 68 58 999 179 707
10 332 673 215 774 949 455 459 133 170 283
10 837 917 807 395 210 912 947 138 296 92
10 66 120 988 785 317 124 518 241 744 892
10 788 258 339 572 577 673 804 538 927 658
10 93 630 966 885 773 119 730 69 58 312
10 719 161 833 38 604 578 234 942 171 654
10 95 56 425 396 322 917 799 762 241 599
10 683 328 535 854 413 135 149 17 339 376
10 875 874 618 949 255 887 881 866 402 424
10 270 156 182 317 284 637 57 855 571 18
10 498 63 129 364 448 977 275 661 986 522
10 764 972 29 206 133 371 155 429 881 821
10 169 128 281 888 879 88 437 657 850 334
10 954 445 874 902 354 404 615 668 227 513
10 864 715 580 145 704 187 745 154 204 485
10 288 231 255 763 286 792 167 175 531 503
10 818 647 447 554 287 513 56 661 646 193
10 160 740 305 186 702 327 916 470 70 272
10 267 999 938 823 921 572 101 177 434 70
10 430 143 44 231 185 696 752 978 796 713
10 523 726 668 826 984 894 582 692 338 37
10 410 935 543 421 348 196 871 898 657 58
10 232 884 201 687 648 21 423 842 735 581
10 110 440 550 269 178 13 30 191 909 307
10 328 75 710 725 908 857 123 433 971 735
10 622 314 81 13 367 433 505 73 349 575
10 408 295 54 90 78 834 412 123 787 958
10 28 968 960 814 440 273 404 141 394 689
10 444 245 990 922 200 99 714 283 62 796
10 43 27 721 903 188 639 170 181 136 781
10 473 373 320 756 657 762 430 19 62 825
10 677 889 851 809 305 286 881 648 421 948
10 15 734 167 723 97 528 924 359 800 942
10 640 774 293 652 895 793 488 12 406 566
10 980 219 572 551 652 458 77 760 684 511
10 388 135 352 694 951 986 863 350 950 383
10 548 125 314 673 949 779 433 923 434 925
10 419 922 600 649 744 573 711 133 808 789
10 270 539 215 50 388 837 572 913 303 712
10 66 196 136 464 777 563 453 960 303 956
10 558 715 551 739 196 832 896 56 264 480
10 14 232 254 815 221 273 806 672 427 468
10 147 693 907 337 93 759 913 944 126 306
10 742 722 269 113 749 238 842 977 916 571
10 33 767 129 289 519 469 325 746 30 303
10 509 96 124 346 873 214 655 741 663 37
10 945 997 871 87 733 671 211 655 497 658
10 790 1 768 246 759 723 134 154 651 890
10 60 864 479 203 547 463 564 281 42 330
10 180 843 247 380 349 488 936 110 660 461
10 826 381 799 817 153 178 374 935 159 969
10 878 108 593 94 456 634 824 925 271 586
10 431 215 927 89 377 136 556 905 166 39
10 588 911 857 273 47 5 168 637 738 23
10 172 893 832 249 611 401 965 455 334 150
10 592 187 380 316 152 806 575 890 266 511
10 249 715 408 833 900 217 237 157 826 973
10 979 731 817 815 185 273 865 5 571 850
10 100 488 939 888 550 898 967 77 155 983
10 139 120 477 775 919 91 370 636 643 842
10 509 156 590 999 78 494 650 626 127 920
10 115 607 34 701 309 411 937 374 353 476
10 557 240 28 894 223 615 298 171 504 92
10 911 686 765 898 441 336 738 455 589 11
10 932 6 26 164 850 583 729 885 46 584
10 43 154 157 840 53 228 723 898 89 607
10 724 758 301 911 664 745 616 74 50 322
10 640 77 174 955 224 458 988 577 276 55
10 797 249 630 346 151 375 40 152 175 681
10 288 828 99 262 618 583 41 813 371 625
10 722 506 590 976 763 704 497 494 760 312
10 932 715 759 244 857 879 10 494 892 760
10 989 839 957 802 946 208 810 184 348 858
10 422 280 6 673 71 140 24 800 844 829
10 776 572 790 492 477 128 345 77 898 751
10 704 695 1 442 347 214 43 188 329 197
10 797 745 51 483 896 734 569 322 499 589
10 270 614 261 94 622 393 993 104 676 485
10 452 775 598 335 732 324 96 297 575 930
10 222 157 244 217 361 456 42 136 654 675
10 882 98 425 665 850 362 441 671 612 77
10 310 332 579 578 702 696 450 176 799 855
10 602 239 694 797 152 372 887 329 510 245
10 635 532 671 446 656 883 278 985 155 312
10 555 368 894 331 791 251 42 64 73 681
10 785 694 573 367 611 582 364 292 233 663
10 118 210 714 410 671 384 170 869 476 386
10 151 22 180 309 121 878 12 361 92 486
10 790 427 123 999 655 893 423 505 272 37
10 609 913 860 759 422 501 872 650 246 457
10 274 4 152 438 222 752 636 394 589 436
10 506 385 120 573 687 679 877 376 52 367
10 545 887 225 513 45 435 257 264 628 355
10 871 849 198 742 814 910 13 16 952 798
10 980 123 208 152 823 486 422 744 64 838
10 125 954 477 504 921 525 106 923 876 760
10 400 33 10 806 891 567 283 981 414 729
10 841 310 992 907 480 298 648 224 552 517
10 702 467 51 936 840 454 266 743 484 92
10 99 554 588 405 574 871 191 885 415 876
10 874 603 949 188 112 731 322 824 678 470
10 156 400 748 108 446 368 887 83 820 324
10 442 269 836 151 824 321 610 343 624 92
10 679 647 851 759 602 313 274 433 326 538
10 239 13 80 520 176 215 16 337 455 829
10 63 841 361 426 8 656 460 458 971 7
10 667 816 546 851 998 634 372 294 47 511
10 380 280 823 919 477 993 984 171 37 825
10 203 882 512 28 342 379 241 198 325 725
10 258 788 714 987 977 443 894 876 64 698
10 180 151 1 94 556 210 62 29 682 650
10 979 256 498 205 871 532 826 423 583 552
10 941 388 413 254 990 90 421 971 209 994
10 527 61 87 613 453 987 333 988 395 942
10 592 374 139 357 793 124 710 755 72 531
10 140 604 794 546 577 177 820 983 787 307
10 843 473 90 446 399 603 787 727 713 842
10 242 830 879 510 549 416 412 565 91 61
10 331 396 408 321 722 317 615 912 575 391
10 724 938 481 107 997 374 912 789 471 23
10 156 415 901 574 49 161 710 392 271 904
10 180 151 466 160 315 615 770 808 528 965
10 543 54 339 814 393 634 485 986 424 599
10 715 41 201 68 78 511 415 781 624 670
10 269 124 639 656 79 404 788 419 811 276
10 48 107 548 703 834 705 784 660 190 626
10 323 822 851 50 940 190 709 312 279 645
10 506 179 332 672 963 720 177 607 561 985
10 382 354 380 593 741 563 19 178 233 829
10 861 316 907 142 259 735 480 848 62 338
10 631 748 1 639 390 949 879 962 338 599
10 561 700 516 441 528 136 320 623 853 284
10 509 425 810 726 277 329 928 279 821 391
10 84 695 610 672 460 386 67 175 106 312
10 146 195 309 811 610 134 786 906 457 272
10 195 13 526 101 333 451 201 711 283 931
10 955 38 256 208 811 530 734 152 89 831
10 280 10 567 951 597 167 426 81 703 67
10 860 900 286 948 856 121 784 912 544 737
10 95 178 977 411 154 200 748 454 575 465
10 839 113 203 273 38 566 750 221 210 253
10 748 774 695 29 512 289 530 461 594 485
10 138 218 110 914 940 93 134 631 553 789
10 147 956 752 362 106 519 881 487 628 511
10 362 375 91 749 807 895 318 583 984 652
10 15 6 788 50 244 783 708 686 294 62
10 662 382 567 896 920 422 654 224 530 18
10 405 955 622 301 530 544 784 449 831 490
10 323 60 126 140 247 717 705 886 586 298
10 117 858 420 462 81 812 563 324 394 838
10 168 614 548 483 638 747 502 497 850 744
10 22 489 187 529 396 517 73 190 253 2
10 192 851 142 48 719 997 671 721 436 670
10 93 184 203 716 746 330 229 450 773 642
10 169 558 953 430 979 184 666 956 714 625
10 882 244 911 635 567 579 526 564 885 714
10 249 195 630 518 631 913 575 650 271 284
10 630 444 788 827 19 816 373 175 660 127
10 137 535 564 388 463 736 942 689 276 37
10 679 439 860 225 836 313 601 85 165 457
10 242 785 708 206 72 275 330 97 963 117
10 43 4 259 849 110 230 554 76 294 355
10 22 604 33 48 475 614 931 932 829 838
10 154 212 473 680 915 258 738 669 873 595
10 567 677 957 901 191 612 577 315 890 970
10 980 366 874 142 782 636 618 812 637 18
10 323 416 992 222 500 801 358 501 32 485
10 452 142 261 770 675 369 792 485 643 461
10 955 259 915 695 151 430 889 587 544 626
10 600 153 207 122 662 117 458 984 159 710
10 659 1 341 690 88 91 963 393 469 511
10 810 579 858 608 517 263 53 315 899 658
10 402 357 893 183 804 497 857 551 58 994
10 291 548 366 616 437 812 696 152 343 771
10 59 142 505 183 944 483 46 559 461 599
10 244 292 428 203 604 404 443 863 655 998
10 357 94 881 206 946 325 136 565 595 436
10 100 382 837 961 679 52 337 835 465 625
10 103 332 671 716 928 437 298 106 355 586
10 66 314 403 126 74 310 477 608 998 199
10 785 103 243 229 131 814 687 364 665 522
10 597 357 889 501 802 344 240 449 155 838
10 857 489 894 687 376 160 505 934 553 699
10 915 90 217 26 119 291 897 223 412 463
10 97 836 153 550 384 421 514 48 885 30
10 882 195 875 996 637 641 263 24 969 575
10 477 301 48 365 201 773 577 165 220 37
10 683 941 180 451 237 378 479 154 595 760
10 492 229 613 423 894 160 617 163 986 478
10 44 618 751 396 438 102 537 21 556 743
10 989 803 421 452 944 175 508 455 338 522
10 539 793 938 32 65 317 412 971 376 271
10 120 759 478 198 636 936 705 668 30 751
10 741 252 153 906 518 186 804 675 278 685
10 742 686 991 917 317 623 247 421 969 235
10 957 560 63 29 57 90 116 111 82 55
10 797 95 806 184 991 168 298 581 778 825
10 176 898 815 726 107 561 546 293 631 394
10 85 217 459 601 976 294 970 824 283 753
10 46 445 270 578 408 338 201 42 931 436
10 941 506 573 255 515 321 56 991 873 566
10 854 792 608 490 692 497 126 699 644 272
10 748 448 750 889 249 709 134 360 89 234
10 22 317 119 225 244 726 598 703 859 892
10 716 479 293 481 65 13 19 705 811 847
10 677 341 749 863 468 504 714 185 556 853
10 467 721 100 98 1 426 401 483 425 589
10 807 359 129 885 46 538 947 338 144 257
10 132 776 27 884 262 339 703 943 991 429
10 532 213 914 870 252 746 398 349 45 646
10 385 124 215 972 933 265 580 720 946 379
10 515 426 54 534 863 327 407 290 263 891
10 261 195 375 255 700 126 293 202 204 799
10 444 125 834 162 206 408 919 568 64 501
10 158 882 940 546 809 205 826 806 713 37
10 492 543 756 719 263 369 959 751 76 67
10 385 822 40 52 493 881 947 628 923 136
10 375 875 347 10 222 427 769 359 676 670
10 659 332 756 783 618 227 932 805 586 904
10 818 145 237 948 523 687 975 668 772 67
10 673 905 883 932 405 619 435 850 349 855
10 864 102 519 290 21 24 541 931 732 552
10 467 953 397 936 304 366 18 512 873 689
10 109 972 874 1 997 381 32 975 234 422
10 430 95 71 739 974 616 239 652 21 876
10 270 259 852 147 60 148 184 986 522 670
10 380 195 989 93 282 330 150 603 47 2
10 915 989 388 108 897 350 75 696 786 565
10 147 100 742 318 133 359 144 904 727 70
10 777 380 844 984 258 296 210 811 235 436
10 265 60 251 845 467 309 932 897 349 574
10 657 749 722 217 127 275 699 296 320 772
10 590 129 365 768 532 227 884 52 784 825
10 536 301 915 232 452 144 639 89 934 457
10 153 309 408 208 460 862 897 434 427 338
10 677 71 310 475 320 923 572 682 566 641
10 957 497 807 874 477 523 852 414 514 355
10 590 679 673 949 804 729 330 867 631 753
10 558 410 956 222 32 714 390 631 325 682
10 447 280 854 114 328 227 28 163 55 556
10 243 724 300 261 826 862 725 159 691 193
10 968 955 261 931 1 282 88 197 142 92
10 229 815 262 68 73 7 204 948 658 552
10 790 482 675 408 961 55 358 943 855 561
10 597 203 341 569 693 519 47 437 777 233
10 335 803 535 124 999 737 111 115 185 257
10 957 803 596 534 390 665 421 935 272 930
10 349 777 661 634 396 881 690 77 687 155
10 860 15 51 810 671 367 252 55 455 670
10 856 366 94 22 560 153 886 471 19 55
10 708 291 877 390 977 793 598 53 681 924
10 683 902 882 121 832 423 309 998 872 5
10 882 467 94 742 137 328 469 129 868 637
10 224 818 498 431 856 652 526 79 933 322
10 941 405 526 36 177 944 760 435 859 676
10 22 294 115 870 374 714 470 283 850 522
10 557 3 722 748 983 944 159 744 37 925
10 921 943 724 380 187 664 811 79 565 343
10 341 883 94 893 559 42 127 344 641 743
10 822 976 60 901 532 135 963 427 631 552
10 459 888 907 357 206 122 786 62 61 626
10 849 591 98 367 408 518 88 350 344 950
10 781 321 274 396 36 974 292 101 165 468
10 683 340 839 830 453 656 166 918 641 689
10 664 357 573 891 354 962 729 222 423 18
10 588 211 432 210 628 118 595 271 796 494
10 348 213 153 835 785 622 396 574 268 23
10 774 120 409 677 835 757 602 1000 999 873
10 481 321 142 956 141 267 268 761 829 641
10 907 135 400 397 368 906 848 977 707 691
10 980 239 729 308 999 907 411 1000 223 155
10 866 431 22 118 815 621 841 525 423 570
10 125 99 591 605 205 878 656 963 298 698
10 953 34 807 702 248 664 463 401 349 772
10 990 410 957 342 7 769 693 395 174 654
10 22 509 936 260 38 660 924 564 729 772
10 366 133 256 248 615 439 608 351 865 985
10 818 754 409 750 357 207 442 29 336 972
10 309 797 142 295 238 823 446 220 549 552
10 976 700 244 664 617 59 111 96 77 275
10 509 854 590 50 893 708 977 868 476 599
10 941 289 106 996 696 129 437 965 959 503
10 683 6 313 618 931 783 786 202 115 96
10 16 823 60 918 267 712 406 351 867 105
10 409 903 516 10 764 205 164 581 626 829
10 819 953 305 717 36 476 713 241 359 587
10 213 295 53 34 555 511 303 611 150 495
10 721 182 915 251 932 483 733 694 881 503
10 26 979 790 309 611 289 976 292 705 435
10 980 613 555 398 516 276 501 170 296 599
10 901 182 377 25 72 595 227 733 67 334
