1 18.259994604329215
2 0.31281866607622294
3 1.490640349849591
4 1.3889988854477309
5 1.3186602285354025
6 0.5585585361990137
7 0.09393811177248945
8 0.4475806583996933
9 1.6385734303383774
10 0.356499050228896
11 0.07294927462024497
12 1.87307210752577
13 0.3578000836663935
14 4.643515215152666
15 1.6486281969252492
16 0.5631629183257413
17 13.441447257323201
18 1.500609297592524
19 7.221562488941419
20 2.59928080027016
21 0.37581611637692103
22 3.157670922399211
23 2.114894220117729
24 0.25304013129984493
25 0.07579132690041149
26 0.6335798181486415
27 0.26308907266948567
28 0.264245631218314
29 233.61364880634804
30 0.5161869295650002
31 8.644221650447347
32 0.2944001353309165
33 1.153841956037265
34 71.68516159543331
35 3.8924845127242538
36 14.653604842260862
37 0.014736831746281416
38 0.15753565638615466
39 3.644892682222643
40 0.30974371950559537
41 0.9529469472551376
42 3.2698399761012262
43 2.007371103217228
44 0.38800389688499715
45 0.9388577381301216
46 9.2725999822798
47 0.05566696442355767
48 0.8185817517310294
49 3836.5440485384597
50 0.15245424651025677
51 0.8458453307054279
52 10.754408825928959
53 4.035153643219611
54 0.04698872238129354
55 5.923996434262808
56 1.1074365753816944
57 0.04522418715551266
58 0.10905703938477948
59 8.825980322548242
60 12.704405199576499
61 0.06659577611341198
62 0.9565234114109178
63 0.6705980529343607
64 2.843640482574004
65 3.2313394988930177
66 0.6919664886736657
67 1.028928420098404
68 5.63270754225751
69 0.08442738018183298
70 0.0391328037488392
71 0.5324778578667294
72 0.6242530132830153
73 0.7766261517737275
74 0.9987600457491668
75 0.4237887143861752
76 1.1307442735745505
77 0.08442589362329533
78 0.43347790076761206
79 26.022023767399805
80 2.7536053530294584
81 1.6180813862322705
82 109.96117843427079
83 0.3491318266405816
84 4.644391599500931
85 0.13633536200643204
86 1.5754175880159669
87 0.3899219201188354
88 0.0071027415287114514
89 0.10304571476951803
90 5.836688497998687
91 0.6711178969044018
92 0.021879729909906807
93 0.20207689281911492
94 5.110302699502735
95 0.798999044568979
96 1.2747828212212324
97 2.776791379872192
98 0.061236366013909985
99 2.20895062795576
100 0.3940474363129945
101 3.95803117452161
102 0.5725963722246861
103 7.088037349299964
104 1.0166593992595625
105 1.236544262249193
106 2.851222538116933
107 0.7410938218821028
108 1.786008545914417
109 0.9695954701848135
110 2.0934026202950355
111 0.7904981758132316
112 0.09599503342469687
113 8.83059243150095
114 0.642281194220683
115 7.6543740567064615
116 0.09205528686342872
117 0.06732514371689832
118 0.6409586652041447
119 0.364955043672266
120 2.1790141525435622
121 3.043281755061924
122 18.954796991845193
123 0.0880421997875006
124 4.451149655168442
125 0.18051918508582931
126 0.3246725597641777
127 0.3609020900911286
128 0.3550081602819193
129 0.08264421173172025
130 2.456310514440233
131 0.588308461567875
132 7.479442812695897
133 0.31128090055189106
134 11.371620221434444
135 0.01407719294148774
136 0.31475531320106004
137 0.11236592067702958
138 9.911606025534962
139 241.56364321347093
140 0.03631605259291895
141 0.32673874937060937
142 2.1183139335194383
143 0.8557150555408585
144 0.20029087504196114
145 0.7746631827718574
146 4.506393225684776
147 0.13722216406766782
148 0.26114695387579456
149 0.5148786482021374
150 0.024032758746807346
151 0.06397249131837526
152 0.8028854708664774
153 2.1322868286281795
154 3.3261741354019505
155 0.0562353735207311
156 0.4099625973332698
157 5.426739926204269
158 0.004681899445304223
159 0.9507383595749309
160 0.07380412454419304
161 0.20581837286867827
162 2.2225886609036216
163 4.958949974489703
164 1.9637079579346273
165 0.12956119904741273
166 0.040107723996530176
167 2.6228036778295274
168 0.09857688044206653
169 1.6769443034788423
170 1.774884627521534
171 0.282441411542238
172 0.22505014469280799
173 0.07170477994222636
174 0.42232510794940387
175 2.3787009844928786
176 0.008453940382599478
177 1.1900001584556297
178 0.05426977586490606
179 1.3785431094038498
180 0.7280960888465
181 0.15125132258141818
182 0.22326400293851142
183 0.08968376197929315
184 0.6708373955858147
185 0.6635765344303807
186 5.221601615970403
187 0.2250252812654764
188 0.33154489400416376
189 0.2095962949179664
190 9.002760737773851
191 0.40506837403076446
192 1.3063351828199072
193 0.6447902531917739
194 16.327012384219547
195 18.951126025839113
196 0.7434403412793237
197 0.0858726055533162
198 0.39400033115131233
199 4.964527481592492
200 0.846949792312486
201 0.0854331529582372
202 2.352145393390145
203 1096.3525683960027
204 0.5179348114666781
205 69.79731545355767
206 0.9760418711859885
207 1.5805631065343761
208 0.279242608734946
209 2.628500198246005
210 3.2195496959061076
211 1.439520047344439
212 8.0285758614078
213 7.797800207716705
214 1.2695002072861645
215 0.2025609838429061
216 4.668355597147275
217 1.5010324801544306
218 1.3638557022038797
219 0.7111084266921507
220 0.01252944729513781
221 0.041221286283318934
222 113.56950620252793
223 0.5639771327979881
224 0.015876638724495035
225 0.0623030332101997
226 0.3670342558375098
227 39.626167369019775
228 1.3184542860720352
229 0.650008778916836
230 3.6038861442811303
231 2.439026648715741
232 0.1288189984009934
233 1.2562269075162853
234 2.4626105726659118
235 26.209167095448123
236 0.16921771661041668
237 0.3495038284701431
238 0.26950758428460364
239 3.7082603949123913
240 11.523389836250786
241 1.544961124845799
242 1.499085384990878
243 8.547578360088663
244 1.8306814875064719
245 0.0985384558396343
246 2.5657487816701705
247 0.9690426170480392
248 0.6753436701470903
249 4.84515623797704
250 2.927965126086287
251 1.5239097467130054
252 0.09731711018583011
253 5.562800604162208
254 0.1161148009571079
255 1.544650389067713
256 0.7096806905967313
257 0.11990476741680854
258 0.08515246425865756
259 0.5255064342890328
260 1.6230293976163568
261 0.621087665983171
262 0.2998457929930627
263 0.44093206060398216
264 9.777736814544767
265 2.6055059444985047
266 1.1503889396161768
267 1.3162302729462143
268 5.228373542895823
269 0.19447698937666907
270 0.1927726317306019
271 19.973047101686735
272 1.3813286249577672
273 6.752667626047516
274 0.9230988115003915
275 1.6245742285782006
276 0.48277476451847
277 0.5776173947182807
278 0.19731695470589003
279 0.30882707279676314
280 0.4613172238960381
281 2.0191883072900514
282 5.536067359129103
283 0.6499532793085645
284 6.069227528196846
285 4.100767844270878
286 3.686990475744171
287 0.8923148091499137
288 1.1134362613685338
289 1.137245579141813
290 0.2260361319416251
291 0.9866675303152562
292 4.448547224631032
293 7.258051446759721
294 0.20266510506674237
295 0.22274319284755248
296 1.2878445639968374
297 205.25479183995978
298 1.3511369617351865
299 0.10283393652095635
300 56.22938093953172
301 105.19629555393607
302 0.9561414041307347
303 87.01975055461976
304 2.8354768919130167
305 6.304476007120361
306 1.612743792472322
307 1.5048933619714404
308 0.40632145881304027
309 1.008080048966533
310 0.7627519804433769
311 1.136772662963142
312 0.4166249777380725
313 2.4277501326583932
314 2.3903525639905
315 0.15925591471344414
316 0.12346962637494657
317 1.2594523640694626
318 1.0222183000009457
319 1.1288015080893996
320 0.8457861691439506
321 1.2020006822690579
322 1.028307771973646
323 0.28212509512683775
324 0.2890711564187337
325 1.4254351332759525
326 3.0775365792266607
327 0.058167406709571184
328 0.5841547576558551
329 0.05839893840937585
330 1.6500575853604438
331 1.011505990360274
332 6.08847874843531
333 0.6706027160667531
334 1.5057196597218827
335 0.014894080657184243
336 0.006559061260779997
337 0.4917657750899027
338 13.718850389020265
339 2.0906590596289902
340 0.33103152237590966
341 0.14425637281596979
342 0.5224280004499171
343 5.528359185847671
344 0.1852422670182188
345 69.37114703568474
346 0.43029640867083035
347 5.445752741085342
348 0.3364257692830942
349 6.419661451112904
350 2.4465094953532835
351 0.3569070250497661
352 0.34520239448305506
353 2.0518716416509486
354 0.25795530697753555
355 0.5027947153177582
356 8.742663753029339
357 4.96821328684717
358 8.392211785008753
359 4.197939401946872
360 0.7851224786463469
361 1.4613527442195668
362 0.5557076387122167
363 0.3700851175964689
364 0.3238652328439796
365 0.0778898399387552
366 4.986919512470642
367 21.54830911727613
368 1.9062097848536195
369 1.039892361356685
370 0.42505735523003985
371 1.1039247351658896
372 0.8375774635594102
373 1.2553624111492374
374 0.2495045670918722
375 0.5426556632350437
376 0.9896009790820176
377 5.20057783301228
378 0.06531085716992982
379 0.19187812102730578
380 1.9619882031572013
381 0.20790403889334316
382 0.697021266891728
383 3.640529175411889
384 9.528818188941184
385 1.2874118048575056
386 0.0475576096474181
387 4.2763037951308664
388 4.198418776630298
389 1.9765782374583105
390 1.4149970055605519
391 11.488338561555873
392 0.355043866080133
393 0.6603247889615272
394 0.143842567023341
395 35.958038627154174
396 1.2946872695057918
397 1.4397814821814299
398 0.2008255966300749
399 0.2654938851470375
400 0.12279758709194591
401 0.6622780330078522
402 2.550484199148818
403 1.764346705762769
404 1.5669635975762546
405 1.6448978449832217
406 0.10222755611475995
407 1.2285641690268123
408 9.247297278067308
409 0.1310179767703305
410 0.3478665534975895
411 67.83732066374222
412 1.4378947009316283
413 3.07233913046457
414 1.512503257149661
415 27.11808720815862
416 0.11840770820489133
417 7.322352984778526
418 4.009562775320489
419 2.7914104765643692
420 1.5030151479281062
421 4.124752351628422
422 1.436598869584512
423 1.8146120624940763
424 0.3470606131766549
425 0.18259708096464466
426 0.13060059088333717
427 1.3098708182647647
428 0.01971181021698522
429 2.600819213191894
430 133.90496532673268
431 1.5792141118273717
432 10.466701779313567
433 0.6837432952591765
434 0.6246020927632732
435 1.8672412240093437
436 0.1776554883717517
437 2.6084114853918496
438 4.2357386779238855
439 24.283930168237397
440 0.1270762197263533
441 1.802186131157035
442 0.09020489474399847
443 0.043413085154620216
444 0.0620713368708626
445 0.8456311321710225
446 0.11672772897843159
447 39.697317249654276
448 1.4703832866862219
449 1.0580304406038308
450 0.2475783413859075
451 6.762336355420167
452 161.6848836395182
453 0.3293017538037314
454 16.537810676380985
455 0.38576824181961167
456 0.055701011135817796
457 2.6312754664613682
458 1.0947407403371743
459 21.52929534241141
460 0.7006790651335859
461 0.130000361642429
462 0.7543759398463903
463 1.322547458733889
464 1.2893572974063892
465 4.117568751533929
466 1.2425717155327403
467 0.9425806577185316
468 5.29851894550313
469 2.0257926317517487
470 6.644751912070024
471 0.5397673484593202
472 7.886367031821965
473 1.7062466897288875
474 7.439594008275144
475 1.6179212289898777
476 2.3811498155704984
477 1.2192523368820294
478 1.354767820489912
479 0.15117879731526168
480 0.30198434272652286
481 19.479095909948036
482 0.4149541896633525
483 0.06156555048379357
484 0.1159043398928141
485 0.5467008478905884
486 1.1924139996964718
487 274.9679640146977
488 4.03433330584781
489 0.7464815694696132
490 18.895794956568466
491 0.17306081713269453
492 2.3741618170018848
493 1.3781627881857241
494 1.3793681926704506
495 5.443672411007273
496 23.12476701716648
497 1.8676871929151193
498 1.1590887175870606
499 1.795158713918335
500 0.7088206355629736
501 0.02367558345276877
502 0.17094707277770976
503 4.321977433562232
504 2.5851388913622717
505 18.166731434461564
506 2.591168877605269
507 2.5956506358352947
508 0.4157568052263605
509 1.6108116736097822
510 3.3530920176242596
511 1.1012212977182312
512 0.46175279145521864
513 2.6087157922638653
514 3.666343680495382
515 0.5441490885662139
516 1.396176044578447
517 4.936168747737623
518 34.3982903341118
519 5.135886985336074
520 0.17641920526238444
521 0.34128816085602953
522 0.9661992526003634
523 1.0535999530470066
524 1.2154220801574407
525 0.6171418817432525
526 3.7777187798176954
527 2.792230413276928
528 6.310194100497435
529 0.7432448523386496
530 0.08796496102514481
531 0.20358679197736612
532 0.2503881610469213
533 0.4434738092185065
534 43.1941044501606
535 4.03720664250842
536 0.950424915846486
537 0.46457541567854177
538 26.73407314024188
539 1.444850410917262
540 31.999175197972967
541 0.47481530888264883
542 0.19195074487555652
543 2.1315794620113246
544 0.4141144227307387
545 0.9379103809654442
546 0.11548461926861836
547 2.785535512488247
548 0.04810478137066276
549 0.396249096683337
550 0.13293726729352676
551 0.8778465325739924
552 1.558062740134737
553 10.277586920450235
554 3.183372244715656
555 1.6631076236740197
556 4.463430224542433
557 1415.127612538436
558 0.12303979403475963
559 0.3253063952461129
560 1.0959579948545521
561 0.6785075019516845
562 0.24827005408492125
563 1.0565858477062338
564 0.21880726364671493
565 3.456585442027991
566 16.98225584041736
567 2.1342437221181014
568 4.525216456130774
569 1.5956876605792538
570 1.7277392450837716
571 14.099390663419069
572 0.11048916409914826
573 1.515901418262345
574 0.6567889049983859
575 2.8102023731297736
576 3.373642704559057
577 0.6592517262874896
578 0.03853951395279953
579 4.392059410036824
580 9.131183386613722
581 3.175735848186038
582 0.1268295260882777
583 1.6188761448901545
584 14.22214042636935
585 1.337670276735857
586 0.11277483152741806
587 2.1082428741706547
588 0.8442017919837945
589 37.197257049685305
590 0.4139983153448151
591 0.0915392910544556
592 0.2214894170024009
593 7.611473353647858
594 8.963984840363564
595 0.4891968092950954
596 1.9070741331841448
597 13.772147127451666
598 0.7351349699486974
599 0.5148758285470653
600 0.4288260169356368
601 0.7120330910330612
602 0.5840991016101181
603 0.8771182659223097
604 2.262530743237855
605 1.6195966966794706
606 0.7054878223496425
607 1.1236164373918933
608 19.68615159050822
609 0.19741399763252543
610 0.1390464044880306
611 0.9033300461720146
612 2.539013154138671
613 6.350421842759619
614 1.2381895405742367
615 9.350703016935196
616 1.082680868954301
617 0.23459686728998316
618 21.89615867741009
619 1.8711050490384162
620 1.8149112337576583
621 0.11466367378520168
622 0.7153997833234419
623 0.0899349071020723
624 0.041599023692729255
625 0.4827100069770866
626 3.365452349221375
627 1.47564606846796
628 0.022042548613841403
629 0.05536019827494225
630 0.0694015005260378
631 3.040672480229194
632 32.97954586372411
633 0.6001255218702205
634 3.384738323835648
635 0.5422978102874613
636 0.13423951577445242
637 0.7735583451557262
638 2.3028304028307427
639 4.160885009229745
640 1.0340961486426903
641 1.3997923212792451
642 44.78672658174211
643 11.651508178493518
644 1.4583053557417271
645 2.1672083422461075
646 1.1075997265986142
647 2.1570942652211986
648 1.3625241511955115
649 0.7065845117533961
650 8.481204506464483
651 0.05311939799659999
652 2.9331009476627448
653 1.300344649799851
654 0.07933098705818363
655 2.5563219668657067
656 1.0002733365461114
657 9.630366907022125
658 0.16363464533684516
659 2.392244777329749
660 0.37030523990580455
661 0.3083364475915502
662 4.050850135667219
663 0.34396209776227277
664 0.16238242440665293
665 0.4747214068386934
666 2.0828268534111647
667 0.23980524054973212
668 0.4715353347834982
669 0.2775069235982871
670 1.0564857749663892
671 0.33690070008044853
672 0.29570302377728597
673 3.423659251828117
674 1.257380057414092
675 5.72802074035385
676 2.423356196554301
677 9.158244646952577
678 2.420479487544293
679 0.1108806209599298
680 0.35316509649913863
681 0.2025694053815928
682 6.269721112066862
683 0.8263251430275423
684 0.2720344244920184
685 2.7308848757058266
686 1.865505845784081
687 0.368650640726169
688 0.11761457342417009
689 1.2455939530249063
690 0.8587105183425151
691 0.47240050320128524
692 1.5904290680433675
693 0.3753436342997617
694 0.12342462385333919
695 0.17795756111828456
696 0.837465207748523
697 0.297236333871585
698 0.5087574268225276
699 0.6262290125475046
700 2.092208529968989
701 0.3330943534231312
702 0.03918129979946902
703 1.0105818771418
704 0.6215586109124744
705 18.302438472057222
706 0.27053106967027246
707 0.0181293827839658
708 0.39004606123994023
709 0.24955644918779948
710 0.0659773715440801
711 0.2395523919391704
712 1.4821973560113766
713 9.137477562297043
714 0.007744814097664388
715 0.24299556260272456
716 0.3152554559263245
717 1.8082002505742034
718 5.489318930085861
719 3.212393967955263
720 0.2052028716885574
721 19.424448794715413
722 1.1111544883356497
723 0.9083975386374621
724 0.14586128586473585
725 2.23783856214983
726 19.96603547787645
727 0.19466259804386019
728 0.3805437615472663
729 10.160203879940488
730 0.2749989833694255
731 0.9096042559491652
732 0.020880137432303603
733 0.28773047754659764
734 0.09875214107579457
735 3.072911540166353
736 4.154838090355573
737 12.040548442817878
738 0.18540735606493455
739 1.1449597480947433
740 3.296875195991114
741 1.1416682004544016
742 0.2610929304050457
743 16.63703501048576
744 0.35482009624119937
745 0.551055181618753
746 0.3484116061042237
747 0.16332663146483842
748 0.6158653755661546
749 1.1809483421553446
750 0.9933351891900332
751 0.5552120403494477
752 6.9616491200289365
753 0.8200369874015975
754 0.2836543096440935
755 8.504083742836603
756 4.1116223378391545
757 3.883123944452286
758 0.15471677101120584
759 0.6222907076665609
760 1.2957898543414161
761 24.470034103301934
762 0.16686293939921895
763 1.8830969627081173
764 0.22412334773359743
765 0.5595238577263902
766 5.372058447081808
767 0.31608539423154375
768 2.5167591344321343
769 0.5497852742200597
770 2.8181345961667583
771 0.12292369245669457
772 0.03780005786175442
773 1.3955138499943005
774 0.9482025712809145
775 0.36293687998589663
776 7.179553942213831
777 0.07081385920687942
778 0.21063654849849953
779 0.8490293441727091
780 6.214055808752971
781 1.7336079117831902
782 1.8789738434961067
783 0.45839465060192897
784 0.4347148863181651
785 1.7017836529843215
786 2.081276057602234
787 0.04057608092311327
788 0.0007224782756518857
789 0.768839216272816
790 0.5358405117863381
791 1.1803178465848327
792 0.20088136187525557
793 3.413147263279467
794 2.6413753879630844
795 3.4012599278834297
796 1.3763156170184316
797 8.18348950811652
798 0.0030688418267040946
799 4.608476146290622
800 0.13926639437364713
801 0.6340039295315303
802 0.48164015170744356
803 0.12383520930877494
804 10.631097780576852
805 10.50982368120047
806 4.48448528078397
807 0.9051461557983347
808 0.5162939327276731
809 3.3026722982689556
810 4.386974585284621
811 0.45111933992209874
812 1.6578901896328535
813 16.02926881279876
814 1.0655493526680917
815 5.383608426412181
816 0.05984718907871199
817 4.483489767345137
818 0.453670121429958
819 0.29183856800165187
820 3.4334265040558645
821 81.78175540791825
822 4.600131786251378
823 0.13947650472441295
824 1.2561372555490844
825 0.48345363834733507
826 0.301895849633548
827 9.30389686639241
828 0.24559851067431027
829 1.6728285766569184
830 0.36055097236068884
831 0.3664890670171739
832 0.5105953470344173
833 13.209785444316429
834 30.311330273395317
835 0.4184324453888343
836 0.6762885542584129
837 0.39810171803468797
838 2.247104257452758
839 5.060236620041554
840 0.2911017791580652
841 3.758114114969157
842 0.10993643936006366
843 0.7185012833157172
844 7.059455367668259
845 1.9026719343780139
846 0.03812789702625538
847 21.021600449834533
848 0.10129649817360332
849 2.3172474770022906
850 0.30164565391826476
851 5.508125823209839
852 2.9374055613015817
853 13.78856244734133
854 1.0394030670001713
855 10.485462580000851
856 4.8020234299793145
857 0.21874973129174166
858 4.328402433315432
859 3.987426998519344
860 2.1484386074931567
861 0.08553840031949557
862 0.5372266167832612
863 5.28128580072391
864 0.24968322956862576
865 1.2460285118215584
866 2.2470664895275605
867 0.05337089001125373
868 1.4031620425191573
869 0.393139729747293
870 0.10360529533773834
871 7.603596859040595
872 0.014836595755067955
873 0.0808606793341764
874 0.23225345284655802
875 0.047618111232344495
876 0.02790961646358855
877 0.4682428728180173
878 0.0725287031614808
879 1.8141672070254018
880 0.780217261479621
881 2.3726003954987247
882 0.0621664517153166
883 0.9032869276510709
884 31.81762003606712
885 0.5773942072033258
886 5.557458397237796
887 3.069264397261936
888 4.422104358090851
889 1.9436324693382694
890 28.9954280752873
891 0.14846128517906723
892 2.2443039707826085
893 1.016299541059164
894 16.23656639250847
895 1.2451233158954547
896 2.3647156446112865
897 2.0689573634268004
898 2.5887820657453067
899 2.130844007552047
900 0.896896274271248
901 0.3630404318397111
902 15.429765543102313
903 3.210843269537979
904 2.680263381245085
905 0.01382405564835844
906 0.027788026769946027
907 5.165040610525023
908 0.5302534076277555
909 20.946878599120488
910 3.0938676622076855
911 2.3524594314144385
912 1.4829498469963471
913 0.1730463365907549
914 0.2635785866076901
915 0.09976291743416418
916 0.03798096648995286
917 1.2317216446823465
918 0.06337428907464472
919 2.781209130898322
920 0.9451453604645934
921 0.6700294773262353
922 4.4531509721144
923 9.995442270425233
924 0.20869448031141083
925 0.9987974214948698
926 20.556408271291915
927 5.660021303983094
928 1.5665005513015897
929 1.9293057141099144
930 0.5305087745947364
931 0.6276834983270715
932 0.387345155981552
933 3.3613541779719402
934 18.15848284103774
935 1.1245307295382128
936 12.324691456991719
937 0.10441843052133351
938 0.4170770533115794
939 7.890318352254025
940 4.78726074241056
941 0.13959201892565717
942 3.5694510416502196
943 0.38217029851403755
944 1.6672689546823964
945 0.7744281680428733
946 0.026505505693712527
947 0.16682629741864702
948 0.7121716262445384
949 1.5956655084632685
950 0.09714823086897652
951 2.186141770863726
952 6.400955290951207
953 2.5219784324106405
954 0.8907720324844582
955 1.116479814781453
956 1.7169254982373683
957 0.14394447926671253
958 1.0205751366784714
959 5.072260167613122
960 0.34006415287067104
961 0.21452959267962723
962 86.58696767143985
963 0.037460534248076126
964 0.04559181697680942
965 14.405660923849801
966 1.8795702184483245
967 0.611647792496343
968 1.4626926132907054
969 9.705092651827398
970 1.270700967178427
971 0.41881401440197935
972 0.24254000475050397
973 0.7010000225338778
974 0.37314135343974025
975 5.672417840404684
976 0.1843500489862763
977 0.4028767837028463
978 0.12011982242009381
979 0.4176307716177138
980 0.32916523946054194
981 0.24495700600191858
982 5.13499926460402
983 0.14033141657468165
984 0.6956823370381199
985 236.15174071281
986 0.2627196977729699
987 1.2445544244770825
988 36.41590376927588
989 0.32559349881123745
990 0.8318565777878905
991 0.4662050211834638
992 2.012320384929485
993 5.085163751093402
994 0.888620049593458
995 0.7645703178625531
996 3.684248928332587
997 0.3870687801441812
998 0.21162477464231838
999 0.03378860723696413
1000 0.011149022230569402
