1 7.485230534852251
2 6.896535329694079
3 0.8101174776582792
4 0.0057456966398870945
5 0.2245944663138205
6 0.7847057975083813
7 0.6370864269569524
8 0.7468757206971501
9 0.9824314136518217
10 1.9944475296268445
11 0.2630359963959772
12 0.20317229253229593
13 0.2765240218278054
14 0.8716674023163548
15 0.5944756905961842
16 10.018369239055525
17 3.371344512978223
18 0.17809587679478928
19 1.3657091588687287
20 0.6779174108686575
21 0.43360921773159417
22 0.9065650811625926
23 7.724918643359227
24 2.6229457240818603
25 13.692892890882757
26 2.8065169017912015
27 10.271351130896539
28 1.821382596518243
29 58.96911242506127
30 1.6564926802428497
31 0.6245183196491713
32 0.8807992678634133
33 8.352728469474615
34 0.47308007821418935
35 64.18209035257983
36 35.6614841423102
37 0.2140125315611529
38 0.3682718028515307
39 9.57778153015794
40 2.7145511455480755
41 37.17094163732994
42 0.25204645145040006
43 1.2703396605085135
44 0.6022662515250166
45 0.08599965074846082
46 10.575363966165215
47 1.4079126617966882
48 1.2342003244968542
49 22.18302174038918
50 0.08030520423896528
51 0.4662561120201386
52 1.6648050010216318
53 2.743532996850558
54 0.024444143081127266
55 0.539244437651287
56 0.8086162523350793
57 0.3564152768806605
58 1.0525990623876775
59 7.184950495737656
60 0.5483538002931353
61 0.37338754344873915
62 1.0708942375092985
63 0.22791847175863392
64 1.2800015024792732
65 2.4001112858539746
66 0.5058158450861742
67 18.108791606123482
68 19.569012666765204
69 1.055892584042541
70 0.3199715103023613
71 0.09153706636611054
72 3.587521695749994
73 3.43872677413904
74 0.9988328434051417
75 0.07472324887557849
76 0.25259712575736054
77 18.218692193672755
78 0.2624472120356669
79 0.41472263654674163
80 3.711003704817523
81 4.896413780663765
82 2.4575500651646753
83 0.4291129104871524
84 1.1146991416664846
85 1.308925991023458
86 0.10104312671938256
87 3.4708764282369273
88 0.14729355566416882
89 8.171088954661727
90 0.7326945718256203
91 0.4469184521531549
92 1.4502934907973781
93 0.1342659702902007
94 0.05084650629134177
95 0.3944328455949108
96 0.05516034924167597
97 1.0972462126559077
98 170.1295341442975
99 0.1271805077574994
100 9.312727600756606
101 1.1955684610479365
102 7.153042626971222
103 0.13175184403933818
104 0.11830900855007727
105 15.091798306694828
106 0.03347319725326952
107 0.8080547689030668
108 2.7873002003662535
109 1.6328620650660015
110 0.12010718555490348
111 1.0163169675830597
112 13.2069293245899
113 0.2421479918246635
114 1.769022806638113
115 3.508856147384412
116 0.9539612299420117
117 0.2182210347222603
118 0.19382967905978638
119 1.5945496859568298
120 1.8327365351823652
121 0.27006479524886573
122 0.6092490885167118
123 6.700526643375654
124 0.4001284224409516
125 0.0351668155503879
126 6.032779680260991
127 1.8617782414703261
128 1.4293730812848557
129 0.03840086211355713
130 1.3408035506357545
131 4.022422815393872
132 2.64075706249241
133 1.1691942151538657
134 0.03359832740020547
135 0.39162893386715725
136 0.14700872529894818
137 0.30108361135349054
138 0.011421637633152713
139 0.19463831139037255
140 0.5615925476644577
141 2.7836399226535566
142 1.1307845233338794
143 1.2851821179376923
144 1.438407424449289
145 0.17607612878664392
146 3.5531361973279356
147 0.9478137492039682
148 1.0593302449052724
149 0.6205142535907777
150 3.133765393527879
151 2.2053361247880634
152 6.843125372466053
153 5.550351446499861
154 2.6368263066877184
155 12.4337436484821
156 0.22448494816549738
157 0.2874093834710668
158 3.230017664859544
159 0.7096979799782454
160 0.9633859116771483
161 10.419218705483143
162 0.2653383590789972
163 0.07113164464593315
164 0.2843204983823708
165 1.353043684530793
166 0.7823211022834405
167 0.4633824219934214
168 8.09529974773237
169 2.5126233921170495
170 3.3064543278595844
171 2.66474981196287
172 2.558818246094677
173 0.07279714145030686
174 1.5242272343763072
175 0.5498199917933511
176 4.705033500276759
177 0.44140421163139415
178 6.1516378637269025
179 0.1548164161606015
180 2.430268362450139
181 0.40484917824251415
182 0.549774441730985
183 2.711482155088982
184 3.0056290079640515
185 1.6794692994072042
186 8.836242953985876
187 1.8869472359673825
188 1.4430469291816523
189 5.336776701282611
190 1.9465865778421159
191 1.833572707770305
192 0.9738508782380328
193 4.186111207759293
194 7.7415031985026195
195 1.7746925427595
196 1.5741417840953846
197 0.9270023943448495
198 0.35947296184568117
199 8.363870651110899
200 3.8808632153221962
201 34.62865947308836
202 3.0199154825604353
203 2.577412018468101
204 0.14636770558400156
205 1.404148601275279
206 2.0575112528238204
207 0.4134180181090994
208 20.66024204599666
209 5.186742661102118
210 0.15041880742899175
211 3.390388996117498
212 3.3538905375399333
213 3.503978245234125
214 3.6407453911308396
215 1.5801093030462605
216 0.256145884046879
217 0.18827461730966139
218 11.019414997663045
219 0.27935726171996633
220 3.35160422980655
221 1.1678883515605265
222 0.38330950755466053
223 9.604419751873431
224 3.913001443581821
225 0.5328968850158309
226 0.7121620250340279
227 3.4621042101982633
228 0.5039344044562871
229 24.508058255959273
230 0.814015924705171
231 1.0518871469751496
232 2.3977317165137872
233 0.19375374689491354
234 2.9146525284538707
235 2.3337623201457696
236 1.3143248855960663
237 0.0031560300401625176
238 0.6777597190092145
239 1.205409117256388
240 2.6851165538100874
241 1.8587464983662527
242 21.83408816379302
243 2.572939122286522
244 0.21910926739699857
245 10.460265988437838
246 2.5990391814188554
247 131.42628274607932
248 0.04196221015738178
249 1.9985038282160534
250 0.21730598794169761
251 0.08098200691913661
252 0.7253632966408327
253 1.7583480611672446
254 0.10908601039341358
255 7.143602684322648
256 9.55138430060077
257 2.367045275020296
258 1.7498342839868841
259 0.290159325139359
260 0.024776604703220954
261 0.12658746346316763
262 0.5271112055914154
263 1.909764888941213
264 5.007471583565341
265 0.006903942200182134
266 0.6819726591826765
267 1.0182126964082796
268 2.363638774024181
269 22.503446608975143
270 1.0029308210607772
271 0.7097686509040754
272 0.3484327263849012
273 0.2738539784054457
274 1.6439919048770062
275 0.007470385351994527
276 0.7175104277272631
277 10.567372534727246
278 0.616515656042257
279 0.4202958596737877
280 0.41852472965508375
281 0.8602012981447397
282 17.370188690025063
283 9.722204429572212
284 2.5589921766933017
285 0.03466999547296509
286 2.954004725846096
287 18.492919880374522
288 39.515727609295894
289 0.2934751758033357
290 0.33194002265697187
291 0.5623031508282749
292 0.013594316003835212
293 8.887618190797534
294 0.8518958684545723
295 2.136360609389119
296 4.916545918648317
297 0.5100428720987361
298 0.33598628678821385
299 1.7646554469891473
300 0.4770686738988564
301 4.485771129323149
302 0.09524657694174883
303 1.66196684006788
304 0.032574543552173985
305 5.795320042567002
306 1.4348487567028227
307 0.5493569487843389
308 11.688645954820553
309 0.8634673653847363
310 0.1784860732559909
311 2.2152765572547817
312 0.20344851017117838
313 0.5140256888008609
314 0.14456184818232
315 0.37054925977370445
316 1.1074479919128875
317 0.6142584776394877
318 0.22833576149041804
319 2.1146250779511906
320 0.11188676384295354
321 3.427865625316722
322 1.7710368446609284
323 0.0797819902335831
324 1.8433827948328272
325 0.5295930606587235
326 1.8033615677729093
327 1.8115856304221254
328 0.7740954190124293
329 2.9158867928800385
330 0.4212465653737809
331 0.11964032969418453
332 0.43970263754895444
333 2.205815419830148
334 4.101641012069373
335 21.472409706886815
336 1.6732293587671463
337 3.010122132484859
338 0.027779679419913796
339 0.3016604388241863
340 0.4067228822391315
341 0.27686707739819494
342 21.26754668928649
343 3.5103574311054615
344 0.24675931017524094
345 0.4592970872217843
346 10.60929445663384
347 11.446137159791867
348 32.756307045502126
349 0.5116304221727763
350 0.16443372870260164
351 0.25271163120353607
352 0.22384329134715103
353 381.8398570672455
354 54.748113322713486
355 57.3224944363587
356 0.7977396455118942
357 4.673468812113452
358 0.39488888987562787
359 1.774194246962913
360 0.006571159496614965
361 0.1847297293966298
362 0.38491758784532465
363 11.362821834575545
364 3.2123145156475137
365 0.8449524459140703
366 1.523540668959465
367 2.664784648007163
368 4.141366161334507
369 0.46343172389391507
370 3.979529614564572
371 5.838774065841728
372 0.1350082363080159
373 0.4784616648635269
374 0.7808204164079113
375 0.027438450953222407
376 3.265335500664508
377 0.10387995849551065
378 4.239045372536265
379 0.005146780484286896
380 2.632409439861227
381 6.499974968169196
382 22.423953989374393
383 2.7209946042949102
384 0.5356289090447447
385 2.8185542425733017
386 2.3218181525593455
387 0.5251520151038628
388 0.8270138023052168
389 0.15142030918418564
390 0.19285227952996253
391 0.3391223307887931
392 0.8567724282221844
393 3.30578496986894
394 0.5070662116863839
395 7.047392226098473
396 0.1379656347806783
397 0.025355141462401903
398 0.5226182704924652
399 0.08081186174660145
400 0.03883150305908461
401 0.5794438990614494
402 1.0412569157941298
403 0.06688965167773811
404 0.13782358314612103
405 2.8478330810825976
406 0.05011255191430985
407 2.299363732897141
408 0.012712431270918001
409 0.26083283917790057
410 2.201037079047539
411 1.471160176930967
412 61.87817268825336
413 0.011171083404388648
414 3.324586328692511
415 0.19638465659229606
416 13.69200922510597
417 4.655553886050462
418 8.714708453335051
419 0.4246096772563237
420 0.6681304716301424
421 0.42818748307617266
422 0.10990418630311903
423 0.2746627886940742
424 7.401425926467416
425 0.4664152216306355
426 0.11177438627244418
427 2.9267139538249873
428 1.5089852680410913
429 2.1157998161247984
430 1.0363947067340513
431 0.41035161041813906
432 1.3647969114323524
433 2.8095058324764284
434 0.7034904951477801
435 0.3302042603147109
436 18.085684385840512
437 30.521831213089442
438 0.6719413563524095
439 25.88767022192864
440 1.1724007793422233
441 4.623150057116594
442 0.5769007544449882
443 1.8888575564321592
444 0.00906797763556395
445 0.1522026799159472
446 2.4313348309307
447 0.10739948203639095
448 0.4386790656466793
449 0.9345579205487051
450 3.1396555293292336
451 35.820100448451115
452 1.1579488360394705
453 0.04182942473299751
454 1.2330597073804443
455 1.4292218502558771
456 4.5123952477105576
457 16.509162308371952
458 1.4233081730179802
459 4.76778231830553
460 8.499391611401082
461 2.088099973799331
462 5.732518478934981
463 0.5692548317966759
464 1.1221894782379922
465 0.1541852936052017
466 0.25835076352819175
467 73.03137388955713
468 0.12918517442382257
469 0.34372305535567516
470 1.6047174274153764
471 1.920931052284932
472 0.24141443751113126
473 0.4130708514220318
474 18.182878586118346
475 3.341347252024134
476 1.17773763210559
477 2.149779552466481
478 6.655104343762048
479 0.022287695566651448
480 8.741708757737937
481 0.5623324213457013
482 1.8741062215724544
483 0.3941509821620335
484 0.5937747297001488
485 0.4476464878452066
486 0.04235546418368216
487 1.381389723221441
488 0.14957187360373767
489 0.29995360008131866
490 2.943599806704492
491 0.423194218684078
492 0.17615362327731857
493 0.3102661587101306
494 1.225244459112379
495 2.3386935285548294
496 3.6495711182346917
497 3.8782810137742083
498 0.32922625589455723
499 0.547473254180343
500 2.234458304198425
501 1.086963915283734
502 1.696580006731579
503 11.100283722519642
504 3.2086701734173957
505 2.6294405642530063
506 0.46955959370957157
507 0.3657820736196542
508 39.73708119691648
509 0.6329194416652426
510 0.9070941671641148
511 0.14563305262203438
512 0.048838545418301536
513 1.606979870940072
514 2.255777532973861
515 8.648003357292314
516 0.3976563069754097
517 0.8896748390003105
518 0.12996421242704626
519 1.9303217655773877
520 0.10039083962267782
521 3.1065196332612866
522 4.774792700031355
523 0.06791856655959476
524 0.28587795239081226
525 0.7613394298477398
526 0.24072160275753862
527 0.9090369405652162
528 0.010692887563809
529 1.3654735551436192
530 0.899950250652478
531 11.954394044276352
532 8.657277080017293
533 0.0870941498541007
534 0.2927084346098963
535 0.03811277094192555
536 0.4771665557543702
537 1.479920155880619
538 6.231464642482583
539 0.16961664684179467
540 1.905481308647862
541 1.183567373317173
542 1.743059496805202
543 1.447439751121287
544 0.1770832688664979
545 3.701377957354164
546 0.34311253893491245
547 0.24112350397855528
548 1.7334175827262848
549 4.318244707318815
550 0.5289704277164269
551 0.2342121238354359
552 0.416834312912969
553 25.833166349781173
554 0.3761674516264753
555 0.2638164816260655
556 6.3731654134779685
557 1.7619257822353462
558 0.5887160179917034
559 2.443369794788327
560 0.17416280444811696
561 11.110965223562934
562 3.733565759748799
563 0.6293093451890245
564 0.08341656213688062
565 1.5556219952607615
566 4.798615725767234
567 0.31480180024550003
568 1.5844851045089359
569 0.7823436176776056
570 0.13851986783186981
571 1.0317076522614321
572 0.37449815331495545
573 0.4025508906930388
574 1.3055432055316984
575 6.210126510043123
576 3.00708792455026
577 2.1202589216261267
578 19.74468005386481
579 93.11670902190504
580 0.047294693974038446
581 0.7262908439914035
582 0.054969811139567885
583 0.4019072835141318
584 35.80922967436785
585 12.170981896269303
586 3.302159000656449
587 49.16695507504127
588 9.404753333591845
589 12.511321331752702
590 47.82856257134136
591 2.7701659964450553
592 0.09178057174069977
593 0.70291757062148
594 4.223944347375814
595 0.35889251703088826
596 0.9220529097050977
597 9.846708147958784
598 7.216430890846272
599 1.353122893881829
600 0.5409727616530192
601 0.47219571464051
602 0.764833265018288
603 0.4367053689929865
604 0.07168811950080474
605 3.6517697393504505
606 6.703706731489673
607 0.3363888622418696
608 8.101046609259775
609 2.184249903607436
610 10.287442864420445
611 0.9770096479373459
612 0.3776113008537987
613 0.05748439428095581
614 0.16968630759676237
615 0.5581517194361647
616 0.7890926381272859
617 0.9968096162138437
618 0.05076805973279681
619 0.06732951080456645
620 0.6641252073121343
621 62.561419358950545
622 0.11169055391587203
623 4.5665561181098
624 4.723946451990971
625 0.41289264360903
626 4.413764061127537
627 4.128943046916795
628 2.7303689730150764
629 0.5717392884393094
630 0.460515860019694
631 12.876764427477271
632 0.47925837243185737
633 0.5926841826974086
634 0.2843572639478277
635 0.6583428674807321
636 0.014292684143478881
637 0.2925023896698277
638 0.0660189667797143
639 0.21414574281294246
640 0.7571366841072557
641 0.8422074104814156
642 29.55812617043726
643 0.19185793023728098
644 0.2899361905290149
645 8.183280096549057
646 12.00760259077781
647 0.3287217960841282
648 0.32692640968057435
649 146.9322444534396
650 1.5397664678910976
651 0.6585891122813471
652 3.239156604759131
653 3.1536193584819032
654 14.763085710428607
655 1.6139266858061896
656 30.820110067693733
657 1.6036671745313582
658 0.0004897235120805868
659 0.6248453514253959
660 5.38180024131258
661 0.3093430228664646
662 2.2818954499460005
663 0.8137817121618673
664 3.6741291441272135
665 0.20738840580249174
666 0.6871443139199017
667 0.24670102697559498
668 3.3965619418504995
669 1.0194766813471727
670 0.8170087308085822
671 2.7381782686158824
672 1.304807476157521
673 17.124225728222083
674 0.08343912852927375
675 0.5059776384609856
676 2.287906068177828
677 1.335118055777865
678 0.20672835033380238
679 8.818204277204611
680 0.866574466937499
681 0.08247967274066409
682 0.4268212763184283
683 1.1133165913867833
684 0.9712040610046668
685 5.070314250308065
686 1.4578784766523194
687 75.90529554987957
688 1.2683859326791036
689 1.0355742336129712
690 2.792807198363165
691 0.30816900523047325
692 1.6661651422796662
693 1.6055244848678552
694 0.42974526832423504
695 1.5188831268229304
696 0.35780701179314606
697 0.900605734622756
698 1.2349385505360535
699 0.10905176593542898
700 0.6210175325504634
701 0.28023507464847974
702 54.379640903357284
703 0.27504807879735094
704 0.3560871228249465
705 0.8067181603736684
706 2.097468361995873
707 0.33367085522431467
708 0.09543232612222931
709 3.0258489709749945
710 3.563210299307786
711 1.0108073228916064
712 0.2970696499991539
713 0.6175483151403199
714 8.836664166357163
715 0.3386151393289247
716 0.2867133418761533
717 1.0324587326536736
718 0.1273485036127292
719 3.00178733028734
720 2.2304233469303587
721 1.9994199390130531
722 1.295838577698735
723 0.20416895757489076
724 2.49583301886593
725 2.2958735846264298
726 0.22533730201164662
727 2.6880432970512236
728 1.4915585191542102
729 0.018959373942903722
730 0.2799214368651621
731 6.594953847176582
732 0.8741117626513631
733 0.7211156634932531
734 0.08555788710341009
735 82.23359628080249
736 62.683022856044275
737 0.11540067091789068
738 0.26737208358650155
739 4.75989050604971
740 2.1420694706703167
741 1.1698122882347988
742 0.30683463547825846
743 3.4554742680892354
744 1.4879890180232411
745 6.3933185492534355
746 4.7372684193633665
747 2.172755055202709
748 1.0089956836564953
749 0.45137462682615653
750 7.831106559015908
751 0.25461560099002345
752 0.019655896028595448
753 0.46263549959150935
754 1.478076045276003
755 6.759978032869002
756 2.297026869666882
757 3.1604212338195206
758 1.7642733087602802
759 0.4137865383253766
760 5.797015259943924
761 1.4639788389416457
762 0.04240532742709609
763 2.0781259323027634
764 0.1654901427603574
765 256.4681772082524
766 2.401374659163023
767 0.8294570643205091
768 1.5691330080326467
769 12.83312301386181
770 1.1633512888532846
771 0.04455334095606444
772 0.04291779355955304
773 2.6920907296487298
774 0.4442552851419244
775 0.6705616148985837
776 0.02675322514141361
777 5.759931936690787
778 0.11749624059938331
779 13.176137626215972
780 0.13982478930036654
781 9.982347477898509
782 0.5496435930678615
783 10.618730444976071
784 2.0124780438169103
785 1.0498996842655306
786 0.34586504772782606
787 1.5430707473725853
788 1.2024710880878153
789 0.0020860271250598586
790 1.3196302865575764
791 3.2910534284266157
792 5.878540708488438
793 0.7739584049172071
794 3.852962632382552
795 0.4700319902393396
796 0.8182308149895177
797 0.27951288269652363
798 0.11394033587887346
799 2.136501404974429
800 1.0572625963959756
801 0.3842571891485631
802 266.88844933048654
803 0.9704865657122269
804 0.4156025446973174
805 0.19327048380110914
806 0.4099959803577763
807 1.689369805011308
808 3.3900509491539372
809 0.8895412792533923
810 0.2649585527196212
811 0.5573234505426601
812 8.233465305873654
813 1.6200939572254498
814 1.9017194492330505
815 0.26365995673332254
816 0.6100443543014534
817 0.9437217407639367
818 0.017176904585202196
819 0.005860703067499504
820 0.5473588832110179
821 24.333627931288554
822 3.1300586789036866
823 8.106144297684615
824 1.2319658187992126
825 3.6931429930700683
826 2.0284036437477226
827 0.008985798704258955
828 0.5371300871562625
829 3.5256818573395337
830 4.4598904403440764
831 3.0362207552812084
832 3.6159401684184025
833 3.980932195741165
834 0.15048515215796016
835 1.1732826954125122
836 0.536619967162181
837 0.21970956257621016
838 5.381618800734792
839 0.5997444075584167
840 0.8669839467533216
841 0.9080379497760054
842 0.6579091756701573
843 5.268291313404676
844 0.3786677376413232
845 0.22666426805575615
846 0.015861659705945955
847 0.09202256475687438
848 4.062122371278151
849 1.833591906097642
850 0.7141217166146088
851 0.061098819448551576
852 2.2410113630018667
853 0.0029699817002554374
854 1.1496251985832144
855 0.8636411719196695
856 0.5697255218296392
857 0.0780119644338878
858 1.3377118054301012
859 20.025438312681445
860 1.5185360910831571
861 2.5409165928972968
862 0.3859141632453333
863 1.3421668360999655
864 0.9204578444724003
865 0.3763179330777305
866 0.08965128729973365
867 8.753365191811824
868 0.35123547215296075
869 6.591316486773645
870 0.7434634579654794
871 64.42755973124534
872 7.532127557822797
873 0.10055423466072679
874 0.12466862798344235
875 0.23922934574387314
876 0.5184102024118632
877 0.04111461580141231
878 0.15707174453327194
879 1.0373137345984025
880 1.7350718242751915
881 22.359299988734097
882 1.1268128178102714
883 1.7013249683921114
884 41.79856832329033
885 0.761940530644564
886 1.551115426387155
887 9.295799513438913
888 0.7895478742560442
889 0.00203996864870378
890 0.04766306339169632
891 2.0155527741874844
892 54.09118491612196
893 0.2524886927546195
894 0.11205832189374013
895 3.895505481325752
896 0.7564946691782298
897 1.7035356400152228
898 0.04656262241507123
899 0.43975385611541995
900 2.044082317755749
901 0.9661651260100419
902 0.4852961306796236
903 2.827138607425664
904 2.7626406992699843
905 26.155679328435546
906 0.16110448374803144
907 1.276851056300053
908 0.6358151642718232
909 0.05434563601740282
910 0.08266817364072906
911 0.1614108886278181
912 0.16239075152935856
913 5.304961503323155
914 0.05506094089516107
915 110.04446732611633
916 0.1158519973815103
917 0.45847875440758595
918 0.22936462350874826
919 0.008575637056188995
920 0.13640810355470961
921 0.9024505047576131
922 0.26157168214856863
923 2.1301585686964324
924 0.5913545040449315
925 0.5675680156975775
926 3.184508384096367
927 9.410702294106864
928 1.302432208793791
929 0.5371778311699977
930 0.051176630727567556
931 6.848450777519467
932 0.36423329476211097
933 325.9488439716692
934 0.3763736031122017
935 0.19439180344517723
936 0.13822837464065593
937 2.653333009979084
938 3.122926033332109
939 0.8181828404506545
940 0.2618425566372269
941 0.38031132214395474
942 1.4945962587057806
943 2.972818838466981
944 0.4095796399434796
945 1.1224499757357858
946 0.4730733142106291
947 0.9646626758230612
948 1.0098058422144267
949 5.930786675485628
950 2.835907010239719
951 0.07055806206380939
952 4.246857891384492
953 0.7877211753137896
954 1.5547428201140345
955 0.567581710043653
956 0.9017772316987712
957 5.7018217051127555
958 0.04497635454767684
959 30.593721110722836
960 0.4494604262458361
961 0.09602202356166224
962 0.01581955893986866
963 1.9482854809142534
964 1.483484521370858
965 0.014144076586920917
966 0.5725191653636239
967 0.1765989195047871
968 3.2500190955373762
969 0.2498603685025006
970 11.329145225347904
971 1.3215116039502282
972 1.3579641134405604
973 0.3801800399367663
974 2.9361408184834827
975 0.04111840468557826
976 1.002058878026771
977 0.17758960346301683
978 23.834408375491268
979 4.428781070601251
980 1.3319000655444306
981 1.5049392918062532
982 10.847031466887449
983 0.7613116986256758
984 0.792251899654516
985 3.067580839181307
986 16.846518667996197
987 1.7301644095256825
988 0.0035266027773565305
989 8.711866736261863
990 390.6212577962071
991 0.11557673037149718
992 3.163527413808985
993 0.12655154140521518
994 3.258322506500786
995 0.4679042993391483
996 0.5851298884370473
997 1.7059585254294627
998 10.671131115223595
999 0.31583077374414764
1000 0.20514869396347205
