2 587 113
2 931 115
2 871 870
2 305 708
2 208 735
2 927 346
2 905 146
2 947 307
2 422 174
2 355 412
2 410 278
2 903 105
2 884 150
2 267 179
2 49 442
2 505 983
2 89 918
2 741 423
2 793 266
2 623 242
2 482 856
2 713 652
2 395 417
2 454 210
2 815 689
2 766 156
2 26 257
2 272 888
2 312 736
2 126 370
2 493 339
2 667 773
2 231 161
2 484 750
2 280 190
2 806 419
2 980 639
2 554 398
2 948 905
2 741 342
2 508 613
2 238 602
2 757 407
2 339 165
2 723 18
2 531 915
2 340 520
2 7 832
2 672 568
2 890 399
2 256 365
2 88 257
2 122 696
2 69 989
2 762 615
2 837 544
2 195 537
2 607 503
2 953 213
2 954 996
2 692 190
2 405 940
2 664 214
2 256 808
2 233 293
2 632 37
2 166 698
2 789 172
2 51 93
2 627 105
2 825 333
2 947 543
2 867 427
2 621 797
2 5 188
2 502 260
2 815 394
2 456 488
2 317 97
2 374 415
2 762 495
2 209 382
2 491 571
2 414 88
2 122 585
2 930 265
2 131 320
2 386 392
2 388 599
2 537 423
2 177 962
2 915 74
2 445 616
2 92 729
2 444 548
2 967 98
2 894 164
2 585 158
2 443 603
2 89 85
2 273 693
2 582 356
2 938 753
2 218 626
2 517 116
2 66 728
2 296 271
2 96 384
2 643 945
2 651 535
2 325 476
2 57 929
2 787 824
2 565 789
2 134 368
2 177 89
2 827 382
2 312 678
2 746 464
2 297 541
2 398 848
2 111 677
2 75 16
2 718 18
2 546 917
2 295 512
2 264 336
2 16 300
2 13 162
2 545 368
2 154 237
2 966 904
2 370 87
2 705 852
2 223 158
2 608 144
2 8 524
2 276 745
2 648 466
2 134 297
2 302 202
2 872 892
2 21 805
2 398 48
2 37 698
2 75 44
2 559 581
2 90 479
2 596 748
2 285 869
2 646 884
2 330 33
2 342 572
2 84 76
2 734 912
2 856 291
2 769 270
2 72 591
2 410 474
2 332 57
2 978 533
2 924 265
2 744 114
2 608 870
2 867 133
2 588 535
2 689 922
2 276 447
2 991 785
2 654 335
2 771 877
2 440 192
2 540 118
2 79 849
2 154 301
2 492 172
2 684 253
2 41 446
2 675 187
2 571 459
2 537 652
2 184 502
2 281 761
2 230 769
2 597 87
2 827 57
2 588 789
2 515 2
2 940 444
2 795 223
2 831 609
2 976 401
2 122 566
2 934 146
2 518 327
2 679 183
2 928 482
2 334 171
2 76 765
2 964 360
2 277 694
2 850 248
2 230 161
2 387 80
2 931 48
2 787 824
2 965 984
2 496 661
2 765 972
2 923 516
2 757 328
2 500 602
2 3 431
2 109 423
2 298 224
2 312 660
2 651 266
2 673 578
2 124 161
2 712 371
2 399 854
2 610 745
2 323 608
2 924 984
2 177 388
2 191 468
2 351 474
2 206 107
2 776 291
2 939 474
2 404 783
2 883 701
2 13 253
2 708 175
2 549 444
2 746 655
2 991 365
2 105 18
2 664 40
2 613 310
2 17 270
2 603 494
2 134 932
2 411 123
2 706 236
2 512 801
2 931 353
2 40 509
2 267 715
2 778 665
2 517 870
2 10 141
2 222 506
2 690 430
2 892 929
2 422 840
2 39 270
2 322 628
2 64 346
2 500 84
2 631 735
2 112 884
2 736 905
2 443 2
2 339 639
2 842 765
2 49 387
2 674 484
2 290 489
2 32 83
2 170 623
2 561 855
2 330 90
2 245 340
2 772 927
2 146 808
2 910 596
2 53 142
2 57 456
2 829 48
2 703 12
2 605 310
2 92 234
2 125 29
2 547 89
2 716 642
2 209 383
2 366 897
2 465 483
2 219 446
2 327 585
2 179 826
2 554 674
2 279 558
2 100 72
2 451 260
2 959 978
2 166 784
2 296 375
2 936 395
2 341 161
2 23 735
2 438 523
2 30 329
2 612 347
2 345 908
2 529 196
2 149 257
2 894 534
2 172 530
2 449 115
2 871 957
2 646 304
2 442 186
2 697 770
2 393 832
2 863 961
2 771 831
2 592 266
2 734 761
2 746 595
2 897 452
2 627 426
2 646 626
2 997 924
2 791 404
2 454 171
2 453 126
2 68 332
2 667 63
2 621 475
2 986 326
2 307 122
2 857 450
2 823 402
2 436 158
2 99 636
2 140 199
2 596 86
2 404 560
2 533 665
2 243 877
2 953 817
2 809 812
2 788 522
2 677 983
2 37 452
2 452 620
2 49 782
2 652 448
2 757 526
2 986 1
2 117 899
2 256 495
2 213 568
2 768 925
2 54 735
2 385 858
2 794 875
2 64 925
2 98 138
2 25 684
2 711 704
2 353 458
2 547 990
2 538 625
2 106 67
2 275 147
2 676 847
2 594 631
2 677 646
2 856 386
2 490 491
2 239 893
2 411 84
2 694 813
2 253 360
2 35 264
2 101 313
2 869 803
2 484 999
2 303 982
2 933 362
2 600 167
2 872 560
2 426 476
2 284 681
2 579 900
2 896 746
2 127 809
2 975 972
2 884 210
2 532 755
2 481 181
2 338 466
2 54 944
2 369 983
2 293 297
2 551 244
2 583 455
2 921 208
2 984 185
2 781 278
2 746 224
2 505 420
2 459 309
2 332 558
2 30 813
2 913 566
2 512 186
2 253 224
2 170 988
2 890 827
2 800 584
2 955 917
2 531 468
2 180 218
2 643 74
2 139 642
2 240 202
2 177 949
2 529 280
2 441 644
2 543 993
2 781 74
2 176 717
2 61 89
2 524 840
2 213 592
2 907 242
2 482 541
2 934 543
2 893 370
2 713 175
2 465 308
2 509 302
2 716 131
2 337 746
2 452 701
2 201 796
2 714 731
2 531 775
2 402 213
2 509 396
2 544 535
2 907 595
2 146 944
2 745 630
2 603 49
2 384 562
2 895 972
2 693 739
2 405 73
2 487 313
2 112 125
2 799 303
2 677 990
2 864 698
2 60 355
2 288 573
2 700 678
2 735 850
2 24 496
2 269 143
2 263 474
2 965 514
2 209 255
2 17 600
2 703 655
2 867 649
2 298 534
2 340 809
2 425 445
2 997 513
2 407 135
2 55 324
2 592 345
2 426 117
2 367 193
2 652 115
2 517 40
2 230 681
2 5 181
2 863 310
2 934 25
2 729 800
2 604 889
2 246 516
2 13 544
2 146 475
2 859 408
2 898 601
2 300 111
2 994 870
2 377 229
2 369 593
2 129 1
2 31 3
2 668 650
2 426 510
2 311 244
2 389 600
2 732 74
2 159 155
2 20 876
2 7 100
2 7 552
2 512 982
2 816 900
2 545 426
2 104 554
2 873 77
2 403 805
2 166 433
2 126 218
2 702 833
2 521 538
2 120 903
2 430 707
2 881 651
2 278 37
2 942 560
2 965 176
2 641 309
2 874 236
2 871 70
2 668 227
2 776 401
2 7 374
2 828 326
2 412 720
2 284 928
2 714 844
2 202 680
2 272 636
2 743 343
2 366 922
2 756 110
2 788 379
2 521 641
2 497 988
2 241 599
2 786 79
2 604 503
2 133 208
2 615 805
2 583 454
2 3 110
2 414 891
2 819 488
2 185 67
2 444 302
2 962 427
2 411 758
2 411 473
2 741 654
2 488 678
2 501 553
2 323 918
2 594 213
2 672 685
2 89 227
2 701 292
2 346 902
2 815 900
2 852 944
2 794 47
2 193 822
2 845 625
2 946 941
2 857 91
2 141 110
2 857 151
2 126 731
2 70 570
2 777 616
2 234 395
2 528 310
2 149 862
2 872 386
2 910 391
2 591 779
2 202 579
2 829 385
2 168 34
2 434 269
2 899 550
2 463 91
2 758 81
2 476 165
2 728 238
2 487 361
2 480 344
2 789 117
2 69 989
2 32 116
2 697 1
2 539 938
2 756 303
2 126 806
2 396 960
2 710 868
2 202 225
2 440 574
2 94 987
2 482 603
2 788 435
2 514 285
2 284 419
2 348 751
2 728 214
2 714 367
2 388 397
2 398 592
2 879 363
2 247 729
2 427 74
2 213 508
2 440 368
2 369 659
2 975 314
2 288 698
2 696 2
2 442 552
2 582 416
2 722 423
2 372 358
2 932 888
2 65 712
2 435 175
2 736 499
2 405 877
2 465 174
2 973 934
2 75 379
2 605 673
2 311 593
2 447 56
2 15 572
2 615 389
2 741 42
2 654 602
2 182 515
2 150 489
2 625 817
2 806 955
2 125 546
2 769 143
2 53 867
2 311 453
2 708 729
2 255 489
2 797 426
2 694 352
2 698 933
2 320 619
2 136 235
2 137 318
2 432 780
2 327 237
2 437 731
2 169 811
2 560 898
2 721 423
2 347 91
2 575 382
2 41 614
2 608 279
2 520 390
2 954 567
2 194 172
2 590 308
2 730 476
2 918 12
2 788 814
2 642 768
2 415 599
2 892 111
2 665 5
2 390 699
2 646 497
2 415 239
2 57 356
2 69 234
2 924 37
2 125 736
2 700 380
2 598 960
2 530 305
2 459 475
2 963 339
2 94 349
2 654 126
2 302 66
2 751 686
2 676 526
2 631 617
2 447 942
2 51 148
2 149 946
2 137 397
2 259 293
2 493 679
2 679 357
2 763 711
2 749 962
2 438 160
2 758 603
2 820 491
2 712 555
2 414 355
2 206 611
2 72 624
2 846 285
2 265 389
2 856 822
2 344 543
2 564 530
2 676 978
2 32 62
2 447 6
2 995 902
2 170 110
2 410 617
2 747 57
2 630 548
2 500 625
2 722 86
2 170 707
2 353 749
2 958 971
2 514 990
2 589 815
2 976 872
2 243 526
2 199 431
2 965 294
2 869 122
2 597 612
2 798 506
2 539 176
2 136 644
2 539 778
2 466 336
2 420 135
2 68 710
2 920 572
2 248 28
2 561 645
2 534 596
2 376 377
2 15 878
2 406 374
2 921 644
2 476 949
2 798 83
2 756 135
2 106 210
2 924 151
2 661 510
2 677 394
2 776 37
2 965 779
2 759 945
2 175 297
2 7 287
2 282 702
2 934 379
2 317 568
2 262 155
2 589 58
2 112 161
2 131 493
2 244 678
2 710 628
2 132 301
2 615 87
2 699 954
2 910 279
2 894 770
2 445 477
2 615 970
2 2 458
2 203 933
2 597 945
2 323 205
2 959 788
2 908 355
2 714 653
2 662 252
2 86 612
2 500 124
2 720 681
2 861 690
2 672 544
2 380 895
2 72 882
2 208 535
2 654 941
2 59 471
2 202 541
2 873 224
2 854 591
2 455 566
2 459 142
2 16 115
2 909 476
2 277 578
2 942 829
2 629 691
2 474 519
2 669 820
2 38 248
2 78 172
2 134 670
2 990 428
2 500 722
2 547 430
2 282 303
2 409 353
2 240 42
2 840 251
2 388 734
2 945 25
2 389 895
2 386 438
2 708 304
2 511 617
2 246 614
2 605 952
2 487 381
2 723 719
2 851 265
2 610 484
2 24 277
2 50 374
2 170 805
2 60 878
2 807 711
2 81 801
2 714 73
2 241 834
2 197 997
2 160 969
2 248 477
2 885 94
2 973 894
2 472 448
2 937 181
2 804 367
2 936 762
2 934 972
2 319 660
2 336 480
2 45 970
2 935 978
2 965 171
2 255 80
2 187 446
2 534 677
2 375 755
2 998 473
2 821 302
2 724 234
2 472 330
2 618 135
2 719 706
2 515 477
2 197 818
2 572 993
2 614 750
2 388 711
2 937 475
2 99 883
2 622 404
2 906 887
2 288 582
2 1000 909
2 862 364
2 21 769
2 853 184
2 255 738
2 675 258
2 714 92
2 841 251
2 187 402
2 421 275
2 878 118
2 448 461
2 607 133
2 405 324
2 184 338
2 741 498
2 834 34
2 809 158
2 8 777
2 328 458
2 5 644
2 797 517
2 343 242
2 726 625
2 993 802
2 469 918
2 317 185
2 276 764
2 159 24
2 440 39
2 378 471
2 695 5
2 223 187
2 957 202
2 154 572
2 463 95
2 831 107
2 10 397
2 768 653
2 469 307
2 271 64
2 613 949
2 21 194
2 384 347
2 706 796
2 554 863
2 60 641
2 470 25
2 267 172
2 159 144
2 314 958
2 91 251
2 699 166
2 434 381
2 486 874
2 312 541
2 894 633
2 599 220
2 740 655
2 291 670
2 834 171
2 882 914
2 44 525
2 942 146
2 92 590
2 851 980
2 47 816
2 334 487
2 462 12
2 664 283
2 726 120
2 636 949
2 740 473
2 118 541
2 292 929
2 125 347
2 86 449
2 947 274
2 788 224
2 145 419
2 85 752
2 60 469
2 745 602
2 75 271
2 494 430
2 498 208
2 486 339
2 692 55
2 561 752
2 336 347
2 232 177
2 11 485
2 322 488
2 661 949
2 779 660
2 702 181
2 246 427
2 379 958
2 977 464
2 948 73
2 234 506
2 937 555
2 44 914
2 818 648
2 907 824
2 119 559
2 99 498
2 882 352
2 834 693
2 989 356
2 182 268
2 453 202
2 620 811
2 8 857
2 607 526
2 800 111
2 552 384
2 551 38
2 162 384
2 76 19
2 963 965
2 312 916
2 421 288
2 730 851
2 500 832
2 777 83
2 673 453
2 333 171
2 232 571
2 914 26
2 198 535
2 530 180
2 6 455
2 323 931
2 56 658
2 146 222
2 567 952
2 637 51
2 831 883
2 104 996
2 756 782
2 787 770
2 14 177
2 443 645
2 49 194
2 41 899
2 1000 598
2 664 7
2 142 393
2 998 138
2 956 996
2 828 802
2 969 473
2 241 89
2 230 809
2 796 660
2 149 226
2 809 116
2 948 675
2 646 310
2 507 146
2 564 458
2 889 135
2 219 46
2 994 695
2 520 467
2 355 356
2 627 360
2 782 6
2 25 624
2 168 135
2 611 698
2 878 960
2 272 18
2 277 652
2 259 475
2 160 190
2 575 511
2 162 457
2 468 664
2 797 204
2 869 873
2 388 989
2 746 780
2 779 846
2 662 249
2 836 600
2 643 770
2 978 43
2 298 10
2 73 375
2 759 27
2 783 254
2 45 850
2 786 559
2 726 461
2 1 583
2 778 27
2 773 52
2 478 268
2 630 370
2 539 27
2 934 390
2 78 709
2 482 712
2 487 737
2 669 898
2 366 531
2 320 933
2 278 842
2 970 775
2 119 188
2 741 841
2 771 477
2 618 466
2 821 663
2 795 185
2 494 772
2 154 649
2 343 96
2 834 791
2 710 917
2 256 315
2 804 744
2 723 304
2 909 940
2 701 558
2 830 683
2 337 335
2 105 159
2 402 295
2 68 751
2 532 355
2 3 235
2 491 698
2 41 326
2 354 992
2 246 931
2 419 113
2 226 795
2 785 253
2 636 441
2 265 437
2 421 593
2 911 842
2 707 563
2 41 93
2 730 320
2 638 287
2 852 358
2 654 993
2 942 687
2 312 439
2 195 280
2 107 715
2 295 394
2 421 315
2 164 473
2 446 438
2 120 521
2 372 866
2 744 277
2 871 727
2 697 366
2 635 944
2 196 347
2 203 483
2 487 467
2 256 275
2 334 278
2 614 534
2 237 741
2 921 620
2 325 507
2 589 289
2 672 743
2 470 868
2 78 655
2 244 381
2 742 401
2 7 996
2 707 378
2 539 997
2 206 894
2 795 687
2 733 58
2 825 497
2 285 175
2 540 129
2 195 651
2 798 782
2 594 644
2 452 417
2 809 493
2 24 855
2 77 127
2 965 562
2 533 940
2 23 866
2 369 755
2 934 397
2 917 427
2 828 214
2 142 235
2 294 687
2 704 129
2 172 347
2 400 375
2 119 874
2 760 791
2 710 686
2 620 43
2 672 256
2 92 285
2 825 196
2 289 220
2 736 751
2 327 764
2 104 89
2 685 858
2 98 183
2 681 711
2 265 679
2 311 933
2 143 218
2 810 608
2 429 570
2 85 760
2 599 64
2 735 420
2 126 63
2 60 150
2 323 929
2 376 158
2 323 709
2 791 958
2 746 499
2 230 483
2 788 490
2 719 332
2 377 682
2 869 699
2 44 368
2 304 996
2 339 819
2 85 361
2 3 599
2 466 580
2 323 636
2 874 347
2 636 945
2 604 93
2 892 848
2 809 798
2 194 105
2 678 87
2 466 664
2 928 440
2 952 496
2 677 337
2 746 189
2 776 822
2 367 881
2 480 684
2 957 639
2 742 67
2 101 830
2 290 313
2 343 573
2 303 132
2 901 236
2 328 576
2 917 634
2 778 286
2 878 548
2 781 959
2 559 517
2 994 496
2 282 801
2 536 201
2 856 675
2 550 653
2 376 616
2 824 233
2 383 761
2 875 336
2 815 258
2 825 881
2 494 361
2 693 779
2 662 415
2 650 836
2 604 168
2 672 378
2 298 345
2 428 377
2 805 961
2 604 307
2 992 581
2 206 38
2 981 260
2 886 1
2 953 913
2 293 152
2 378 444
2 955 382
2 321 93
2 373 761
2 285 590
2 650 456
2 969 165
2 256 260
2 303 974
2 315 239
2 362 666
2 399 176
2 94 960
2 794 736
2 828 653
2 787 681
2 237 438
2 164 570
2 333 461
2 549 297
2 122 130
2 214 179
2 59 608
2 757 301
2 949 548
2 65 394
2 311 127
2 945 22
2 133 704
2 856 932
2 627 650
2 581 805
2 646 844
2 787 43
2 42 229
2 223 106
2 977 100
2 334 844
2 934 147
2 451 753
2 215 150
2 318 290
2 59 370
2 449 628
2 238 243
2 986 266
2 846 592
2 267 349
2 652 160
2 628 488
2 206 421
2 954 456
2 709 395
2 1 658
2 959 58
2 72 10
2 781 824
2 429 857
2 247 297
2 70 770
2 771 153
2 746 861
2 801 525
2 268 920
2 605 161
2 376 355
2 991 493
2 287 750
2 748 483
2 585 952
2 373 222
2 5 229
2 332 428
2 13 999
2 847 143
2 962 931
2 153 480
2 28 356
2 27 185
2 127 763
2 86 148
2 956 384
2 955 570
2 402 721
2 245 984
2 790 357
2 677 327
2 354 878
2 11 664
2 589 303
2 305 696
2 664 548
2 390 762
2 463 398
2 637 449
2 378 508
2 934 302
2 909 166
2 374 727
2 464 793
2 745 198
2 490 967
2 166 377
2 641 690
2 583 784
2 898 242
2 440 37
2 783 884
2 73 497
2 30 97
2 633 234
2 35 816
2 52 112
2 358 830
2 597 921
2 599 556
2 627 266
2 563 572
2 130 358
2 298 541
2 387 171
2 421 967
2 861 389
2 797 546
2 710 606
2 912 431
2 625 728
2 61 746
2 920 676
2 60 714
2 745 926
2 666 357
2 820 919
2 363 615
2 876 288
2 575 181
2 635 582
2 732 647
2 75 824
2 119 958
2 54 414
2 121 475
2 845 569
2 455 251
2 561 595
2 8 880
2 944 663
2 136 28
2 745 476
2 702 601
2 36 773
2 540 909
2 96 113
2 883 554
2 935 961
2 805 817
2 992 401
2 204 482
2 256 605
2 930 407
2 779 191
2 714 514
2 918 467
2 350 134
2 630 967
2 60 205
2 328 133
2 423 681
2 557 421
2 93 228
2 120 288
2 965 729
2 122 754
2 631 116
2 608 640
2 907 996
2 801 900
2 11 423
2 373 344
2 116 167
2 53 536
2 369 580
2 464 639
2 982 197
2 370 850
2 588 359
2 561 347
2 228 135
2 436 242
2 319 649
2 857 217
2 666 772
2 586 845
2 177 790
2 276 574
2 169 157
2 107 634
2 324 37
2 130 385
2 685 179
2 859 609
2 120 37
2 97 66
2 819 422
2 674 148
2 729 889
2 718 196
2 443 750
2 785 680
2 937 357
2 502 29
2 787 389
2 11 298
2 486 958
2 994 887
2 209 371
2 716 378
2 530 969
2 873 872
2 884 506
2 97 926
2 674 809
2 976 186
2 400 26
2 476 774
2 846 183
2 382 846
2 295 651
2 382 224
2 787 550
2 772 764
2 901 228
2 152 644
2 96 258
2 119 203
2 185 883
2 440 474
2 100 813
2 338 900
2 144 210
2 878 408
2 472 705
2 575 623
2 254 513
2 10 116
2 77 194
2 866 22
2 693 369
2 716 950
2 965 678
2 403 281
2 852 524
2 182 982
2 180 28
2 545 789
2 598 586
2 311 612
2 311 225
2 516 684
2 715 586
2 378 127
2 892 135
2 47 1
2 913 657
2 829 331
2 708 127
2 148 532
2 926 542
2 202 905
2 241 48
2 403 658
2 424 682
2 845 856
2 743 979
2 905 526
2 156 207
2 926 794
2 131 262
2 831 132
2 298 290
2 279 166
2 137 703
2 559 28
2 716 773
2 13 529
2 146 957
2 216 476
2 70 635
2 435 189
2 304 720
2 297 331
2 669 459
2 424 180
2 39 193
2 621 549
2 547 809
2 469 384
2 757 766
2 57 364
2 871 785
2 3 855
2 60 24
2 583 822
2 703 2
2 561 743
2 656 507
2 518 955
2 746 290
2 132 687
2 851 790
2 314 332
2 122 440
2 284 880
2 303 874
2 163 57
2 734 735
2 260 444
2 241 672
2 353 874
2 35 41
2 135 653
2 921 377
2 170 766
2 768 29
2 374 181
2 261 407
2 618 848
2 890 807
2 460 989
2 399 613
2 969 803
2 814 158
2 204 795
2 888 437
2 481 295
2 767 584
2 981 339
2 261 979
2 334 132
2 754 908
2 434 339
2 343 527
2 92 226
2 722 144
2 148 670
2 979 960
2 798 872
2 181 205
2 29 171
2 131 233
2 823 765
2 466 933
2 463 18
2 30 835
2 935 161
2 463 527
2 399 92
2 841 809
2 137 358
2 360 124
2 468 412
2 415 619
2 472 571
2 195 446
2 1 872
2 219 518
2 187 538
2 389 996
2 177 760
2 472 197
2 888 645
2 445 110
2 670 997
2 878 572
2 923 265
2 994 175
2 173 151
2 261 950
2 79 852
2 608 694
2 353 275
2 871 157
2 20 836
2 677 522
2 185 576
2 122 327
2 517 756
2 669 239
2 55 704
2 194 599
2 745 436
2 238 832
2 381 578
2 428 448
2 888 70
2 501 136
2 9 390
2 263 328
2 202 626
2 430 107
2 154 28
2 148 665
2 588 518
2 682 313
2 923 777
2 379 313
2 68 536
2 409 441
2 137 248
2 130 835
2 124 558
2 351 252
2 60 912
2 263 493
2 375 573
2 792 20
2 976 47
2 321 511
2 374 335
2 298 22
2 70 859
2 565 897
2 501 656
2 843 115
2 957 938
2 674 905
2 623 147
2 330 886
2 130 525
2 205 728
2 788 485
2 174 653
2 607 591
2 373 928
2 400 419
2 686 384
2 927 407
2 171 441
2 963 296
2 56 65
2 503 493
2 693 19
2 117 361
2 562 606
2 588 888
2 211 493
2 471 901
2 495 420
2 463 349
2 825 888
2 208 345
2 799 167
2 314 410
2 203 833
2 651 569
2 760 826
2 91 527
2 478 568
2 282 796
2 705 970
2 213 157
2 672 789
2 108 192
2 669 291
2 54 987
2 162 337
2 70 152
2 575 834
2 691 269
2 460 505
2 714 262
2 69 307
2 623 628
2 237 811
2 915 384
2 443 858
2 662 406
2 51 409
2 607 246
2 623 852
2 435 366
2 896 189
2 535 898
2 656 417
2 799 592
2 643 126
2 402 985
2 321 21
2 385 483
2 958 584
2 41 341
2 283 181
2 17 257
2 971 484
2 73 3
2 577 491
2 282 23
2 963 564
2 411 531
2 295 64
2 301 648
2 133 812
2 362 155
2 264 35
2 267 56
2 76 196
2 588 32
2 298 624
2 227 191
2 156 751
2 927 249
2 304 572
2 913 272
2 52 871
2 309 774
2 500 309
2 48 258
2 618 833
2 959 595
2 728 681
2 241 736
2 145 617
2 5 15
2 535 249
2 296 356
2 202 280
2 518 63
2 632 27
2 656 679
2 350 402
2 2 71
2 939 893
2 304 752
2 341 725
2 835 457
2 617 962
2 972 26
2 856 846
2 975 818
2 124 364
2 114 118
2 797 834
2 396 593
2 985 359
2 763 662
2 509 670
2 723 679
2 164 739
2 530 909
2 862 167
2 597 319
2 948 891
2 682 807
2 366 996
2 478 201
2 200 417
2 134 404
2 290 38
2 139 441
2 158 395
2 32 704
2 172 515
2 414 408
2 181 678
2 52 374
2 352 431
2 501 448
2 202 876
2 799 917
2 749 78
2 515 584
2 772 889
2 738 213
2 788 156
2 339 725
2 825 420
2 773 841
2 269 776
2 467 81
2 240 611
2 300 691
2 471 187
2 443 291
2 813 660
2 12 457
2 783 220
2 486 584
2 221 971
2 551 935
2 119 997
2 957 82
2 504 996
2 232 840
2 143 601
2 99 927
2 587 193
2 30 748
2 591 65
2 481 849
2 170 593
2 24 251
2 93 648
2 295 375
2 443 683
2 756 864
2 35 453
2 704 67
2 667 962
2 863 628
2 91 782
2 293 515
2 738 821
2 89 693
2 367 36
2 986 144
2 469 5
2 368 405
2 237 351
2 131 349
2 804 690
2 78 125
2 380 151
2 435 427
2 666 229
2 41 753
2 320 739
2 1 885
2 775 803
2 915 775
2 851 767
2 745 987
2 518 687
2 206 386
2 494 696
2 442 357
2 70 945
2 262 449
2 95 911
2 512 613
2 637 345
2 501 620
2 927 832
2 728 315
2 120 404
2 613 268
2 5 22
2 124 423
2 820 268
2 776 46
2 162 661
2 618 778
2 422 389
2 54 44
2 205 782
2 518 596
2 330 520
2 62 826
2 430 342
2 188 884
2 223 996
2 834 455
2 464 458
2 153 21
2 122 347
2 414 269
2 399 867
2 157 637
2 141 790
2 447 201
2 542 523
2 623 841
2 345 572
2 544 241
2 374 812
2 182 645
2 336 715
2 454 147
2 971 690
2 668 948
2 762 309
2 432 234
2 164 229
2 998 128
2 374 638
2 260 993
2 865 203
2 874 774
2 344 455
2 792 776
2 8 681
2 974 988
2 676 189
2 869 366
2 60 698
2 583 144
2 217 819
2 297 274
2 554 306
2 544 217
2 413 197
2 288 185
2 92 867
2 348 138
2 351 722
2 661 93
2 443 442
2 242 234
2 930 179
2 746 162
2 654 498
2 991 995
2 872 297
2 288 742
2 212 220
2 745 290
2 879 839
2 635 495
2 125 849
2 991 617
2 123 810
2 843 718
2 27 183
2 910 796
2 983 117
2 736 683
2 219 438
2 963 156
2 643 849
2 878 665
2 676 131
2 34 666
2 330 198
2 470 407
2 55 206
2 672 266
2 921 846
2 403 518
2 776 464
2 210 159
2 490 955
2 283 813
2 823 678
2 186 463
2 449 171
2 353 204
2 689 619
2 59 629
2 799 367
2 787 900
2 198 593
2 423 145
2 556 344
2 271 645
2 637 809
2 582 791
2 805 600
2 212 266
2 321 632
2 662 767
2 567 883
2 734 813
2 324 527
2 436 604
2 630 384
2 742 499
2 540 239
2 122 634
2 366 810
2 709 302
2 948 244
2 116 146
2 75 549
2 314 840
2 848 42
2 772 668
2 630 881
2 965 349
2 338 115
2 501 228
2 773 612
2 632 422
2 318 818
2 104 842
2 426 558
2 593 326
2 635 242
2 792 720
2 79 130
2 402 462
2 104 651
2 240 824
2 994 317
2 269 254
2 403 275
2 789 62
2 334 404
2 714 404
2 831 892
2 969 860
2 910 608
2 581 431
2 688 463
2 493 933
2 673 633
2 536 667
2 368 438
2 973 66
2 825 189
2 245 316
2 238 229
2 616 63
2 139 734
2 781 537
2 472 505
2 269 553
2 948 280
2 482 431
2 163 136
2 105 530
2 934 507
2 227 220
2 23 464
2 726 729
2 991 817
2 149 562
2 342 384
2 312 314
2 506 444
2 308 909
2 187 711
2 304 102
2 356 115
2 784 780
2 669 784
2 588 779
2 315 292
2 809 210
2 752 805
2 514 901
2 186 27
2 512 185
2 604 818
2 188 499
2 646 778
2 323 418
2 135 944
2 951 366
2 448 357
2 481 765
2 937 315
2 574 29
2 276 567
2 868 370
2 163 63
2 217 909
2 828 729
2 589 693
2 115 360
2 475 830
2 724 63
2 378 389
2 480 553
2 252 199
2 974 892
2 699 551
2 130 885
2 632 574
2 559 706
2 640 166
2 376 663
2 542 939
2 295 318
2 466 666
2 484 102
2 196 222
2 581 161
2 672 190
2 685 423
2 102 875
2 114 620
2 614 111
2 124 36
2 259 493
2 70 581
2 353 183
2 314 460
2 381 431
2 719 715
2 506 881
2 443 119
2 957 499
2 587 767
2 866 999
2 268 20
2 936 818
2 914 523
2 781 76
2 818 116
2 887 971
2 452 892
2 503 550
2 153 380
2 855 527
2 489 538
2 465 666
2 31 645
2 358 43
2 713 541
2 982 526
2 202 327
2 652 207
2 54 450
2 353 109
2 777 549
2 338 426
2 486 499
2 517 170
2 294 611
2 980 877
2 213 680
2 183 345
2 854 191
2 501 718
2 654 449
2 333 722
2 594 276
2 265 629
2 261 11
2 695 300
2 75 768
2 788 758
2 391 231
2 710 364
2 265 796
2 994 172
2 916 499
2 604 965
2 87 140
2 414 211
2 350 328
2 211 225
2 18 802
2 740 161
2 119 784
2 916 600
2 590 5
2 658 275
2 154 222
2 355 197
2 916 663
2 106 467
2 981 976
2 478 754
2 219 822
2 51 419
2 506 832
2 554 911
2 544 430
2 955 228
2 232 625
2 976 871
2 848 847
2 821 274
2 411 604
2 328 74
2 964 201
2 292 830
2 823 883
2 605 204
2 371 254
2 827 394
2 178 774
2 862 254
2 664 948
2 787 740
2 194 901
2 825 86
2 357 202
2 888 506
2 839 735
2 608 527
2 124 506
2 157 914
2 487 355
2 26 151
2 659 287
2 312 647
2 692 636
2 738 973
2 167 147
2 312 302
2 924 613
2 542 657
2 714 502
2 884 658
2 884 640
2 865 67
2 23 188
2 81 452
2 742 205
2 596 892
2 520 225
2 298 704
2 288 599
2 787 81
2 308 269
2 916 371
2 219 292
2 728 302
2 95 649
2 909 840
2 437 865
2 476 336
2 789 236
2 29 28
2 125 43
2 952 803
2 243 811
2 181 82
2 317 802
2 272 80
2 103 784
2 176 620
2 330 449
2 693 744
2 21 527
2 124 627
2 721 433
2 490 543
2 258 593
2 835 314
2 302 824
2 936 106
2 673 631
2 272 80
2 688 291
2 831 579
2 662 983
2 701 522
2 296 858
2 47 326
2 858 601
2 45 976
2 232 856
2 717 595
2 302 541
2 752 478
2 22 821
2 437 508
2 153 395
2 99 235
2 439 818
2 195 481
2 100 566
2 391 434
2 195 171
2 62 648
2 425 307
2 259 529
2 603 764
2 14 254
2 158 946
2 228 72
2 350 436
2 232 448
2 694 357
2 705 111
2 415 756
2 524 969
2 403 476
2 223 77
2 484 872
2 1000 647
2 854 803
2 998 19
2 355 489
2 134 362
2 575 486
2 723 535
2 31 927
2 431 91
2 261 83
2 195 941
2 81 489
2 695 590
2 346 340
2 298 52
2 742 811
2 903 160
2 552 408
2 664 690
2 739 960
2 452 143
2 650 949
2 31 448
2 667 864
2 607 190
2 589 664
2 738 494
2 509 184
2 369 848
2 259 296
2 406 552
2 126 886
2 828 337
2 255 278
2 465 538
2 818 118
2 588 777
2 251 808
2 645 849
2 398 978
2 272 628
2 823 12
2 87 774
2 241 246
2 167 849
2 518 361
2 345 649
2 994 68
2 637 386
2 278 912
2 821 605
2 84 644
2 182 719
2 715 541
2 254 800
2 701 592
2 827 596
2 845 454
2 466 300
2 686 751
2 779 315
2 641 967
2 460 533
2 505 171
2 411 65
2 497 346
2 466 229
2 478 40
2 628 704
2 384 313
2 728 294
2 724 571
2 894 670
2 407 928
2 450 196
2 917 190
2 988 737
2 350 802
2 180 633
2 330 556
2 153 458
2 734 596
2 662 770
2 670 944
2 55 242
2 746 949
2 854 789
2 209 622
2 729 783
2 17 972
2 494 116
2 160 620
2 381 192
2 22 793
2 610 294
2 899 906
2 175 441
2 370 814
2 261 651
2 883 277
2 643 125
2 682 602
2 982 889
2 480 395
2 52 252
2 582 332
2 950 56
2 424 879
2 292 118
2 1000 374
2 376 658
2 248 360
2 250 704
2 718 393
2 542 285
2 69 395
2 563 538
2 705 812
2 256 857
2 79 415
2 695 667
2 68 384
2 429 225
2 263 774
2 450 655
2 745 682
2 692 549
2 998 642
2 391 110
2 334 743
2 154 185
2 312 785
2 141 489
2 623 931
2 656 424
2 358 523
2 597 928
2 253 962
2 879 233
2 550 105
2 87 252
2 150 27
2 796 996
2 47 9
2 877 756
2 930 996
2 373 949
2 953 486
2 410 239
2 538 775
2 533 393
2 387 480
2 726 571
2 304 637
2 995 611
2 807 773
2 209 49
2 832 361
2 55 5
2 597 725
2 722 520
2 502 689
2 607 678
2 455 488
2 683 426
2 710 189
2 1000 780
2 20 647
2 924 158
2 590 219
2 834 875
2 86 495
2 557 836
2 492 527
2 669 77
2 649 822
2 824 870
2 448 285
2 143 925
2 27 155
2 561 938
2 933 853
2 401 727
2 450 240
2 271 395
2 563 548
2 219 267
2 204 591
2 985 879
2 958 284
2 972 917
2 196 198
2 583 840
2 987 408
2 499 167
2 320 556
2 957 27
2 498 142
2 42 384
2 435 820
2 409 814
2 896 548
2 481 784
2 936 967
2 674 373
2 852 741
2 984 420
2 126 349
2 977 993
2 684 847
2 119 49
2 496 427
2 315 737
2 13 115
2 119 841
2 952 553
2 745 681
2 297 62
2 155 473
2 112 202
2 742 549
2 53 567
2 659 373
2 595 990
2 630 146
2 896 796
2 623 822
2 579 336
2 905 204
2 244 503
2 759 765
2 57 690
2 31 678
2 517 91
2 561 330
2 920 712
2 147 171
2 554 735
2 108 408
2 418 611
2 901 105
2 137 620
2 594 56
2 392 980
2 107 229
2 697 440
2 180 16
2 177 198
2 443 698
2 508 239
2 127 624
2 254 397
2 656 619
2 853 309
2 14 405
2 330 36
2 152 315
2 471 396
2 518 788
2 107 667
2 791 606
2 403 179
2 411 912
2 96 340
2 673 347
2 276 453
2 598 111
2 184 825
2 725 220
2 150 646
2 637 853
2 261 982
2 717 449
2 566 552
2 769 446
2 149 725
2 997 887
2 615 513
2 745 571
2 836 133
2 956 141
2 869 239
2 130 28
2 148 286
2 379 556
2 993 226
2 509 525
2 604 944
2 759 221
2 891 475
2 669 132
2 299 116
2 380 275
2 182 994
2 68 389
2 566 832
2 413 474
2 995 834
2 723 417
2 606 634
2 871 585
2 501 626
2 994 499
2 231 922
2 939 606
2 731 878
2 173 153
2 229 960
2 10 546
2 449 962
2 770 4
2 416 598
2 758 673
2 675 507
2 758 464
2 283 801
2 603 713
2 41 625
2 203 158
2 295 6
2 577 716
2 671 288
2 338 42
2 861 264
2 858 456
2 49 4
2 684 475
2 886 269
2 187 117
2 845 537
2 372 803
2 312 356
2 711 340
2 421 979
2 64 549
2 267 402
2 496 644
2 991 979
2 101 793
2 861 952
2 700 473
2 298 870
2 49 611
2 673 721
2 859 138
2 928 326
2 14 801
2 218 643
2 265 660
2 890 135
2 143 885
2 898 841
2 930 378
2 468 507
2 631 94
2 905 522
2 3 470
2 128 784
2 676 36
2 953 254
2 668 733
2 114 949
2 75 387
2 436 240
2 741 490
2 205 526
2 484 569
2 134 619
2 772 909
2 934 783
2 35 648
2 388 67
2 536 591
2 570 568
2 736 313
2 379 811
2 226 648
2 245 990
2 65 406
2 65 208
2 772 972
2 447 547
2 264 830
2 35 21
2 45 645
2 797 29
2 976 832
2 876 841
2 364 960
2 160 448
2 137 925
2 763 855
2 599 198
2 538 534
2 749 416
2 409 18
2 115 189
2 320 416
2 372 669
2 350 530
2 455 813
2 954 947
2 318 551
2 243 235
2 372 223
2 85 16
2 596 28
2 987 619
2 445 421
2 463 527
2 772 266
2 629 194
2 463 412
2 786 935
2 596 347
2 160 236
2 952 91
2 7 111
2 833 641
2 814 128
2 940 558
2 582 600
2 363 249
2 812 990
2 984 655
2 205 419
2 894 128
2 939 538
2 346 131
