1 1.991292649041973
2 1.422729706224172
3 46.835893652489425
4 0.7455573107641473
5 0.15621785373669256
6 9.905138472208273
7 12.031054779062641
8 4.57827090771675
9 3.9156096895411396
10 0.04367961095660891
11 0.06698956442271028
12 0.38406149077638235
13 0.39511587983182883
14 11.088223214641165
15 0.2893376793357362
16 2.33917999631397
17 1.840663316793584
18 0.9574141822481014
19 0.2458676400564479
20 0.09288710610025477
21 0.7716940166945976
22 1.1437257701292427
23 1.4108195359961098
24 21.799685060381478
25 3.2615543978013024
26 2.267791514693051
27 1.8396691407139032
28 0.374675813335644
29 0.011391381382452702
30 1.3707602790046904
31 1.7531903579021735
32 0.6420674531168289
33 0.05972373806636895
34 0.47818128279139327
35 0.6583553412785528
36 4.293308652571637
37 0.08591325519689173
38 4.881045533281049
39 0.8069472580898279
40 0.13482853384911406
41 47.97130813070411
42 3.0428795121679073
43 1.3094388855118269
44 2.5092615191448653
45 0.4163356438673451
46 1.2902786393825443
47 0.3048516778409134
48 5.228217383216258
49 13.5858942205843
50 21.810988874603556
51 0.612392774425807
52 2.7153273447023976
53 0.5381653108645681
54 10.809117205995275
55 0.38077412251994786
56 115.0999504173619
57 5.02579890435034
58 0.844505625600255
59 128.37229977743027
60 0.5084457726498067
61 15.355292365012659
62 0.01616841264087809
63 4.3166479070532615
64 1.1609456213263887
65 1.153351444384175
66 9.277782678564074
67 0.033583607084890395
68 2.5144118116870744
69 1.074920383899107
70 22.556487668667902
71 0.24933534328843238
72 2.4144169970874874
73 69.77349067353677
74 0.058324310117188034
75 0.6641126147922595
76 0.3433166208457655
77 4.452241946097408
78 0.03441918484645593
79 5.416619342786055
80 3.5053832979096744
81 26.64682044196662
82 0.12027382448644262
83 0.16064070588339804
84 0.03632753074798099
85 0.25948132992069145
86 0.5156184540874201
87 0.23303341063315344
88 2.8540502144013886
89 5.185226494563636
90 2.1054604307027946
91 1.0120787993444682
92 0.4723852441680264
93 0.1788591046499139
94 3.16665763193913
95 0.1286001422714637
96 0.5491326045919137
97 2.4662597446278887
98 11.140460532347793
99 0.0493853541816811
100 0.521777870310261
101 9.333756909408454
102 1.2997373235430634
103 0.05230211115597665
104 1.0009669828859653
105 5.779475467622238
106 0.779017535282784
107 0.11453180624899491
108 0.13825272100716268
109 0.19504160879515672
110 1.0770109916678672
111 0.17769490480687103
112 0.2740901618345176
113 0.14027160052506632
114 0.5290831250186907
115 11.766308199855795
116 0.14149577029090946
117 2.8319723091460793
118 0.40941898595145276
119 0.25095223551957774
120 0.10579233467028813
121 0.38740129501997156
122 0.5300616275783625
123 0.43037321176939
124 0.015098547562463462
125 1.6225966779272694
126 0.47720597671082654
127 2.179641296867453
128 0.8338726565090794
129 0.26815046973823575
130 1.437338637168806
131 46.21505853397198
132 1.5639032524124088
133 12.958504104756049
134 1.07131910642379
135 3.465354391687176
136 0.7922826002961326
137 0.051688758263639424
138 7.963096614032136
139 2.1122146355068443
140 1.8229778038280042
141 0.6587428037480831
142 11.290009476001657
143 3.7046371986248308
144 2.7701511795749294
145 4.758066544736043
146 19.674823853045293
147 2.996777780060663
148 5.9261258351169275
149 0.26521508231359814
150 7.6454616546465
151 0.18742849596048966
152 0.4415535116819772
153 0.7380099725644198
154 19.909552847828312
155 5.768686198948895
156 0.35028470728171446
157 0.9465247450623038
158 1.7509998167467151
159 1.1444186671107777
160 10.248562359335176
161 5.3193646642326184
162 0.2226020424475715
163 3.007303537341999
164 0.19076498887717336
165 5.340824087811626
166 1.6841735698273061
167 0.09383332283138243
168 0.5297051487190725
169 0.40776845261869515
170 3.3305045898308387
171 31.799707381716075
172 3.1816690446048628
173 0.4341610797246757
174 0.7803950908278687
175 0.01490338688631523
176 6.141251335341444
177 5.330336566109368
178 0.34231731917780606
179 1.3760280827285658
180 1.4358607459580324
181 0.19148830761583066
182 0.1099944658677463
183 8.060728161164644
184 0.3819498125620251
185 0.9998776431138693
186 0.09895930990879381
187 0.9534298893431452
188 2.1183917106942616
189 0.3533744178199186
190 0.19064014779739885
191 0.9602467197655055
192 8.77251906416833
193 0.6523749116077499
194 0.6618539037904322
195 121.47555068160275
196 0.06376458421113534
197 1.718832634499956
198 1.6943627586834917
199 0.5600532325292323
200 1.2327016474505506
201 1.727904262054565
202 2.1077466150676307
203 0.797757469033419
204 4.061747201064428
205 1.0642447382775884
206 0.509249831696063
207 3.6111899776248726
208 0.05446842736331552
209 0.3489822404602924
210 4.986448863650332
211 8.938097769355025
212 0.2190462932162368
213 37.02475166299325
214 2.312372939475591
215 0.6723551003852264
216 0.8619409546436554
217 0.38820004760222054
218 24.489547365388326
219 0.37320748293067435
220 0.7303352525218116
221 0.021713327637072656
222 42.11439182632106
223 0.12818347551893366
224 5.330999449707957
225 1.2396163785559895
226 5.251009471271459
227 1.2018024646764525
228 1.00327419443943
229 0.07937558289243449
230 0.9527951863324976
231 1.6289452549957868
232 0.20457137253367114
233 1.0489673609948864
234 1.4576929057323293
235 0.6447574899958998
236 0.33749268817268324
237 9.884757553632001
238 3.5029980702536623
239 0.2871482040070243
240 0.0708046967358744
241 2.001153209017924
242 2.145871770821873
243 0.43823685410026114
244 0.2229484243125278
245 1.0521442999176456
246 0.06892217498403659
247 348.39031519179986
248 0.02280336945092852
249 4.002161543941382
250 8.611874108595504
251 0.15951710227973642
252 7.976533472396483
253 1.306011164840004
254 1.1870656137424824
255 10.108874672490899
256 0.7072737150435707
257 0.27746207762208785
258 0.22134916082692005
259 0.16939896532477586
260 23.251465677174664
261 0.11683831864674195
262 0.30292716214701143
263 21.253592663286778
264 0.19139571298965619
265 0.7347225372776993
266 5.975996673220682
267 0.41216028234081714
268 0.10574017535643487
269 1.0592084030266753
270 0.23985213408884007
271 3.294409430307471
272 4.489790146022006
273 2.721113824285492
274 1.7385556438236085
275 0.02233536546559885
276 2.581697965882552
277 4.627018120026061
278 0.1272136259334322
279 2.0901948068576854
280 0.09377303302512685
281 0.9523725819296228
282 6.093566524958016
283 1.4012343743891835
284 0.5542970202557927
285 0.4312116024990399
286 0.6042841778387523
287 0.3964077947707651
288 0.09492251332659613
289 0.4172924005652659
290 1.3195217474220555
291 0.1996133971005223
292 12.528812431447585
293 1.2540739723489784
294 0.9815228458587748
295 2.3760466026863085
296 1.3627563052330496
297 2.8009056344863232
298 0.1613112193748168
299 2.1448230047347683
300 4.1000408797122
301 7.617508768224373
302 0.25899568865505335
303 0.1893832350517115
304 1.735258434626431
305 0.24933886473870423
306 0.018737330745531085
307 0.7607040831776539
308 0.9721212009232777
309 0.6561179645643748
310 1.1645819272543148
311 0.7740598683759232
312 6.504916484904465
313 0.5688269706936053
314 0.08516046361319647
315 166.66555749931877
316 1.1165771073627264
317 0.269743066685327
318 0.695579635489429
319 0.6314533472036717
320 0.2541215698353462
321 0.07111704590975643
322 0.43755775270491487
323 0.017985073810080986
324 0.2735177600624396
325 4.462621435342516
326 0.9571619995054578
327 1.7387255713353464
328 0.17095740839767806
329 0.7652893275417177
330 2.5045236768796313
331 14.48436732467814
332 1.837987578749724
333 0.3669464296015089
334 0.3240762780170323
335 0.36360690345082886
336 0.4978482364605089
337 1.5179585907073285
338 1.8008459922833253
339 158.2626006346383
340 17.834536018964215
341 0.3588313948025952
342 0.05809278871089645
343 0.37790598536167447
344 0.1464026395371393
345 1.8098780807748378
346 7.0397650066653705
347 0.030789427775190517
348 1.1078502475094598
349 114.67920510148349
350 0.18764220230646111
351 0.19431537906650378
352 1.4391096009085718
353 2.1828034090831405
354 0.4881121046559465
355 0.28632623635063414
356 1.3140355969914794
357 0.6768335188665342
358 13.522262736449644
359 1.6024258861059508
360 0.5666681150769949
361 0.14111312522597297
362 0.8736942088036781
363 1.5100209459153078
364 0.29735441137000374
365 0.004815082655709591
366 0.17250553500333013
367 4.106250706384194
368 30.093958736733764
369 0.9812683442860878
370 3.541666820344713
371 4.3594389379937954
372 1.7376473209470193
373 0.7656520426825052
374 0.10843669708653053
375 0.542872354916812
376 0.5212152758677912
377 0.2135512166974091
378 2.1147801487442734
379 0.19039152718890176
380 0.03228678700673697
381 0.38758970382412483
382 0.15833272143580115
383 1.740304505274448
384 5.174726438417514
385 2.0797434953350864
386 3.0905246256149876
387 0.7318370315988001
388 1.7560799844622825
389 0.7625968944988286
390 12.771972628658398
391 1.305152301384102
392 0.146519403096603
393 1.8376270753745507
394 0.9237407772297218
395 3.4122789122246107
396 3.0301608116660876
397 1.1392580480184789
398 0.5786424693134545
399 0.021609342514016482
400 1.1749501616095046
401 0.1448916914489021
402 0.20353045908405293
403 0.0918722508200214
404 0.2425719623282588
405 0.18058543881095446
406 0.7347885661332999
407 0.2355569423448522
408 1.5680498080812284
409 0.04122253598205941
410 8.003322947564284
411 4.1871868031289905
412 1.0782750508248518
413 0.2729427176461493
414 1.2221523228193865
415 1.0053160869297688
416 1.0233998747044175
417 6.432401916802551
418 0.5202193034802982
419 0.35730155044012196
420 0.5303678171712315
421 3.001858803817132
422 30.396543641122566
423 11.836110444519147
424 1.3614724915879886
425 0.755365727347027
426 1.8322395414289725
427 0.6120284592941397
428 1.3062652764339588
429 1.2997505911518958
430 0.08670022783258993
431 0.43459098399474
432 1.8150979202169752
433 1299.3063168259218
434 1.3141018154047623
435 1.5901439948145037
436 1.340026455522522
437 0.020774608258865946
438 0.29665207477245487
439 0.30618709610008155
440 0.918929773967017
441 1.2880995556414334
442 1.0820197513245005
443 0.5571311065643563
444 0.26492539013717575
445 3.746360351834481
446 0.7907295953317496
447 0.12753020382113225
448 2.98733787492429
449 0.6501257228736612
450 0.2118712842127352
451 0.03129838852748535
452 0.6527004496334738
453 0.1535796832849887
454 10.515817253160067
455 1.9304985871819023
456 3.364069153339823
457 0.3952947675047731
458 0.5050856319716325
459 5.5850401197100865
460 0.19755861192984647
461 0.0890184359019764
462 0.177345100498892
463 6.784609983890753
464 0.7168381245521216
465 1.052672144424516
466 9.17564541224985
467 33.686243874336235
468 0.05709916426256871
469 2.2565560406854224
470 2.274138927966486
471 1.7758335745018383
472 26.958595056532605
473 4.3860625658508665
474 0.8164669887187136
475 0.8521617499787186
476 1.2727826522282468
477 1.047839933438738
478 4.6731712731980535
479 1.1051649521160152
480 0.2641040266569694
481 132.09189938975214
482 0.46873513175823694
483 2.411690251675849
484 0.8003897534520109
485 3.108097480427747
486 2.2077761605641055
487 2.2592724159731157
488 0.8312283961928915
489 0.2475799376206853
490 0.03865604308965511
491 1.0711100313380157
492 0.10645735528982012
493 0.17247892911940285
494 7.758909700414462
495 0.5637750679900275
496 1.7182335600543068
497 0.4468710283800548
498 0.49310915081921336
499 4.851699913366267
500 41.63014537160753
501 1.7369561387373644
502 1.1388662741559505
503 2.7171122135779306
504 1.4587302601315062
505 0.3102876709631124
506 2.5201446739027045
507 0.9058893562139371
508 0.3909732578414165
509 0.4719177383867807
510 0.3916491322863409
511 0.5790559886639054
512 0.04516648426524896
513 0.009088094739767577
514 0.08443698066464218
515 3.541576184078253
516 1.3248798952458056
517 1.274827040810704
518 3.4701160886956246
519 0.18863779503369318
520 188.96721813046707
521 2.881309168019986
522 13.532384233681217
523 1.6822543587049332
524 2.2120830559375615
525 2.4954145914623673
526 1.8081892889912181
527 15.041374764822251
528 0.06422434051632396
529 4.080794918294879
530 6.914105638743877
531 30.09754440081326
532 0.6094485736804494
533 0.6740670128600051
534 0.7332537090669025
535 0.09203792209601386
536 0.7598724516273113
537 5.23124805327543
538 7.68800575290024
539 2.4724453935827664
540 1.7579570488657625
541 5.278412398351106
542 2.905417278676973
543 6.212408676002546
544 1.730739832289378
545 5.954560364609434
546 1.7755731942595332
547 0.982931264144586
548 1.778230241024337
549 5.243822197586603
550 6.9370605245865855
551 2.3074777186749484
552 0.18529206519752744
553 0.02599758947076569
554 0.5353333684348835
555 0.3053607126837194
556 0.5234082378061599
557 0.9080576129581582
558 0.16295575508838767
559 22.17291827476097
560 0.06709550076211375
561 0.2829556375369964
562 1.5134659351927182
563 0.7790410462942132
564 0.2835242645918979
565 9.315032519882378
566 0.09336142198706307
567 0.1290363441456003
568 1.5713317669667262
569 0.8875860031729874
570 0.2116265520253464
571 4.970882287359834
572 0.8147311372417533
573 1.7572182148741051
574 0.16364461677792547
575 1.3291818721377917
576 11.019340002763581
577 0.8577521599648136
578 4.365690332900629
579 2.1691495798012386
580 0.18449241233321198
581 0.06123793338001223
582 0.9433675111036093
583 0.1766005694218918
584 0.3998003645822273
585 0.49751033883458345
586 1.6540276904925881
587 0.31016432190947174
588 0.14962979098040924
589 6.537310658560462
590 0.5152103289963648
591 14.911054652459097
592 1.4463969868279838
593 0.7437322629354144
594 0.5049469712401694
595 1.075876231998208
596 4.367339076762022
597 0.1685690679831846
598 4.017251684381836
599 0.4326522224622138
600 0.9993651967521492
601 0.9204060193876024
602 4.223445672787749
603 3.878541042521244
604 1.5147875795658083
605 0.5854178781997481
606 1.3904771558637479
607 1.1595322192368385
608 0.0909302981467723
609 12.101128427060562
610 4.250248442855584
611 2.130463292494838
612 1.690771692663589
613 0.04413877858172848
614 0.05726929784596492
615 1.2725661654339275
616 0.8029040663195197
617 11.87182502611102
618 5.1947072718230585
619 1.4275404781089969
620 0.8613374838567843
621 1.9786801554176865
622 1.03310898986573
623 11.126740570954322
624 1.9704675482937137
625 2.3295183053088624
626 0.6827167054160311
627 0.31617889970834023
628 0.17343659179953447
629 1.9986483602348981
630 1.490752946944333
631 6.058073125490723
632 2.031394437105038
633 7.294089684663286
634 0.9139485440978561
635 14.220822414550334
636 7.368915617232272
637 0.1918297932871613
638 0.982311809495484
639 0.12007258552755823
640 0.1788936188209361
641 0.418704921351839
642 1.677787437487243
643 0.9390297176868684
644 0.42224560078796897
645 6.774702529940719
646 0.7428527531912501
647 1.4659179090084733
648 0.2889250492362768
649 0.7879721583694469
650 1.4171035586046778
651 0.4330108898905004
652 0.2760062081967101
653 0.09684330616525477
654 25.001928054502418
655 0.04965912666507517
656 1.2791155143052986
657 0.8624695329868105
658 0.08103663259713194
659 1.1834540623432068
660 13.666287488660473
661 0.3060088347734209
662 36.593391331159694
663 27.959185794399524
664 1.4811898217959987
665 0.2768524453676626
666 0.16772084991706257
667 2.551720939927658
668 0.5388810132825909
669 1.8504310100781651
670 2.8518340048729733
671 0.8871710483578407
672 0.007880256306102578
673 0.9582236341383533
674 3.8846776461471424
675 0.1759140543853747
676 2.5194732072654697
677 5.125022832746275
678 0.061301240564173944
679 0.16765024056818661
680 3.0883590417443147
681 5.633843784267668
682 0.6699855868756465
683 2.191976403930538
684 17.558997667556408
685 0.8863420821281455
686 2.470839365557415
687 570.2299116823987
688 0.43497851004530114
689 0.6040457493177119
690 200.64518448883888
691 0.4802828025654257
692 6.038292979551586
693 0.48862783192584464
694 0.31468226134675864
695 6.843042272577055
696 3.0681393406568924
697 7.228920889965407
698 5.32426415788353
699 0.345234960515006
700 0.9644497023092429
701 0.1079064455963807
702 4.0285283607006415
703 0.222043713124805
704 0.34554022742619367
705 1.4533945168904823
706 0.27068036702014214
707 1.9050254576818533
708 2.237286051425019
709 4324.689950655374
710 0.004546641119039593
711 39.66326308820873
712 0.21985690820286927
713 1.867168959278148
714 0.5026359178307575
715 1.0439177709705252
716 2.867749310175385
717 1.5151344747790885
718 10.661939162539438
719 1.1147732769218002
720 0.4923122226545293
721 3.87530735737067
722 0.025353589677328037
723 2.2319115940534657
724 9.082878506688072
725 3.2718935299473495
726 3.301768257848985
727 0.6718011352246528
728 0.47572197603272776
729 10.15938074410692
730 1.2058591394747202
731 0.9619306174430068
732 0.4837118882919012
733 0.11791636482276867
734 0.059256027999913
735 0.8314398418778787
736 1.0623437734033323
737 0.3002050353963141
738 1.277179219780782
739 0.7692413118109352
740 0.17839476352559164
741 27.531557796833276
742 0.5441491548286116
743 0.10969144560158939
744 1.9528475246321193
745 3.918011866665063
746 0.011676024297588808
747 0.6900071640940154
748 0.5573897426633713
749 1.937590044930118
750 0.8458174629584115
751 0.2348338918377562
752 0.30913909538894135
753 2.3105500509090344
754 6.259131012379804
755 1.1187033349363766
756 0.8666488956000142
757 0.23470064943944902
758 0.3996047810712503
759 0.2716563268673829
760 7.356647919286473
761 3.298986287054154
762 0.24376502214190146
763 0.22059015633502868
764 2.285398783226383
765 60.45175972857057
766 0.08399834035306114
767 0.16111634488942028
768 3.7957139405330342
769 1.8958667625466776
770 0.11133570099717752
771 1.3528762653183672
772 2.0676734564902617
773 1.58442861860097
774 0.053377129890504346
775 0.655896290398634
776 4.986389312320742
777 0.15514881753041013
778 0.12157759699752359
779 23.856447091193548
780 5.59020483653806
781 0.9003570525922943
782 0.05292228955825434
783 5.443777416881547
784 1.730158898400035
785 2.208752174697676
786 0.1683634206575782
787 2.2910904177268323
788 1.9668668224012849
789 0.20596407091382746
790 0.4152513544559989
791 27.842737955344735
792 2.1647826096508767
793 0.11184612538665285
794 0.7028785479308312
795 0.027753001953220762
796 2.375664756330728
797 0.33681167928757144
798 0.28661456247510053
799 1.3912835608835177
800 2.406368690845155
801 1.193464541842013
802 0.05845044521053893
803 1.0495308179252676
804 13.685285966386214
805 0.12202977014100615
806 2.0018392720913893
807 1.98540424667645
808 0.2347846248518809
809 0.4570758703839662
810 1.2863301579664659
811 0.26141089631009995
812 0.1891155059149338
813 0.07856684130802738
814 2.1968501483219267
815 0.385503021846984
816 8.263817109595802
817 5.221017563853149
818 0.045608445928063644
819 2.311485833133105
820 1.3483535104714093
821 0.14406668714857232
822 0.9614284703043531
823 539.8407911665021
824 3.6973644615021013
825 25.020530632023235
826 0.022385602250642605
827 6.903692524760661
828 0.1231614870032265
829 1.072585329019761
830 0.17736367521553179
831 4.390927925806965
832 0.09090199299647657
833 0.5583739899291836
834 0.3738342522998575
835 1.4948817911087002
836 1.1912603705061757
837 0.21565089441383195
838 7.677884947126745
839 18.25433040791282
840 1.8428591117724802
841 2.487605311217119
842 0.039170346223203374
843 0.06254995640150739
844 0.2652630693983739
845 3.872511683586833
846 1.1048034803541864
847 0.6813883130670345
848 2.4816371649834696
849 0.6713673238333793
850 1.8466479570753123
851 12.05815382821321
852 3.1060666385194207
853 0.703644767850924
854 1.2166614973896268
855 1.093905842595649
856 4.520434784627735
857 0.42144481388632954
858 2.1733267759378583
859 0.3086161924293286
860 4.305080672184515
861 0.5790271351892272
862 1.0503681906337488
863 0.4525341898550327
864 0.4367763735996006
865 0.12160101888775499
866 0.08961633497640577
867 0.29319340709810715
868 1.8629891926246644
869 0.6340136433739353
870 0.20376476255915774
871 1.163895150846573
872 0.6607827664163962
873 0.23548089747427056
874 2.2975356194648375
875 1.664362715159337
876 0.1317307273271017
877 9.976816754018683
878 2.031392012479353
879 0.033197050894965545
880 0.31190744379938734
881 0.7313205205853559
882 3.76293015904132
883 0.10335857757076351
884 1.725498394650624
885 0.30123213250420255
886 0.670969742338617
887 0.07055899379975718
888 0.6587247337321683
889 0.684753386025064
890 0.01212438762764628
891 0.4818229716345108
892 0.6919068908228149
893 0.9440745875933325
894 0.9528300427773799
895 2.4919618684721896
896 0.29407937834597303
897 0.37028368715498605
898 0.4354797702612809
899 3.632526491696575
900 11.157758942450895
901 0.2161750362121462
902 3.1940199030604814
903 3.5115022435602667
904 2.309029183987493
905 0.5818548173166613
906 0.3455047633389232
907 0.021045302488517822
908 1.7753464465128361
909 0.3086330294966849
910 0.758463365964409
911 2.743214369127882
912 0.2194452489001786
913 0.1604082610477033
914 4.578212087218916
915 3.501557417316458
916 0.15944797362767846
917 21.1395365214133
918 0.9481993836496112
919 50.86746571169968
920 0.40894168665615305
921 0.4253133972532981
922 1.2552032426503947
923 0.028298264868311607
924 1.3949266350271006
925 1.355232584598765
926 0.7676033885573789
927 0.2071121159057809
928 0.7406172149443947
929 1.5220424193622502
930 0.5217192923747231
931 0.7565119454388377
932 12.514866372453948
933 0.6925406487339678
934 0.15368557166102778
935 8.685366067163404
936 10.779880917135285
937 15.48516618496081
938 1.0218169434684041
939 13.40899068281939
940 0.4831493833998698
941 0.8085887970885567
942 0.17759611404306228
943 0.02548932858994543
944 22.299901018581924
945 0.6792110304777766
946 10.51648595288062
947 33.903686586759704
948 2.537182860156382
949 9.106619130248195
950 0.2974691353288482
951 1.2730984172275552
952 6.731417154452924
953 0.051597844888107175
954 1.725483618191231
955 0.02169965622394663
956 0.25480584054568217
957 3.1764538293316775
958 0.5111239170959029
959 8.366485180107096
960 0.06936437222167031
961 3.2842530915145556
962 0.18379927052649367
963 0.8847126337645485
964 1.4970008851603336
965 0.0025197972187245626
966 0.7075398737043473
967 0.6967172016665518
968 11.913893010368728
969 1.9232222464638744
970 8.150657572545294
971 1.097019949853163
972 0.45739874704368977
973 0.16469417896910052
974 0.980440565092421
975 0.060175561674472536
976 1.0779573723016014
977 1.0104734489186817
978 0.6742053394891507
979 0.02033685859491025
980 0.9233912829983986
981 1.5640621250826883
982 2.843986670200088
983 2.3295539110908035
984 1.0118741040130605
985 18.741177367800553
986 7.20121402464546
987 0.6540268662024319
988 68.83433693909151
989 3.8642314117672294
990 1.1063687348781368
991 2.1960637394636797
992 23.798962063036885
993 0.4664213470562264
994 0.16697564880823074
995 0.6337830723517349
996 0.2681100991571391
997 2.7023556161406597
998 0.6543953910227561
999 1.100918525499652
1000 0.18507125051738332
