1 0.9471530294122661
2 0.5369058970333787
3 6.635637283396384
4 3.0130610958273194
5 0.24178957730306014
6 1.6449532845346075
7 3.6540138129540005
8 27.120500562546447
9 0.1917439765075302
10 14.423516492856457
11 0.9056896773765479
12 0.25664220131862914
13 8.810828572553199
14 3.3904067659232915
15 0.6082803040831242
16 0.7343774570708026
17 4.861784765041656
18 0.10534629936917014
19 21.039012814682934
20 0.3048681289037652
21 7.564235400178747
22 2.110175769596407
23 0.08956289749436744
24 0.23870734582853567
25 0.15624971479514368
26 1.8301384870193567
27 88.05299806397979
28 2.009735595465578
29 2.6418123583945246
30 34.78953468739434
31 8617.712293594
32 61.78029222614249
33 0.17587063545355341
34 3.7334178364460793
35 104.03616485889516
36 0.34186650990834216
37 4.1754611722583075
38 8.327626212785361
39 9.706417628757922
40 1.2984763556955976
41 0.08018582335648142
42 0.13958686394380132
43 0.4214917490170594
44 3.0919239905287883
45 5.687150439644047
46 1.3869898884994512
47 0.07280786480919962
48 0.6376168478871201
49 0.9064156503381904
50 8.187427051834218
51 1.2135749617491067
52 0.15051781974034123
53 1.7863077063641155
54 0.06054062644705404
55 0.008858767991921663
56 3.0670474602460085
57 0.6170711720698636
58 0.07651062292408599
59 0.25546615115304094
60 0.03756152625407411
61 1.71124602143932
62 0.14037912542103087
63 0.9508530305638422
64 0.07831391102061866
65 2.2452051755766056
66 3.977857179611216
67 8.759161559169039
68 0.16789172773472658
69 0.2437920016369363
70 0.2475415939401449
71 0.5118865319936832
72 0.18230218525278535
73 8.57902232990943
74 1.011835375256607
75 1.9827263044994536
76 4.751800935683959
77 0.9620918559359557
78 0.2827955239596957
79 5.157406947336533
80 0.48375921921272313
81 2.814959633989387
82 1.2516045132837212
83 9.383636016173675
84 0.11820749008086925
85 0.3880802899181307
86 8.868768100589614
87 0.05176114474249654
88 20.576791996641283
89 0.3648341691648724
90 0.9538200053941074
91 1.08889917598483
92 9.06633722961602
93 0.8466102211697558
94 2.7773410954688758
95 2.7166882065002698
96 13.354892867008113
97 1.1342466051680213
98 0.3377723594472337
99 0.7178581208095993
100 15.69867379314197
101 0.34078094586685387
102 0.5832268317338636
103 0.23515879664686198
104 0.3448755232832499
105 2.1070880389634645
106 0.01638345127697226
107 0.16464714088709587
108 0.018264133943406032
109 35.35870942770018
110 0.5942193295854916
111 0.7980063163658276
112 4.987926071865358
113 0.9759726330089781
114 4.42408586425493
115 12.21909601373649
116 0.3270998512557424
117 78.26890179374708
118 7.869891011789285
119 1.9812363447232857
120 3.9211571051052
121 0.10589040992531142
122 0.6012484642475097
123 0.3106788710813883
124 4.313700345336855
125 6.598154802103579
126 2.260143958623591
127 0.6299778990957272
128 0.08971753250348592
129 1.1395958306775218
130 0.08066443266657883
131 3.026431476699474
132 114.68275508566555
133 0.06770245514906295
134 2.3863413310348123
135 0.7750287564437617
136 5.451413140971658
137 3.9716224166689202
138 0.1924972811169089
139 2.6092395451002885
140 5.172530592363022
141 0.3807268974298868
142 2.821233101930707
143 2.3333309270549414
144 0.41026845716939436
145 0.16577907793724378
146 1.4309138679164246
147 1.3384802946182266
148 0.23173306450296077
149 0.17345821508469153
150 5.269852365089934
151 0.054525616810865624
152 0.6451767242520374
153 1.506078086382961
154 2.2717818716044995
155 1.4134868786045898
156 4.321083550305567
157 0.28785263059783744
158 6.489158697802099
159 0.6181942858619373
160 2.1125233016437734
161 0.6296195629214476
162 0.35300368643893365
163 1.637126231803074
164 0.7817145914365036
165 0.8788449524440325
166 0.482680851325484
167 3.601153884417008
168 15.730326267962255
169 0.2964918460054142
170 0.14298384402825218
171 3.027481633392793
172 1.7209188060721579
173 0.24713567969210082
174 8.056961663531458
175 1.5963101105283881
176 4.485183395684204
177 0.441936788896184
178 0.034706642767396045
179 0.09639319018297618
180 0.4845921359660919
181 4.375531361378891
182 0.5609024719253377
183 0.47934047427110243
184 0.054815579815575076
185 6.421110601322054
186 0.5389619963561605
187 2.267409950626195
188 33.271403346714926
189 0.9043336494447602
190 1.5446355519358184
191 6.083434099860991
192 0.3030285150325522
193 1.5955462570070789
194 3.707029337889127
195 1.086429575031112
196 1.8375208594236798
197 0.09993935888300921
198 1.2645960018445734
199 0.04872110972651127
200 0.40826802815821284
201 0.7596823608891626
202 0.6364439935422344
203 0.4734710594693075
204 0.6162508790324185
205 0.3652413664717627
206 0.47319770975250436
207 2.6221357759031
208 11.857486309519649
209 2.018102123476976
210 1.906289149810802
211 0.11207772739259776
212 13.672201720238668
213 0.6500695461484187
214 1.1703513072067542
215 2.4371717254525924
216 0.34238911000106664
217 0.21778624281616005
218 2.1728602429078903
219 1.7633008234919552
220 0.3340180935435045
221 17.811284303065996
222 4.038272128984732
223 1.7277557216636454
224 13.001516007898086
225 1.8687434731079815
226 5.009818534503075
227 1.1813654760104288
228 0.2829963913924658
229 4.588335845967997
230 0.4990450032582662
231 0.16254939344490377
232 0.06154859371852391
233 2.1255909900304126
234 0.8710117144193049
235 1.9104474082596492
236 0.21933112642328742
237 0.20967244295416287
238 1.8941792527423926
239 64.8799805708478
240 64.66225010625516
241 3.1816477599908812
242 0.3296098443760472
243 2.066100297204231
244 0.036223224307574395
245 1.5952382887965628
246 8.183873030339232
247 12.40919011121996
248 26.087646919441138
249 0.3348405855180376
250 0.4830655186786546
251 0.7069909664773003
252 0.34003257873105824
253 4.116701125564776
254 0.5633466605497919
255 14.031711873882115
256 1.556753529711232
257 67.49168522362561
258 7.616608922260712
259 0.5176136022068419
260 2.514830235247628
261 65.69259766312948
262 0.043369938679530554
263 2.056299878561474
264 0.7490392210271898
265 3.181241551843614
266 0.18275695460389366
267 0.12200229192492837
268 1.010206427396654
269 0.03840611505588432
270 0.32612620436449963
271 3.896925987686103
272 0.4858507529141144
273 0.10978574970578422
274 0.305131373981829
275 2.8880462212988927
276 30.63658078803991
277 2.124099845717125
278 1.6232158676537984
279 0.11896028986535001
280 0.5032173902590696
281 0.02873748932284056
282 1.7412151787851686
283 0.749677451214743
284 0.7245179675963234
285 1.2517511921061548
286 5.188410126692952
287 0.17502477909230849
288 0.08425391394639438
289 8.383750732459509
290 1.0623602797760945
291 3.2634102274787726
292 4.837593374013602
293 4.903071233061247
294 3.9262990299558784
295 0.11849502488280585
296 0.10815295490904288
297 0.34955472055409925
298 1.0628741510604047
299 0.005898368784684431
300 4.905944586060191
301 0.30311679722995577
302 0.1044406519532462
303 0.2414570128976697
304 0.2468766251033853
305 39.39329173139072
306 4.12538052373838
307 0.16045599332931115
308 19.2557660274391
309 17.263362184755188
310 8.659134618900984
311 8.535572108276494
312 0.16900398925176158
313 0.4089479079641006
314 31.283717506091406
315 1.7190917942817912
316 0.04100463785731756
317 1.9119249276583967
318 8.228407876719263
319 1.6367880469145737
320 17.110646649513523
321 0.17052228705470784
322 0.34559162779861896
323 0.5789456611360987
324 0.1708200783573372
325 8.764361956615126
326 7.457860111089064
327 1.4524144538356725
328 0.26340811575327533
329 3.7116726886409888
330 0.14808950193060894
331 0.9896619174953254
332 0.14634698349715317
333 2.231963595268667
334 0.0891459579596997
335 0.49638175021111836
336 12.643960786978766
337 17.850398060881723
338 0.7257464158767721
339 1.493374460422105
340 0.44647886183536706
341 7.702797799438827
342 0.16395380784129263
343 2.352933204859097
344 1.7388235504138243
345 40.71611831892378
346 0.5763955341983732
347 29.177396412191417
348 793.2143405275019
349 0.013557227591276397
350 0.9503263285725996
351 2.5150374018729793
352 0.23790833335142683
353 0.4503238724412327
354 0.24729803215992954
355 0.31868954736587896
356 6.988577320416168
357 0.08598983075205698
358 2.0639267075454497
359 5.8139232729430805
360 13.053892232975192
361 2.994432343498672
362 0.6468622831750646
363 0.2135681725738634
364 1.4906751228911888
365 1.1419227322705725
366 1.4878939779605482
367 0.12858790356778865
368 0.061558095214129166
369 13.693132624727328
370 3.515744187767135
371 0.09687390174779063
372 2.016504266875813
373 8.319503699821611
374 1.3419805758192977
375 4.042145319436308
376 0.496864838313473
377 0.6843862538877172
378 2.119291708510726
379 1.9104632591675255
380 2.0341020059625143
381 1.2101589283089325
382 1.2328974704281173
383 0.7401727968534447
384 0.39801639145041184
385 0.23960093929381074
386 1.5527927706065126
387 1.8802278874426115
388 0.5727192327222337
389 50.4883328488956
390 0.548211491815046
391 0.020371029687325643
392 5.779749699741135
393 0.01854108539425629
394 0.2614301297747378
395 0.7502331204078875
396 0.3839104800663386
397 2.971886196663337
398 0.1011814966047273
399 21.888944373135832
400 0.4271115941522562
401 0.33297282117697097
402 3.84830225721837
403 1.3270219321574988
404 0.4063587706470895
405 0.04409694205043304
406 0.016500150100466463
407 0.19735089300841344
408 7.935811324343332e-05
409 14.535876591756553
410 1.1785280857129612
411 10.814766120882119
412 3.5590380691245262
413 0.3938859896945918
414 0.29032799790843555
415 0.3631923414994127
416 0.11964449351932427
417 0.7299035494494547
418 1.8215589044387754
419 0.4759679970420974
420 1.1313372791399885
421 0.0425078808433618
422 0.4692663296361916
423 0.34695400972055596
424 5.276574127845368
425 2.6084136162557976
426 0.30535049893822297
427 0.3454663099389348
428 2.0351543140983033
429 0.3660704227775712
430 6.814523685707123
431 0.0994066551288689
432 0.8401482754549764
433 0.4483313373787944
434 0.14233517837879797
435 1.4190686611904315
436 0.2063659622003949
437 0.6360306421599687
438 5.285145054457527
439 0.6069120257671659
440 0.04895915408053596
441 0.12108541022035793
442 19.85649173117135
443 0.26379573936152784
444 1.5582726206145734
445 0.12843239046756982
446 0.5511470049981846
447 0.7967244768370847
448 0.09200727964743656
449 4.489861872224163
450 1.0277081121643445
451 8.977652673967464
452 4.188776894575507
453 1.2400300908235287
454 0.18572449786136802
455 0.09662755019332055
456 0.8010386577762219
457 1.6435628006065188
458 3.8548120979007154
459 0.039487668209487806
460 0.15750128075463996
461 0.6357723329325405
462 0.5884199593275717
463 0.2702939826328774
464 0.01804239929820404
465 9.661906089031715
466 25.85996681206925
467 1.4345179566838793
468 18.245901298489617
469 0.5268777490599966
470 3.2283857404458542
471 0.014549425133785328
472 0.152199371283557
473 0.7519799833497792
474 18.23248975225177
475 0.922838836718121
476 1.2920952184811891
477 1.4119673401516526
478 1.5963859572560117
479 0.102528162307762
480 0.8344704425938347
481 248.0477630946402
482 2.27063389312263
483 0.6030477534599856
484 3.3388985677379717
485 4.4249335964036005
486 0.24997970557999608
487 1.7976495726184487
488 0.3454095766874665
489 5.72584152249301
490 6.137713021676766
491 98.0795273459357
492 2.7111640812246924
493 0.37924305619901194
494 0.5093355989783089
495 0.415902654445573
496 1.6912221502437286
497 1.5561735632122025
498 1.8028564334783606
499 0.1506786404843517
500 0.5937155187979022
501 0.7791509693873362
502 0.14938138987023594
503 0.28220273608098395
504 0.08627058775800257
505 0.20446767155400855
506 64.80460108183917
507 2.4103236377064574
508 2.751244942380112
509 14.383827120066888
510 0.6391862616071688
511 0.5244441373880812
512 2.268425012978845
513 0.13050869326485623
514 1.6995655757678196
515 6.804594012771728
516 4.477180427934212
517 7.245376212036142
518 0.1331826705372233
519 0.5931918263687866
520 1.7895642822362452
521 1.4742952546757815
522 1.2943608637956703
523 1.5222481417756208
524 1.1802786700724202
525 3.1163270315191274
526 2.9394990699948917
527 1.6556865373917073
528 63.34657891485465
529 2.068652550786564
530 0.5582956120703741
531 2.2678478992071445
532 3.1305264396446337
533 13.942085203437982
534 0.3789012273803586
535 7.635496033245625
536 1.4584826805150128
537 0.1473162772551889
538 4.010719921735672
539 0.011934579496204458
540 15.575323183559759
541 0.4637872806892874
542 19.258475116851407
543 0.02358084385326491
544 0.3992602547203064
545 1.6302598092202099
546 0.6415890077517846
547 0.13935695114907504
548 3.084571725030426
549 2.090797719889553
550 46.47025336115392
551 3.7996584539389953
552 0.3979982782356497
553 1.6114247144846499
554 2.1627286314612766
555 0.6771000018192286
556 0.15384723124910496
557 0.01577053572114896
558 0.7363148943742028
559 0.12687661462943547
560 11.057422591690155
561 0.1225467451360611
562 6.6029695002218265
563 1.279544969377504
564 3.6648150533919543
565 1.9523203110660636
566 0.14790521927782513
567 0.27845034226184234
568 0.28915359864414
569 12.341576431102482
570 0.49842311856689436
571 2.630112164483141
572 0.4237574537597811
573 1.0640347257321816
574 6.2025458723505125
575 4.458246102409906
576 0.35483936479633343
577 1.2959044937794377
578 0.9825276480358106
579 0.9496806359280273
580 1.5466814001766485
581 0.0397738443214873
582 1.1200094732705188
583 0.9659116573035531
584 3.1280135298433676
585 0.3177158730575681
586 3.8333107356748153
587 0.6186162263884258
588 0.18305881140903943
589 0.4900596257666284
590 0.07352090227376241
591 1.3620844025094847
592 0.13499385739761247
593 1.4332468330035857
594 0.253520945530569
595 0.930312674568579
596 0.21600543576189152
597 4.6302866686783615
598 1.1731604123406287
599 9.95428777235722
600 4.184209631117518
601 100.16043233777907
602 0.09151705879967122
603 71.79241682601828
604 0.5421939846666187
605 1.3797075508979022
606 1.9521105454299545
607 0.1668074636338332
608 0.4038180091985045
609 0.1587298373943955
610 0.19742287745426768
611 4.047711185374873
612 2.491783157760048
613 0.08668729817350823
614 0.22780055717376332
615 0.24792622681835236
616 2.69209601368628
617 14.036002710141116
618 0.4172362855679751
619 0.01125579083119685
620 2.4683796762858576
621 0.7905902681849575
622 207.01296606008435
623 1.1941306965256708
624 0.4793007963477648
625 0.39420587018698844
626 27.018411451619784
627 0.8123917432332364
628 3.034482916276439
629 0.4080675632518785
630 0.38774147657823993
631 1.0349969764732732
632 6.978649368396209
633 0.482578804924389
634 2.4543066236716555
635 14.932492900605203
636 0.18927591328724835
637 1.701735566358267
638 1.1005308942211034
639 0.5484389096539336
640 0.7539747163060846
641 0.033469172913220185
642 1.987337594802604
643 1.9620746793583974
644 9.83467315796397
645 0.8204742573109574
646 4.908684847654577
647 0.3169973808693042
648 0.35002497629671925
649 1.3038427953089557
650 1.699492359055332
651 3.9700279859209893
652 0.1965124956326285
653 0.810817349618275
654 3.1337311653625357
655 0.37495021029928194
656 3.834750782189502
657 0.838202177746951
658 0.15135100753034045
659 0.7992381720480558
660 0.399416672863781
661 0.018190641137389274
662 1.8789009115614588
663 1.5131009150584922
664 4.300122318103902
665 3.360142476385395
666 0.08015586002822842
667 27.833987932096992
668 1.5373877860717908
669 5.448889310917579
670 4.623721567314208
671 0.0007053862855243419
672 3.501970889464664
673 0.15643316012524905
674 0.14263472096522148
675 0.05047953635931545
676 3.9921076864607334
677 3.2739396742009603
678 10.454760003334616
679 0.6930343222493978
680 12.25912989426697
681 2.7154476767903444
682 0.622162120521339
683 3.657705844065497
684 3.0770185326895487
685 0.1438043266293619
686 0.8315471341631787
687 0.037845908975895105
688 2.237157674466797
689 5.053883903062612
690 0.9735265017955307
691 2.0438365936204343
692 3.4920492488268953
693 89.61219246595796
694 0.6090779152431404
695 0.7138663538226493
696 1.298415404920378
697 0.12915084469411892
698 2.1027734916082874
699 0.35575924634722816
700 0.2919709797234182
701 1.2063985500184902
702 0.5147860623555378
703 0.6091481912280472
704 0.06676755032308342
705 0.5516041061171981
706 15.186346097671272
707 2.8882850106612867
708 0.3175536869183421
709 4.608734267017321
710 1.51904208739952
711 1.4013483100058368
712 1.61957074626055
713 2.0117813013250174
714 2.658868053248274
715 0.08450650250376644
716 1.6609498897944948
717 42.28362195149987
718 0.12308892119721748
719 0.486005766138411
720 0.012154999237913557
721 0.2050852507216068
722 5.534501645514315
723 0.33861138230262167
724 3.8211237094848958
725 1.3249660821570852
726 0.1746173283703078
727 1.678304078889243
728 1.4490210974571927
729 0.5913865284836581
730 1.7821394729264524
731 2.259486584208148
732 4.542000678202162
733 0.9950962402068656
734 0.09493856954958084
735 49.7196790659943
736 0.019137000881674582
737 0.7432338352815456
738 0.12321685403541044
739 0.17425646834216985
740 9.194864409365664
741 0.7773043900146872
742 0.19862732604179162
743 35.50443719324891
744 0.4107422866992586
745 0.052161861050110614
746 1.0071953369783297
747 0.3873268410562955
748 3.9170528198192156
749 0.9422310044352395
750 1.4376574265479127
751 0.4509474211989012
752 0.019422231803386314
753 0.017985248140505943
754 0.35462311147582987
755 0.7513346346365883
756 4.445163891636959
757 0.7738254255020917
758 0.09141779306017982
759 1.1254850464457367
760 0.08046242766380064
761 1.0160623198327494
762 4.012582384098991
763 0.8588282592776301
764 7.430878730046681
765 1.0111046766631948
766 0.6714237297561945
767 3.4434600473566563
768 0.3626031673367671
769 1.541837741798584
770 0.17564699179072288
771 0.33729541670302227
772 2.4785542711991457
773 0.30866286416066774
774 24.024414072586815
775 3.957525725864385
776 35.705877423423225
777 0.1359654696488099
778 0.057182157181216865
779 0.7418231780372557
780 0.9682454081516586
781 1.5731984742295722
782 3.1536361475499293
783 0.28288866164654425
784 1.6724589414324196
785 0.6816493826990807
786 0.43510570878517923
787 0.08560391453417121
788 5.722123396675781
789 0.5660554900393874
790 1.1755727941080656
791 0.11210579355903166
792 3.489044315758732
793 0.9553497854300818
794 0.6887671268355089
795 1.3869418769851956
796 0.17895009450099092
797 0.13358020525516998
798 9.648740622059726
799 0.06523974128702524
800 0.34648294946669933
801 0.004439381769176042
802 4.429219455567902
803 13.348123879889902
804 0.1043888098636458
805 0.25974347920435464
806 12.370656363308582
807 21.69465666981279
808 0.23859728138694125
809 1.0225934723903645
810 0.6675713036601713
811 0.710753186142554
812 0.0038477109948631544
813 4.390517279639441
814 8.422702982638832
815 11.016718605849773
816 0.8168635655094371
817 0.33879099745802616
818 1.2672771404802878
819 0.9494296260493715
820 0.4147681823754609
821 0.4051198409216008
822 0.27257617369435166
823 7.313865358215756
824 3.0063748382019773
825 1.2764953814835076
826 0.5585340747349333
827 0.5305046846343555
828 2.7956286846253624
829 1.2124505582456973
830 0.017611163882176067
831 2.3408856332406685
832 0.9044977160811365
833 0.9183511721379779
834 11.347703923378752
835 3.06001348644028
836 0.9913697101118297
837 1.2051580575151675
838 0.41417764799557744
839 5.244285556051506
840 2.0232003881288656
841 2.354342824301445
842 0.03840235881884615
843 79.34687462533273
844 0.5740524312284387
845 1.367919256323119
846 0.43078406416533277
847 0.07152277536045334
848 33.160152873835216
849 2.720352078552608
850 0.4370824617568241
851 0.13942581918831617
852 0.3680455922416644
853 2.1962194904772145
854 0.09595960867348449
855 3.2209289896791162
856 1.728965424095666
857 51.33528297924278
858 1.8147301752863918
859 0.21761801176925116
860 6.578318549265732
861 0.13778466044422172
862 0.828068913092095
863 0.0007511605989573889
864 7.3295417790948445
865 0.7958794491479606
866 0.0877451025085132
867 0.14499062692718637
868 0.008973947548670622
869 0.7837796562836801
870 0.7500946818744868
871 1.2416917238590517
872 0.4884766889207984
873 0.528905788017168
874 2.65722707557383
875 0.46040802155517346
876 0.16732997185665616
877 2.633201306405624
878 0.30219604755920615
879 9.10068794089993
880 4.82915864761205
881 5.305089571233366
882 1.7525257202350644
883 3.0324746120473978
884 0.12692003644615824
885 0.7839216289301884
886 2.8794352928595286
887 1.5664981014721404
888 0.08393047235162607
889 1.6242352579989887
890 0.20127913252304352
891 0.014630833064641345
892 2.6419268139384897
893 141.65645377645072
894 1.3606062749688161
895 0.17153298040901138
896 76.07066507954758
897 0.083457210784175
898 1.6619597116555975
899 0.4093881337089149
900 0.06221713085196464
901 2.7245210545170724
902 1.8914400478542106
903 0.39938964183755593
904 0.10866655581586186
905 8.5829227014477
906 0.02246141131262824
907 1.5528286863383995
908 0.2627683673395157
909 0.6928499433520274
910 3.0987638574370346
911 12.950604495119793
912 0.3792536454397008
913 1.1775583380632941
914 0.26429449765317786
915 0.5118509171131699
916 0.6918909727133777
917 21.957433326723688
918 0.9412479171552993
919 28.54612970724225
920 0.7772998646357675
921 0.48398184111248443
922 0.28479227205887414
923 26.312052383134976
924 0.45165949446977366
925 1.2512145343039962
926 2.081452728677585
927 19.359707308132716
928 1.7318183451389733
929 0.3487175185946535
930 3.0450321606305026
931 48.9601073027587
932 1.5859610725546816
933 8.236951538354138
934 1.7646390899500508
935 0.14442720086375482
936 0.0432425831790901
937 0.8946634806460301
938 0.17397958737056185
939 0.14904260453923496
940 0.9029618083465959
941 12.443971738090369
942 0.03396945936142438
943 0.10870413479116822
944 2.5331901129435863
945 0.9761517363754462
946 3.4763609250514977
947 0.11012546981368693
948 0.5386637169648937
949 1.7022247385705433
950 2.423758005925572
951 5.6442666955509795
952 2.7625819411787327
953 2.855708748942751
954 0.40404219559019183
955 3.246134704922731
956 2.83049478629506
957 0.4441944987599598
958 1.7499911709668226
959 2.1932798402340365
960 0.4014183192662341
961 48.22194444479818
962 0.07256660467282096
963 0.9933765818862942
964 1.8569133623814782
965 0.005362851613174206
966 5.529806748752512
967 0.8617532076448904
968 6.871076269414334
969 2.6616447656496462
970 1.0864934778271835
971 0.1971811883979425
972 1.1061183192351571
973 1.3592570728692739
974 0.3896284934588618
975 1.5435224724071726
976 0.06950901594553564
977 0.44870585900432824
978 0.6577949106728448
979 13.838175957595237
980 0.338333581708751
981 0.34144634479750097
982 0.26559219264381395
983 0.14965828228056752
984 0.7138450994640657
985 0.16651765382825723
986 0.11210242920908953
987 1.1435098490115907
988 0.4091595137627958
989 0.5661195113455828
990 0.00804057976750421
991 0.6646149818331574
992 0.7529682497685638
993 4.900600337782059
994 0.9425979180536642
995 0.2995233176187059
996 0.9963858800991813
997 0.9412250827921051
998 342.4108839378684
999 5.458259434633085
1000 0.6885216387565017
