1 1.4557994178452003
2 0.29921969056707687
3 3.4677501483854605
4 8851.914374738566
5 1.8129361028907105
6 1.140609625786245
7 1.9979433032058094
8 0.34357488903569566
9 4.639337336536758
10 0.6629075805490477
11 3.9062485007975476
12 6.581762114351376
13 1.689623608529139
14 0.449593782977048
15 2.750435881337913
16 5.970623198418572
17 0.16595254364685036
18 0.43884880088800027
19 104.36942923859709
20 4.189262309753534
21 0.9314048655470007
22 0.23221539939263525
23 0.6043313035138329
24 0.18462468439901505
25 0.8147781981295132
26 1.2677403280320272
27 1.630888195150532
28 0.0010397166188730346
29 4.69750548247869
30 0.8919192006110996
31 4.774855314611776
32 3.214056502731846
33 0.40348854879714086
34 1.451940471806073
35 1.182236728824385
36 0.49311651014524915
37 1.2029504541540206
38 1.0723765976586328
39 0.047285793294153194
40 0.2751242566282523
41 3.632902526542283
42 0.0904213420754012
43 0.164567038115164
44 0.13065063985642458
45 0.8920694469892595
46 2.107648524564586
47 1.4015657736375107
48 1.1577941890105592
49 1.3584130789729933
50 0.08741000643470925
51 0.5272760854890892
52 0.064148884682259
53 0.31921253749808925
54 0.190719104230155
55 9.653788999419655
56 2.217626800657448
57 2.9300707634898346
58 4.186825144178668
59 25.928755324835027
60 1.655161248646636
61 1.0614107291134847
62 1.8668627981647778
63 0.7103562636936762
64 0.9053806143032429
65 0.19832438818255155
66 0.6172460335049748
67 1.3614171233844954
68 0.42643953500328025
69 0.37677487092903006
70 0.5960740693508028
71 13.76584886684558
72 0.03456367806851684
73 0.41507009493762004
74 9.729241458823742
75 1.8433264152652782
76 20.08911526125805
77 0.4681526972448393
78 0.15415726364217203
79 0.27072321287643436
80 1.1655570140039315
81 99.31870202591988
82 0.5750557424020631
83 1.8429150097275688
84 1.6535864973926426
85 0.7525484582682244
86 0.7837042309761789
87 68.3939505122681
88 11.197917390969947
89 0.5410518401228025
90 0.23480352358315587
91 5.8907262533195395
92 0.06618559008007649
93 0.13262732930115523
94 25.513674106514546
95 1.0141745512301954
96 0.3026648673378329
97 11.989153487022326
98 3.173361820629379
99 1.0646783795563586
100 0.018391984507092205
101 0.4952704166511134
102 2.1658405052944993
103 0.4781671661022117
104 8.346884279472562
105 0.1984607521687379
106 1.0372496495448347
107 1.2562170141505673
108 0.17557549655317914
109 0.3344817367368293
110 3.0033134307974407
111 0.6107281982873576
112 0.6268540656615519
113 0.11715263517939505
114 0.35420569105014216
115 0.02767340618628058
116 57.240673611160716
117 0.4801766543111722
118 0.4815964246030918
119 0.7616476944449141
120 1.2191290218098796
121 1.3138488023164316
122 6.517137302988649
123 0.567301433476324
124 0.1301548275475859
125 0.12451896784037063
126 0.19054828932424486
127 0.025385944644591856
128 0.23727219985039957
129 4.66189926163211
130 0.113242461317447
131 0.2132698982081471
132 3.9157855002717623
133 13.6736106961409
134 2.1649918005338846
135 2.012017285690468
136 2.3785825424492573
137 1.6203476126934322
138 0.07655684855317234
139 3.0892078975394406
140 7.937565226938091
141 5.5312524704638015
142 0.7347674487537359
143 1.6371188262922225
144 2.417014814873099
145 1.4105954425341545
146 0.09286371138459229
147 0.27571614094840685
148 2.7253397927842142
149 0.36193436844125915
150 1.0161130776537077
151 3.616559602095679
152 0.14242723463277518
153 0.7701221259985512
154 0.9349562281655293
155 0.2270807300801379
156 0.4295019542216742
157 0.8253335325266785
158 0.8012009955408964
159 0.1262242065321097
160 0.28772494791154263
161 2.6281386023229656
162 2.954201548208739
163 0.1284077062699185
164 5.713219084611485
165 3.392890215267898
166 0.27870767125339885
167 6.799518953255041
168 5.21713412152462
169 0.13155715236989665
170 0.47759057637167945
171 1.5512684762776352
172 0.6814505190176061
173 0.8788040157184932
174 1.1814705280619806
175 3.419136488975476
176 0.035701696423984075
177 0.5660464285506512
178 4.247277032157783
179 3.5098207769984104
180 1.150628764415747
181 0.1642510810453932
182 0.32539940636060716
183 0.4031297864766016
184 0.10769495567901184
185 0.5399083743113878
186 2.2434679721068815
187 1.512635169392873
188 0.16714664746452657
189 1.0253655809971258
190 1.3544401336135006
191 1.0092835574340953
192 1.1723292427796037
193 12.506767078793665
194 1.2622263294549596
195 1.1689262271992005
196 0.37394399868559214
197 0.07512499813222133
198 0.6099497823926134
199 2.8626742096556486
200 3.8502453908102403
201 4.640131974488131
202 0.021513944734944692
203 1.344873940336741
204 0.4265478432397096
205 1.7346389083005096
206 0.6141175817835172
207 1.7108857638594122
208 10.78724551458927
209 1.5726613882120724
210 0.48094652250966585
211 2.06578967465691
212 0.770140921934061
213 0.061995650283363984
214 4.309120931690326
215 0.9167702012092742
216 0.8634661954729966
217 2.6716777432205414
218 1.9002665233681229
219 0.45669307700245537
220 0.042082891887069096
221 2.051780838833714
222 0.5274810947258203
223 1.2782071992121447
224 7.178042181798491
225 2.167878028622236
226 1.2122395271718491
227 2.9999959516439825
228 2.94821926227088
229 1.3152466255602355
230 1.296741183154439
231 2.755167077413488
232 0.45954862068729413
233 0.14796466565758162
234 0.9987292713757322
235 0.054315370072065945
236 0.7692705537041961
237 0.11697656519288051
238 0.2461954271915286
239 8.548978280710209
240 0.7425844072317644
241 6.165980523058115
242 1.370094075696254
243 11.166143481112968
244 16.448157831675513
245 0.5699238353657436
246 3.341007210806206
247 1.5508656680789679
248 0.7836340073993526
249 8.273577974903562
250 3.919329320678821
251 0.31735036420173
252 0.8026739879718991
253 0.011774372324311194
254 0.07428043860474007
255 3.2044845367752677
256 0.30243133201364875
257 0.419201374194645
258 1.7411446646640811
259 281.1415465116749
260 15.022457655114843
261 15.986608729853147
262 0.9999831342340951
263 0.8512278167248645
264 0.1312609991798923
265 4.58275159454681
266 0.2528761339572728
267 1.8684784582184761
268 1.1650728650938689
269 1.419593512173684
270 0.6675908713022816
271 1.5004929233002915
272 0.7557501733675812
273 12.800191352495151
274 0.42223353892614174
275 0.2656753886415194
276 123.52264977027971
277 0.41307533322617185
278 1.2719540996192884
279 4.233346916991619
280 1.1261456091990225
281 0.22992271228705932
282 0.4171217029512169
283 1.5355463743062938
284 6.732836343876089
285 3.8986397922401914
286 1.9355588304914384
287 0.8020797919566641
288 0.0667010824972148
289 0.4484061566802234
290 0.39365915343069063
291 0.20738865635279885
292 3.711281013905912
293 1.7898269143668633
294 0.27334731639910453
295 0.9715671856182709
296 36.43383594424786
297 1.2501308240773505
298 0.39435605844907035
299 4.425677802972968
300 1.528616515902058
301 3.9785462146286825
302 11.029740705418464
303 0.28816234907270605
304 1.2163078973168608
305 1.4950295512071943
306 0.22986527954056862
307 0.011589591618162058
308 0.05142771602268846
309 2.197753852278227
310 0.8532970222733302
311 1.6455854924099018
312 1.3849823644002444
313 0.6286297653567977
314 0.10620207006854152
315 4.7082945942286605
316 1.5389398957764122
317 2.8956403761501406
318 3.5071199870145318
319 3.7323086368882574
320 3.4120874559651693
321 0.32243703835200527
322 16.380699229823627
323 0.0006782110738196265
324 0.04793624773984867
325 0.2573451969360573
326 0.21141255452912752
327 0.6266392918143031
328 1.4669336824697388
329 2.12880868887137
330 0.8995047365325525
331 0.1426170655702036
332 2.0857419528569507
333 0.12507539941680051
334 59.26077218227748
335 0.01824361836543405
336 0.035796679739821716
337 1.7044151234461589
338 2.01223243538104
339 1.7006156700396
340 0.7073430196808191
341 8.186624146256465
342 0.1529422050159905
343 0.26097305707697205
344 6.271833150624085
345 1.8331342224678966
346 0.8176085692580963
347 0.18536689951376362
348 0.7871893298344455
349 0.921251469492269
350 31.591195213447683
351 3.288951416105835
352 1.9471040930917154
353 0.6818924970438323
354 0.030535931572619655
355 0.024080355302390673
356 2.2259144044564745
357 0.18903821947858665
358 0.14667376198912588
359 1.0657940389751885
360 2.035577918331499
361 1.799539473284511
362 0.7885467045641432
363 1.2978700648175652
364 0.2867114789170203
365 0.10373564444011597
366 0.15741628008338596
367 0.29210220351166283
368 0.19204348132930832
369 8.209533503239175
370 1.1030862521508018
371 0.8179643912299904
372 7.914155664635923
373 1.3443372718961646
374 0.7797990051625323
375 1.409661095451667
376 1.0504703718268942
377 0.049985821332906404
378 1.0863852152295286
379 2.9449189922775183
380 1.3729145637702296
381 2.3422531906387296
382 4.4085076065734485
383 0.021085224494442067
384 0.7841696795852139
385 0.15646898387709288
386 13.280338709367701
387 1.7207386419534576
388 0.8906121486661558
389 17.170625579800024
390 1.7118338620462275
391 13.681531920461486
392 16.279503111664706
393 1.5602440752187656
394 0.016874798136875837
395 6.221841282597166
396 6.002082902445299
397 6.349058714731736
398 0.47902563584334296
399 10.451172942828368
400 0.27158484106988773
401 1.2534181516140606
402 0.6944069389077069
403 1.4705539601635498
404 1.2229785410665983
405 3.430006254991076
406 0.028166708230256594
407 0.06715257938018149
408 0.3750341590314835
409 2.0876539690363587
410 0.7699260766120758
411 0.7420285031308446
412 0.9831450735016422
413 29.77258928565841
414 2.4759851596742872
415 3.5683452287502146
416 2.940225680960946
417 2.0520629638149233
418 0.07544275648397653
419 0.47342845170805553
420 0.5694453585135425
421 2.1705849201127436
422 0.9299491590939497
423 2.526291463199258
424 19.71446042428082
425 0.16256190604455115
426 3.1381250207704157
427 0.6281228391091733
428 2.212033733830875
429 1.3897745928473928
430 0.9187170915454896
431 0.0635752995330007
432 0.761845942241815
433 0.002219316918153817
434 0.3111161819268586
435 0.05437013071557427
436 0.35716911410439883
437 0.5974941511004633
438 3.597220469847959
439 0.0027628671586756946
440 0.6816768946521565
441 0.3914276306165055
442 3.276368233106672
443 37.01117666433772
444 2.947854883638771
445 0.039195445078917174
446 5.6468412749791765
447 0.36361746349317076
448 1.3989894359888162
449 1.990452434907048
450 5.537388394087757
451 0.6742587443402138
452 0.14337116850789045
453 5.54396465060992
454 2.2476014263321935
455 0.5316011219470151
456 0.546785541003152
457 1.467105847516805
458 0.2140009046112909
459 2.1935623410542795
460 0.13294806988641783
461 0.05870878314935576
462 0.5640477506346255
463 1.397089467662287
464 0.7066706327903012
465 3.7847143273293504
466 9.278977025308091
467 0.13849735196818241
468 0.4552382596369108
469 10.465548562913714
470 0.43685447799731425
471 1.8635317445564858
472 652.498021649427
473 5.4292933962936925
474 12.707502332575446
475 0.13738701579043078
476 1.9378820620430521
477 0.05438023265364463
478 1.5135151533533
479 1.3530881782839892
480 2.3838426690454697
481 0.3780704879733026
482 0.0073494316638094415
483 1.07018592404056
484 5.166592194936608
485 1.7028208445178858
486 0.6945450398797343
487 2.0261485306359535
488 0.02050378977722775
489 1.7780211189037425
490 0.84907650874081
491 0.04563918517596174
492 1.5426072414989975
493 1.4400286689195578
494 3.4968218815395065
495 1.8701253563611362
496 2.3815816770559524
497 1.475341671046425
498 0.8174962871156397
499 5.374873626386718
500 0.6937559903595697
501 0.5045742952146292
502 1.771098575911297
503 1.9085832455583598
504 1.2588819364227521
505 0.5109174460554695
506 0.9432003795984986
507 4.34895022061793
508 0.554393289388792
509 3.0349048940065755
510 1.2380991079468553
511 0.5375915376250985
512 14.796534735317143
513 20.8123120978822
514 0.3634504021728093
515 3.074231367213517
516 4.003045632019942
517 1.0747663467458126
518 0.5551579738534261
519 0.28479828049608885
520 1.1636477535754282
521 0.42067930896418576
522 12.927312168223079
523 0.5201834556223199
524 0.44267393593013593
525 0.025777513094026764
526 0.16510119596282066
527 2.9720117072770242
528 4.828931009815838
529 0.6775459690908275
530 3.7395479000907166
531 0.5372662369201501
532 0.1467529967051312
533 0.24244475745530752
534 2.3364392897361856
535 1190.804840903649
536 0.7022092195228105
537 3.1105603458317073
538 8.429280934670599
539 2.7181346004827738
540 0.23304307180934275
541 3.718309722223895
542 3.0426385710065924
543 0.00506853633396517
544 19.61441707475307
545 0.08053064731924263
546 0.4605712511586761
547 5.088529962509804
548 0.25383234325391185
549 0.29800010096752916
550 2.337835753867231
551 0.341625447497351
552 1.2195877504633108
553 1.462236402145769
554 1.8225204273982711
555 3.8726531826496995
556 2.4882192893515396
557 0.19311823175898232
558 5.2398298320117185
559 10.951265683956741
560 0.21255022262569437
561 0.15512661184847
562 2.03978619080574
563 0.12951916662662416
564 0.7783478564344847
565 0.3116803887162921
566 1.2016151584048362
567 0.18295348691586358
568 84.13243220892129
569 0.2944282647781047
570 0.7272680424172757
571 7.5919165958778345
572 7.681844996589573
573 3.3010058927221446
574 1.4159941587287044
575 0.7613719777064697
576 0.0069930297057685395
577 0.520386489967745
578 0.7542834890222746
579 0.22516754242337464
580 0.018945413412895473
581 1.2513789819018155
582 0.6291117385723978
583 2.2223662895895644
584 1.6676970610085975
585 38.2540058353066
586 16.689646082893727
587 2.137765675697545
588 0.45457929462356755
589 6.364096259083075
590 0.997023182470121
591 0.4268915222692728
592 1.8589545887785384
593 2.0944817065775614
594 0.12295246356713822
595 5.097459667191369
596 0.01604200898325585
597 9.567253241257841
598 0.3156585684032053
599 53.41842156405424
600 0.028409032786412654
601 0.08873313381611972
602 3.303617551221971
603 3.4626236183990327
604 0.9588809990883138
605 0.014474506405652149
606 1.3632851148186296
607 5.632995633460291
608 0.09308123363613956
609 3.1223207605733108
610 0.8497485914664158
611 0.23965814142761932
612 17.75499496624583
613 3.0364317640042096
614 4.006286496130932
615 3.2922013823754117
616 0.7820849517060693
617 27.5389434307775
618 1.2852117885825804
619 2.4081991556484708
620 4.388989289991887
621 0.8841266785789665
622 2.1172088450851794
623 3.855725166018646
624 2.1885099844451585
625 0.2019661424846114
626 0.47294673341781335
627 0.35825419709551404
628 7.533691890181411
629 1.0372274640431907
630 1.2219513847840988
631 0.272086551381788
632 3.57723790745894
633 0.25003574575970666
634 0.6748411814996953
635 1.9160696527398973
636 25.205412892208052
637 1.3175628792534522
638 1.1142405290307946
639 3.7174425852262196
640 0.7193147930457005
641 0.3336872003414492
642 0.7541875683453196
643 25.070004869828054
644 0.7456557443421745
645 1.7156730760874033
646 1.9856381884786931
647 0.5570279657546587
648 1.4689993814310087
649 6.596838384822599
650 0.016820957492762766
651 2.109558462126894
652 3.258028909338966
653 0.16928698005228496
654 1.1343181353712426
655 3.3057025736664816
656 0.7872791037427745
657 6.003624630043485
658 0.4027668162397212
659 3.130375179130787
660 4.176894276434385
661 0.30039316021194495
662 0.4194496643396959
663 0.8974193468552749
664 0.0018434096726707681
665 0.04691565581184621
666 2.6904565684739867
667 2.9056756704063194
668 0.8841220291337555
669 2.719137736608077
670 0.13165620980179987
671 1.718254686146976
672 0.24618449415053476
673 0.18116829090052528
674 0.24671068968872706
675 1.0403037742819057
676 8.628517928455349
677 1.2831845552630015
678 0.2899638571038581
679 0.41359350377004706
680 0.0028992212170178217
681 11.297403782742443
682 2.377537010213863
683 1.9846993235341241
684 0.3741473953127801
685 1.2611829279746776
686 0.19701473328066332
687 2.658949971822124
688 0.24138145685353474
689 0.3037580650365919
690 1.869705012095245
691 1.2582187024254932
692 11.145220279282535
693 2.509917219271819
694 0.1861046273082414
695 3.9240254191994812
696 0.2820392780637353
697 4.486446262268716
698 33.5725619723235
699 2.8894733572324784
700 1.5714838460559553
701 0.7480428970204005
702 3.9662118958089234
703 0.05452753726980335
704 1.3035425189378196
705 1.6128642133608238
706 1.8804123125454633
707 0.6411146269211194
708 1.0551731358464569
709 0.6816951309914943
710 1.2895395086983206
711 0.3272190008697442
712 0.1668801070605168
713 0.2825367493947763
714 0.9097264503820314
715 2259.682221354492
716 0.28149282422518335
717 0.4780125217589886
718 4.601666330584222
719 0.3534477768633547
720 0.2501193835822283
721 0.25887539337195703
722 0.7879835736690965
723 0.40643343073853344
724 11.705717596246343
725 0.22976573715251614
726 9.291701839505123
727 0.21206799887025377
728 0.11348525440440399
729 0.02323375156866636
730 59.34939793100832
731 1.0466945640089318
732 1.0880129718176197
733 11.492810030583659
734 8.847211190421945
735 1174.7548064226498
736 0.2286652927995115
737 16.06581873674815
738 2084.255595146945
739 1.0226849087933343
740 0.9297040160548407
741 0.7608650090426413
742 2.325943611227875
743 3.430386105381249
744 2.4362541270183593
745 0.5910945902508109
746 0.16277289614539026
747 0.03956751617544312
748 61.70698570364767
749 0.1646929135739615
750 3.821644095847641
751 2.7835810509064025
752 1.8253802285382699
753 0.6965737828377819
754 5.535805409470629
755 1.9350535103134596
756 0.8852618463182776
757 1.2283930565420385
758 0.7802481865807732
759 0.05801248543521083
760 0.9519219418224958
761 70.60413879129287
762 0.034814054146548014
763 1.676552626496545
764 1.497595018413193
765 0.17062370825820872
766 5.001671664936763
767 0.2902377600998051
768 0.19247605075613852
769 1.164719562465744
770 2.7048300741157636
771 2.6835992565448072
772 0.5376977618502826
773 0.7856687565915601
774 30.774021523516108
775 0.7744373140053066
776 0.2927103995424733
777 0.34721318885727676
778 1.0598746270495827
779 4.314584559482123
780 16.272462454034546
781 1.7492133129601615
782 0.1345065634561046
783 5.9572574116473005
784 0.04737479854106032
785 1.1614968132377286
786 2.719469002311455
787 12.023612917300913
788 0.10643287694040703
789 0.012244682193782658
790 0.679662098877655
791 773.1236050141914
792 0.1362428295090612
793 0.49882077914456424
794 5.66083021719241
795 2.1926161433627005
796 0.4697161198646121
797 1.84255334657837
798 0.939770642538606
799 2.012583001813244
800 3.167624321133079
801 7.397494962211416
802 0.1722474576109001
803 0.4423971514039236
804 0.4984432651610527
805 7.8421525186365955
806 2.301243388844583
807 0.2630276592514153
808 0.4896162985894973
809 0.006720307093476534
810 0.7855113352055587
811 0.042101121842412347
812 0.3241461142061197
813 0.8291904519013843
814 1.588096748207021
815 5.894546252258734
816 19.706523008403472
817 97.73239167410738
818 16.00800770710357
819 0.680215745756203
820 0.2541699628208181
821 22.93688310341068
822 1.8792705381455515
823 0.6153452460362202
824 0.1443719985588401
825 0.8548679221185921
826 0.9457178959079784
827 2.5522913719845297
828 0.5498804781620549
829 0.6106856563190559
830 2.019424770450588
831 0.7541119929312695
832 0.02098650220142429
833 0.02692521833014488
834 0.7544500931472025
835 1.5478902260036589
836 3.1482310375793197
837 0.5898940003616379
838 0.027788433253996832
839 0.4646021500190054
840 1.0342242664849146
841 0.18799559331399476
842 0.08748434830231386
843 0.5035728730874114
844 0.307385587672081
845 0.17660890657280245
846 0.0916344099202073
847 0.6635102190063676
848 2.3635633853448734
849 6.630220974918951
850 0.23844610358235488
851 0.27133940791685673
852 0.06586889130360189
853 2.8840309776398905
854 1.0255921499335539
855 1.399006676327141
856 5.668456564004402
857 0.028019125396927805
858 6.629259090991606
859 0.49471499375700384
860 0.833934173926133
861 4.783172415859695
862 13.470710965737084
863 0.7000828536686553
864 0.06423840969467023
865 0.5300966455278978
866 0.30326128381954376
867 0.046379743633709745
868 0.44208033448935075
869 0.08428905535941465
870 0.8695789531837104
871 2.9397229766845387
872 0.10988256871527756
873 0.7626876330030934
874 4.467028107214157
875 51.67036115417946
876 4.398976548967552
877 8.105566361332064
878 12.62641707915046
879 0.01273245753333845
880 1.6664263787162354
881 0.6054482925454598
882 0.22547975899475733
883 16.632088021678907
884 0.4100679116518346
885 0.97208140119654
886 1.1981888337873061
887 0.06587815625473481
888 2.955750003048219
889 1.0938059752003608
890 0.22541678876049845
891 0.28035360831044576
892 0.1396251602632605
893 4.219867301576532
894 9.888495662842889
895 0.07773110260856896
896 8.78213322656871
897 0.7208032153425789
898 1.7449437458454788
899 0.345549052244304
900 2.6384385350310366
901 0.49434930814843486
902 0.133091955339039
903 0.2920909222001154
904 0.8094917268548116
905 1.774168822862605
906 0.030528303921968782
907 0.051228279246991595
908 2.2320672572520475
909 0.5327079618295514
910 0.1519258418570263
911 3.2789489321290133
912 5.446284096814507
913 4.385880194098779
914 0.6707921956066197
915 0.3374987128132712
916 1.1252437105854811
917 1.1623519333736878
918 2.927948490823114
919 0.2866645054400346
920 4.138796952496627
921 2.4041546361903814
922 0.06928199200280238
923 1.7221923843695581
924 0.10586452128973795
925 0.13500095143565044
926 0.7294722591029654
927 1.234601814352317
928 1.4852955139651132
929 0.5879487687318858
930 2.358246218122068
931 0.7779969689287071
932 0.019635639517247148
933 1.3076010430156
934 0.5355992985468192
935 0.22133778862345838
936 1.397233874387168
937 3.915489012531419
938 1.5079653482475441
939 0.7414265558706105
940 0.9875176392997418
941 2.1773672257783665
942 1.2997765318257837
943 1.8838482654545756
944 0.5257091126622611
945 4.380647130988931
946 0.10431279224683494
947 6.380259619971462
948 0.5144639011071209
949 2.201676721633442
950 4.492859560352625
951 9.2186644447456
952 0.03930352938208602
953 0.1460732715460129
954 36.066214130961015
955 1.0968621686998214
956 0.011005359367128587
957 2.8949828113287137
958 0.5371199365575501
959 9.949104335997763
960 2.8180687859237956
961 1.368030676305791
962 2.5036024695117596
963 123.45193601294818
964 8.326952127903322
965 0.11085003691114999
966 1.3131000003958917
967 0.8907393436056739
968 0.6487984184109982
969 2.389411629853714
970 1761.7953185249473
971 37.19902449018754
972 0.30513194625801576
973 1.284887166504264
974 15.994811137433732
975 0.06801806398754277
976 0.35409274081049813
977 6.651300817466416
978 0.8081868924901797
979 0.19506118366642328
980 0.06618760929941075
981 0.8547737081969811
982 0.9442076543301154
983 1.2576799830340573
984 6.311747089166498
985 1.4283126398734693
986 0.011399795001910393
987 7.11383939393634
988 1.3645220383963317
989 0.5830113544498738
990 11.631427918146374
991 1.5082744838406301
992 6.178669681764504
993 6.23853704370035
994 4.056882800707523
995 0.2146385602867936
996 0.34857643280335426
997 0.11392008670530501
998 0.7890045394675866
999 28.47258728677711
1000 1.1052577701475337
