8 929 906 556 852 107 166 468 545
8 260 118 572 962 110 620 27 537
8 198 47 361 734 244 705 233 689
8 622 815 484 956 461 491 333 168
8 968 488 649 480 640 76 139 626
8 351 976 882 149 455 517 544 681
8 500 521 942 151 525 870 72 689
8 169 128 402 500 12 190 490 127
8 698 968 242 599 20 757 255 977
8 70 298 829 621 507 758 68 172
8 698 192 519 70 721 309 280 489
8 605 236 112 509 966 113 417 820
8 104 479 61 824 710 567 745 81
8 96 602 449 649 438 715 626 230
8 86 51 900 753 686 434 290 264
8 949 683 987 529 935 18 852 4
8 652 953 311 81 348 434 853 790
8 546 880 924 609 210 36 692 553
8 104 130 171 668 516 710 161 825
8 973 107 805 657 607 700 477 127
8 328 948 628 996 445 797 786 87
8 716 249 266 735 141 839 586 730
8 551 878 50 653 764 463 590 251
8 515 831 189 610 440 230 589 955
8 928 452 910 955 629 908 59 559
8 865 211 507 44 134 332 218 893
8 993 943 51 999 824 588 945 82
8 602 574 481 171 252 412 545 554
8 759 243 192 972 392 95 597 770
8 415 241 91 360 535 905 42 624
8 538 806 938 378 820 16 693 386
8 970 785 841 143 55 179 283 364
8 929 211 644 964 968 463 989 82
8 228 615 926 658 396 202 60 554
8 448 975 852 848 728 219 666 996
8 618 363 735 648 935 152 471 790
8 121 182 184 277 716 590 240 456
8 274 523 613 7 645 702 81 286
8 896 169 239 652 485 315 317 67
8 571 436 847 747 136 245 857 526
8 918 104 886 837 394 76 985 699
8 572 571 155 228 425 74 2 401
8 112 851 25 921 293 268 426 868
8 144 761 171 796 242 370 688 530
8 97 70 114 782 354 545 765 685
8 571 501 74 369 374 220 422 810
8 715 546 884 889 375 927 595 24
8 718 50 569 977 321 825 129 456
8 988 953 403 934 147 491 382 776
8 786 354 653 784 523 272 655 59
8 602 63 966 34 793 314 620 794
8 519 397 938 604 237 430 762 684
8 256 736 627 981 124 873 617 963
8 149 252 677 517 330 723 971 196
8 816 799 690 204 12 53 277 127
8 818 298 207 876 864 22 43 949
8 743 951 636 841 21 710 758 893
8 711 146 848 7 85 271 843 43
8 824 932 473 656 709 314 530 453
8 834 461 118 715 420 191 228 776
8 138 261 841 921 480 234 784 580
8 494 804 589 529 866 183 548 280
8 638 519 550 616 878 545 357 140
8 644 975 518 700 694 717 911 187
8 736 345 918 819 464 637 243 406
8 533 836 994 531 814 660 547 447
8 993 697 379 272 387 33 939 684
8 932 981 44 530 393 745 526 534
8 94 815 287 408 473 902 379 446
8 8 313 257 887 76 126 115 946
8 128 487 151 568 388 142 721 88
8 965 89 763 205 762 913 534 582
8 366 91 741 171 29 496 753 248
8 169 414 413 155 217 619 695 550
8 760 533 102 527 200 863 946 534
8 871 761 53 617 489 590 235 496
8 972 698 102 958 467 299 935 920
8 846 703 300 430 171 631 136 447
8 365 566 148 331 481 670 11 870
8 547 800 552 947 721 96 417 939
8 512 187 673 787 816 72 483 93
8 1 356 321 989 580 897 296 517
8 100 448 884 564 413 777 140 82
8 795 515 279 389 157 362 794 544
8 1 705 725 847 282 432 762 721
8 479 448 14 81 733 550 575 517
8 543 741 412 16 974 173 14 28
8 819 845 304 521 697 642 457 29
8 416 149 56 305 650 60 897 353
8 932 210 465 677 437 341 504 565
8 746 991 45 227 71 328 419 896
8 66 664 154 286 301 411 254 781
8 461 808 692 478 837 640 313 659
8 930 470 437 299 206 872 782 835
8 26 918 715 410 978 575 224 666
8 724 87 2 459 697 432 196 317
8 978 432 282 245 330 244 9 922
8 834 256 219 377 170 875 582 322
8 487 200 398 41 478 378 484 67
8 712 153 57 732 637 923 747 593
8 914 389 112 110 861 604 197 912
8 646 880 521 294 761 296 522 810
8 995 914 783 193 302 355 3 286
8 611 74 123 859 824 839 135 911
8 916 993 950 982 841 239 114 700
8 942 491 860 586 147 567 519 935
8 93 193 253 372 289 999 873 42
8 215 261 524 619 700 776 145 935
8 162 772 751 379 372 786 197 810
8 380 771 138 981 739 667 226 109
8 919 260 561 223 122 457 593 554
8 528 45 676 287 266 579 341 166
8 58 855 847 692 341 582 947 935
8 848 698 460 860 155 457 266 237
8 806 562 5 644 931 289 384 559
8 571 89 884 95 576 267 238 465
8 258 215 739 408 466 502 670 520
8 274 412 715 233 809 852 714 417
8 529 204 304 804 652 56 635 254
8 55 698 193 871 397 68 19 363
8 900 610 76 174 677 186 696 920
8 387 57 124 399 463 428 172 4
8 183 116 759 978 379 535 963 911
8 805 862 223 266 610 713 799 296
8 144 382 882 983 670 820 28 778
8 574 435 815 424 145 127 444 105
8 467 1 446 159 592 224 125 709
8 627 958 644 345 852 873 105 367
8 370 331 13 310 771 16 437 897
8 48 785 297 836 156 539 274 756
8 83 671 501 239 131 76 434 889
8 44 369 711 189 567 702 642 119
8 814 40 705 409 565 1000 237 810
8 573 403 648 635 586 386 3 762
8 436 859 405 143 142 428 122 828
8 572 41 814 592 948 719 237 821
8 89 923 270 134 413 92 580 301
8 804 734 211 624 101 193 548 240
8 236 157 171 625 673 386 497 221
8 203 404 138 944 547 267 774 986
8 282 436 420 281 884 250 760 503
8 488 842 876 116 83 841 271 537
8 814 64 933 48 919 686 42 166
8 741 909 213 588 463 989 935 821
8 834 609 365 71 363 567 927 432
8 162 351 157 20 608 889 721 620
8 68 410 892 163 327 782 509 373
8 118 869 674 819 557 770 847 617
8 698 240 767 91 372 933 574 650
8 201 739 345 20 595 171 721 810
8 874 630 15 324 9 569 838 681
8 561 331 521 890 218 142 349 221
8 276 329 227 98 975 789 520 781
8 450 40 803 989 614 235 248 901
8 711 819 495 15 9 342 516 391
8 826 335 530 400 730 721 188 684
8 484 958 287 24 405 952 608 79
8 201 928 215 203 293 649 695 373
8 535 165 323 926 900 779 945 782
8 216 902 610 519 857 692 19 635
8 351 494 429 163 175 864 81 704
8 298 407 473 435 735 238 879 251
8 79 489 555 941 285 641 367 647
8 389 902 103 562 695 291 949 42
8 376 974 348 427 742 828 932 28
8 41 181 772 340 800 242 202 590
8 469 77 233 992 722 989 353 672
8 360 796 466 653 362 263 998 184
8 736 847 39 810 330 642 339 891
8 319 378 845 44 747 878 825 245
8 923 379 524 34 383 949 680 581
8 976 231 56 157 289 107 197 578
8 682 826 194 931 745 280 214 586
8 358 487 371 329 670 588 224 381
8 488 297 918 467 607 777 587 940
8 533 540 33 987 861 153 152 139
8 435 217 199 131 127 643 762 237
8 117 486 936 705 718 924 247 645
8 66 307 308 651 961 628 557 534
8 669 84 212 818 116 148 930 811
8 634 960 654 630 692 108 650 939
8 361 44 253 448 674 235 467 422
8 618 639 111 641 274 952 872 659
8 256 703 370 94 475 480 832 252
8 416 259 633 616 970 762 424 422
8 234 980 500 332 466 713 220 838
8 228 505 356 325 282 143 972 109
8 853 116 423 194 934 578 623 684
8 249 767 910 376 831 303 700 108
8 566 34 678 922 837 659 286 381
8 932 334 627 841 287 686 111 888
8 605 404 39 982 73 372 412 662
8 144 896 644 922 414 875 696 645
8 177 836 366 261 356 175 838 159
8 505 460 310 714 466 860 949 587
8 232 149 682 610 269 972 910 172
8 304 217 49 543 347 205 578 372
8 602 378 116 991 315 293 352 489
8 223 240 954 318 530 699 344 498
8 478 191 614 75 50 173 470 428
8 538 402 102 687 327 423 290 946
8 279 682 404 83 613 744 830 977
8 862 874 288 31 290 935 913 235
8 289 402 448 575 729 782 220 587
8 954 718 614 106 93 612 280 248
8 194 326 645 249 969 590 221 105
8 644 117 643 101 876 492 927 476
8 796 551 574 48 801 43 368 706
8 679 649 487 814 918 969 625 582
8 844 397 487 622 887 375 581 903
8 605 501 410 621 842 461 218 462
8 571 15 465 321 733 174 386 893
8 311 378 902 841 434 588 897 482
8 476 23 360 625 314 363 391 221
8 658 226 156 320 253 224 996 497
8 806 438 718 459 241 159 43 411
8 403 665 73 298 545 352 139 235
8 560 842 148 785 884 982 996 108
8 618 532 91 521 784 100 695 548
8 431 261 617 406 696 61 977 141
8 772 824 858 403 899 286 699 456
8 118 580 100 631 779 563 422 109
8 851 259 281 614 166 239 747 949
8 203 244 742 152 650 28 235 684
8 676 85 135 568 364 74 280 220
8 466 11 720 352 522 38 598 506
8 848 918 1 553 185 303 139 645
8 745 904 658 360 886 971 854 422
8 877 126 557 9 547 482 3 411
8 102 209 183 25 800 350 277 251
8 981 712 361 600 342 865 959 107
8 983 884 335 643 92 745 255 820
8 276 345 293 384 281 448 244 364
8 750 275 588 127 807 495 911 585
8 727 55 394 749 921 272 372 440
8 737 331 31 223 324 400 836 559
8 849 412 910 63 184 424 364 317
8 1 321 5 793 888 833 432 908
8 761 452 956 578 730 713 812 357
8 276 281 703 542 614 180 443 4
8 583 724 928 571 407 607 35 939
8 561 882 725 854 787 990 226 28
8 750 47 36 668 304 18 296 447
8 745 887 53 941 55 526 309 168
8 845 965 521 320 60 744 903 229
8 975 30 768 882 725 922 414 43
8 363 212 309 5 725 384 932 322
8 261 642 501 57 805 500 948 453
8 213 196 200 1000 271 195 497 504
8 199 512 789 234 732 350 245 448
8 157 240 404 129 382 155 29 159
8 799 378 964 215 552 56 945 893
8 388 829 207 408 947 42 440 832
8 605 334 586 436 137 353 140 940
8 333 70 553 191 131 802 661 313
8 883 306 128 478 156 446 885 456
8 300 501 936 677 767 166 290 250
8 815 5 522 360 861 364 447 689
8 991 112 661 125 421 802 387 411
8 560 693 845 267 535 337 170 159
8 702 942 636 268 189 173 593 429
8 117 94 268 147 205 417 872 581
8 602 724 975 941 908 659 888 29
8 234 968 744 917 574 50 87 237
8 862 488 303 592 469 760 220 689
8 450 850 691 418 809 427 443 167
8 26 229 78 760 266 785 94 864
8 546 851 438 420 102 889 29 897
8 236 335 370 259 59 866 439 145
8 755 812 919 465 231 589 304 770
8 331 75 916 191 674 803 301 220
8 196 422 238 444 344 250 584 454
8 366 953 599 987 969 604 312 729
8 179 190 874 406 196 293 730 235
8 416 538 808 505 918 320 672 912
8 238 54 287 5 283 458 239 229
8 975 846 656 362 236 494 196 267
8 1 923 232 358 570 368 770 687
8 315 318 108 699 601 617 754 251
8 808 571 356 918 97 142 184 912
8 415 728 519 137 565 974 158 349
8 732 916 39 416 489 691 889 287
8 19 839 94 758 586 399 995 250
8 805 490 209 132 552 503 697 626
8 720 682 774 199 494 927 697 280
8 808 276 309 621 17 494 535 316
8 71 434 11 854 207 60 456 774
8 960 673 181 157 529 507 922 267
8 469 966 900 703 803 217 687 526
8 572 964 200 76 803 87 749 776
8 551 276 814 652 758 685 782 24
8 446 318 17 499 367 204 364 67
8 646 228 804 318 888 399 915 654
8 66 975 469 431 204 229 170 984
8 560 726 753 32 978 172 3 913
8 972 199 275 390 388 362 373 393
8 540 806 420 265 361 55 794 969
8 37 524 563 14 383 472 392 593
8 818 784 808 529 435 634 337 129
8 842 332 71 360 790 769 422 265
8 831 407 646 148 894 108 696 681
8 938 965 515 369 570 603 282 342
8 460 718 553 614 557 531 54 955
8 30 560 886 834 204 570 127 619
8 883 902 574 649 297 884 137 838
8 712 540 960 134 646 348 817 624
8 566 295 528 132 288 778 159 428
8 39 329 525 942 631 536 434 675
8 795 938 806 683 518 548 359 658
8 671 806 31 636 938 472 316 352
8 228 475 711 985 136 29 46 82
8 149 192 672 46 597 70 165 788
8 163 463 409 859 495 616 908 525
8 100 682 947 320 256 807 109 984
8 512 419 397 548 578 108 664 593
8 806 219 630 651 141 448 153 509
8 627 742 461 50 248 666 660 612
8 759 571 398 917 651 222 173 781
8 676 228 288 451 265 577 898 754
8 2 671 403 459 771 197 763 651
8 436 112 402 782 653 107 214 3
8 259 382 888 952 272 217 670 265
8 880 650 71 652 216 354 753 681
8 579 98 1000 320 264 315 820 470
8 890 649 886 485 923 42 139 4
8 6 993 985 865 919 714 579 86
8 335 488 126 95 363 50 706 681
8 759 668 250 726 518 17 19 612
8 573 491 771 207 917 50 247 267
8 533 7 745 772 594 271 390 296
8 203 615 746 599 249 764 407 982
8 358 756 958 115 490 890 948 567
8 469 671 944 734 537 799 544 612
8 862 894 97 5 836 451 364 442
8 712 183 78 478 355 92 857 835
8 358 805 861 74 465 81 908 777
8 308 243 126 886 43 496 390 517
8 398 570 419 212 14 872 730 593
8 7 354 938 641 71 867 409 60
8 783 236 830 153 421 359 342 493
8 928 542 958 91 664 11 935 136
8 199 813 630 745 892 109 747 660
8 675 779 63 539 1000 580 625 581
8 215 459 425 848 56 744 233 821
8 64 560 181 138 775 238 541 3
8 66 561 804 630 568 20 354 96
8 931 564 807 536 461 491 268 721
8 718 669 876 314 328 368 656 755
8 122 767 112 916 670 110 810 504
8 795 19 227 698 79 255 642 680
8 487 954 83 926 870 517 585 522
8 30 121 12 243 5 414 187 817
8 274 715 845 76 594 148 426 604
8 676 571 965 503 513 396 123 709
8 240 798 185 362 802 432 557 337
8 44 677 343 741 18 830 432 367
8 618 404 271 393 25 984 623 999
8 780 698 347 573 51 575 459 248
8 756 673 683 5 97 968 638 342
8 126 883 546 636 297 799 147 38
8 435 609 393 899 840 866 697 790
8 569 256 791 633 382 873 458 140
8 416 834 944 245 563 46 50 150
8 478 818 859 469 52 40 939 722
8 125 981 503 588 946 437 584 368
8 228 297 372 741 606 51 854 492
8 919 372 522 193 556 499 233 901
8 941 279 539 349 503 79 650 265
8 247 556 703 420 696 354 52 525
8 726 55 473 502 700 687 393 442
8 356 332 418 478 197 925 354 949
8 883 783 257 313 28 624 172 647
8 761 722 191 73 666 868 444 912
8 211 882 197 23 751 642 541 43
8 862 847 710 521 306 675 733 773
8 50 762 984 870 213 706 152 72
8 641 982 93 884 421 663 324 821
8 646 976 579 922 271 762 470 476
8 347 633 23 110 240 559 147 152
8 406 502 111 94 895 178 122 322
8 378 589 382 374 990 479 853 662
8 808 983 21 878 969 513 545 367
8 281 712 77 113 711 440 553 643
8 410 815 589 725 211 995 183 599
8 45 533 757 194 725 943 18 778
8 362 515 524 102 7 619 626 197
8 436 998 277 497 202 443 172 684
8 855 975 325 52 270 238 167 154
8 905 61 125 789 894 721 286 122
8 347 865 639 521 348 490 368 684
8 618 579 91 981 121 186 18 544
8 918 436 141 642 575 800 878 265
8 951 300 815 153 119 659 581 689
8 862 416 814 807 111 127 554 866
8 162 968 54 734 803 160 493 263
8 211 44 460 968 849 336 150 909
8 468 666 954 64 445 106 382 178
8 45 732 918 181 212 333 654 167
8 261 473 308 929 107 151 22 137
8 695 577 152 62 793 238 391 237
8 715 983 118 121 31 682 273 670
8 215 896 963 956 439 267 617 891
8 738 660 83 297 233 667 626 133
8 234 438 894 315 763 61 196 316
8 347 834 657 978 749 94 785 972
8 320 766 831 200 562 722 219 475
8 356 973 243 114 950 660 457 704
8 380 737 34 837 739 336 20 188
8 395 144 49 816 421 547 811 248
8 605 779 892 930 435 576 987 864
8 198 950 238 614 460 757 734 696
8 232 30 348 926 802 968 124 492
8 376 712 107 542 601 710 160 173
8 671 600 315 40 209 522 46 22
8 797 794 567 581 549 386 439 909
8 764 921 231 518 584 702 343 115
8 798 980 353 88 942 963 696 617
8 727 533 805 540 222 803 887 738
8 874 562 621 814 198 660 83 429
8 61 882 207 667 843 302 28 912
8 768 641 986 483 193 233 67 387
8 557 171 383 220 482 688 935 291
8 31 507 17 126 816 196 613 367
8 523 759 306 210 156 122 22 221
8 577 851 33 116 698 186 617 821
8 26 41 679 198 522 927 659 470
8 532 798 569 438 924 360 979 662
8 16 671 135 507 496 489 656 59
8 671 950 191 914 51 616 906 511
8 276 413 368 96 41 637 444 499
8 508 365 729 169 868 782 418 709
8 8 276 815 654 378 460 984 342
8 36 484 469 648 228 689 967 684
8 378 711 83 786 648 989 945 687
8 341 737 609 122 645 313 596 290
8 416 521 76 694 936 528 998 442
8 149 993 112 866 344 626 613 301
8 44 975 808 394 744 32 312 810
8 111 750 397 551 297 907 432 462
8 100 826 938 965 90 888 629 37
8 882 2 645 371 649 971 145 912
8 560 55 903 771 345 760 579 67
8 222 156 844 699 827 787 204 296
8 16 116 379 860 22 327 837 115
8 736 562 478 337 360 163 427 672
8 104 896 989 574 885 579 670 615
8 26 309 918 241 409 847 977 915
8 720 273 446 254 368 40 992 350
8 743 419 539 142 101 38 454 248
8 712 513 59 191 558 1000 675 432
8 361 980 926 802 168 516 154 935
8 102 376 15 321 372 178 889 187
8 91 715 771 837 503 168 206 662
8 366 876 199 563 13 120 324 821
8 319 97 860 479 216 825 917 835
8 478 429 537 811 458 266 510 681
8 45 935 120 629 336 702 401 909
8 91 931 287 126 654 24 205 482
8 756 96 748 340 604 794 957 401
8 294 736 834 125 811 537 110 593
8 98 539 16 185 514 828 659 21
8 562 712 223 646 257 779 396 990
8 844 796 215 500 898 336 269 38
8 947 898 313 599 939 810 235 821
8 243 130 209 138 118 173 848 355
8 566 294 134 856 423 34 604 46
8 824 703 13 614 114 476 27 825
8 772 528 116 155 933 816 897 832
8 5 275 957 767 389 485 282 537
8 712 401 941 291 863 474 214 774
8 320 807 490 354 248 224 381 775
8 208 772 289 517 797 229 791 87
8 176 450 975 793 574 663 11 587
8 560 416 251 824 339 271 864 489
8 505 249 853 707 992 692 663 133
8 398 334 993 557 507 58 767 82
8 66 354 236 936 363 580 273 262
8 102 335 748 825 678 355 696 511
8 980 961 430 819 141 182 935 469
8 257 465 638 338 544 150 833 647
8 338 125 819 621 518 523 690 481
8 938 936 89 695 912 99 235 152
8 956 407 378 539 675 875 213 663
8 198 189 702 642 933 204 445 11
8 931 240 868 259 786 770 226 619
8 400 371 217 53 155 857 42 3
8 851 242 240 784 299 729 654 810
8 449 653 461 915 428 330 383 115
8 936 436 521 370 516 418 641 828
8 611 800 834 98 332 518 907 812
8 978 705 6 535 275 267 586 470
8 948 973 944 47 989 262 235 680
8 561 12 89 175 746 974 635 447
8 247 378 356 478 257 383 400 178
8 919 915 797 473 141 597 843 587
8 976 136 739 840 384 470 486 195
8 834 560 156 1 856 899 24 810
8 975 395 117 886 134 72 81 681
8 484 695 47 639 768 328 42 749
8 258 208 143 943 603 557 987 79
8 179 469 255 839 1000 686 32 593
8 618 94 314 678 272 264 168 441
8 201 651 468 664 770 127 843 322
8 795 727 627 405 132 946 6 73
8 6 742 644 445 278 453 22 367
8 118 116 767 242 354 897 891 442
8 303 537 861 185 878 800 178 119
8 736 573 980 39 830 407 513 444
8 880 883 942 209 770 225 723 422
8 991 765 756 570 690 942 449 554
8 104 546 753 222 1000 231 235 531
8 679 654 296 905 801 673 998 666
8 980 886 628 86 412 576 645 820
8 144 112 761 936 315 2 659 503
8 883 594 323 570 298 353 864 82
8 900 160 230 971 769 342 977 996
8 597 887 170 25 48 499 206 879
8 85 225 889 523 968 461 186 392
8 968 494 902 749 699 327 555 719
8 856 514 5 613 51 277 129 220
8 862 600 715 556 467 270 716 590
8 503 418 839 472 23 92 510 704
8 882 335 89 586 642 955 575 593
8 605 644 664 67 912 984 316 731
8 724 741 177 823 942 417 78 383
8 862 55 348 981 126 406 411 812
8 618 592 385 477 59 634 346 810
8 128 293 211 565 954 240 3 139
8 533 329 953 303 654 776 734 263
8 627 124 94 825 811 394 428 482
8 270 484 479 962 377 963 635 251
8 712 813 869 624 693 696 903 314
8 261 968 836 623 226 444 530 147
8 583 329 671 842 130 219 6 56
8 720 402 177 693 225 417 354 549
8 973 1 609 584 364 879 823 525
8 260 928 572 405 682 457 158 167
8 766 149 543 185 750 343 662 635
8 702 749 293 820 898 317 342 352
8 475 420 630 924 120 409 841 95
8 338 438 370 39 642 718 641 392
8 45 397 243 495 853 93 625 482
8 964 957 847 172 113 691 510 721
8 980 438 351 245 827 422 946 697
8 351 98 638 478 752 230 948 418
8 880 543 394 369 638 186 214 386
8 44 668 802 905 313 660 317 684
8 667 927 638 970 251 833 373 127
8 253 406 715 867 439 135 992 87
8 75 649 630 948 209 634 87 687
8 1 595 741 509 448 608 271 139
8 992 489 414 166 197 290 864 188
8 26 770 711 752 811 263 245 719
8 850 310 249 674 898 12 184 482
8 365 685 824 922 46 80 872 255
8 1000 450 257 603 884 713 268 585
8 674 119 577 296 273 870 626 704
8 819 858 431 761 409 527 939 4
8 210 478 527 284 285 80 428 383
8 803 18 849 623 302 492 154 685
8 103 558 246 153 106 794 662 821
8 736 931 514 495 197 663 672 456
8 736 796 502 524 340 565 584 839
8 319 966 120 147 218 286 251 87
8 540 929 562 161 697 354 158 825
8 904 402 471 573 611 16 12 893
8 644 351 924 294 545 690 263 133
8 179 405 832 658 21 623 429 586
8 494 567 673 906 703 534 413 873
8 192 45 827 238 731 22 391 810
8 276 452 44 448 269 401 99 593
8 644 593 153 421 213 873 776 456
8 975 858 485 747 483 421 206 22
8 818 649 819 867 861 196 662 835
8 410 523 100 9 21 230 220 254
8 75 424 849 317 873 708 383 680
8 51 228 795 674 794 879 129 626
8 592 712 674 472 49 914 708 28
8 501 153 545 719 386 947 50 263
8 331 703 841 775 457 997 170 917
8 398 586 746 273 636 998 677 933
8 885 186 500 277 224 550 280 812
8 271 649 436 899 463 857 912 133
8 918 574 564 153 841 252 105 986
8 842 958 779 35 417 856 418 493
8 329 96 633 861 369 129 195 317
8 528 566 256 95 226 454 833 286
8 319 95 90 782 219 186 685 342
8 467 764 285 894 503 412 123 990
8 768 326 318 327 38 717 442 821
8 174 259 417 315 492 797 687 897
8 572 71 388 482 813 107 952 722
8 644 203 471 922 697 321 707 717
8 49 363 495 707 304 372 635 46
8 533 964 459 285 76 954 755 159
8 279 923 254 84 768 640 219 340
8 30 65 951 655 1000 747 599 40
8 502 372 623 873 262 184 263 626
8 657 784 205 174 89 575 27 152
8 745 844 349 941 702 321 189 963
8 505 848 162 899 155 651 688 86
8 797 14 259 495 691 626 869 523
8 880 638 733 666 800 248 476 38
8 546 58 191 834 489 81 200 548
8 881 431 841 832 545 567 777 587
8 657 600 862 315 721 21 913 777
8 363 768 50 825 421 500 303 760
8 783 607 16 360 480 769 417 588
8 392 771 415 507 867 360 369 616
8 700 7 466 470 29 184 997 353
8 671 976 144 815 379 972 423 221
8 473 848 595 213 601 825 346 612
8 118 117 552 965 98 281 338 911
8 732 2 406 339 480 846 541 778
8 577 874 964 636 240 542 998 794
8 732 957 157 253 473 646 626 920
8 714 963 874 131 421 248 828 411
8 70 962 805 346 175 650 709 178
8 874 41 692 76 414 617 197 793
8 488 702 522 85 378 888 899 42
8 798 783 562 239 882 649 490 127
8 532 698 586 424 773 997 188 387
8 894 162 610 41 712 206 548 269
8 669 746 583 517 208 135 182 401
8 560 966 804 190 89 386 895 912
8 622 409 388 294 176 445 485 598
8 914 871 923 615 259 645 441 493
8 5 227 558 310 189 115 972 152
8 351 256 865 230 338 383 213 214
8 694 318 616 247 597 10 314 567
8 540 644 450 796 886 51 373 383
8 980 671 818 97 840 43 632 793
8 261 52 772 7 999 809 682 866
8 66 894 878 760 54 972 553 663
8 395 894 265 998 251 220 213 196
8 742 181 658 927 157 388 814 873
8 543 241 320 429 249 224 866 422
8 276 900 556 502 750 656 616 891
8 947 111 743 231 1000 836 115 723
8 215 766 902 163 591 697 504 817
8 323 562 971 566 502 490 935 660
8 970 260 846 474 406 140 547 316
8 128 437 435 936 17 246 744 753
8 320 394 555 778 352 762 582 680
8 736 397 212 502 725 27 691 189
8 676 844 5 200 460 707 277 248
8 26 862 239 988 89 284 458 1000
8 602 622 157 107 130 803 947 832
8 494 899 565 678 509 626 864 353
8 602 233 720 312 979 506 581 681
8 858 650 443 75 422 262 748 36
8 475 478 764 794 14 590 541 544
8 360 966 667 339 809 204 637 291
8 773 534 784 493 240 95 881 995
8 669 505 808 345 466 22 456 634
8 366 13 102 177 122 413 822 881
8 539 782 536 946 625 996 506 681
8 538 787 236 779 813 842 244 383
8 326 438 222 804 959 185 36 625
8 295 813 521 942 95 145 437 498
8 618 366 300 807 916 94 733 230
8 682 803 355 530 934 952 383 762
8 331 145 555 247 125 584 721 895
8 30 976 464 74 246 751 637 140
8 70 332 407 783 270 591 399 411
8 176 668 793 534 813 349 202 387
8 128 622 45 320 530 700 465 506
8 693 606 934 52 972 142 375 482
8 532 181 653 375 348 213 296 525
8 361 751 279 691 268 592 516 441
8 243 528 942 945 196 519 935 62
8 308 771 272 869 287 359 672 292
8 337 490 944 816 814 299 625 283
8 571 715 692 642 607 330 828 696
8 331 965 443 953 962 412 684 168
8 679 829 451 861 692 550 107 909
8 892 438 664 853 184 867 396 67
8 671 850 460 339 971 69 545 920
8 538 994 138 860 817 520 868 237
8 204 892 944 400 660 176 291 145
8 808 91 652 639 887 107 470 108
8 30 900 340 508 847 673 963 753
8 494 814 123 321 244 764 86 940
8 232 829 950 396 197 567 262 133
8 862 282 671 2 17 443 948 597
8 975 169 521 16 807 338 445 704
8 47 259 341 76 281 63 376 472
8 35 886 871 926 792 78 328 820
8 501 580 629 183 382 72 441 498
8 66 573 120 473 480 756 989 322
8 878 846 744 289 401 29 173 868
8 47 732 269 210 845 333 76 81
8 210 985 869 180 465 440 585 681
8 318 435 17 908 549 692 22 875
8 390 678 683 819 556 722 206 280
8 507 703 610 568 634 598 493 373
8 823 293 636 362 524 107 480 424
8 533 750 627 793 332 812 696 141
8 953 191 678 881 383 153 265 946
8 766 961 772 119 777 239 509 214
8 347 574 467 936 35 337 606 441
8 276 209 773 420 242 68 593 221
8 308 143 960 298 197 414 360 150
8 880 217 438 177 746 386 503 462
8 201 206 136 228 290 349 550 629
8 8 644 982 233 288 489 747 184
8 404 502 956 83 809 903 133 820
8 657 836 858 768 903 625 908 581
8 488 538 403 924 974 963 891 788
8 842 770 716 817 393 979 272 932
8 479 668 825 444 207 777 168 833
8 394 522 785 962 820 555 660 548
8 798 900 711 968 111 823 474 612
8 883 425 48 348 992 123 785 27
8 743 752 223 457 870 183 650 585
8 938 85 818 430 718 173 639 584
8 209 494 9 860 364 253 574 43
8 602 162 467 696 63 418 997 95
8 8 505 900 57 981 589 934 291
8 561 834 255 734 950 296 52 872
8 128 252 911 841 405 625 197 202
8 130 515 425 369 193 953 38 292
8 560 225 134 124 89 499 182 462
8 358 844 215 169 103 974 374 544
8 215 923 886 365 19 147 429 292
8 701 965 627 892 738 468 692 233
8 880 900 601 877 489 948 972 368
8 58 693 24 983 791 606 422 283
8 438 953 202 273 195 346 813 172
8 130 591 923 623 925 867 178 685
8 389 524 420 802 763 773 879 740
8 432 631 371 303 911 307 386 82
8 572 712 363 914 508 165 434 952
8 325 649 323 972 268 50 333 895
8 657 467 720 898 48 558 337 53
8 227 408 952 325 483 492 830 810
8 37 412 854 183 731 875 531 687
8 564 802 16 60 837 721 151 647
8 703 408 243 273 956 637 666 997
8 856 449 789 916 125 33 255 525
8 727 419 934 270 246 245 307 681
8 611 243 896 756 721 445 115 493
8 232 323 975 609 335 184 590 72
8 610 294 494 471 238 52 86 22
8 380 469 649 648 772 936 305 119
8 1 438 631 116 809 384 969 220
8 225 865 89 765 787 107 776 986
8 505 808 275 526 531 663 697 912
8 30 234 834 321 578 828 301 291
8 904 780 494 180 202 895 238 891
8 737 13 191 368 63 748 590 872
8 573 571 186 847 513 447 702 462
8 746 574 79 707 802 3 80 996
8 928 945 88 186 413 557 517 472
8 849 770 674 250 284 195 133 65
8 674 478 831 463 916 633 209 692
8 914 102 642 325 702 558 977 457
8 961 958 420 989 896 849 884 776
8 980 45 191 847 578 832 579 195
8 85 175 896 196 217 586 160 999
8 807 138 169 450 594 741 185 522
8 93 992 694 287 968 428 601 18
8 572 780 311 947 755 274 417 254
8 566 900 661 957 422 189 635 996
8 55 996 27 854 301 34 336 477
8 41 487 542 383 213 866 235 511
8 362 436 275 734 727 588 411 986
8 14 223 673 16 61 193 957 781
8 469 309 498 590 587 534 506 598
8 540 894 538 20 836 61 586 891
8 617 256 570 971 729 150 738 468
8 602 364 992 666 62 837 133 891
8 484 759 116 683 698 889 413 653
8 551 715 396 335 955 995 29 598
8 361 355 338 504 617 482 324 612
8 363 452 566 486 414 711 706 172
8 12 842 881 894 432 342 474 159
8 683 521 495 608 586 311 597 447
8 657 555 556 385 545 853 937 496
8 66 397 149 573 760 423 383 788
8 400 663 847 986 608 342 977 681
8 410 161 1000 616 211 20 293 38
8 618 571 831 766 835 846 771 277
8 756 106 631 590 145 523 289 875
8 126 91 592 853 541 18 585 647
8 652 799 974 856 713 979 391 686
8 703 940 287 50 897 301 475 587
8 209 96 634 384 519 146 392 912
8 618 398 484 648 293 987 115 686
8 501 461 529 124 821 38 99 456
8 107 507 250 55 270 794 554 526
8 538 874 50 84 94 13 324 550
8 727 300 708 61 635 781 721 801
8 727 91 975 456 186 170 549 754
8 804 363 871 639 424 615 812 43
8 851 665 19 176 588 822 379 458
8 628 507 658 143 840 603 905 997
8 297 757 789 9 499 699 301 428
8 488 673 100 793 910 360 439 578
8 98 117 633 711 871 800 735 897
8 31 203 174 434 140 157 327 302
8 293 947 524 692 178 250 235 891
8 669 703 589 446 915 748 333 881
8 66 701 403 308 289 122 568 170
8 249 162 871 129 996 658 952 536
8 181 463 607 830 636 423 357 158
8 209 181 288 974 180 476 426 868
8 965 541 273 183 576 470 307 224
8 297 241 285 130 214 269 145 710
8 415 651 933 183 659 393 616 142
8 334 947 657 933 419 962 626 949
8 336 669 630 402 728 362 992 830
8 743 887 723 154 813 49 353 909
8 117 59 274 341 386 659 38 773
8 698 258 297 96 165 751 213 526
8 880 261 165 332 585 864 367 891
8 538 584 962 954 638 36 422 587
8 759 646 345 591 468 21 373 353
8 216 927 758 539 942 564 903 110
8 319 488 303 963 556 185 816 480
8 215 48 822 491 619 31 424 206
8 450 756 335 219 430 246 507 322
8 956 677 466 856 978 658 299 375
8 16 161 114 56 640 271 470 545
8 862 964 306 492 968 714 939 626
8 97 522 904 63 242 293 133 470
8 736 198 415 459 947 306 432 625
8 478 13 539 966 303 87 373 949
8 370 375 256 773 695 173 905 312
8 839 988 234 359 386 613 949 810
8 271 558 125 113 670 154 687 28
8 288 747 834 437 922 786 764 817
8 551 983 775 941 294 690 69 237
8 505 690 464 642 358 562 999 613
8 609 11 607 295 889 748 393 662
8 487 567 205 950 217 27 967 525
8 70 74 184 451 150 497 597 822
8 646 815 549 1000 131 368 290 738
8 584 363 603 218 280 110 763 949
8 884 102 212 792 62 728 440 36
8 261 45 240 382 298 173 822 286
8 469 736 436 377 569 412 88 86
8 849 298 399 748 42 881 99 418
8 399 594 118 326 754 343 21 584
8 761 196 748 507 486 847 245 593
8 599 259 502 435 164 122 636 781
8 103 619 558 420 524 65 659 235
8 677 701 910 211 363 839 137 255
8 487 515 389 361 787 7 997 888
8 325 16 5 302 575 574 415 443
8 928 47 378 477 491 236 509 42
8 674 854 642 499 54 955 369 511
8 194 438 746 763 450 943 119 663
8 261 461 97 438 13 47 61 453
8 766 973 64 437 388 574 96 601
8 589 385 575 74 9 146 870 544
8 900 9 366 85 275 404 542 187
8 499 160 330 49 300 484 597 762
8 138 392 219 247 604 346 620 477
8 640 162 501 840 318 941 931 969
8 185 746 279 749 898 127 662 439
8 829 1 404 966 142 708 159 920
8 30 452 759 238 262 391 374 343
8 249 623 408 455 396 360 660 879
8 276 926 288 652 191 145 259 645
8 694 136 789 255 903 142 369 87
8 164 715 335 69 654 89 110 485
8 869 811 126 575 78 440 879 498
8 165 829 947 483 73 56 828 312
8 232 35 533 163 349 386 180 431
8 546 753 966 469 935 34 43 587
8 378 361 96 62 948 660 617 717
8 736 112 49 147 305 470 290 4
8 603 930 653 661 549 18 129 10
8 356 118 163 261 325 175 233 442
8 83 679 759 261 378 396 708 442
8 212 390 637 124 424 454 586 912
8 490 376 633 677 514 734 142 810
8 993 720 995 183 853 133 99 891
8 339 774 872 412 337 374 729 160
8 435 917 175 76 36 503 296 33
8 766 552 294 90 570 626 575 895
8 64 114 56 321 218 255 242 292
8 523 407 653 870 689 708 740 554
8 514 261 234 323 225 617 154 346
8 30 16 944 959 930 467 301 979
8 203 143 819 530 33 948 221 758
8 523 610 634 332 597 109 316 187
8 452 600 210 490 768 753 321 24
8 410 533 2 900 108 165 333 299
8 737 874 394 92 267 822 401 352
8 467 478 484 337 990 762 196 506
8 475 807 930 437 745 486 586 666
8 929 882 848 77 953 776 647 195
8 395 192 789 611 785 845 459 643
8 236 835 644 434 38 730 52 788
8 378 518 309 588 619 147 517 346
8 693 975 157 981 12 790 454 781
8 780 527 157 153 631 675 774 22
8 355 231 377 775 498 568 601 821
8 144 44 319 390 951 673 153 255
8 527 118 980 479 829 219 587 852
8 164 766 128 113 65 820 383 689
8 720 683 577 729 251 116 255 367
8 47 484 465 168 337 650 765 544
8 874 628 323 933 308 307 59 914
8 807 645 566 460 33 359 159 709
8 58 693 970 923 161 417 145 581
8 156 874 902 145 699 895 429 456
8 512 724 924 863 574 92 147 454
8 404 561 410 981 402 876 509 346
8 568 419 848 132 50 284 28 188
8 871 566 53 873 989 624 129 498
8 795 560 644 852 332 841 178 541
8 232 33 75 950 282 175 312 82
8 648 902 309 64 217 888 107 647
8 561 551 831 878 18 861 816 4
8 345 318 47 907 65 212 238 706
8 968 144 211 418 489 48 31 706
8 900 146 910 940 947 283 790 141
8 836 772 84 786 278 753 189 912
8 880 30 478 7 874 687 10 32
8 395 858 242 125 720 182 534 717
8 329 727 793 785 871 729 872 145
8 232 215 323 727 541 94 963 274
8 900 858 294 820 374 393 607 79
8 679 883 436 888 986 547 186 559
8 297 737 10 978 147 459 29 82
8 809 295 694 518 400 238 613 296
8 561 177 539 132 19 293 941 432
8 284 628 573 794 733 400 619 832
8 605 714 734 592 495 80 188 292
8 363 475 702 106 293 344 762 939
8 83 295 431 859 193 246 54 903
8 644 846 521 270 537 802 717 444
8 552 14 379 200 400 127 220 340
8 702 488 382 841 735 927 500 252
8 902 85 529 200 350 957 590 283
8 512 45 856 911 814 355 497 172
8 811 924 376 199 784 455 229 367
8 975 134 934 396 154 178 828 620
8 438 834 44 450 495 222 477 503
8 848 926 705 135 359 830 250 264
8 45 906 100 730 824 818 32 453
8 529 926 577 140 35 272 282 235
8 260 711 478 993 191 259 537 647
8 671 585 341 475 597 197 517 647
8 488 646 416 7 68 903 296 997
8 752 973 698 18 228 885 784 990
8 30 125 211 351 936 242 893 170
8 928 334 198 551 70 360 96 881
8 257 31 198 450 108 699 59 937
8 532 451 487 759 389 779 839 865
8 975 156 844 455 641 860 634 891
8 450 892 646 224 429 502 152 54
8 75 586 508 483 558 510 182 254
8 395 71 968 481 914 650 778 615
8 395 258 120 964 705 187 136 908
8 488 797 877 661 289 778 330 235
8 505 697 948 737 627 629 680 122
8 104 523 234 711 871 699 59 22
8 398 805 552 162 527 249 93 21
8 276 273 232 983 557 553 503 498
8 881 15 631 898 580 691 534 470
8 818 219 283 982 161 747 672 681
8 577 116 308 635 817 20 857 509
8 926 883 527 711 514 492 734 286
8 151 628 917 927 386 615 400 202
8 938 668 464 491 977 154 301 820
8 570 104 688 180 176 475 430 4
8 543 97 694 294 250 996 827 832
8 380 921 421 978 467 545 170 581
8 186 981 798 610 177 744 708 133
8 377 734 553 849 797 559 202 113
8 577 326 758 919 95 282 940 414
8 772 976 752 76 964 956 444 688
8 789 661 90 318 293 658 99 463
8 452 877 334 304 934 170 495 670
8 924 973 323 789 742 639 318 344
8 370 445 850 483 312 564 978 69
8 467 227 646 988 481 861 563 424
8 236 852 325 580 302 995 314 563
8 759 450 402 561 904 309 662 119
8 223 794 9 474 72 422 387 704
8 26 664 906 73 405 940 21 548
8 200 134 447 672 155 710 625 790
8 104 36 877 803 513 744 239 107
8 130 603 871 93 896 293 364 317
8 58 926 563 412 559 893 810 912
8 701 297 671 943 921 157 945 140
8 365 698 953 489 812 548 29 913
8 701 215 450 59 224 109 852 857
8 491 347 149 156 412 37 713 895
8 966 855 831 529 914 271 468 396
8 488 692 803 643 269 860 911 509
8 540 665 733 627 934 569 283 344
8 44 501 372 461 407 412 459 239
8 55 723 437 403 940 710 458 387
8 334 979 529 415 594 863 802 903
8 421 389 971 95 642 650 307 545
8 308 930 388 849 856 654 22 456
8 335 673 591 91 699 625 792 549
8 521 716 120 520 688 289 848 250
8 564 402 270 95 406 565 920 897
8 405 538 877 576 935 161 846 113
8 892 591 391 78 302 493 717 680
8 363 627 101 299 913 28 832 680
8 829 174 363 938 884 786 135 619
8 208 232 803 229 695 686 29 940
8 591 705 573 460 121 216 716 187
8 546 668 906 627 78 915 354 626
8 715 236 750 502 516 857 977 172
8 918 451 415 643 65 175 933 105
8 943 419 271 879 753 697 909 891
8 618 595 446 22 856 763 522 386
8 630 569 467 599 63 140 221 136
8 410 289 628 589 288 73 250 188
8 728 714 67 588 372 81 139 912
8 538 605 329 702 107 760 721 915
8 376 144 417 747 267 123 109 237
8 583 464 804 275 793 106 530 920
8 669 592 98 779 463 617 838 762
8 950 683 639 660 78 740 324 647
8 162 669 671 55 409 249 337 688
8 450 416 772 124 930 31 740 280
8 880 486 146 449 971 531 534 122
8 243 800 233 768 563 154 709 833
8 673 627 873 243 342 641 346 612
8 198 760 116 527 443 970 531 292
8 23 698 73 112 750 550 264 828
8 783 630 57 524 31 711 827 152
8 329 451 702 876 865 811 625 520
8 746 972 146 535 905 147 235 496
8 618 6 919 611 740 11 617 4
8 533 389 630 535 743 88 72 879
8 924 732 878 508 552 629 770 920
8 805 951 275 577 340 580 53 88
8 804 211 858 990 166 507 146 393
8 576 979 287 230 459 301 866 647
8 736 679 834 640 20 620 133 525
8 676 553 183 110 204 447 893 167
8 927 776 269 656 40 691 28 373
8 484 169 41 573 863 333 252 967
8 882 297 57 238 753 593 645 497
8 302 511 575 252 188 457 159 106
8 540 211 860 281 708 702 663 80
8 216 361 63 311 51 465 825 974
8 410 830 665 171 415 153 594 367
8 566 546 589 469 802 445 793 596
8 605 953 815 403 649 767 869 204
8 573 831 783 135 320 371 751 441
8 944 804 200 705 300 500 193 626
8 602 589 858 497 33 843 158 879
8 824 165 528 490 522 784 282 901
8 562 542 272 898 74 593 326 608
8 97 232 426 443 160 299 489 510
8 583 358 408 941 71 323 171 497
8 527 164 330 914 284 115 280 82
8 26 533 966 642 473 800 314 843
8 898 850 57 639 968 455 873 659
8 66 507 878 634 368 664 708 387
8 104 535 6 845 728 193 21 207
8 564 813 906 551 23 664 757 817
8 488 402 665 304 638 284 853 119
8 94 660 370 718 460 299 463 80
8 538 209 266 849 869 913 838 593
8 366 852 779 302 205 911 28 997
8 405 219 183 889 476 106 593 788
8 326 973 654 83 302 51 932 828
8 144 366 98 809 430 714 250 866
8 724 315 610 40 922 357 840 526
8 678 683 64 614 218 620 160 251
8 668 388 956 250 368 221 689 188
8 880 884 186 836 445 837 952 69
8 618 856 784 333 713 987 825 821
8 514 483 755 153 990 109 581 986
8 881 515 562 345 423 343 250 431
8 201 884 698 165 2 219 672 159
8 855 356 552 336 863 971 24 954
8 829 824 668 885 56 547 697 340
8 603 505 52 19 507 539 169 383
8 410 698 404 914 771 621 742 448
8 275 759 2 860 907 820 945 28
8 242 435 943 745 131 686 581 106
8 174 388 970 339 623 830 80 28
8 20 874 144 17 18 79 412 828
8 334 241 155 619 635 625 497 617
8 388 436 267 47 413 471 563 150
8 724 518 844 861 234 253 633 662
8 849 606 996 212 90 613 620 387
8 51 824 881 940 744 636 14 866
8 669 35 630 887 827 872 106 897
8 533 806 358 964 655 451 707 723
8 366 329 615 5 426 911 620 453
8 718 993 282 805 721 142 374 685
8 938 6 19 919 51 230 596 82
8 97 93 727 494 915 917 342 940
8 671 571 258 20 365 165 989 833
8 532 922 972 642 516 250 29 221
8 440 970 747 934 11 927 73 730
8 389 690 2 88 763 925 250 67
8 30 110 10 22 424 843 793 723
8 817 215 707 751 523 291 387 585
8 711 881 134 748 136 413 447 544
8 715 131 326 485 180 789 942 939
8 752 487 294 654 362 349 758 167
8 488 460 927 240 549 50 828 187
8 973 247 103 336 354 315 154 439
8 956 37 771 308 713 856 188 937
8 795 533 528 98 238 593 133 352
8 201 703 457 765 160 414 506 684
8 26 241 278 270 886 51 489 545
8 956 212 278 695 314 108 214 530
8 669 47 711 816 547 846 778 280
8 921 451 802 175 424 440 586 152
8 679 968 16 892 92 915 794 456
8 556 732 993 885 905 300 914 893
8 97 805 461 604 846 460 393 596
8 732 521 360 402 569 751 477 324
8 560 766 76 295 865 783 498 221
8 718 818 126 52 580 233 252 273
8 561 562 370 468 474 754 43 696
8 927 970 574 63 925 160 586 373
8 665 826 796 898 16 123 306 586
8 622 421 981 876 78 359 159 248
8 97 555 726 943 974 520 399 418
8 772 269 306 159 386 697 939 920
8 556 650 483 364 962 96 443 108
8 325 604 982 244 672 235 833 680
8 48 657 674 513 338 995 489 833
8 512 551 403 298 246 79 161 909
8 358 452 841 748 109 823 161 762
8 348 156 340 6 523 209 434 781
8 560 871 347 249 217 923 690 327
8 117 450 885 257 392 650 496 893
8 189 858 77 369 237 316 38 530
8 783 682 742 758 957 881 108 167
8 149 38 118 44 946 152 504 810
8 671 350 413 800 348 663 856 124
8 260 100 639 787 830 11 838 422
8 266 191 425 820 401 173 458 762
8 904 802 180 314 259 962 586 82
8 45 585 234 176 867 990 986 526
8 334 902 705 987 523 675 596 87
8 552 594 117 771 926 529 940 170
8 41 501 811 848 169 250 1000 80
8 953 467 948 610 775 172 206 731
8 609 341 743 854 287 14 50 872
8 618 570 191 700 125 872 146 348
8 180 971 246 309 620 531 14 599
8 743 929 698 58 917 54 480 697
8 605 701 622 679 249 944 789 633
8 232 181 765 589 584 729 667 650
8 233 542 271 172 257 663 140 202
8 533 566 682 320 443 950 432 237
8 622 763 75 169 632 518 774 881
8 407 450 699 308 490 413 675 997
8 149 321 120 752 990 526 617 891
8 930 871 240 68 523 840 640 908
8 611 943 318 241 31 340 898 146
8 228 515 113 416 927 285 664 601
8 212 464 369 484 601 846 692 367
8 179 384 490 749 856 691 581 251
8 533 111 611 443 730 388 306 650
8 842 583 630 198 345 735 459 453
8 389 561 924 644 473 180 589 113
8 268 975 959 271 61 209 500 513
8 916 70 923 648 305 763 740 788
8 572 261 756 162 495 685 823 879
8 134 567 166 3 697 193 659 248
8 646 980 298 504 919 660 87 866
8 560 649 975 13 518 372 959 635
8 599 960 331 745 261 100 656 352
8 573 818 374 310 577 400 152 833
8 488 602 571 210 24 588 774 330
8 361 141 923 457 599 396 38 133
8 192 319 118 122 348 632 69 626
8 369 179 961 867 222 494 277 986
8 128 770 996 402 209 737 982 990
8 162 973 194 867 359 881 791 522
8 850 955 148 914 113 565 852 740
8 665 449 698 994 349 586 474 680
8 693 973 994 874 697 907 634 744
8 487 402 815 867 241 631 312 441
8 961 905 974 65 42 187 598 462
8 976 736 468 31 164 690 383 357
8 514 256 62 171 491 111 291 43
8 766 372 257 879 491 184 666 133
8 73 301 601 233 997 485 977 781
8 874 572 365 466 196 719 776 984
8 669 102 45 85 802 11 565 537
8 452 795 988 758 807 688 346 822
8 766 225 199 385 465 339 695 888
8 831 102 161 89 915 467 444 235
8 379 77 603 916 957 496 733 706
8 436 390 467 772 970 723 453 133
8 628 993 996 945 313 22 255 833
8 45 445 44 860 190 662 799 92
8 560 225 278 49 697 477 544 788
8 436 403 737 295 345 800 586 681
8 351 663 484 562 877 500 781 585
8 276 165 463 24 699 238 688 264
8 408 644 791 50 703 929 672 381
8 719 562 120 143 6 457 588 221
8 128 351 900 85 383 744 336 822
8 928 13 809 75 839 182 760 265
8 572 21 682 937 246 601 568 42
8 856 556 769 926 887 140 184 476
8 993 117 727 125 143 9 686 43
8 533 957 562 287 966 907 816 733
8 232 128 923 892 302 444 381 317
8 560 532 579 565 68 233 637 536
8 532 756 562 205 667 979 59 411
8 192 683 900 455 91 887 697 80
8 978 295 712 404 845 449 682 863
8 66 249 968 187 695 286 903 413
8 605 30 916 179 310 342 477 312
8 795 573 216 311 995 535 932 472
8 323 996 247 449 917 762 675 422
8 610 143 665 742 675 903 778 997
8 968 351 473 165 751 154 69 717
8 630 18 546 198 829 809 937 684
8 416 41 714 976 9 840 934 899
8 176 102 886 864 536 719 119 833
8 791 56 410 741 617 17 502 178
8 243 845 966 818 317 206 59 706
8 488 110 211 473 670 59 248 457
8 953 770 861 486 99 987 79 220
8 66 583 210 915 625 517 221 322
8 215 720 121 171 165 405 137 875
8 97 446 694 133 124 86 43 765
8 936 461 726 678 407 711 634 508
8 968 607 209 174 719 626 777 206
8 559 836 455 158 753 723 637 373
8 761 318 404 552 824 729 507 723
8 378 480 943 594 752 682 253 967
8 978 575 600 993 99 625 314 455
8 521 851 154 414 459 196 545 59
8 844 834 325 636 767 615 917 354
8 488 849 250 225 523 75 10 721
8 906 527 379 702 178 88 593 422
8 201 618 848 332 860 252 984 709
8 961 560 469 455 890 206 754 672
8 540 512 223 99 887 119 664 888
8 225 326 478 920 613 955 748 317
8 108 578 486 202 691 255 322 821
8 128 973 555 694 126 52 364 760
8 880 484 356 130 293 64 177 252
8 162 310 613 799 489 687 454 352
8 973 772 306 673 597 699 418 891
8 861 91 690 241 292 226 584 687
8 84 687 137 692 217 817 251 559
8 665 419 174 981 907 675 753 1000
8 77 501 138 802 789 346 530 245
8 100 736 450 786 730 616 587 585
8 436 736 467 898 843 205 999 755
8 45 836 995 792 111 11 517 781
8 761 403 711 850 330 670 889 283
8 741 446 33 23 96 333 792 868
8 605 98 397 992 115 196 15 133
8 26 630 848 303 977 448 43 901
8 260 138 302 390 22 349 664 324
8 26 402 430 149 953 961 48 470
8 303 836 419 297 241 552 439 738
8 653 347 487 769 186 988 756 496
8 683 975 592 946 954 490 903 612
8 132 190 728 183 147 220 178 762
8 402 981 785 490 867 218 399 984
8 994 834 617 309 648 773 213 990
8 5 194 807 787 465 873 285 381
8 97 736 355 673 110 11 46 525
8 618 365 41 547 658 324 60 740
8 271 993 942 212 621 463 576 280
8 665 98 936 371 29 616 895 810
8 201 104 210 613 744 801 206 895
8 808 602 844 157 693 711 932 251
8 26 12 831 936 978 458 662 167
8 347 973 35 727 430 206 925 42
8 171 944 92 523 185 455 619 305
8 348 766 247 268 948 466 298 493
8 551 718 971 135 639 730 32 252
8 983 20 653 74 733 158 10 506
8 143 102 661 900 870 716 823 52
8 932 905 427 418 716 692 152 706
8 241 310 24 836 165 910 477 684
8 258 448 714 465 774 32 263 517
8 919 440 594 384 962 513 503 324
8 768 518 464 406 989 740 196 158
8 26 978 436 633 856 570 56 316
8 203 956 705 619 930 480 754 875
8 144 665 475 621 635 812 967 681
8 405 452 233 306 20 88 593 901
8 750 53 669 40 508 738 476 689
8 120 186 624 655 393 264 316 997
8 890 741 176 104 826 116 952 10
8 622 309 332 938 990 1000 886 762
8 347 829 13 887 101 992 470 723
8 561 993 501 76 727 522 635 860
8 300 437 824 54 134 172 516 946
8 156 543 801 719 52 142 617 554
8 930 712 767 552 183 364 662 158
8 965 129 37 33 662 470 617 909
8 488 242 25 196 884 100 591 204
8 234 877 21 314 905 173 839 441
8 618 865 157 36 891 575 108 269
8 577 780 871 477 60 418 586 106
8 979 982 255 951 434 775 955 774
8 190 927 102 834 519 675 38 383
8 795 416 835 694 617 170 168 28
8 128 842 938 555 907 988 368 238
8 913 650 205 945 590 263 517 891
8 8 207 34 466 720 205 841 280
8 181 669 921 473 379 485 601 52
8 125 608 471 782 318 169 447 322
8 231 219 985 576 250 632 160 316
8 869 884 308 799 548 458 152 510
8 486 471 395 90 77 954 34 292
8 200 100 524 177 713 651 937 912
8 753 501 55 636 567 935 106 292
8 538 727 542 631 942 364 110 925
8 464 769 663 734 292 506 482 178
8 398 192 653 579 917 567 265 788
8 538 162 702 528 923 898 20 707
8 783 639 477 211 435 239 887 809
8 724 600 325 308 761 922 585 578
8 201 215 100 183 985 469 629 617
8 862 783 924 450 473 42 139 740
8 423 519 266 216 927 946 327 889
8 494 88 302 90 984 510 367 647
8 135 798 850 450 111 843 954 659
8 907 327 338 692 592 988 453 680
8 47 565 765 346 155 508 664 974
8 98 938 886 987 53 758 790 647
8 107 928 865 71 272 461 312 422
8 943 669 539 51 792 238 477 706
8 698 904 883 425 692 466 502 439
8 766 186 247 369 636 293 444 456
8 380 583 528 474 171 778 507 889
8 669 547 455 193 690 446 648 313
8 465 724 969 2 797 74 390 435
8 671 125 768 559 86 367 401 997
8 902 978 931 621 53 526 129 517
8 794 309 211 954 495 542 585 687
8 855 144 149 242 536 371 619 582
8 976 562 241 556 307 649 979 328
8 633 65 513 735 64 433 685 221
8 630 47 714 840 670 182 765 617
8 892 404 120 379 271 67 979 4
8 30 633 189 993 634 56 624 788
8 398 17 379 958 131 271 514 327
8 41 323 914 992 253 687 781 4
8 302 438 163 595 552 726 843 82
8 924 808 294 804 927 87 61 510
8 75 671 434 231 792 270 496 585
8 532 951 948 60 460 88 24 367
8 807 914 694 919 390 996 935 687
8 276 459 116 157 220 972 281 912
8 753 567 34 443 549 658 522 346
8 648 76 151 266 214 252 897 963
8 646 347 808 62 802 576 856 950
8 117 402 501 841 224 178 187 777
8 79 345 569 988 386 947 568 504
8 120 690 469 360 423 933 80 781
8 452 505 247 526 631 802 368 195
8 571 425 335 871 632 635 429 586
8 436 94 65 586 458 651 547 485
8 501 120 985 405 778 38 140 717
8 201 736 775 7 390 988 586 286
8 772 176 57 884 514 971 545 463
8 602 657 679 975 390 792 129 62
8 425 32 771 917 794 933 237 324
8 484 870 62 666 455 946 327 891
8 701 633 962 791 816 242 263 788
8 1 71 80 710 620 60 432 612
8 276 869 663 368 597 481 992 788
8 488 370 769 886 563 735 977 797
8 600 35 162 484 409 454 977 525
8 735 887 207 559 418 942 217 88
8 512 883 673 486 447 229 534 790
8 960 288 370 714 458 579 101 680
8 208 39 325 134 767 592 233 350
8 111 460 294 860 839 586 1000 250
8 869 556 886 397 745 465 603 717
8 669 843 561 594 824 882 517 492
8 929 9 215 948 311 371 825 913
8 390 551 830 962 875 749 90 280
8 502 507 132 985 565 112 196 708
8 405 295 629 207 9 817 182 911
8 25 180 408 95 429 541 195 115
8 618 802 522 568 372 158 1000 322
8 902 981 728 100 330 446 19 869
8 44 700 479 458 730 27 264 788
8 521 576 173 468 623 175 60 152
8 1 537 64 189 197 907 911 723
8 948 162 599 933 441 364 548 393
8 631 49 341 555 378 69 654 672
8 906 674 698 943 278 150 477 685
8 737 975 244 520 751 634 327 373
8 329 279 979 727 135 166 872 777
8 258 683 873 369 969 36 342 544
8 487 732 138 450 793 65 830 982
8 926 288 756 216 79 312 133 645
8 389 78 396 908 875 823 127 280
8 981 171 758 915 850 581 525 986
8 610 416 75 664 809 266 663 920
8 712 570 987 945 667 132 371 986
8 772 980 573 216 959 946 432 476
8 259 644 849 157 37 493 383 939
8 938 285 241 196 321 193 691 558
8 807 874 925 29 516 998 775 147
8 892 35 318 56 579 221 616 812
8 533 135 936 79 541 984 624 740
8 648 203 943 576 668 378 293 517
8 807 104 464 349 734 22 969 534
8 338 33 921 694 577 886 454 891
8 850 157 171 586 397 296 33 526
8 403 715 257 44 768 664 218 202
8 796 712 769 705 895 875 226 391
8 670 976 490 942 591 124 443 945
8 210 533 771 165 53 317 500 689
8 403 739 446 400 504 9 456 172
8 400 405 279 272 576 431 539 913
8 135 916 566 203 338 860 278 178
8 358 403 102 363 326 423 624 696
8 607 806 149 983 553 697 54 597
8 707 185 811 557 61 391 53 755
8 369 588 854 615 859 853 67 828
8 618 265 92 246 69 439 105 462
8 97 734 419 887 963 584 996 353
8 1 463 924 914 120 224 762 497
8 269 737 966 692 640 632 637 301
8 276 475 969 186 164 48 167 700
8 203 577 363 718 62 894 581 864
8 630 386 705 865 567 776 43 456
8 97 560 595 310 48 148 72 349
8 39 261 469 307 147 710 361 509
8 300 86 559 645 364 140 977 456
8 976 103 772 579 328 517 548 359
8 435 703 974 629 275 716 272 620
8 470 83 757 239 899 541 346 706
8 156 240 807 925 938 859 155 879
8 918 560 338 31 438 886 653 175
8 566 930 231 567 590 650 140 920
8 12 921 795 586 827 554 152 897
8 389 100 718 257 175 417 740 214
8 117 980 896 57 441 757 747 817
8 665 528 270 379 835 151 152 29
8 475 233 94 548 146 716 264 617
8 589 178 923 189 708 427 801 454
8 287 148 556 889 423 291 545 778
8 855 732 308 945 888 624 424 220
8 561 571 279 307 643 579 474 31
8 77 834 516 216 917 153 810 114
8 335 70 998 511 713 544 27 781
8 950 512 830 537 233 374 110 986
8 676 320 712 112 748 397 535 353
8 727 469 553 270 619 414 659 730
8 50 143 21 390 757 339 168 999
8 192 308 402 25 196 758 143 344
8 674 910 466 212 50 441 457 286
8 877 119 35 73 21 952 383 895
8 256 194 594 446 884 143 592 17
8 203 410 740 537 770 907 431 814
8 668 965 877 665 78 471 830 424
8 130 658 519 733 224 873 289 204
8 261 177 273 107 94 219 44 688
8 924 712 766 621 430 987 925 342
8 862 434 177 12 371 723 485 346
8 398 775 78 10 479 265 689 105
8 163 75 275 794 199 73 692 721
8 679 543 207 791 459 230 4 350
8 805 811 495 786 180 226 757 381
8 583 759 390 699 114 774 911 620
8 726 535 256 364 927 835 775 286
8 602 628 711 303 71 169 720 895
8 380 994 35 515 615 953 503 314
8 759 964 732 239 524 852 493 563
8 927 51 480 226 987 642 221 989
8 241 89 331 621 116 969 497 239
8 679 955 930 700 670 565 343 709
8 978 285 241 500 785 964 735 666
8 193 656 234 341 884 213 401 879
8 58 7 112 934 173 170 105 708
8 306 923 906 211 873 25 567 170
8 844 121 164 877 926 501 146 233
8 270 903 455 446 76 472 729 441
8 208 736 965 652 979 686 773 636
8 718 924 98 287 785 184 666 195
8 858 591 234 165 476 711 428 482
8 128 514 578 869 922 882 608 27
8 976 291 849 940 299 721 903 706
8 125 467 310 443 730 963 692 663
8 860 916 169 414 620 115 640 868
8 633 321 12 750 772 782 266 919
8 61 465 897 270 497 863 444 659
8 14 6 134 116 708 453 581 367
8 610 329 246 59 875 534 949 292
8 831 630 882 163 215 57 940 4
8 750 294 174 782 606 735 140 27
8 991 907 479 199 457 922 709 27
8 358 435 134 859 459 982 392 640
8 701 364 333 157 709 175 762 554
8 227 638 813 447 637 792 530 387
8 192 39 407 716 374 523 207 645
8 834 445 458 541 812 617 592 593
8 766 378 643 688 147 885 940 608
8 26 225 144 501 589 845 299 574
8 693 713 328 107 179 190 822 317
8 410 241 803 200 245 374 687 195
8 960 407 360 929 177 31 340 754
8 256 438 657 950 102 563 412 221
8 961 74 694 189 941 109 159 147
8 398 192 203 900 890 955 910 299
8 318 228 739 728 105 220 381 424
8 319 851 425 181 73 674 714 239
8 452 609 103 386 966 165 672 152
8 365 84 438 478 261 143 450 942
8 162 761 733 701 330 314 785 4
8 546 885 376 659 183 734 817 872
8 573 30 198 179 894 188 254 704
8 44 876 339 441 391 491 168 159
8 398 294 449 176 760 708 689 672
8 602 347 231 874 412 846 996 411
8 417 758 727 278 429 27 511 909
8 971 683 468 537 137 230 107 977
8 803 94 846 212 123 812 697 590
8 1 619 692 702 957 140 158 786
8 31 216 169 383 485 584 578 367
8 900 74 641 716 575 141 777 684
8 674 93 368 661 986 214 158 168
8 752 343 745 574 700 897 289 617
8 970 37 103 93 216 379 863 313
8 85 30 249 436 820 182 520 424
8 818 415 944 242 517 209 782 642
8 829 816 823 177 643 46 913 433
8 701 926 668 584 717 115 751 270
8 402 924 539 888 397 775 716 59
8 780 11 948 811 160 151 429 868
8 985 530 111 802 636 314 381 286
8 728 77 848 451 311 106 161 286
8 279 156 902 223 580 51 503 536
8 779 409 924 272 421 526 623 250
8 311 829 87 122 306 954 492 947
8 620 512 489 468 336 53 905 776
8 929 695 21 124 861 825 608 472
8 869 198 919 686 269 278 344 442
8 540 179 190 113 509 553 246 343
8 261 890 222 591 184 470 37 263
8 993 721 84 648 7 153 658 254
8 622 125 241 802 155 946 734 702
8 661 98 975 252 620 383 207 283
8 435 702 407 321 238 750 264 762
8 72 451 198 321 209 400 342 952
8 492 968 804 637 315 581 441 755
8 904 368 478 568 850 296 155 114
8 622 467 558 384 268 650 667 506
8 964 466 512 951 570 274 485 582
8 408 484 64 849 690 123 364 432
8 759 41 402 983 482 381 155 137
8 228 66 759 119 343 544 352 812
8 117 476 734 92 613 474 477 447
8 917 285 182 83 933 313 214 254
8 438 568 769 995 272 643 541 29
8 487 869 687 589 400 280 723 920
8 341 388 686 782 873 127 82 754
8 35 916 310 900 848 34 444 581
8 1 141 958 889 38 42 174 621
8 741 407 143 166 183 663 220 554
8 904 243 160 834 106 78 837 161
8 853 916 315 870 124 29 411 305
8 904 714 725 155 304 205 244 617
8 956 771 473 496 20 672 498 313
8 669 917 404 212 716 955 342 316
8 668 818 102 58 564 604 36 187
8 700 494 16 542 804 696 424 788
8 914 778 499 833 267 350 187 305
8 772 501 450 746 345 588 342 598
8 12 219 331 921 614 513 390 259
8 618 96 94 171 865 432 161 108
8 571 878 175 314 178 14 952 731
8 813 948 131 146 514 911 781 582
8 639 744 427 802 825 553 274 738
8 886 118 333 343 265 123 857 967
8 851 573 431 93 990 963 857 453
8 488 330 303 270 153 536 719 105
8 128 392 693 278 894 735 987 146
8 855 934 164 723 169 524 383 129
8 953 961 120 705 786 500 946 235
8 70 797 468 625 849 311 173 107
8 671 535 24 513 17 355 504 596
8 222 616 116 383 720 559 140 603
8 700 198 35 385 12 270 725 213
8 419 968 932 330 92 324 525 647
8 408 753 481 894 988 699 617 913
8 888 580 987 384 79 843 662 109
8 366 440 451 418 305 158 879 731
8 831 807 806 271 145 601 291 853
8 343 800 548 65 390 587 432 10
8 877 1 121 870 899 54 989 632
8 242 676 860 552 142 106 109 37
8 438 602 759 331 49 304 375 412
8 572 698 566 369 998 541 229 462
8 943 501 519 932 650 823 616 617
8 274 435 279 883 963 270 219 418
8 954 124 126 215 746 239 564 433
8 141 978 233 730 392 553 110 441
8 408 256 234 17 520 59 235 197
8 101 720 931 341 944 61 615 401
8 727 783 982 553 578 382 106 350
8 192 521 176 979 548 537 214 289
8 603 720 331 376 516 530 240 937
8 242 181 849 674 345 648 696 645
8 128 622 423 323 74 50 756 168
8 572 600 144 63 767 623 477 520
8 376 512 620 646 85 345 305 457
8 916 728 796 298 460 387 11 581
8 366 362 930 993 959 233 937 286
8 880 310 786 746 677 745 225 716
8 583 81 406 686 721 219 827 729
8 414 572 102 807 983 217 824 888
8 577 980 336 943 234 900 895 442
8 532 573 527 348 537 899 69 167
8 968 461 122 958 770 735 10 811
8 991 985 497 471 284 524 729 835
8 924 285 40 382 873 917 29 967
8 923 372 728 196 399 424 587 833
8 538 182 11 460 209 914 852 187
8 638 959 523 691 624 835 675 895
8 786 618 371 6 812 491 992 717
8 877 537 938 623 2 761 686 108
8 589 902 84 932 895 715 252 896
8 335 780 553 80 753 306 889 762
8 201 297 783 510 889 762 695 150
8 352 748 643 667 825 776 647 442
8 341 448 803 808 490 581 289 672
8 804 388 304 677 393 92 106 888
8 813 664 394 123 25 463 586 133
8 971 936 435 599 88 700 184 324
8 527 862 487 744 190 173 471 907
8 83 887 665 591 185 963 685 596
8 532 880 152 603 277 922 229 835
8 896 7 954 987 42 109 422 647
8 466 103 678 155 468 65 187 433
8 136 388 719 869 101 451 172 498
8 138 190 38 604 692 648 214 441
8 122 185 972 362 717 490 675 651
8 994 938 260 132 94 101 828 879
8 83 165 611 610 294 826 180 527
8 936 733 390 850 328 274 463 237
8 976 397 924 243 887 623 332 612
8 918 391 5 632 717 536 18 133
8 302 438 758 673 301 374 979 684
8 572 271 500 974 917 413 754 269
8 163 789 705 887 920 87 328 463
8 669 708 642 239 445 59 418 462
8 380 404 767 22 386 496 443 575
8 845 13 104 954 212 313 717 762
8 789 402 347 223 182 289 640 453
8 487 112 601 193 287 53 595 344
8 45 646 140 599 954 653 867 153
8 359 985 607 610 751 79 590 793
8 592 958 747 413 545 584 650 709
8 941 436 241 359 860 344 522 305
8 261 671 134 746 446 368 824 411
8 36 796 772 971 625 173 254 912
8 862 116 628 6 236 108 147 462
8 669 904 210 239 549 696 206 888
8 358 924 627 552 406 150 977 731
8 471 648 16 569 175 432 713 119
8 918 819 573 382 224 396 307 695
8 715 436 592 311 247 852 248 684
8 325 804 73 607 476 343 832 474
8 135 925 818 32 998 364 342 913
8 766 494 406 288 231 902 864 432
8 58 319 746 75 661 483 751 979
8 104 103 748 642 932 280 221 188
8 743 943 470 611 869 863 141 730
8 780 702 592 961 908 553 838 462
8 149 279 846 355 417 530 291 373
8 552 658 25 987 263 3 866 891
8 772 974 177 734 15 265 496 598
8 513 854 703 468 632 360 799 838
8 851 415 803 479 300 310 594 801
8 746 97 244 703 500 166 498 456
8 391 734 157 549 231 269 667 442
8 566 440 332 535 242 731 168 773
8 725 148 437 734 775 509 935 352
8 532 855 319 117 720 188 255 617
8 532 164 890 830 257 495 295 544
8 308 131 405 700 73 932 873 687
8 880 332 710 278 405 861 206 595
8 515 249 952 421 38 34 447 821
8 480 249 712 394 85 589 813 263
8 848 310 884 323 634 558 730 265
8 639 105 137 732 134 475 123 462
8 628 241 83 972 753 545 444 504
8 900 91 169 642 534 213 482 875
8 351 800 631 801 160 255 463 498
8 900 829 125 535 92 88 33 962
8 766 34 359 122 17 529 518 840
8 8 827 886 607 621 613 817 442
8 394 116 266 987 129 94 587 133
8 862 605 573 243 492 702 152 391
8 446 886 564 897 770 424 710 935
8 319 768 641 739 629 735 264 462
8 742 611 522 804 280 925 513 756
8 323 845 982 293 64 251 857 909
8 808 227 827 103 925 738 550 221
8 232 366 437 566 864 620 625 115
8 326 91 145 775 584 569 536 833
8 30 761 311 143 932 167 582 322
8 618 85 64 748 690 33 17 526
8 372 985 495 815 385 291 155 444
8 351 256 64 212 456 879 255 596
8 639 461 991 332 503 88 350 453
8 30 766 446 547 668 876 651 248
8 201 279 249 481 652 499 812 350
8 560 795 718 755 893 479 931 654
8 834 797 633 233 103 321 61 504
8 258 484 902 91 693 863 778 42
8 527 501 306 771 755 25 977 352
8 385 798 70 199 769 866 470 670
8 347 766 834 779 84 250 744 182
8 51 862 683 20 641 376 717 433
8 112 48 336 655 33 620 879 369
8 943 746 408 71 885 903 927 549
8 703 765 475 339 940 155 684 704
8 241 70 450 919 745 275 516 526
8 851 527 125 206 468 972 518 105
8 826 270 975 169 977 762 721 346
8 759 671 577 365 231 643 972 108
8 168 199 209 362 414 400 307 781
8 665 714 740 459 222 523 432 101
8 361 113 385 132 930 105 184 43
8 380 446 537 52 285 547 852 32
8 210 693 887 343 860 24 226 263
8 246 842 769 645 492 689 396 447
8 572 515 976 200 120 977 635 27
8 35 824 589 787 738 37 60 498
8 855 179 603 987 995 103 801 472
8 841 714 369 11 513 910 60 106
8 720 350 81 252 513 283 597 352
8 488 976 964 311 100 837 645 706
8 605 836 378 589 610 848 499 381
8 657 148 987 633 990 51 872 608
8 181 232 395 149 419 838 813 786
8 727 225 44 771 177 666 887 290
8 388 745 932 654 214 531 606 105
8 8 30 890 287 324 773 794 167
8 469 12 727 896 926 884 188 914
8 851 310 530 130 841 91 80 763
8 966 62 461 700 397 79 29 587
8 861 956 162 16 37 240 709 159
8 261 275 993 524 360 400 393 491
8 938 547 420 757 230 456 830 788
8 874 505 55 904 476 911 835 280
8 285 49 537 667 733 608 640 373
8 351 338 772 355 944 217 935 820
8 900 919 750 989 581 634 339 709
8 536 223 320 190 860 569 748 108
8 657 389 845 320 979 259 346 4
8 643 882 15 977 888 238 986 255
8 398 571 854 362 222 468 825 139
8 216 23 993 253 307 634 427 837
8 410 100 51 446 634 483 182 428
8 607 36 234 664 563 734 459 873
8 31 298 539 905 620 242 984 305
8 826 756 579 150 658 847 697 305
8 112 963 494 246 775 80 695 145
8 572 227 452 844 692 611 513 590
8 501 181 104 325 284 180 401 681
8 481 727 698 426 365 317 182 549
8 819 799 44 294 470 34 11 367
8 198 334 71 102 308 869 818 937
8 41 449 176 325 502 150 327 10
8 844 490 756 275 183 710 999 821
8 880 232 17 436 5 393 908 248
8 664 646 280 332 428 21 27 949
8 258 63 816 356 278 314 977 141
8 408 326 334 481 919 794 392 24
8 91 388 94 881 185 234 765 87
8 596 515 993 110 262 889 463 510
8 727 216 331 134 811 362 3 901
8 108 839 528 361 376 856 620 141
8 13 701 207 552 513 274 109 187
8 300 628 914 604 1000 859 18 872
8 571 222 944 231 445 983 341 832
8 499 736 329 238 461 833 988 22
8 441 816 123 539 32 42 511 114
8 931 261 348 61 894 360 812 897
8 766 376 980 738 662 368 859 881
8 724 543 627 2 376 56 359 730
8 51 911 655 50 485 666 875 901
8 8 703 830 588 553 140 697 316
8 132 594 700 745 107 283 24 86
8 877 95 481 316 244 327 889 393
8 759 676 521 954 856 940 251 172
8 33 956 848 654 108 730 68 352
8 623 671 849 962 775 881 433 915
8 328 61 480 288 802 277 289 911
8 589 610 73 100 88 486 251 411
8 488 948 164 190 852 80 165 28
8 614 633 31 41 503 825 40 648
8 144 366 419 738 592 585 454 612
8 561 193 5 507 245 824 624 374
8 104 25 673 750 195 933 643 967
8 376 834 191 969 76 476 359 386
8 351 602 371 39 459 813 443 596
8 890 246 146 250 753 987 691 433
8 138 450 752 218 327 3 684 663
8 914 575 414 966 591 228 596 391
8 957 102 318 190 696 930 61 863
8 234 742 556 284 811 990 392 59
8 795 779 23 707 354 721 666 913
8 380 236 923 790 584 184 32 717
8 572 560 121 583 360 242 913 793
8 466 275 279 829 16 567 170 497
8 97 906 98 348 865 696 799 582
8 512 918 300 858 148 349 817 433
8 573 844 226 59 734 688 206 891
8 362 563 591 988 409 353 710 684
8 934 457 607 748 847 963 996 704
8 464 243 807 642 16 664 476 312
8 780 223 836 625 545 401 778 381
8 479 611 887 552 418 909 290 704
8 186 573 434 448 700 933 794 590
8 676 415 378 341 823 79 412 776
8 409 335 765 489 847 545 888 544
8 863 154 944 575 89 383 34 239
8 961 845 936 507 138 654 519 967
8 858 981 489 16 130 677 345 34
8 795 885 101 186 894 202 189 709
8 855 814 326 711 601 255 441 581
8 766 865 378 365 126 486 1000 986
8 877 407 259 594 940 32 672 65
8 380 89 869 699 884 470 291 525
8 750 194 210 752 465 262 393 322
8 487 404 527 125 816 344 160 158
8 560 951 41 473 274 876 67 612
8 5 122 963 409 811 559 184 937
8 488 198 331 134 979 843 421 316
8 974 874 745 865 749 549 864 82
8 739 701 792 435 81 631 437 250
8 560 734 926 763 110 461 250 717
8 415 47 102 171 794 715 337 62
8 602 156 130 727 884 557 611 895
8 656 279 906 628 349 394 88 34
8 570 771 611 770 259 161 699 691
8 518 880 560 410 975 565 381 937
8 836 850 318 771 52 93 387 187
8 675 446 164 809 177 626 870 206
8 924 806 516 938 841 392 635 27
8 557 705 744 890 985 636 190 945
8 223 437 847 428 67 992 634 635
8 192 275 556 548 311 617 817 788
8 201 761 657 120 124 787 636 913
8 566 420 607 552 72 639 524 424
8 185 142 739 75 615 685 913 781
8 703 644 396 191 111 516 688 286
8 934 745 994 435 40 932 374 782
8 410 403 326 903 287 278 357 864
8 97 744 829 824 439 996 147 422
8 71 11 333 794 791 33 424 945
8 53 588 137 539 768 250 371 707
8 571 546 757 281 650 16 135 80
8 311 576 190 204 270 147 115 817
8 128 981 959 491 588 383 4 647
8 19 185 75 547 959 763 428 891
8 452 365 739 66 435 148 110 88
8 325 468 406 619 781 86 15 620
8 276 138 379 972 122 107 352 456
8 341 242 311 374 710 755 492 34
8 646 594 284 850 165 299 93 697
8 30 789 15 607 849 576 695 213
8 398 104 345 516 970 262 654 21
8 26 720 365 800 692 984 275 266
8 759 356 258 35 435 54 517 237
8 561 335 914 145 233 166 863 681
8 319 466 460 521 955 620 217 680
8 796 419 213 966 499 20 158 689
8 618 32 351 876 481 942 590 316
8 138 827 124 413 83 414 620 344
8 40 847 971 262 24 233 158 687
8 6 150 448 106 311 114 43 4
8 679 573 234 595 827 129 184 442
8 325 118 849 491 100 397 87 110
8 808 308 914 70 111 720 586 28
8 1 818 89 695 312 29 979 788
8 31 814 614 610 663 635 62 137
8 281 693 369 860 881 624 751 986
8 560 471 561 24 950 658 764 381
8 928 728 956 688 550 423 689 498
8 923 240 306 88 957 278 729 27
8 583 600 515 308 698 443 50 553
8 47 211 400 522 970 974 843 110
8 144 216 451 363 242 767 474 296
8 179 540 505 518 44 735 996 418
8 275 667 96 996 977 740 428 967
8 602 752 610 113 371 841 650 324
8 966 993 541 32 790 625 129 650
8 247 743 84 159 59 183 255 612
8 586 771 792 307 429 195 910 822
8 45 471 117 243 47 247 68 442
8 31 212 100 234 23 458 401 145
8 402 701 392 882 113 637 793 940
8 571 341 518 404 326 178 760 485
8 466 402 551 615 885 470 154 506
8 614 6 351 562 177 691 787 305
8 783 501 772 953 426 675 792 584
8 389 334 954 976 712 575 115 340
8 865 379 492 516 653 933 584 429
8 954 241 898 854 846 972 927 908
8 716 976 275 638 731 173 79 946
8 256 766 951 885 995 933 664 343
8 223 851 131 13 988 700 184 721
8 573 431 741 652 799 592 866 895
8 380 928 804 944 207 490 330 912
8 89 668 985 339 134 363 639 349
8 117 682 473 931 92 434 873 312
8 505 164 148 818 789 271 59 582
8 694 171 794 101 435 713 154 666
8 211 370 665 335 31 272 139 947
8 678 824 406 716 713 830 632 441
8 142 25 610 970 705 386 341 291
8 802 613 959 786 204 634 305 833
8 104 274 701 244 682 468 816 137
8 532 533 361 95 849 103 615 937
8 931 848 189 491 758 46 344 893
8 388 644 994 664 166 357 81 94
8 488 657 739 925 562 650 31 717
8 815 676 116 336 921 222 604 167
8 600 174 409 431 120 71 124 238
8 805 308 661 570 53 765 195 708
8 737 761 61 699 729 278 283 598
8 366 112 609 899 873 841 42 593
8 583 512 300 961 701 129 193 963
8 329 744 852 523 10 764 650 477
8 101 27 722 54 656 105 320 220
8 376 258 58 74 397 731 567 585
8 39 288 531 824 485 548 283 939
8 464 654 475 524 1000 586 653 868
8 560 478 746 252 819 517 987 774
8 521 335 125 140 369 822 593 821
8 538 560 208 52 822 770 153 433
8 66 7 143 315 615 603 663 734
8 23 543 70 826 239 537 989 265
8 380 186 997 348 725 756 189 837
8 532 446 5 107 494 470 547 517
8 389 97 938 741 93 355 12 775
8 583 102 884 849 479 259 35 303
8 759 819 311 474 595 170 549 477
8 941 156 753 9 400 277 803 82
8 404 658 120 747 31 61 503 765
8 951 81 955 597 822 509 264 251
8 621 551 242 149 364 800 749 237
8 808 812 365 885 263 767 861 250
8 815 532 994 247 137 945 375 913
8 569 669 435 849 578 262 137 680
8 846 594 400 310 518 776 46 909
8 288 203 926 376 357 934 68 696
8 128 880 848 966 398 417 424 788
8 649 175 138 929 823 369 492 773
8 552 892 17 899 639 230 87 324
8 8 148 980 848 988 490 240 681
8 941 32 956 84 738 756 375 531
8 638 968 690 132 754 423 767 941
8 319 464 941 102 591 390 38 612
8 583 464 529 124 191 168 908 463
8 951 664 193 465 895 150 509 447
8 628 246 688 563 615 476 299 575
8 517 390 817 526 225 567 67 346
8 361 52 863 746 102 895 428 462
8 655 725 713 921 625 110 428 127
8 572 630 929 477 178 568 969 895
8 297 256 57 212 946 526 992 912
8 181 871 615 369 151 250 511 680
8 538 846 718 369 769 196 990 477
8 798 531 608 658 707 150 639 280
8 693 291 979 944 245 690 773 912
8 169 355 100 589 786 908 301 252
8 35 370 713 596 354 601 685 292
8 829 795 671 294 303 126 10 307
8 512 279 653 491 428 799 709 579
8 438 847 57 629 755 140 301 29
8 623 507 362 229 890 631 710 636
8 175 356 950 459 830 691 868 680
8 880 450 757 816 499 749 445 454
8 55 223 1000 563 553 639 717 184
8 568 732 98 326 667 856 316 60
8 878 931 858 459 109 468 291 526
8 48 914 527 933 673 760 574 635
8 978 573 914 771 757 6 495 762
8 540 361 929 548 170 245 224 322
8 401 628 15 475 468 309 432 731
8 944 223 303 271 430 757 81 647
8 279 183 638 52 601 935 38 946
8 201 385 703 659 879 553 992 158
8 358 983 736 226 881 758 588 418
8 659 337 150 813 443 474 413 765
8 201 535 910 415 138 189 662 680
8 438 499 186 809 827 911 206 695
8 669 102 329 64 754 915 251 670
8 532 58 958 980 963 53 885 72
8 882 311 297 12 699 160 280 897
8 97 473 818 126 33 878 381 346
8 457 737 406 216 90 520 612 788
8 521 356 473 11 355 476 265 99
8 410 384 876 123 797 92 878 548
8 622 325 816 954 580 439 489 731
8 365 363 812 40 726 860 172 697
8 156 960 906 971 475 935 418 237
8 404 494 519 11 352 984 3 704
8 310 892 981 141 793 316 474 821
8 780 644 444 475 797 330 523 935
8 720 294 491 386 246 762 891 612
8 279 478 171 938 177 335 254 517
8 566 852 455 217 264 791 302 423
8 862 143 796 667 282 54 207 301
8 416 151 436 931 216 695 680 158
8 395 341 71 180 769 193 263 760
8 376 143 668 818 852 996 770 230
8 179 69 150 955 744 626 280 316
8 207 425 653 400 822 801 838 316
8 783 916 975 257 574 491 14 477
8 964 284 484 271 832 357 458 672
8 529 215 679 222 866 209 362 485
8 804 657 97 787 580 99 997 373
8 975 164 861 884 358 936 211 950
8 1 279 553 942 616 340 774 660
8 415 737 869 800 677 790 801 639
8 104 207 678 57 645 554 145 681
8 936 438 272 161 299 342 548 666
8 924 961 310 899 941 476 661 974
8 839 803 186 641 523 695 218 632
8 487 138 391 337 689 843 637 43
8 676 916 156 917 19 217 731 525
8 247 12 406 664 343 396 418 684
8 408 906 641 106 336 137 590 353
8 485 407 694 150 861 29 754 585
8 407 806 926 720 812 802 578 43
8 533 657 76 314 702 740 689 790
8 698 871 955 537 898 355 626 624
8 566 112 808 274 899 686 747 870
8 761 157 370 376 173 811 10 432
8 532 222 298 874 10 270 193 558
8 420 568 284 779 332 802 520 29
8 829 512 168 814 848 458 463 286
8 328 825 164 171 792 170 586 80
8 440 730 742 977 38 355 377 152
8 532 651 923 656 328 20 731 46
8 505 566 743 599 111 406 32 710
8 236 73 449 164 127 558 213 187
8 752 574 744 307 489 785 640 949
8 436 189 237 109 182 972 754 28
8 540 831 622 990 413 510 731 202
8 102 823 607 689 349 443 167 704
8 489 761 654 239 841 417 109 634
8 297 355 390 826 575 933 246 24
8 816 436 295 791 267 500 263 832
8 144 366 936 64 123 730 206 912
8 766 796 931 228 459 757 604 879
8 533 571 665 48 905 449 369 4
8 546 241 183 213 172 352 442 680
8 543 112 198 752 94 62 998 187
8 358 386 84 357 111 721 466 312
8 156 194 960 921 271 908 574 159
8 22 808 329 101 413 257 949 147
8 783 184 384 65 486 165 604 740
8 51 347 494 277 614 838 274 868
8 951 1 228 650 199 93 360 29
8 551 97 953 438 946 213 875 868
8 602 973 570 143 661 970 473 933
8 421 450 677 129 108 853 342 526
8 602 366 384 728 885 238 587 868
8 809 796 44 134 629 403 940 48
8 844 858 84 357 121 875 967 612
8 766 995 683 382 756 625 522 584
8 296 663 973 330 559 458 474 433
8 300 805 553 803 211 200 695 875
8 796 467 683 479 884 531 38 333
8 41 406 303 688 428 158 280 684
8 144 928 258 103 964 259 907 99
8 976 66 728 298 861 287 384 578
8 309 256 5 727 103 642 922 167
8 335 922 998 306 457 42 984 422
8 878 693 383 51 785 556 387 470
8 148 858 692 714 375 881 269 54
8 657 826 449 803 692 570 67 82
8 974 304 592 517 499 963 42 22
8 128 358 811 887 214 629 563 290
8 398 880 981 200 474 68 14 108
8 644 61 552 579 782 300 399 616
8 203 19 185 537 989 762 428 909
8 410 533 163 919 884 209 563 909
8 671 228 45 552 923 614 320 889
8 507 985 799 739 852 367 456 893
8 192 15 739 84 493 664 576 470
8 958 419 293 885 287 108 251 754
8 646 505 270 213 629 251 717 158
8 796 75 57 283 757 228 252 776
8 605 902 77 796 137 83 841 73
8 601 5 377 38 240 485 597 647
8 561 258 56 97 236 267 303 206
8 552 594 378 32 595 150 581 868
8 216 42 432 615 81 427 391 317
8 851 413 951 473 2 881 800 442
8 878 98 589 652 591 709 735 465
8 805 552 958 83 372 434 166 250
8 192 703 120 691 281 894 202 661
8 904 703 64 974 166 80 133 691
8 744 179 752 328 477 535 255 913
8 39 282 979 637 86 341 520 537
8 994 592 839 19 514 434 267 511
8 600 189 478 191 947 108 411 525
8 922 336 362 621 650 349 87 704
8 813 358 234 113 451 584 840 503
8 96 992 846 122 762 511 838 292
8 181 957 904 211 528 965 785 439
8 573 23 860 33 170 225 29 497
8 954 451 495 475 80 255 629 536
8 25 194 479 420 966 213 32 160
8 26 798 97 336 305 751 220 167
8 288 49 799 802 735 169 719 439
8 389 540 761 229 897 359 519 29
8 928 804 829 558 33 154 346 235
8 104 325 435 182 166 122 238 617
8 138 74 552 735 6 139 368 681
8 806 118 924 488 2 178 188 666
8 199 855 649 226 207 462 949 119
8 678 905 558 513 399 80 214 920
8 348 808 73 919 922 849 46 252
8 332 501 542 800 853 656 140 235
8 479 306 298 27 88 864 72 115
8 571 609 100 270 984 917 147 838
8 769 434 980 948 278 17 545 187
8 121 713 761 742 107 342 503 788
8 144 796 208 347 741 165 396 428
8 181 329 247 103 253 157 607 853
8 806 739 690 92 881 864 349 299
8 240 326 906 964 304 257 213 549
8 125 304 961 264 499 374 412 937
8 295 211 783 563 33 359 567 282
8 700 954 446 429 357 470 286 229
8 410 610 164 389 215 219 946 99
8 315 376 884 866 335 116 969 511
8 921 397 733 377 909 65 534 493
8 877 588 211 824 266 377 979 659
8 232 975 539 40 966 872 733 290
8 179 261 55 611 257 643 792 391
8 276 523 111 739 433 943 313 666
8 540 366 464 745 77 68 946 939
8 956 975 552 931 843 285 531 891
8 310 256 508 787 793 327 493 593
8 256 727 983 844 297 191 314 110
8 244 452 261 622 499 13 580 793
8 331 936 461 444 710 471 250 368
8 297 806 241 688 374 391 945 738
8 47 880 404 648 466 596 473 872
8 518 963 779 807 876 132 935 581
8 156 407 204 231 586 984 578 620
8 581 315 343 36 982 799 819 709
8 469 194 348 336 951 827 48 868
8 211 513 355 195 885 867 828 291
8 540 991 409 47 474 651 861 509
8 138 928 15 814 579 34 971 691
8 149 366 484 769 608 629 836 235
8 851 865 252 557 521 586 510 82
8 222 210 742 953 349 499 327 43
8 924 981 955 92 429 915 822 559
8 334 376 121 907 545 129 34 187
8 473 630 613 196 922 686 579 840
8 199 834 720 203 631 216 932 821
8 285 407 974 340 660 945 940 909
8 780 363 966 980 550 42 585 525
8 503 483 86 815 923 957 996 722
8 683 668 974 302 375 799 136 255
8 323 654 579 551 288 726 688 920
8 128 379 570 992 437 457 154 432
8 26 104 918 460 295 603 498 821
8 718 865 135 617 293 445 190 913
8 698 120 574 113 447 541 986 290
8 77 744 929 722 278 641 626 663
8 880 460 459 848 705 90 10 462
8 917 665 668 658 169 933 458 305
8 473 926 12 793 651 171 738 598
8 181 732 288 234 164 905 552 596
8 146 148 420 787 625 686 740 4
8 334 543 751 1000 948 693 888 4
8 505 451 993 298 966 179 306 302
8 993 848 535 991 686 793 32 620
8 532 571 843 440 953 48 985 612
8 987 979 249 850 40 653 762 248
8 804 970 139 672 541 497 286 612
8 694 970 923 539 588 825 327 835
8 628 720 818 535 636 424 868 381
8 786 756 729 654 32 534 109 687
8 855 521 513 421 455 336 950 373
8 404 333 15 930 266 91 810 264
8 951 532 768 944 798 198 870 634
8 378 961 193 886 376 988 781 221
8 190 802 366 198 601 31 899 136
8 862 278 767 475 152 239 369 305
8 572 877 766 918 595 944 475 969
8 631 882 668 70 954 252 244 670
8 398 104 211 752 10 706 868 367
8 345 521 576 508 860 738 742 67
8 117 960 978 742 431 738 554 280
8 880 930 661 459 364 377 433 838
8 628 552 931 527 36 327 582 587
8 256 718 919 715 692 60 857 776
8 102 720 518 269 959 998 853 593
8 395 53 136 552 629 186 175 346
8 260 970 610 990 552 996 299 96
8 8 953 466 516 946 531 839 28
8 622 45 924 48 840 940 536 675
8 319 692 844 137 713 480 859 424
8 572 232 902 970 935 765 723 740
8 120 153 280 738 155 271 433 913
8 676 452 960 297 871 359 86 340
8 436 657 855 807 417 708 76 612
8 521 151 338 852 666 273 255 549
8 8 618 334 515 176 607 311 373
8 657 646 397 706 465 463 224 510
8 125 191 849 982 182 710 541 762
8 30 93 17 111 811 988 625 684
8 918 983 768 959 142 604 418 554
8 533 746 869 941 177 608 953 13
8 786 420 877 471 274 887 660 376
8 125 97 227 252 943 207 860 178
8 415 361 864 947 59 3 164 908
8 718 889 404 619 577 850 511 777
8 186 416 481 378 638 418 757 381
8 965 198 671 293 279 475 480 335
8 845 621 916 908 207 595 43 286
8 728 929 657 474 240 173 207 875
8 551 231 164 79 910 707 443 470
8 759 855 613 355 131 497 292 525
8 416 336 863 848 542 33 794 723
8 716 644 469 837 574 339 193 313
8 325 303 527 675 134 42 151 873
8 44 842 594 185 707 916 797 5
8 605 402 951 247 758 89 346 509
8 766 356 649 697 494 579 200 412
8 285 284 397 637 52 809 196 150
8 398 943 420 430 225 459 219 114
8 594 310 68 427 762 266 447 152
8 674 725 888 748 238 317 856 723
8 198 831 845 439 270 482 411 286
8 981 210 562 878 190 510 828 506
8 570 964 982 33 606 238 480 762
8 527 749 471 137 109 616 511 322
8 631 117 341 973 288 820 753 762
8 648 900 876 65 289 364 777 67
8 736 176 285 827 130 604 986 704
8 994 972 311 556 881 383 150 828
8 366 288 533 461 323 78 496 87
8 741 918 784 676 758 199 947 934
8 334 192 795 981 648 518 520 434
8 319 727 877 767 161 751 235 788
8 724 30 430 980 545 955 432 489
8 998 876 552 636 714 576 80 93
8 279 164 979 182 265 368 672 967
8 630 121 486 753 426 271 708 833
8 676 678 900 377 927 696 789 945
8 104 371 750 494 710 439 885 822
8 727 413 563 833 767 754 835 299
8 370 850 102 936 739 632 639 955
8 256 164 784 923 284 33 295 680
8 157 529 795 578 604 65 809 642
8 45 904 580 816 338 978 908 899
8 627 646 674 77 121 833 536 196
8 181 876 130 176 10 320 747 196
8 560 53 945 853 38 439 496 733
8 834 165 794 132 879 429 123 327
8 270 97 130 404 9 204 913 348
8 319 951 642 665 78 794 838 691
8 874 674 183 372 296 238 182 642
8 459 980 773 673 83 400 516 544
8 358 978 446 869 310 408 273 166
8 724 604 591 102 121 938 269 801
8 71 153 141 69 160 387 168 666
8 275 957 496 492 534 78 299 774
8 508 95 962 129 748 304 825 517
8 331 906 104 464 727 348 71 593
8 944 385 734 108 447 224 522 42
8 279 47 570 58 656 713 206 967
8 469 309 660 665 455 233 384 127
8 279 100 890 768 384 273 801 776
8 787 361 698 270 379 305 264 825
8 216 745 714 972 429 373 891 937
8 796 951 374 331 944 686 139 937
8 855 339 883 988 921 18 94 151
8 118 141 764 196 199 183 673 139
8 883 310 741 557 475 860 354 992
8 883 691 513 664 591 349 763 220
8 703 862 323 315 210 999 278 289
8 236 410 74 738 318 642 525 612
8 403 724 390 561 102 962 178 830
8 148 44 726 249 662 989 811 581
8 8 378 543 679 54 708 254 647
8 84 815 227 501 562 725 372 314
8 674 170 992 888 792 794 255 891
8 736 348 787 644 479 750 42 680
8 851 930 234 778 864 913 43 680
8 156 416 921 284 271 270 631 292
8 40 944 230 157 693 514 195 159
8 627 296 379 83 733 417 511 235
8 956 149 928 851 157 35 923 349
8 953 51 241 81 429 640 330 328
8 806 561 302 818 574 872 37 119
8 347 410 900 132 267 687 717 672
8 739 185 247 271 301 790 939 187
8 883 774 199 843 52 854 280 920
8 543 842 448 190 915 430 151 986
8 35 608 720 79 268 867 917 833
8 47 155 272 313 52 969 617 857
8 798 695 284 155 726 145 984 544
8 334 943 156 573 852 207 339 832
8 700 841 631 601 135 459 977 617
8 834 769 495 436 103 597 270 383
8 438 378 234 443 392 307 967 647
8 527 539 771 183 477 248 790 820
8 104 502 804 896 531 348 266 997
8 371 382 773 631 231 707 765 346
8 149 484 57 881 400 547 810 680
8 862 542 371 607 678 459 262 133
8 128 543 489 44 522 613 760 442
8 26 370 542 253 382 730 868 596
8 128 675 499 562 184 463 229 937
8 366 829 552 294 946 465 775 235
8 64 478 849 948 569 945 344 681
8 26 533 371 752 625 115 349 870
8 307 743 341 768 574 977 240 509
8 661 915 651 558 686 680 516 548
8 1 529 395 469 176 535 109 142
8 499 804 501 23 219 74 974 24
8 347 993 480 105 695 72 864 781
8 534 165 961 865 209 563 418 810
8 478 57 683 349 950 696 28 312
8 366 640 958 437 848 873 932 454
8 410 344 519 650 846 615 634 731
8 12 950 794 863 857 765 28 510
8 951 157 799 958 216 870 333 332
8 808 363 578 342 52 655 72 373
8 882 126 397 944 775 268 350 448
8 366 337 446 33 425 93 486 428
8 973 308 959 385 441 987 903 155
8 960 531 216 852 393 152 901 286
8 216 514 811 636 13 910 22 634
8 780 120 467 623 695 530 765 697
8 341 266 291 778 263 531 879 168
8 8 239 48 209 634 998 165 632
8 84 918 713 35 309 394 550 202
8 83 899 702 132 309 643 140 123
8 95 15 378 513 52 835 984 280
8 200 331 955 971 999 786 293 160
8 796 7 826 869 266 699 384 774
8 975 98 138 578 122 690 425 286
8 400 271 873 302 339 599 457 220
8 851 780 420 137 804 207 375 320
8 570 256 892 805 81 614 599 823
8 26 929 610 486 581 568 364 386
8 546 642 910 615 776 837 601 264
8 66 15 757 363 440 273 139 22
8 562 886 98 21 330 221 762 827
8 724 736 884 382 563 942 184 470
8 556 926 918 81 623 126 525 889
8 228 794 215 185 758 878 593 286
8 508 208 954 273 371 480 312 428
8 880 622 570 599 44 164 278 596
8 201 800 441 493 655 129 151 760
8 186 71 98 120 802 699 147 740
8 239 759 20 444 180 284 382 285
8 712 622 103 338 919 135 992 940
8 795 257 138 614 486 278 710 915
8 968 858 614 61 20 424 817 706
8 540 602 490 36 444 187 838 612
8 625 130 954 296 638 940 264 696
8 8 380 256 551 811 5 59 333
8 13 468 345 756 608 151 901 891
8 880 425 315 193 727 185 454 939
8 671 826 975 638 40 34 219 383
8 767 402 638 670 120 289 509 411
8 521 17 975 370 95 228 607 316
8 566 200 769 73 169 252 94 899
8 918 956 146 528 378 233 220 534
8 605 279 896 876 244 69 835 381
8 953 535 228 849 264 967 67 462
8 844 74 100 818 361 576 224 42
8 711 900 860 791 594 267 838 530
8 533 855 294 912 123 175 654 266
8 66 900 94 981 308 794 800 282
8 884 715 717 393 141 811 490 324
8 766 287 842 323 545 60 146 172
8 192 215 402 464 703 241 564 514
8 201 49 985 679 874 212 116 245
8 818 203 570 176 185 340 353 817
8 679 228 633 19 243 336 367 774
8 173 377 642 633 953 959 663 133
8 113 241 97 25 274 755 381 684
8 227 808 209 601 163 431 758 36
8 203 97 614 173 182 107 977 3
8 603 425 685 52 922 820 582 137
8 985 122 204 799 280 691 672 899
8 732 449 551 673 330 433 235 506
8 538 900 979 337 737 637 93 632
8 871 742 915 996 802 499 43 429
8 724 112 728 749 786 547 265 381
8 560 910 369 845 638 23 62 940
8 483 956 53 587 340 289 777 596
8 440 338 39 432 204 989 431 32
8 851 829 390 131 91 432 439 462
8 243 211 138 251 999 606 891 453
8 395 163 275 754 42 86 498 612
8 942 984 303 940 344 822 870 28
8 201 198 336 242 61 269 729 167
8 916 703 957 565 93 146 313 237
8 608 539 185 839 43 563 497 612
8 452 690 761 378 621 592 108 822
8 426 473 289 206 330 550 140 729
8 415 16 365 779 733 775 567 695
8 924 667 293 961 349 946 624 704
8 528 436 640 714 757 403 823 269
8 628 273 769 722 640 259 601 653
8 918 207 720 963 563 355 127 359
8 780 826 360 246 338 151 237 424
8 826 655 664 995 998 947 963 437
8 817 904 564 484 64 165 645 82
8 478 495 49 781 23 574 763 139
8 743 48 504 708 195 990 170 159
8 798 19 994 15 898 922 716 189
8 618 930 734 546 702 797 50 554
8 488 917 854 35 194 246 754 967
8 618 347 714 185 18 959 828 170
8 871 147 357 594 697 623 534 939
8 430 542 501 338 239 142 903 352
8 25 726 870 186 713 142 503 312
8 991 858 199 849 814 713 999 615
8 851 736 954 627 405 656 662 152
8 223 902 484 122 170 302 984 10
8 241 668 953 823 333 112 521 934
8 356 320 848 102 797 61 418 411
8 656 420 710 998 61 544 626 684
8 395 436 938 102 405 11 280 708
8 560 999 973 271 985 461 555 238
8 276 200 231 143 610 54 545 699
8 618 256 699 334 913 545 999 912
8 552 249 16 89 530 740 373 680
8 538 410 431 275 65 240 87 681
8 693 528 800 603 394 547 695 688
8 874 753 814 594 89 393 812 433
8 120 505 736 215 924 664 46 457
8 201 766 882 273 419 328 596 462
8 602 736 51 421 865 155 289 593
8 880 97 205 226 595 439 142 687
8 779 834 160 869 124 592 492 859
8 234 929 965 649 664 537 150 459
8 951 751 110 293 190 336 412 188
8 402 974 827 153 50 19 709 221
8 963 802 357 252 910 244 797 229
8 213 473 224 11 318 748 385 3
8 538 674 656 481 388 427 36 183
8 676 951 294 451 674 57 942 810
8 465 278 519 826 660 691 816 72
8 39 97 975 770 746 504 672 891
8 904 491 793 756 476 280 525 498
8 194 890 424 99 59 610 809 193
8 398 97 77 693 751 374 178 353
8 128 358 560 991 773 985 228 14
8 263 718 466 931 805 186 556 625
8 885 37 797 252 324 776 866 67
8 661 325 275 810 21 837 548 105
8 806 795 807 112 745 315 570 168
8 671 318 807 665 375 79 582 593
8 904 759 715 711 497 733 853 10
8 735 683 972 889 145 472 949 237
8 41 609 664 662 272 550 349 441
8 361 597 125 295 417 445 24 908
8 725 404 24 270 267 586 753 704
8 450 535 973 539 616 971 52 755
8 749 347 646 558 825 252 463 221
8 415 303 397 748 448 846 740 352
8 410 125 738 271 336 550 40 277
8 715 539 783 403 430 291 872 963
8 752 627 869 820 797 224 137 147
8 830 574 390 264 457 146 695 984
8 97 469 982 91 998 187 96 689
8 457 258 556 346 60 979 48 443
8 334 808 16 659 69 335 454 937
8 515 465 735 553 306 445 870 462
8 276 560 571 725 65 313 634 637
8 540 951 7 854 485 695 423 740
8 884 183 419 490 982 841 67 599
8 780 599 200 148 916 840 434 411
8 144 149 607 13 946 454 587 506
8 805 372 589 861 439 912 493 666
8 308 567 771 54 448 881 722 955
8 242 298 660 231 209 827 988 632
8 583 674 323 656 48 652 65 82
8 128 488 225 228 985 784 754 680
8 232 481 78 841 856 770 696 453
8 260 627 540 75 507 935 945 170
8 318 922 547 836 196 355 114 27
8 420 370 906 374 429 974 952 462
8 208 758 484 86 771 300 729 764
8 366 562 70 481 659 263 101 414
8 736 66 295 834 998 473 879 206
8 297 677 855 836 31 654 225 887
8 201 971 399 499 639 820 663 67
8 181 461 805 557 77 437 775 822
8 551 366 81 632 662 349 776 290
8 335 228 179 78 902 419 514 734
8 562 395 104 667 168 765 977 684
8 98 235 130 294 113 309 463 301
8 543 71 929 297 581 619 530 731
8 737 966 337 675 716 972 700 525
8 395 858 408 464 918 757 27 585
8 426 664 801 339 827 458 913 525
8 48 813 839 14 397 773 474 579
8 736 97 45 980 677 779 502 911
8 294 260 567 153 212 707 937 340
8 766 199 607 406 222 6 213 967
8 739 523 784 431 527 633 688 170
8 766 341 162 186 557 330 735 61
8 488 514 841 548 790 492 879 901
8 179 808 604 455 749 830 27 105
8 669 892 313 42 496 967 659 4
8 922 881 583 608 16 917 847 733
8 394 5 814 711 781 791 350 598
8 638 734 350 477 447 453 647 684
8 66 449 478 803 782 29 95 367
8 980 52 677 670 233 547 127 145
8 205 923 649 377 54 429 443 554
8 398 382 840 531 383 875 714 509
8 385 573 718 5 656 274 945 277
8 404 750 859 357 555 364 229 82
8 758 264 627 100 163 717 42 891
8 726 874 851 410 530 79 352 4
8 602 930 839 988 574 782 635 443
8 319 338 552 630 53 355 915 777
8 905 469 135 7 348 363 150 688
8 334 102 931 959 273 960 132 217
8 766 301 320 430 178 828 119 167
8 804 756 827 907 624 88 160 687
8 276 761 406 450 725 801 594 166
8 378 882 509 508 373 567 802 913
8 71 97 57 625 266 239 235 545
8 693 354 784 898 238 962 52 14
8 334 844 941 718 129 748 758 549
8 388 562 91 157 649 835 145 946
8 930 122 33 340 714 127 133 876
8 883 12 96 161 518 408 40 307
8 824 951 58 556 999 549 135 451
8 605 39 197 132 457 460 586 422
8 546 637 43 99 825 861 242 661
8 325 219 225 673 432 658 617 647
8 980 716 829 968 224 672 424 635
8 589 9 764 854 496 368 188 986
8 334 743 407 981 43 635 86 188
8 171 416 228 89 635 465 888 3
8 210 850 75 69 471 959 574 510
8 991 842 693 634 777 122 390 391
8 494 345 130 282 325 945 762 4
8 91 251 925 864 713 167 832 949
8 736 674 734 18 641 90 87 299
8 519 515 859 531 337 245 264 317
8 35 613 914 318 464 715 554 685
8 378 228 542 722 885 662 292 893
8 389 848 40 627 758 305 585 442
8 465 985 124 917 421 218 80 139
8 942 992 410 600 174 463 492 474
8 130 223 611 563 341 384 860 793
8 208 210 630 388 357 202 667 448
8 747 117 971 987 303 643 753 172
8 524 513 115 262 427 453 456 286
8 676 529 959 371 333 278 290 498
8 783 848 275 7 433 784 375 493
8 884 993 925 186 823 382 411 504
8 260 71 819 562 391 508 569 524
8 102 130 198 941 516 205 957 270
8 438 297 104 321 74 346 860 917
8 877 309 961 752 464 15 801 593
8 420 757 224 556 949 107 626 687
8 818 487 633 356 808 132 990 898
8 484 366 846 948 275 237 465 810
8 113 715 993 748 604 253 184 106
8 529 171 124 563 651 819 369 222
8 218 697 590 377 885 50 728 170
8 759 869 240 17 217 60 477 549
8 628 173 701 594 467 840 673 384
8 572 500 430 678 847 223 843 472
8 995 714 893 413 968 360 29 828
8 869 938 568 81 733 691 172 872
8 452 8 991 502 449 843 781 493
8 646 212 90 388 636 588 911 214
8 467 541 350 750 255 812 254 510
8 334 947 92 189 472 23 963 597
8 351 39 257 738 307 293 220 821
8 45 308 84 899 318 719 604 716
8 682 850 831 886 869 910 31 346
8 403 759 208 932 469 723 477 206
8 618 812 938 561 834 98 944 270
8 560 183 918 6 944 381 400 107
8 580 299 741 141 443 482 489 456
8 438 628 11 362 285 899 374 342
8 761 347 527 811 658 311 650 391
8 929 299 486 228 340 60 383 895
8 845 181 742 614 92 339 825 666
8 523 495 302 123 556 7 787 544
8 403 380 244 799 65 431 152 322
8 71 905 808 256 70 878 521 400
8 247 345 44 672 76 173 563 254
8 49 1000 290 667 575 299 412 992
8 665 741 271 314 36 68 820 675
8 543 814 198 852 857 132 413 418
8 198 703 287 311 109 384 166 296
8 964 300 179 511 789 1000 197 158
8 862 866 941 870 865 695 31 872
8 855 486 385 791 516 280 753 9
8 309 203 369 679 820 268 597 349
8 718 260 703 295 837 615 305 891
8 566 771 609 5 429 317 778 879
8 345 634 948 182 154 391 790 687
8 938 374 7 415 552 643 11 212
8 702 321 12 320 710 136 237 511
8 796 211 134 938 758 397 899 793
8 315 165 388 899 354 405 601 998
8 599 334 849 940 444 164 971 511
8 671 826 698 83 268 762 612 292
8 724 976 630 514 179 663 458 888
8 965 512 773 362 531 46 373 598
8 334 938 253 233 11 873 183 525
8 883 724 181 53 459 878 291 905
8 26 804 155 839 942 423 575 82
8 276 826 914 757 95 552 943 933
8 928 540 529 701 173 496 480 14
8 668 410 678 362 507 961 827 890
8 293 918 460 957 857 178 777 82
8 261 103 455 861 316 56 782 612
8 862 94 831 859 592 713 343 534
8 258 592 683 278 611 982 770 188
8 276 761 577 445 75 499 989 472
8 618 345 601 18 468 433 290 707
8 420 466 315 186 94 603 33 541
8 355 134 627 619 998 881 462 868
8 975 88 637 20 165 812 428 4
8 797 918 384 461 143 448 625 431
8 546 230 507 523 955 109 817 506
8 65 961 981 667 273 29 175 27
8 741 203 845 882 923 553 635 145
8 499 958 804 983 206 339 293 689
8 614 382 785 253 763 969 979 235
8 533 507 746 446 125 729 567 401
8 768 166 515 289 755 236 368 20
8 132 613 19 632 392 655 313 687
8 190 249 794 18 763 454 596 937
8 543 190 101 769 697 406 719 43
8 258 16 130 886 163 906 396 170
8 874 208 104 190 541 237 214 582
8 805 551 56 275 282 114 776 498
8 542 609 633 139 336 517 616 763
8 466 957 537 910 825 504 119 525
8 904 611 640 170 106 206 213 119
8 874 203 973 882 240 401 88 777
8 563 991 735 62 1000 520 549 447
8 665 637 955 48 648 268 18 617
8 341 892 642 896 79 32 897 544
8 699 17 466 478 938 34 314 21
8 914 256 768 938 386 760 24 299
8 420 577 503 416 599 401 559 731
8 201 855 174 542 941 491 355 324
8 943 918 849 306 897 754 776 509
8 241 858 449 616 812 1000 707 43
8 416 247 490 813 668 403 957 549
8 258 741 501 153 157 24 738 708
8 26 633 982 142 907 294 911 623
8 74 951 784 465 50 763 833 909
8 232 904 622 625 257 140 212 462
8 258 310 438 74 975 109 302 61
8 395 258 571 274 471 177 95 821
8 94 461 894 473 603 369 445 312
8 180 926 799 987 859 934 94 910
8 149 780 402 403 5 707 581 870
8 533 960 981 452 428 7 141 87
8 929 918 665 829 629 850 756 612
8 869 146 483 314 9 115 709 178
8 929 632 321 840 688 441 119 581
8 118 57 805 102 890 635 873 113
8 395 402 202 9 871 363 166 265
8 71 796 495 536 887 894 368 997
8 365 397 830 396 636 214 721 549
8 319 844 341 435 859 197 414 581
8 192 176 413 900 234 72 353 891
8 942 745 495 421 597 629 133 381
8 605 871 562 991 841 87 897 133
8 95 478 993 801 247 895 262 534
8 727 118 918 12 33 456 24 544
8 224 408 402 929 845 875 733 870
8 657 691 438 430 1000 748 139 908
8 561 297 162 345 9 95 822 647
8 551 404 58 112 467 314 697 496
8 535 641 980 552 745 143 221 647
8 611 406 963 217 903 343 949 706
8 376 203 186 102 701 108 56 581
8 985 364 549 253 299 268 722 168
8 261 71 241 163 196 828 517 235
8 562 310 69 13 15 658 700 550
8 338 933 929 938 100 298 94 123
8 174 24 40 853 598 955 738 647
8 902 479 426 422 619 721 788 4
8 882 652 58 920 166 273 791 355
8 573 455 97 568 764 159 895 237
8 780 41 627 97 435 89 140 541
8 884 779 95 338 558 463 22 547
8 657 851 143 690 856 650 666 196
8 363 110 562 790 185 733 432 418
8 657 192 877 436 310 941 935 67
8 365 561 366 450 906 421 520 875
8 644 609 820 376 936 434 620 647
8 276 410 21 729 639 774 945 316
8 319 904 906 633 613 941 217 823
8 112 41 278 800 342 170 299 937
8 638 668 763 34 163 183 879 687
8 402 655 961 489 952 820 868 429
8 15 461 943 730 137 723 697 612
8 887 208 694 262 787 639 373 22
8 646 748 550 127 638 541 967 790
8 562 475 871 887 978 465 660 197
8 670 238 483 530 945 666 477 647
8 673 535 562 416 59 274 997 598
8 759 48 33 83 653 496 316 680
8 228 971 714 670 554 526 581 704
8 571 933 699 65 823 935 346 286
8 452 425 159 299 412 935 401 129
8 577 467 74 883 847 440 357 175
8 532 839 336 485 854 637 504 582
8 515 270 420 13 642 663 962 204
8 805 121 11 614 330 152 554 612
8 425 737 306 747 733 245 684 82
8 858 715 240 323 293 520 770 549
8 120 858 917 210 639 541 27 264
8 70 568 96 642 952 686 773 838
8 8 309 972 257 315 675 709 984
8 380 856 766 180 262 454 11 305
8 318 741 11 48 797 90 317 541
8 26 771 116 269 950 467 948 206
8 855 254 791 476 313 952 238 411
8 865 205 673 304 423 908 852 161
8 460 278 714 863 364 37 517 286
8 380 644 884 744 262 559 368 706
8 975 970 624 962 459 695 857 339
8 45 693 501 289 623 439 373 684
8 953 377 190 933 460 652 745 499
8 994 262 411 165 72 576 359 891
8 602 890 831 47 649 491 206 909
8 78 2 613 369 417 440 476 4
8 929 745 374 609 753 31 433 986
8 253 652 131 209 500 553 584 493
8 678 228 466 86 952 349 286 168
8 855 874 23 487 511 121 503 945
8 156 410 652 695 206 550 959 778
8 335 883 450 466 196 489 292 590
8 488 816 743 36 7 523 943 196
8 736 657 258 508 761 419 863 680
8 961 645 579 431 481 787 362 620
8 630 648 607 185 569 193 445 60
8 55 688 547 493 773 740 286 672
8 806 494 17 970 243 914 94 901
8 327 468 308 177 9 56 997 292
8 302 533 982 5 640 293 468 27
8 193 419 376 382 296 760 69 292
8 388 674 294 161 876 839 166 153
8 880 1 743 694 615 773 457 429
8 712 882 48 177 70 12 190 307
8 883 750 964 499 14 813 713 504
8 8 394 252 465 473 184 135 3
8 438 488 256 451 54 577 888 4
8 802 414 196 799 328 392 264 519
8 815 112 568 720 234 969 625 912
8 26 180 304 233 132 62 503 251
8 824 577 884 267 73 301 978 322
8 117 366 884 565 990 221 939 708
