1 0.9794062625006805
2 0.5155647532282179
3 0.001113735386166997
4 0.044927421616286
5 7.322972673742195
6 0.011523147605160733
7 0.21230369136097355
8 30.533675801008183
9 3.6066935241293643
10 0.38271111847981887
11 0.13154860256871306
12 1.183422316301746
13 0.48758770947037516
14 0.36361369327298676
15 0.951085537302599
16 0.868746329875517
17 4.960503517775526
18 4.640937102639322
19 0.11154718831751294
20 0.26515088407490883
21 5.725985687408194
22 0.9988592820710205
23 0.17530652498024996
24 1.1865422312924105
25 0.23502476658290541
26 0.7730753779559102
27 1.0381275583680594
28 17.100113299785466
29 0.28744625952835356
30 3.5205941516819714
31 0.5719485220019671
32 2.3245140058724023
33 6.68251374158038
34 0.17762560617050321
35 1.589095861484749
36 10.15949702875758
37 0.5257440072461836
38 1.6805882980044125
39 0.16524417008602912
40 2.3469881508426833
41 0.5328395762488725
42 0.9983979710592232
43 0.06456973056666376
44 4.223702218870472
45 0.37360743074929215
46 0.05879813351629321
47 3.576255847922805
48 0.3433110138071312
49 1.0713574941262696
50 0.3443286926285753
51 1.2516168738812694
52 1.1877633945122423
53 0.08756933846555624
54 0.0462356238322582
55 0.8211711064906769
56 0.04355387004794699
57 3.876379262659687
58 0.8034987879170897
59 0.271897064786658
60 0.6945359515425655
61 4.960357194311395
62 14.911071144550112
63 0.8416943068688043
64 0.846690839876519
65 4.223965674001652
66 0.14302446466630106
67 3.0079775158300417
68 3.354557923750293
69 0.5230309825725482
70 0.3425965651726327
71 1.241051897838795
72 0.42229797677402053
73 0.06110586551316824
74 1.4466396512627868
75 0.2125118753752781
76 2.20005029283696
77 3.691412943224155
78 0.0846670919929293
79 0.6806775584938415
80 0.19267755681365623
81 0.46657428991840233
82 9.669386264282366
83 3.262316420206847
84 0.7733089021356709
85 1.2511692578153943
86 1.5004748479895968
87 0.6264616503426303
88 3.348309800480922
89 0.05670226564551162
90 87.34834077721823
91 116.85556169318433
92 0.21418073063707438
93 0.762420033494031
94 1.3019346720365041
95 0.06742295111499175
96 0.8525443738870734
97 0.8352468777530981
98 0.22507857373099213
99 0.28860302974153657
100 1.0302847890296365
101 0.35179628270238145
102 22.40428767625979
103 0.27715631591361023
104 1.5991530592410348
105 2.0812581922098707
106 5.340110240609906
107 1.089568773462808
108 3.239215933133945
109 85.84385249418915
110 0.11775901122363741
111 0.31735167031763756
112 3.354186298690061
113 1.2577009679971778
114 0.1911396686926428
115 0.9875782781026006
116 1.4277213099276367
117 3.1066008634225226
118 0.27993537404926916
119 0.13028843774211207
120 0.6128655195558348
121 0.48319928859680444
122 0.10773470660698073
123 3.7972919399438942
124 0.07278203816094143
125 2.5585921298156706
126 0.9626687857847641
127 2.713407458061991
128 0.41539852387021275
129 2.1111722786424174
130 0.1309672212202465
131 8.291979655534632
132 0.2801489546094478
133 5.8372287967952605
134 0.1311870198988798
135 0.5402919854614203
136 0.5650465748370435
137 0.12487396915463417
138 9.764939591013677
139 12.518200119654244
140 0.5035798203626699
141 0.7287791037542962
142 13.377625695038716
143 0.7858983029096124
144 0.4908882038792461
145 0.02438051294544243
146 2.6240350743352057
147 0.48995234582478275
148 0.742294798749108
149 0.18078482539208462
150 1.4512501573680978
151 0.4009206531244501
152 27.214297109174105
153 2.489165140717551
154 0.7426982391682134
155 0.5669254964382728
156 8.651618857985936
157 1.0424592717476842
158 1.6517602523488568
159 4.447936381387805
160 7.244174056444405
161 0.15692693213931494
162 0.13216591211510867
163 0.03512668692387928
164 3.4033464243367364
165 0.4105631901821725
166 1.533904362631018
167 0.5683224261558607
168 0.08460433868386151
169 0.09290943877095505
170 0.16339959965449286
171 2.7179914736275963
172 0.09321280274951056
173 0.5663320943242832
174 0.16792407402053539
175 4.236632658579366
176 0.3740509963795072
177 0.8235051614454495
178 0.8654954618852169
179 0.1393222646846553
180 1.1819059991901544
181 0.08762047717280004
182 14.046064731827958
183 10.825209076522222
184 0.07086419818957752
185 2.0653313571801175
186 0.7282258291680322
187 2.283159587918341
188 2.0096144484176834
189 13.583236507346626
190 40.896014826430914
191 13.167271959597825
192 4.652286294473827
193 0.7146912870363479
194 3.832775602914913
195 2.0821776604726443
196 0.5454515911344178
197 0.016077722892034473
198 0.41318863167021525
199 2.4865037454543133
200 5.2185877950672905
201 0.07634345337030694
202 0.593204123417895
203 0.22004230445751638
204 0.6990414611427689
205 0.5192526538403449
206 2.7386303932681257
207 4.430891988455316
208 1.6673876692895147
209 0.24723023437190011
210 0.23121511840593367
211 0.8094776632373872
212 1.6513772008071208
213 0.26500123604512726
214 0.5321055930517894
215 0.08507750016652599
216 1.5152533571908688
217 0.8681075240591277
218 0.7208271571378885
219 18.842401376754886
220 0.06203776618363952
221 1.7680166763489422
222 1.3252420911820075
223 8.885165240640802
224 1.7990090478467058
225 0.04981798215623019
226 0.3207850093184237
227 0.14856611041130022
228 6.171328725988879
229 984.2786078480312
230 0.4955191560000178
231 0.6084629277647146
232 0.004301270247072927
233 0.3856090929741737
234 0.00977019883329676
235 0.6876394440706206
236 7.886006500079112
237 0.24950639457290888
238 0.18687102259135407
239 0.43243260152235746
240 0.4182994977418754
241 0.6439141026321584
242 0.6580231820668233
243 0.9392910100360737
244 1.1543669279398299
245 0.7588940500780584
246 7.272979522908884
247 15.466119326829588
248 1.9325249454124467
249 0.48450204264677915
250 5.114827580022575
251 42.93107153683255
252 0.42593696383118784
253 0.18543740986723975
254 9.992966453323524
255 2.218894466351922
256 2.0761129408902317
257 0.08942724074655997
258 0.1693432037610196
259 5.188640603237412
260 248.49053606446466
261 1.4887919787302881
262 8.23312334455215
263 0.4070445625238257
264 0.6057430430822615
265 0.27540734448830234
266 10.743246274793126
267 2.8014551881140832
268 3.7450578126352125
269 0.0893963456765707
270 0.09760863607045318
271 6.27591371947663
272 0.041393033505668836
273 20.41617250198339
274 0.8509191186745558
275 0.9583058365660702
276 2.2073935860817286
277 1.0083982851832936
278 0.6627571051603575
279 0.8576132624208412
280 0.4744504195466351
281 0.19298822339942062
282 0.37582130063314484
283 0.3919005128884011
284 0.24771224184228438
285 3.862931500938144
286 0.06139955707894378
287 3.1263180011237135
288 0.19290251890142626
289 0.32583376377804174
290 7.9675082650158595
291 0.5144952043566504
292 2.8223750003515176
293 0.16817931597480645
294 0.04770601684048957
295 0.2145932689314046
296 1.421199684380786
297 0.267321153782929
298 0.09041935301767745
299 8.552757236401408
300 0.1901274095734945
301 0.10711265872678169
302 0.9568621966342274
303 6.56995115848917
304 0.431335391525186
305 1.9273168678200963
306 0.9740449881395449
307 0.1415830364026388
308 0.1246681397335847
309 0.025053555824559422
310 3.776906243507804
311 62.47673963075984
312 0.8303872831274939
313 0.6378358875113291
314 0.004565869666007044
315 2.0603441372734923
316 1.1309705153719172
317 1.9560457259160213
318 7.595212188437285
319 0.14823449105919353
320 0.3821516287081242
321 7.515861221001873
322 1.0384123354974069
323 15.783856367152824
324 0.5858698138370084
325 1.0323027901729247
326 14.99059893617718
327 0.8086504509969163
328 0.24640860100319173
329 0.6253474816331343
330 0.4097287359250969
331 0.05194442258123231
332 0.25082831770114106
333 0.7107138255851678
334 1.0270294093170005
335 0.08291616001858913
336 2.1727014932440674
337 0.5349633573061066
338 11.96848373302736
339 0.6480522608409798
340 0.05528967463106714
341 0.9735325526909128
342 0.4879702058883353
343 1.2382666039916916
344 0.8486326719011406
345 0.5573507308950717
346 4.331252532324878
347 0.2144532076301414
348 3.6518858376379613
349 2.6138667226929195
350 2.603105590935616
351 2.2247600243821855
352 0.13859714216037441
353 0.4330726096063543
354 0.10939337837966782
355 1.0423314903221406
356 3.8665777251424536
357 0.9479782899186014
358 1.265021398727781
359 0.04020682198536056
360 30.56210202993964
361 1.0814579936024928
362 0.001782153274625759
363 0.21051182368666105
364 1.9588879570974624
365 0.33371054148322193
366 0.5018052130715985
367 3.28561277728171
368 0.14089848494850726
369 0.08759131078486294
370 15.852109565813718
371 25.44440966029649
372 5.447980813333265
373 4.870382722540556
374 0.3968845517683161
375 0.35626902220160805
376 6.9084473396077115
377 0.23069629991331117
378 1.4476732557274699
379 1.083139555132803
380 0.11764071110505267
381 0.5174848196030686
382 22.753447311686283
383 0.636258150496694
384 1.1167460955305653
385 2.111349268341213
386 1.0016645407317957
387 1.9225137708318876
388 0.005301059724948692
389 0.3164479211228593
390 4.8480844178224025
391 0.04767788821318907
392 0.02719867197820627
393 7.287243688486047
394 15.811813644846485
395 0.8964982037904737
396 1.2907778938569552
397 7.2495875360856346
398 0.3858768324264369
399 0.30552823612769675
400 1.5759938186930098
401 12.47144342361805
402 0.33601925488735424
403 0.04962383263660229
404 4.397199757492537
405 0.8908096699772272
406 2.4241950604216744
407 1.2051929454839903
408 1.8488454128675471
409 0.8705791052588134
410 0.17171793726705495
411 3.0753440642618415
412 3.597468492761873
413 1.7793863390520246
414 2.4070618779253605
415 8.688661789196033
416 9.445518614969522
417 0.9464526379027157
418 1.5325661565813857
419 0.8952122259120812
420 1.7573988998203318
421 0.010424803998323696
422 0.022097151652430348
423 6.951985013121438
424 2.5969163895940572
425 4.526528840879102
426 0.5555950875663814
427 187.37785139640266
428 5.6173861311973035
429 0.08244272433453383
430 0.2318936930822777
431 29.40899709260261
432 11.234011643753446
433 0.11688488106686662
434 6.380277712876248
435 1.1140207382604748
436 6.061916888775377
437 0.46150556240135576
438 8.77550413421978
439 1.7336048478363373
440 3.1242663863320432
441 0.014633577218232285
442 0.017285294253010418
443 9.11668440327242
444 2.648038930144004
445 5.349258043164931
446 1.7346541828405873
447 0.18250477637921259
448 1.4923974139800142
449 17.088035770683895
450 1.608745196024217
451 0.6052939305737289
452 1.92692635140227
453 10.12631664003561
454 5.778895172343919
455 2.7385725442935502
456 0.07205719681833252
457 0.276705257591021
458 1.0425050774213322
459 0.07477956804635677
460 1.0460511610577081
461 0.31424103701629286
462 4.6263841919022894
463 0.4763593411597443
464 0.15825557273822172
465 0.061295195920977284
466 0.05344727630365837
467 0.38531139314840174
468 465.3709017251004
469 2.1731833157704727
470 0.45868140290468784
471 0.11742661383036289
472 0.23723903227579343
473 0.06555842088332621
474 0.7147956333528042
475 2.9183238255709267
476 0.7240558620742025
477 52.36043516250525
478 2.9983146039259516
479 1.1167695718582014
480 0.9832286483110839
481 0.15134268597518574
482 2.691057142039069
483 0.21782813525553782
484 0.07653392929510197
485 16.282109280863484
486 10.088795350562245
487 0.49814225802914586
488 2.446449692972039
489 4.500466134300048
490 11.170009507174862
491 9.000667905979551
492 32.581401121477604
493 0.16949499915931632
494 3.4549214274430207
495 7.868635243657761
496 0.8802470607845972
497 0.27655836418540736
498 4.878173215225203
499 2.9278267387265693
500 2.1588010636145545
501 0.004124563940698618
502 0.08036610621728353
503 2187.5447043603826
504 9.471064058792384
505 0.9418570831704242
506 0.5105642862768862
507 0.19068139131645104
508 0.5386358068763297
509 4.928483291118443
510 1.4721138594897691
511 5.67747635185167
512 0.08520082108079542
513 0.5982198059434896
514 2.5845965363991263
515 1.3112530398045281
516 0.30484405770821604
517 10.032154089266687
518 2.670183040401912
519 0.8572721643389613
520 6.786966969072473
521 2.690171384195903
522 5.918454877210029
523 0.24255757056397956
524 0.582580993014071
525 2.1039928940010424
526 1.2556618550045073
527 1.4091409497666474
528 1.283302795181384
529 0.11915968311270984
530 0.009681748879684737
531 3.9043202902049066
532 10.017277409747056
533 0.4302745770525718
534 0.742170043237195
535 2.074861599850912
536 1.850983961985767
537 0.9017275607128228
538 3.8304740923840814
539 0.1427619765031771
540 3.7618053728616636
541 2.010337324720698
542 2.6281583723810935
543 0.878802903310999
544 4.050587301063104
545 50.766072588064034
546 0.12454804058486602
547 2.5599947974617807
548 4.515939776320196
549 0.4881648185287809
550 8.627415428483266
551 0.11527737863189892
552 14.569871627639754
553 0.5502601753440636
554 2.10464357073762
555 1.1134134287826578
556 0.04555590371964099
557 2.024044539935817
558 8.407434814624793
559 4.89627279793152
560 2.1011294649345063
561 0.06365285286066132
562 1.6042536115801285
563 0.5496048212425408
564 0.9688549744535885
565 0.03411153977703409
566 0.5445840814998683
567 0.865160390356692
568 0.07907055409136568
569 0.39229339917443035
570 0.34329225103875993
571 1.0454953829910278
572 0.40962536178373216
573 2.502184284884602
574 0.0949424647927416
575 2.5576275256799788
576 0.3514619604427874
577 1.1038997628873661
578 8.350968165805916
579 5.282710832695364
580 0.5832608193058447
581 2.276015941104516
582 7.439146320933551
583 0.23748727179914927
584 0.8897306343439156
585 0.2199300296028745
586 0.007979201862724867
587 0.12519615743880402
588 11.174361998858691
589 0.8579468294864208
590 4.242958606300262
591 0.04165371887845575
592 0.4078621344778535
593 19.302364939227655
594 1.2040879591822302
595 0.7370583748407327
596 0.04495088073469525
597 2.637359405742247
598 3.3742823445201897
599 0.9958673942796555
600 0.7484983277205288
601 0.22100689116577896
602 0.7197937763119953
603 0.9778247416703849
604 0.4333404573258482
605 8.121438246549006
606 25.980881624109074
607 1.9595712465292383
608 45.2698743217826
609 0.2271584215487211
610 0.8429722697719528
611 1.0550871605436696
612 52.36445866418897
613 6.683397013558216
614 9.367745604965576
615 0.6632304402991517
616 0.7702657920489421
617 0.7893248965525228
618 0.34991290214087
619 0.9496709038102948
620 0.185339682418193
621 1.5473503307317902
622 4.063937145070746
623 5.0356108866232505
624 6.719943193978695
625 0.20286521199821322
626 4.577072109518589
627 1.044199783981059
628 0.20031237365610796
629 8.291530679508789
630 0.03385378778841236
631 0.5203226706946131
632 0.02257242554480228
633 0.6043807900428494
634 0.022688960433329658
635 269.02850669779264
636 289.50288363715873
637 0.592597513879641
638 1.3647422820001687
639 5.319738303924965
640 0.0030399900455796726
641 2.279068787057214
642 4.5041588524575245
643 1.2605471460335849
644 0.09338888816034398
645 1.239228223797627
646 0.6731829533093706
647 6.272960544350618
648 0.6102507139601336
649 18.01591408152832
650 3.0100031794038014
651 1.3444989892417754
652 14.43272752122384
653 7.957461204596174
654 0.07744886236392964
655 1.3719363671623377
656 6.785754070437348
657 2.6398211511376553
658 0.28271614114982024
659 2.491765878259062
660 1.030501975098306
661 13.161641804088262
662 2.10792572556502
663 2.864213522746696
664 3.037069053166939
665 0.2523788821539847
666 0.15451554914734006
667 0.940885323335024
668 3.781668697856142
669 1.532887896535538
670 0.20966265626152122
671 0.0028390389388778135
672 1.5318450155706358
673 0.07196857179269388
674 11.59278806402654
675 0.3568122121121698
676 17.060059785245407
677 0.9801829225978972
678 2.969596598263581
679 1.3233485204826105
680 1.460102522276889
681 1.0818255073027494
682 3.9277189182682544
683 0.0324230421052322
684 24.350518579192993
685 0.8059257612593548
686 0.10566979315141824
687 0.7585132506270558
688 0.42080105711054283
689 0.21990324630520058
690 0.46446653888649364
691 0.5248129050439854
692 1.8144372048895794
693 0.5347985515837762
694 5.508922312231159
695 0.9231563092764138
696 0.47561763559960096
697 6.8220445233539495
698 1.187781045114899
699 0.5186730627375591
700 0.6797278772050998
701 12.60766975208953
702 0.09932213014696925
703 4.335362384059733
704 4.624666609975069
705 1.0752130892077787
706 0.7957958364623362
707 8.863401926266334
708 1.0644908694039568
709 1.0816641271524507
710 12.568640321701297
711 2.638429050756815
712 80.21428821648534
713 0.5165511920647884
714 8.081872183855767
715 2.001950660767643
716 5.77774072253079
717 0.32872806303492447
718 0.7169072378925012
719 0.1682434886697602
720 0.14393123042286288
721 3.3181712132136103
722 0.08716677162299435
723 1.3915381984632933
724 1.7617320730109094
725 1.6751116691605443
726 26.15809066639667
727 1.1128876135703627
728 7.770345767950616
729 0.5206560715554501
730 5.541168746377413
731 0.5296423087434079
732 116.61457765089708
733 0.5504321600516223
734 3.458299380040489
735 1.4418465400359406
736 0.05612038590200773
737 0.03418694974580111
738 18.485874346074137
739 0.3437376273647685
740 1.0181178905013935
741 4.277774958669192
742 0.948752227829539
743 4.094554778883046
744 0.05339230862927671
745 0.6737921733545598
746 98.88214120950673
747 0.0544435892075241
748 1.6680550025955512
749 0.12552132547828507
750 17.68083860288643
751 25.482336599556913
752 0.48819934510766694
753 0.28138874808381403
754 0.7010391145013645
755 174.93592097220684
756 0.37667788149582854
757 0.932586027874737
758 25.320549247743696
759 0.09027400593877166
760 0.1814786429200432
761 0.4332386772759164
762 4.478263449283229
763 0.2785859978929882
764 0.368824769976856
765 0.3773467674060662
766 8.350252172352707
767 0.4944056271075551
768 0.9283816557840997
769 0.6637661768030122
770 0.9809410050896958
771 2.9417631768698342
772 0.043460920869977035
773 0.7368877479398689
774 1.1403770106572382
775 0.950538613742156
776 0.775879447413767
777 0.2557549920807759
778 0.6921741560297267
779 0.49895204931635084
780 1.3176985730214057
781 2.995166487261112
782 0.5776967154923164
783 0.2409481999361788
784 0.21130009923573262
785 0.11634105143581265
786 1.2509208272790038
787 0.3859890069971696
788 0.16572809608077863
789 8.623664494598536
790 356.9451669821615
791 1.8242546760631457
792 12.257223806685879
793 31.923178674620555
794 0.3058591660720091
795 0.08892214840827038
796 0.05104928163213734
797 5.771968168493448
798 3.7286587684917385
799 0.9146738559837716
800 26.67496585259945
801 5.178241406335082
802 0.581186450974087
803 1.4235731668212064
804 0.16344272535181759
805 4.58853822448646
806 0.9518189530804884
807 1.1054483057700029
808 0.19070102960716728
809 10.923782607893678
810 28.572772089643333
811 2.3398481108657996
812 4.249158733626642
813 1.326370152079626
814 2.4770001220046933
815 9.871028202354443
816 0.004142627895885925
817 0.39016776482497145
818 18.16373806235548
819 1.6385146433045295
820 0.22125202679968947
821 3.6079764289993097
822 0.33664964062161656
823 1.407027248185431
824 1.391285807831147
825 0.19707193197455383
826 0.016833911995458275
827 1.180104497424049
828 0.5445115239013083
829 1.2992432835057994
830 3.4806211908254903
831 1.9165806877112852
832 2.9765989800576276
833 7.079151592575951
834 22.188418187542403
835 0.14631313134747204
836 0.8902760927293136
837 3.6441127368071844
838 0.3450431264981675
839 10.154382133077133
840 2.799235275695006
841 1.388739727047161
842 0.26440660358561907
843 11.548785913065567
844 6.194640889022478
845 0.2136839722346528
846 60.01061686836208
847 0.28153386578939305
848 4.558962982410819
849 1.289376750657311
850 9.682753912909892
851 0.3204379037727598
852 0.5441179221828039
853 1.9268994082188378
854 1.06902081724317
855 0.14110784801589996
856 6.515061573218684
857 0.17566454651564242
858 2.2004734491277613
859 0.14921639756552205
860 5.670591952769475
861 0.8601400954666568
862 2.8281480374413444
863 0.12404401852697454
864 18.54685573541599
865 0.3329853195712825
866 10.194518277998394
867 1.3120164778316366
868 0.8439403970232744
869 0.051179739691632496
870 2.0598656553636183
871 0.15205916488598353
872 0.23465303174162683
873 29.738275243569777
874 0.987864055795348
875 3.2644160866337804
876 1.4507323383193533
877 11.265706095342685
878 0.047056520416966605
879 0.5693179350893522
880 3.4707712323447026
881 2.0563544540703607
882 0.07264167850003259
883 0.47734863121879334
884 0.4884073127550106
885 0.0030142833493788613
886 2.1891127036930778
887 0.563197873634464
888 0.09351193490306252
889 1.8055614919251686
890 25.588307525705194
891 2.204283506802249
892 2.062154119942129
893 149.64495744704348
894 0.7407740059046127
895 1.1742721150243796
896 1.0801689033791082
897 6.110887198102431
898 0.2451452373232699
899 0.4315784970063633
900 36.76488101182382
901 0.11759656709707474
902 0.6865776958448035
903 0.2244898474660784
904 1.3800813875543556
905 0.23177145683007133
906 0.5968740664973186
907 2.644291960989273
908 1.4259879816510088
909 1.8040499800698042
910 0.23719630155097332
911 4.088284576370672
912 0.9298021316794365
913 0.0033697023861720085
914 1.25644392062966
915 0.3345465209176608
916 0.13777570218138746
917 3.036146931628249
918 0.15705184043453438
919 0.21724673232026379
920 0.4739236283699313
921 0.0745199844748289
922 0.0727213020625536
923 3.9629550968376512
924 0.13320950724666009
925 0.40203340772881796
926 0.1265348484951835
927 0.5074301459425364
928 1.0136455007091167
929 0.46807948404463673
930 4.731703381924381
931 0.5873224926378507
932 9.239983480876491
933 1.2248528043747235
934 0.6113345577036966
935 0.025096405922121007
936 0.08477514412996373
937 1.7146448063689261
938 0.331414914867668
939 1.1233065187832625
940 41.34376733822942
941 5.788914822767125
942 0.16918522702475855
943 0.205218518164927
944 0.2724610831792241
945 0.7877978476906801
946 0.3461532344647721
947 0.40816924219359363
948 1.6528453178104479
949 2.1531558057082187
950 0.7945599796244361
951 0.3978353797865334
952 4.469798234201083
953 0.8379063887271481
954 0.27736272500743775
955 4.663572746178787
956 0.4874924095023847
957 1.5824796277264386
958 0.19755078290375086
959 26.050246118212623
960 0.6270075279558023
961 0.782728154833608
962 1.356870811496313
963 5.492813087809798
964 0.8704241321612446
965 16.829649849645836
966 0.39748547759902786
967 15.005216245442066
968 3.695830104472302
969 2.8349386920807076
970 1.3630132715938246
971 1.5394911920170666
972 0.14254766430613855
973 9.918248702272217
974 0.6081148762636951
975 0.1773084782475645
976 6.112110386824081
977 0.2947117416294091
978 9.734726264948662
979 2.0101999716870678
980 0.1103509461081756
981 1.2527974147603327
982 0.5129129904179436
983 0.48859840306491487
984 0.4635144154465022
985 1.1230067998886621
986 0.4672134042281213
987 0.36806789560399567
988 1.35634951333146
989 2.6487058930147533
990 9.052051267192914
991 9.277536448606396
992 0.3174028308104859
993 1.4519356997091817
994 11.154692925716487
995 0.13360165786257172
996 0.062337539343080825
997 0.27059401950752054
998 1.057129034390313
999 0.3696078388791875
1000 2.1680184330901926
