1 1.5631130915585139
2 0.2500873198524714
3 2.7195927449629775
4 0.03172018888421489
5 1.5005498690366617
6 0.019292943826872952
7 1.3901294777773365
8 0.002433358646959329
9 0.27768288911652006
10 2.4030032515106656
11 3.2441335120264894
12 0.9661223867311607
13 1.5133061449985303
14 8.296558542101382
15 19.80512697240857
16 1.1417386902423359
17 1.1468153874620979
18 2.9218605808204137
19 2.5346326646259043
20 76.60425203153657
21 0.7906636466298842
22 0.7278702389626743
23 11.884671242478145
24 0.1279121866063918
25 38.75657837090773
26 4.303757045207573
27 17.39334096456962
28 13.004249361748327
29 0.955829867375187
30 0.377558369552061
31 1.1980493029967663
32 0.6125601236436327
33 4.745217766377539
34 0.2647954394720533
35 11.45960182510548
36 3.508424463130712
37 0.23940336102501944
38 0.2981740315346166
39 0.07884000472416486
40 0.37928023416653495
41 0.49913849523535714
42 0.473513708770365
43 1.671137645891215
44 10.430482771994466
45 0.10929221410571534
46 33.31057309447439
47 11.817039262374323
48 0.13720950167889512
49 1.3686229011508593
50 0.2123493018989775
51 0.608106451784943
52 6.961659872751722
53 1.2837403153177105
54 0.14704119698983542
55 3.4424204685235438
56 0.005568732031641578
57 7.658429536593925
58 1.9080323930136678
59 21.414050278348636
60 0.4421765757148145
61 0.3917223014545307
62 0.5651198409045654
63 0.36242666605575
64 0.051622650633978015
65 7.947955909569812
66 0.4606396828533306
67 1.2669096557689474
68 0.21964387978629626
69 0.8231565147394867
70 0.09857974677038377
71 0.6578115129520665
72 0.5205025151298972
73 1.6082000237094194
74 1.6508169151641605
75 3.9373799826000155
76 28.969180121325216
77 5.612752706271576
78 0.6188049422968667
79 1.0620019230275457
80 0.2801917217391367
81 1.275305615341051
82 1.9161888905276123
83 1.3146411935220668
84 1.558632326700588
85 4.4057642345354635
86 0.8082503935916029
87 6.41126508565986
88 2.6388352863237645
89 20.14350246987763
90 1.2210569157011089
91 0.5250030362675185
92 0.33710505913041977
93 0.18139989408461685
94 0.74484436388597
95 2.646861205256334
96 0.3372544566965237
97 0.7903304818897176
98 3.9226854478366993
99 0.6825837289915484
100 8.632557222391466
101 0.2734941569117213
102 2.299998235450526
103 0.023323399580089853
104 17.385471772709835
105 3.525645305923704
106 1.590969109116103
107 0.11173282835248406
108 137.73431925575403
109 2.6422920411008204
110 0.22677745768594174
111 0.3705564725894558
112 1.3050229637250104
113 7.423829203093108
114 0.5969094501469909
115 0.01700176338559361
116 1.1430353485468512
117 9.969442001345108
118 30.385655807925808
119 8.637286993951033
120 0.7166687864384014
121 1.1260042272221717
122 1.8998950648792823
123 0.09864059925838761
124 3.4640991132148664
125 3.165344925694043
126 1.7659019695126306
127 3.8555964172383153
128 2.2485148489860785
129 0.9611158600149456
130 3.6755406369719426
131 1.8556722718560315
132 20.34191224223543
133 0.712066350697526
134 0.9997366293697959
135 5.456606972808679
136 2.782398800305203
137 6.790641154909547
138 0.42309765310181924
139 6.949604383526899
140 2.314726901947321
141 3.0629971860961636
142 4.0476171664447875
143 2.329904973410367
144 0.5184743359207854
145 0.3017183501539511
146 0.664812063295298
147 0.10279252442449373
148 0.6222184746937908
149 0.11726957028720578
150 0.04995978821944929
151 1.8827644665742997
152 3.6620693908030257
153 1.2972542326338363
154 22.32341807379872
155 2.674545082441124
156 3.1328829695386364
157 2.0782304788546115
158 4.911907912176314
159 1.462092000375696
160 0.27404296060827427
161 0.5467677685228303
162 0.5333235868283599
163 4.2543517551584085
164 0.8422492348783871
165 0.3567248489405992
166 0.22754785270957412
167 1.4784041679113231
168 0.1782872359684173
169 1.1486984951417443
170 1.2648446222480196
171 0.0827475552240138
172 0.5416681226237288
173 2.315026278847274
174 8.949830032543181
175 0.04175467855930688
176 3.2360434196930945
177 0.6486863286713015
178 11.54435071128667
179 1.761255100959634
180 2.930835687173325
181 6.447156625339299
182 0.32477364303870876
183 1.3682201400406613
184 0.44515262827104723
185 2.566888864416668
186 0.04080692079737767
187 0.2383453388062891
188 13.296082906467538
189 1.3122963878624956
190 0.36187499326029104
191 4.820795113702932
192 2.2554288804592377
193 0.17157962331320264
194 0.5646601519679331
195 0.2763020846851472
196 6.923090569993827
197 110.90571817873476
198 0.01608605688321958
199 3.0196237353145516
200 0.541421451693063
201 1.87959213937889
202 2.9137621626988577
203 0.6608919068962691
204 1.054915195501062
205 0.019539119843708447
206 1.9410356009025655
207 17.550962705673786
208 3.157733552243219
209 0.025812444706998085
210 1.698861045768172
211 2.0989444110402924
212 0.619604182846196
213 2.3117784714921132
214 0.4699632005714252
215 0.10209623300730948
216 0.17217220237371092
217 1.3166266409132226
218 0.3483603647815541
219 0.31791647638499326
220 1.4053644603926152
221 6.64548837403917
222 0.6552001182755456
223 1818.7687392988853
224 1.7232259248580395
225 1.7268715943571147
226 0.6034518350684365
227 0.15725693972896315
228 0.4659106080837158
229 0.19238093714792398
230 0.6221579486069182
231 27.867181104902507
232 3.6419628246810176
233 0.4239301931622794
234 0.24513817986028635
235 8.584065890546235
236 0.8262533290058763
237 0.4139387317694997
238 0.7592587365501287
239 1.9019723032575693
240 0.4562996142838565
241 0.5812576599051781
242 0.6331116496030837
243 0.5931798909973071
244 1.8639925975707183
245 0.7391381346971135
246 4.276151658384278
247 1.6018180200926129
248 4.150144174771715
249 0.38126567904522407
250 1.1043730575250092
251 0.030388528761876504
252 0.11504658040399635
253 0.197605401133764
254 2.6472189020930372
255 0.668444803267161
256 0.13842522346004263
257 3.1975360504079426
258 3.2607872938116245
259 0.5724668165756558
260 0.3307451993361559
261 0.0995557544014509
262 0.31202088882894835
263 0.4651379996635287
264 4.312109033148586
265 1.8737457465827843
266 8.49011416571844
267 0.1709243052319819
268 0.24127843877037355
269 2.0147691063938584
270 0.03762550853558058
271 0.19589483970852614
272 0.4625913133864393
273 1.3226290847089464
274 0.4819652032330921
275 1.2365930196040178
276 0.6469549457153442
277 0.7027686786081838
278 0.15619751138534357
279 0.324474434950206
280 4.215921780289351
281 0.12013905211668961
282 82.60186909315773
283 1.4372034154615119
284 0.23903203179820418
285 0.22344190290542795
286 5.134098326424714
287 24.37104609628765
288 14.102307185970139
289 20.91778163171277
290 2.3328294366462616
291 1.1480441022461285
292 1.0142021088125268
293 3.2308660048395583
294 2.769155319448329
295 5.1618970492053435
296 3.6759214806412652
297 10.62867577050779
298 23.469523053860858
299 2.211231689129994
300 0.5412491625620104
301 10.68398332628511
302 1.0208368401243209
303 2.6430342902269093
304 0.8998579286447562
305 0.7820281515709705
306 0.8964800742559305
307 0.3972752740615726
308 3.271070937048659
309 0.2465442159703587
310 6.25978072022756
311 0.14020631256365612
312 0.3203075290953569
313 2.2733674425522543
314 0.18940380283430833
315 0.8308731920978538
316 1.8385394517589724
317 151.5447123530073
318 2.6446650538109386
319 0.45373505077029846
320 0.14556742969707823
321 2.424864489914311
322 22.46621106080021
323 0.16232877200779222
324 6.068441516357907
325 1.3799540274090003
326 2.9803835249379875
327 0.037151830056222294
328 0.7340046736154905
329 4.7742368283847085
330 1.3071346887471078
331 2.656096842829944
332 0.6889916344938132
333 52.52596190846819
334 1.077640936108613
335 0.0020670098286869184
336 0.6223214276129326
337 0.4794706283472404
338 0.21345205843227427
339 0.35688139543288894
340 37.053648187407504
341 1.5717252799149977
342 0.7139835996578626
343 1.0032120787151755
344 0.09747002221746126
345 1.9028048007164964
346 0.0004469306886067355
347 0.39856797526330784
348 0.7560779700187956
349 3.794110637452769
350 22.17212335581161
351 0.1334175059331679
352 1.8529324475164621
353 0.5345589744372248
354 0.6019625546467199
355 0.9219541049646118
356 0.2648088013337814
357 0.6216072942834925
358 0.6870171499151797
359 150.69782738902322
360 9.505748074714376
361 23.680678712104903
362 1.3505362566015333
363 0.8601525907144163
364 0.16971620760673473
365 0.6893537297007519
366 0.24721665195394552
367 0.40294100576705766
368 0.6161119464039602
369 0.012977179012454149
370 7.532344517558863
371 0.14367898630635131
372 1.8624247501475686
373 7.415297891608951
374 0.20140177758748803
375 0.5477928430812782
376 2.1581835317901055
377 0.22022798929044543
378 0.7917676317687156
379 0.03363450809125118
380 0.8643853984441915
381 6.113661038238063
382 0.8690037411800215
383 0.5444863897302042
384 0.6380147507228855
385 0.7446821859726404
386 0.3930876157628582
387 0.7784500213239676
388 1.3132997042175405
389 0.3527703360413111
390 2.6578074540000256
391 14.526718346681232
392 0.772494696044865
393 0.024148060067365595
394 0.7441447497042195
395 5.5940065312920915
396 6.875551642670852
397 0.17006010710519914
398 1.3818693517489236
399 0.6796972333382071
400 0.614354442428186
401 0.5073750699739574
402 3.6466570319680414
403 5.58589430686142
404 0.937347709299245
405 0.9920211976339541
406 1.179828811995373
407 0.8706888306242717
408 0.9788288439499025
409 4.114346730314942
410 3.1636934171107796
411 0.1669101681312071
412 4.96897108989698
413 0.6603105289243378
414 0.5437505680274848
415 1.3946290989405394
416 0.42044585373509685
417 1.1640059718643856
418 0.3374983702177372
419 1.0599089524425065
420 1.4013540700853118
421 4.037037213713785
422 4.369105468550136
423 0.26606158384837286
424 1.0552973298922308
425 1.7029720074846517
426 0.040415159782778654
427 0.060007435779521646
428 0.06733786466305777
429 2.3522941243979094
430 1.1477030876215426
431 0.2901374991352763
432 0.8440581922092627
433 0.2067773425253107
434 2.0891527614209915
435 1.2147454047349946
436 0.16545571262302702
437 0.39198197398254925
438 0.1923477811886337
439 1.780851099286833
440 16.45595277878731
441 0.1967629787042471
442 1.3949029292930621
443 0.20097048701438777
444 3.6201949988707787
445 1.432368014948668
446 0.11564015438909138
447 2.636816264424834
448 0.4558736993008434
449 0.5041319372529404
450 0.03491643848039272
451 0.37440878346643286
452 0.8920119908602124
453 0.6127872730245287
454 0.8704349732445147
455 0.13183341223613917
456 40.10025143315228
457 2.0470953624930592
458 2.678069613253215
459 0.2012679478220177
460 5.937335175321889
461 3.0707122613555486
462 2.2481132473753087
463 6.522484092833479
464 3.247702161520267
465 0.4704412072788834
466 9.606936177881224
467 1.9393555849461497
468 0.4441046662340956
469 7.877837086675459
470 13.753883746396097
471 1.3621331777570957
472 0.04988097346644631
473 0.02149936951804059
474 1.4540381518989403
475 1.139674275747887
476 0.5611091917155986
477 2.0025814332240737
478 0.02407915885558332
479 1.4242094117328645
480 1.8602967737667573
481 0.38181347220406087
482 0.41717778644442466
483 0.8299358379447468
484 25.132588224195715
485 0.04620445632022119
486 1.2241381233839235
487 0.05155948837251567
488 4.339301297986123
489 2.3346092618479757
490 0.02876097819213131
491 0.26334052180529166
492 1.180339037054743
493 9.047731253135598
494 0.20056402895955527
495 1.3657461044323542
496 38.92463983300793
497 0.035710257358938756
498 0.11804766948038833
499 2.810520694913058
500 0.20227824329703759
501 45.86174127814559
502 4.9601107965555515
503 0.625482468994331
504 0.3720311787432154
505 0.8712911794319415
506 1.4169880734352895
507 0.08232262564916237
508 192.32460338468488
509 2.6842842758931558
510 12.02902864815413
511 0.8185554069234277
512 2.7831273384087463
513 0.19652875492128163
514 0.3997431096038424
515 1.3402335301121198
516 1.9095222422902145
517 0.19971795094129366
518 2.9842791310998567
519 1.4850823569884535
520 0.2884943799132044
521 7.441354079161911
522 0.6079357303676725
523 0.5641086723094749
524 61.06413449732793
525 0.06877846451073497
526 153.62004272019456
527 0.05004090363969915
528 0.4380018444891072
529 1.6991855060480467
530 4.362997980432482
531 1.5460369478740748
532 0.9226647953117104
533 5.446381715857655
534 10.402220418630948
535 3.1034572496867923
536 3.241217313162174
537 0.42512466436329366
538 1.5874415059213107
539 0.24925312626523585
540 14.097916542530232
541 1.3130944627755632
542 16.63027379491713
543 3.9016062552776183
544 0.045743883667659115
545 0.24207454491356742
546 0.8973090786409762
547 0.3331661488420217
548 0.37544145632534087
549 0.2281153914878158
550 0.29369585121134684
551 5.133713316941114
552 1.9047799135937113
553 0.5331942962627834
554 44.32026821362956
555 0.6551179620307256
556 0.45432354889527377
557 1.2098510288310025
558 0.2199471226871885
559 0.031444636306275656
560 0.022769667947965453
561 2.9490055976041023
562 9.367116596281198
563 1.1789396399230545
564 3.2482667369281852
565 0.06756877259122947
566 0.05973785644487049
567 0.823502015386779
568 0.36675287432878256
569 23.569167402902107
570 1.1618218386280323
571 1.6702814837113382
572 1.9125172029663
573 1.6542377252074107
574 0.08170708594533145
575 22.90211233092327
576 0.6782069782660662
577 2.214245417970119
578 0.9392220232169172
579 2.5268992183585426
580 26.999868067541605
581 0.8303238437870856
582 4.877192546746261
583 12.404456929380798
584 0.1471936364003664
585 1.1305521867609436
586 1.2395784108990393
587 0.9525334625525834
588 1.4924637234678029
589 0.19154943010970635
590 0.1590073297343499
591 0.013684931447943362
592 0.553776402476454
593 0.5876257825106173
594 1.9443586568984417
595 0.6453640911479236
596 0.20446750805627434
597 0.3994573794548457
598 0.05229525509145659
599 1.3985099132155316
600 0.01318280848803239
601 0.5199023178630383
602 39.12817259211418
603 0.3010510508559047
604 0.5554122297276369
605 0.5788584260503489
606 1.428259037061822
607 0.2762375347685394
608 1.0096658144608361
609 3.4084268065233867
610 11.957281891873059
611 2.1033658770237977
612 17.38258768483756
613 0.6498934041326685
614 2.9854671503799914
615 5.648214324299408
616 0.4235591800720311
617 15.133339202218657
618 16.18723075720903
619 7.71920223689362
620 2.441742369657994
621 2.502673024629573
622 0.3274323190703125
623 6.79025191719276
624 7.965675881329205
625 0.41113263290045765
626 2.9415219089768696
627 0.1326409410560964
628 0.5161827976717814
629 0.8173065990446279
630 1.8270163740356564
631 0.041407023588106065
632 0.17926169057067426
633 0.7785485594267773
634 1.7216843939339639
635 3.9113525535390896
636 0.3706081552415739
637 0.24441098873402453
638 18.15030767844539
639 0.019277574611525055
640 14.140335607775397
641 4.395335387635706
642 0.628745725846171
643 0.050785630662020846
644 1.4714755882432369
645 0.12026065076118475
646 8.310955759223672
647 1.2118826233114761
648 0.011975122485981976
649 19.813648432140376
650 9.578734373082801
651 0.07336653387409274
652 0.8530443002640973
653 0.34417494210179755
654 0.048949846090207534
655 1.0325398051672658
656 0.46275973051370206
657 30.51801122934202
658 2.750316402803744
659 8.53349403743793
660 0.1422817198003192
661 0.4283616999209986
662 17.000393631738437
663 0.9527173932051982
664 46.01553239363118
665 0.8966410048415898
666 8.915947919054053
667 0.8180726526023357
668 2.0528697134438145
669 0.6200955747262044
670 0.6012064828501178
671 0.01564003759611313
672 7.321632514351573
673 0.14904975929851405
674 0.19678518785052085
675 0.035858206271287864
676 1.6644568206972818
677 0.24302752804892133
678 1.8874093815725652
679 0.365714947830826
680 0.037532641738738215
681 0.12449371180399361
682 0.8052899716506005
683 1.079580459489274
684 7.448010844007497
685 33.05361993358629
686 0.5901263877926783
687 0.8407734056630162
688 0.05583463154534626
689 0.45069974021168563
690 3.0091611117336208
691 6.460653532924306
692 3.772346909557884
693 0.9903165234270529
694 0.10600620953838327
695 1.2364634205454612
696 11.877508806725185
697 12.06566181008087
698 0.13214814648881804
699 3.5016445304832926
700 1.5367450429298948
701 1.3653951985345796
702 0.09017661465788726
703 0.7292968543192577
704 0.1993807603268139
705 0.5226566047949806
706 0.1341997929121805
707 3.4472274844158
708 19.708193941164218
709 0.32989577589158287
710 0.32494985322430875
711 5.483385780675853
712 1.2909245151051976
713 0.42000393270843567
714 3.2852318545213572
715 2.8496926810980345
716 0.4286401676251949
717 0.22562650476601506
718 0.09405703351757026
719 14.463904330432843
720 0.8526083440839003
721 2.186932251561703
722 3.89810665032818
723 0.9974626146463725
724 13.59187080120598
725 3.0055756098734205
726 1.3930810137870164
727 41.670254192108445
728 0.02133571144549003
729 8.224981610592799
730 0.3496074186242156
731 1.2041524273451856
732 1.9937523681515092
733 3.446993009188695
734 0.9519397843194042
735 18.895842562386107
736 0.011340191540212138
737 0.11770815963886393
738 1.1171059204233544
739 5.024635734474224
740 0.9182334010140242
741 0.5829647066111298
742 0.2157314570860178
743 0.3554657890228822
744 0.06880525582811603
745 2.3850333504706267
746 0.06671020188672568
747 4.506656923851235
748 0.03797868620532818
749 3.0269626518221133
750 0.2623290293777771
751 1.1615856755374563
752 0.5047343608987117
753 1.4512128526748667
754 0.10247780530419275
755 0.032905116353305223
756 19.40922892138448
757 0.9390618112592559
758 0.2287197700594813
759 6.699769478811433
760 0.34618097500798356
761 0.044751030025046275
762 0.8640770325238013
763 0.29827271055220655
764 0.6858071799692517
765 0.05639367010147606
766 0.2788889217494518
767 2.096136892502582
768 2.302075705525813
769 9.47162718140141
770 0.47714306428882436
771 15.52673551608895
772 1.1126433445335582
773 1.9835026660545243
774 0.19772281985047435
775 2.582069570272917
776 0.5282358218072978
777 27.816859731427748
778 1.439929306353957
779 0.915087368361539
780 0.5533683263931034
781 2.5527645044235254
782 0.008584801348651328
783 137.80731210137466
784 0.04971527437520115
785 0.3302302489277293
786 0.07167110926331427
787 0.3633762616782926
788 9.616272662164477
789 0.05112612528186776
790 0.7556614674850554
791 0.6402563880356084
792 0.03135965100020366
793 12.612583654124307
794 0.4840642416427565
795 458.25082877503235
796 4.3121590971599
797 1.8627984016307708
798 0.2509526592732381
799 14.432774857715433
800 0.04476558073849121
801 1.9274290531153755
802 0.3626637766000881
803 3.537054189740261
804 4.501093166547155
805 0.9501586387055873
806 1.5340964108554085
807 1.5383718599758658
808 0.3609596691899542
809 4.960991218923071
810 3.3066948840930035
811 1.6592276793010823
812 1.0064863243246858
813 0.28370333557533656
814 0.7416541320636969
815 13.021622680637101
816 1.7939035589941579
817 13.88386177278079
818 0.3701266520806997
819 2.1948810105880034
820 0.08622946292883162
821 1.0774420141944245
822 26.11523622870989
823 0.45787166661403567
824 0.590827274827591
825 0.7957396606604108
826 56.72904724047435
827 0.9929281717237947
828 1.7408994465335734
829 14.435152340359869
830 31.44807189434771
831 0.2842307515674908
832 0.17538817620096014
833 21.535639571879987
834 0.35886049510917944
835 0.2536588447068393
836 0.028934980337323085
837 0.569191865218865
838 0.6055395357138719
839 5.4076364996249335
840 5.6300194240602535
841 1.4947785908797369
842 0.0935672057117427
843 0.23479026327739413
844 0.16729125816687504
845 0.342977707703381
846 0.8249021707860467
847 0.0008386744533894961
848 17.780246549013096
849 2.2511739093367304
850 1.1893287165605113
851 10.580685605723845
852 13.866683906310021
853 0.56370387940807
854 5.647829777794196
855 13.87060854817493
856 0.6591452009435839
857 1.09802639558333
858 0.408896154470896
859 0.07763682795953436
860 0.11062052435956439
861 0.5052956717991987
862 0.20885270745040954
863 0.018692556967045842
864 2.029399037185988
865 4.279016219394751
866 1.7970622053296779
867 4.060458686091362
868 234.29072929676747
869 21.907494796395465
870 0.0481269232806554
871 2.160815674410113
872 0.6072828337712938
873 0.037399868534617214
874 2.840791905961864
875 2.8235588797900957
876 0.2533637827862665
877 0.26925300936103685
878 13.719735401312967
879 0.15393366199516414
880 0.20832376548903192
881 0.21869697344433245
882 1.1200725310423458
883 0.7207107263269785
884 3.7501954245100726
885 4.389797127938978
886 0.04875447206661042
887 0.07583596014981857
888 0.28414060291521515
889 2.76750533008201
890 0.6529300778469252
891 1.5467081903990765
892 1.6765099808519561
893 6.632987887814945
894 5.410422382297706
895 0.012226736765100813
896 2.285206185819379
897 3.5917122835669657
898 3.61085774746645
899 4.484005578195273
900 2.4201107241885116
901 1.6781059970889394
902 0.565912903525157
903 0.18113583170915948
904 0.2847480594095426
905 1.8768859917973095
906 0.0754318198565683
907 0.26895431416398713
908 0.3581135847337354
909 0.8165173540112424
910 0.4248054199935314
911 1.1874619445242747
912 0.230835157902113
913 9.749098924026624
914 1.1073785255539987
915 0.10040708196761092
916 1.4382314529896962
917 0.8536848068484806
918 2.4642893485513486
919 5.358829006104187
920 0.8310152316058178
921 6.530641278588123
922 0.16094522243676906
923 0.010735685331796965
924 2.4547760081715637
925 0.48975492104285645
926 0.8040575744292958
927 0.30630848248431
928 13.738072147146664
929 1.6852565579488332
930 1.2254131225927085
931 2.879770900932296
932 2.7984968465101097
933 0.21033056290344224
934 0.4781054960437498
935 0.06026442005340006
936 0.4706025864458064
937 0.19462422094466428
938 0.9841690841606558
939 4.364389844294088
940 3.300605948908557
941 0.24563298957021804
942 0.5566548722825942
943 15.688618115450149
944 2.754603991301376
945 0.20668500938572737
946 0.03685099677614584
947 2.2513098578036446
948 0.16544610374911178
949 0.06189420984399115
950 9.000440848742636
951 0.4146459079781442
952 0.6620227893587073
953 0.8713092142273051
954 0.5230185297787815
955 3.8521359306339407
956 1.5578128252105787
957 2.364678467454045
958 1.453907733600286
959 0.29642276225220815
960 0.2885987439491628
961 3.221156419888839
962 5.499304077569706
963 3.3972205754469122
964 4.13703647646332
965 0.37368114926824736
966 0.051314786443027324
967 0.5394403061525948
968 183.59572458746393
969 0.015434242357004885
970 3.3842075264211253
971 0.23234428869140278
972 1.5864067048345958
973 0.16455511577585866
974 0.5173154852131648
975 0.2216533408608563
976 0.19099623432015733
977 1.3833543674584177
978 1.115886345429149
979 0.11373033248679233
980 1.0831041752582908
981 0.6731559285207902
982 1.943690659750387
983 0.06447540752395883
984 1.3229162864952986
985 25.987281546399473
986 0.011939580487522444
987 6.0406447703183765
988 11.10562121575729
989 1.1538190472754182
990 0.6721039751938624
991 0.24903693394503243
992 0.2238751503151521
993 42.344134093917326
994 0.22783490976929302
995 0.037901606220175875
996 1.8852065334924397
997 1.0360557289474033
998 0.037480910562089784
999 1.1672346573083459
1000 14.699747760289466
