1 0.4610265833278204
2 0.5642519124695126
3 0.9766017047274632
4 0.2521573782918853
5 0.7044604705235329
6 3.222263207527343
7 1.5192104484128828
8 1.3879845099320356
9 19.247794110347026
10 1.1136112257068431
11 0.16747464721166583
12 0.10681334974835768
13 4.344960390613838
14 5.634093763867263
15 0.29411685051894976
16 0.502319568507914
17 0.05190307322900876
18 1.081031875724766
19 0.632273792234144
20 0.5232839956993565
21 2.1423337530417625
22 14.10467511043666
23 9.62800261154663
24 0.5530647404243761
25 0.1828552295504734
26 0.5048561240279927
27 0.373278917839558
28 2.5856005455107733
29 0.08455171459190303
30 2.451638557090015
31 4.452450809066561
32 0.09226221697113629
33 1.9094384772937076
34 1.0780345024561244
35 7.543420096761034
36 0.37919138812358594
37 0.45667136634866096
38 0.3340833050205647
39 13.386292224376055
40 1.21773489428189
41 2.8863661162203487
42 4.628208468783636
43 0.04235085781912255
44 0.9215206051720402
45 1.9176894154899273
46 0.714968207589615
47 0.43861575988058976
48 4.255200530400735
49 4.056250212289973
50 0.8886921493813988
51 6.1029826731886105
52 4.413249404977665
53 2.609310444010635
54 12.35328108803173
55 3.1634543000154123
56 0.6729591317278577
57 1.1216820010865365
58 1.9546120293655578
59 2.460140341047922
60 3.7204751421918414
61 3.1187892514411772
62 0.308545694205652
63 1.2615521643551253
64 0.4391310285216839
65 6.43732499638964
66 0.6459905962209809
67 2.8896791624814737
68 2.748159917158263
69 0.7398634389215627
70 1.203886280550099
71 0.0052993997509755775
72 9.207227482019762
73 3.136432590788106
74 6.726615361939404
75 1.5537801700246938
76 0.028619439831320027
77 0.9631774076690824
78 8.714677790510788
79 0.6136684872685865
80 0.2895652612080773
81 1.3122627114366452
82 0.24563622698233428
83 0.27736599105333254
84 0.22330907097194025
85 0.0853849108339355
86 1.0973970969728728
87 1.6531218756866177
88 9.264145288653323
89 1.6349780481197311
90 0.8095985921696315
91 2.2104016690490473
92 2.3469706182817593
93 1.791575682732611
94 0.043793378419818854
95 3.259327436442921
96 1.9093768912802864
97 2.4151765327038563
98 3.327593561058444
99 0.9128117239255077
100 3.5234003595188086
101 1.5026067215581254
102 3.7390007697077388
103 0.9227602095672442
104 1.1654929540723944
105 2.9983053895884644
106 0.3388079577874452
107 24.10753713603849
108 2.0027498433421105
109 1.0375586517540003
110 0.14521168213008442
111 0.5179838671759464
112 1.6083872675410293
113 0.2984557923989855
114 2.2355756931603836
115 0.20145791693329573
116 0.27891107233827367
117 0.0851471680618604
118 2.1760769342195285
119 16.80620092724455
120 0.5205466726789355
121 0.7405353030408133
122 57.74397232084731
123 4.28400465385504
124 0.39961001006272207
125 3.5285017544007666
126 0.16528054507015164
127 1.2629526390192303
128 2.2806532676277573
129 1.0161012718663864
130 4.174470189357814
131 0.18742476157765076
132 6.057350694238794
133 1.923109276996434
134 2.4922113846468377
135 35.98759823439727
136 1.8164823401041263
137 0.1313238093039836
138 0.660078723953042
139 0.013216729018138891
140 3.63838980227228
141 0.10819083480360568
142 3.1112149352269665
143 0.23223372616550086
144 0.1450586625992201
145 0.17286026230423654
146 1.0344713720589
147 1.5581896078906183
148 0.31398190664701486
149 0.9311733632655816
150 1.483730351196712
151 1.4316347889128307
152 2.796558106237617
153 6.906487772674079
154 5.269332083965096
155 5.722042726561634
156 0.7385124212050257
157 0.6397207271513884
158 0.912295747403173
159 0.39819163064559226
160 0.9208143385317767
161 2.4497788045220936
162 19.585631951167677
163 14.274862933345343
164 1.986849996891231
165 0.38071598352476843
166 1.469120570160324
167 15.649322939398711
168 0.9979928954614294
169 0.03919151315833135
170 0.9072652082765525
171 0.5935532012540601
172 2.0209142003232246
173 27.19296959712315
174 2.0999248482366983
175 0.03198931186460312
176 0.4301498332767092
177 4.928864940743379
178 3.245294165738073
179 0.3403863050328433
180 0.47487592049271277
181 0.2683810211402647
182 6.122661891526733
183 9.214105152368223
184 1.3984670138987776
185 0.8067773276665567
186 2.4758826785572525
187 0.020979759746613515
188 5.0336845625854325
189 9.773061286198532
190 0.6180419284823165
191 2.8932984223752594
192 1.9860007803611066
193 0.20078046120409643
194 0.9248725080195138
195 2.321534122351251
196 6.404575281167496
197 2.2722909966309337
198 2.2867425872037157
199 0.058073127344099106
200 0.9489812404496459
201 4.001617392714892
202 0.2805186040427612
203 3.155217003214349
204 0.3507462827442188
205 0.5204160025711305
206 27.554775052913467
207 8.493082380479713
208 0.22209471453747406
209 4.00728165941982
210 0.5736063123839183
211 0.43347996950808537
212 0.9127936748637965
213 0.5578611306066041
214 0.08757748280652183
215 1.0349918343775824
216 0.9999908222222113
217 0.09763707560151355
218 0.31041533277679556
219 5.843698514751156
220 0.18821057124921245
221 0.046063564968685314
222 0.13773893323951542
223 0.877749414619797
224 1.3530625882496137
225 1.232610721224683
226 1.6266146977969596
227 0.6384696672769313
228 0.19288627387900042
229 2.8306103843520773
230 0.39144310437027235
231 1.1995109382038203
232 2.151167159624072
233 2.2354031377259385
234 0.005825488986356003
235 0.6046250291424023
236 0.9328572019742102
237 10.784100066473535
238 0.777757943986007
239 3.914174726280117
240 3.527865479540999
241 2.2423144745711046
242 0.5989752190575969
243 0.12311058507444891
244 0.2319952293778262
245 0.3903947459016866
246 0.0989035090761491
247 0.2703046851891731
248 0.03487960159806
249 0.9388303259634307
250 0.02329709301864108
251 0.06446697308162563
252 0.05186367149122149
253 0.9430667741330402
254 3.7212035475272014
255 0.2273440055313159
256 1.7702848606020651
257 0.056231907088714006
258 0.18614230174792018
259 0.6598408186886316
260 1.9118200835094452
261 2.625413122167811
262 0.7693487725732556
263 2.3684174676586722
264 0.26429997585849985
265 249.93508954260886
266 4.6048797262429435
267 19.710470969371748
268 2.291004817416899
269 3.6185251315857587
270 1.2583408424300104
271 0.6621762240282548
272 0.1809276143400389
273 0.25062985755483974
274 0.5309330711577651
275 11.081299863521052
276 3.5092411069902263
277 0.31095541939008386
278 0.07157871712788468
279 6.191162867863397
280 0.02686623116187794
281 0.42670444244987477
282 1.4264245766022958
283 1.755235632240799
284 2.656604265362348
285 2.8246438009665953
286 23.35750185493951
287 0.1153935741890539
288 0.4676560980617489
289 52.37052631824979
290 61.65078151374825
291 0.9129340406619051
292 3.688489822588545
293 0.9163191973955788
294 0.1009465774858273
295 0.07697115138079212
296 6.812638417104522
297 22.835357189258794
298 0.6788983260606163
299 0.48256798207058743
300 3.5001661993973237
301 0.6061553420535108
302 0.1451415204773321
303 1.2104876439272965
304 6.95099281231373
305 0.7955175272410496
306 1.201021787352072
307 0.3741875088869824
308 0.5250757832181678
309 1.4459809917951572
310 0.2543586950880314
311 1.7963470195729114
312 1.3371332488876047
313 0.025984676890986665
314 24.323938195902407
315 1.6202963776051533
316 3.7819435210767947
317 4.565189525293429
318 0.5521629903089202
319 3.5895226005075886
320 0.3965003060116531
321 23.407215222744313
322 0.7161566056111875
323 0.5308339879125978
324 2.724977261373381
325 1.1680186334339768
326 0.043755230583915436
327 520.7934065470533
328 0.4903978730680686
329 4.732083033698521
330 1.6198133695505352
331 0.1425830639716881
332 18.84749344642744
333 0.5582827347042492
334 2.8443526254880576
335 0.16540109386199983
336 0.6769180788919087
337 16.745288492867665
338 18.20857566433024
339 0.6965456948545081
340 3.5849645926587623
341 2.5244242967557673
342 3.283230777799103
343 0.2863609688939499
344 1.7221375794910327
345 11.647873315276833
346 0.6400924422955688
347 0.1904561222788203
348 1.9086249223405982
349 0.41018674994142296
350 1.5712057027074358
351 1.9977651427028988
352 0.9809507535742439
353 0.8562941041464495
354 1.0579222746982835
355 15.329090211506177
356 0.26700374584176295
357 0.7281419255106986
358 1.5547249068283522
359 0.2828667607477382
360 0.24672815935077144
361 0.23248900216272958
362 0.6036727977100502
363 19.22745699215955
364 0.4582918021356617
365 0.04012564906777951
366 0.8175922697312774
367 0.031175974572201164
368 0.209257063481301
369 133.72157791677895
370 5.634585798942719
371 2.2253758291975236
372 0.395557236990052
373 2.6692193015900245
374 0.02259586240262533
375 0.5641807302264391
376 12.241984176255432
377 0.3791534742033218
378 6.7798927170507515
379 0.13719815065155616
380 1.2197079922031704
381 2.991493341574287
382 16.25042586005439
383 0.344787329360675
384 0.7531130535129228
385 0.4996402313244681
386 0.09897878606236209
387 0.4674384484005075
388 0.34446220273263006
389 2.5730748027684696
390 0.5551290708242533
391 1.0898391542086505
392 1.98760617910798
393 0.16989927675660582
394 4.399446596914994
395 3.3958476824962713
396 0.7024089551693553
397 0.871586836660359
398 0.6612478477562332
399 4.55022750854875
400 0.004904951451594659
401 0.18662964639314528
402 1.4354480159002483
403 0.1516540456717613
404 8.275891326554003
405 3.163968772924662
406 0.6773419319000168
407 1.1918988088565863
408 3.718996475976536
409 14.28698695454203
410 15.738626858185821
411 1.9972653512162173
412 0.15692947488749812
413 1.2355288682848993
414 1.4601034555758812
415 0.0356750932551449
416 3.2796222878407826
417 1.7695232390269087
418 0.12715685785296774
419 15.01373390002119
420 0.6901514062217942
421 0.7323726304609
422 0.4637027354349253
423 2.645209145947077
424 0.7480027974904451
425 2.6798139249873847
426 179.43234831294942
427 1.0071407416582996
428 2.3894569755902455
429 0.26483846795076504
430 0.3263088359316385
431 8.783680462730079
432 0.19412016191673925
433 0.24885453031542176
434 0.921363397055061
435 0.20705785146005906
436 0.5102657211794109
437 4.339714767308889
438 0.6770698266963139
439 0.2915844466177689
440 0.33966406287564593
441 0.7208146878450682
442 0.6715033572883342
443 0.22518143801228913
444 0.24289491731602972
445 3.6925125866089847
446 0.7427848603190923
447 0.16665360774320706
448 0.18131278428613107
449 0.4281727496675822
450 3.943981622654709
451 0.9271528877748717
452 2.1581192288046815
453 2.7098790488413855
454 0.29786728054571
455 0.3611536674813584
456 2.4341713111608834
457 5.535455953041377
458 2.0018748888304665
459 0.8003507971849412
460 0.9527605790478236
461 5.0678831328546625
462 1.2000400724190812
463 0.6147867065250998
464 6.92446323039375
465 1.0936213581275445
466 26.816840669397067
467 6.289487343307856
468 0.34923505368210767
469 1.3802830446823322
470 0.4719948398936108
471 0.010837263932808539
472 2.5836784962788566
473 0.03398848564511188
474 0.6702098869779171
475 3.4882957759260953
476 0.6215568328394566
477 7.349448933193873
478 2.1031333094118847
479 0.5943624895659279
480 0.5293755800441178
481 0.29704640678296995
482 1.4748183583522487
483 1.589787117674283
484 0.589726688206816
485 0.552590378730706
486 2.1449493138075706
487 1.498766662831622
488 0.3526654390130663
489 3.9106710210088256
490 701.110063123546
491 1.1159413839380283
492 0.12447590768071387
493 1.4815772201079662
494 2.0942453655244857
495 4.84732646708197
496 0.25609350180366436
497 3.8637487247995224
498 0.960067245952236
499 9.397012959955655
500 0.24975660125763793
501 0.07954560094493943
502 5.477922331455522
503 0.13556673824460244
504 1.5104327112346412
505 3.3073694047005864
506 14.140847088711565
507 0.5303668375903711
508 13.979445513248452
509 2.7162379459766224
510 0.5898146011669296
511 0.3168766564061211
512 0.2622341312082073
513 0.06982909577628539
514 0.18346750537373852
515 3.1432968378579793
516 0.19916980322344768
517 0.06813755311960606
518 1.9793138695209083
519 0.8110397181405435
520 4.780579999077207
521 34.12061130585091
522 0.3775800820890342
523 4.767954599187825
524 0.36019312336291504
525 0.035525595003573815
526 0.17774466706904174
527 0.29864711119890497
528 0.07700268387833675
529 0.43308617510822645
530 0.16748607692044065
531 0.6788328971805295
532 0.8685990640626113
533 0.3005221351433558
534 12.35473467350975
535 1.3226856223499754
536 0.3756757081877752
537 15.390886482310483
538 0.8609616253551574
539 2.2640030520113217
540 0.9428688504973456
541 1.2100150606545192
542 3.375436635130851
543 1.1088923585917903
544 0.00976928689094939
545 3.4157276270528114
546 0.03237903328459896
547 0.07141528928850495
548 0.9410873876263809
549 0.13464858124065282
550 0.10258751177341471
551 0.22604227807682578
552 0.06452550513856786
553 2.1488092988541356
554 2.4995381355508095
555 4.476877887789082
556 13.876096198989897
557 0.4467212521873276
558 4.101067106141927
559 0.6262633123356657
560 0.012314055898744885
561 0.06822478913988063
562 36.646508782816674
563 11.14581722720753
564 1.5666477914992307
565 2.214116181288839
566 1.311813751482782
567 0.00410912048485171
568 0.6260085214237224
569 2.5752541551674093
570 0.947581988801296
571 2.9243683972837484
572 0.12336681932585652
573 1.3844310388616443
574 0.8765973584012557
575 0.1409835481105157
576 2.696001355523705
577 7.330278080481714
578 2.946295531520543
579 0.06699101803886993
580 2.065479784995102
581 0.3434073993003171
582 33.5563668568309
583 0.6320635972898168
584 0.8883863299281672
585 0.03245043375117571
586 3.080044347607172
587 0.3078980451824474
588 1.4654561013636802
589 277.3263129761282
590 4.315351908443443
591 68.64706708190153
592 7.733394922265792
593 0.8618030640314523
594 4.281411568040376
595 1.6465728742240144
596 4.0640828797955395
597 0.1632510106544225
598 0.7233815428083803
599 0.9372422660738483
600 0.6129456318190108
601 5.287103211802672
602 2.7415203665318204
603 0.19953064888911615
604 10.456129994214644
605 2.060000166592464
606 0.03344928385675969
607 2.3949447250623996
608 0.7934755291380967
609 0.6906886307276805
610 2.5034138893039715
611 1.4976730074753244
612 35.55447418681366
613 1.154024985717529
614 0.3514600009879335
615 0.44627516149287394
616 2.4554138823250917
617 0.35455086264183655
618 3.0593312917485087
619 45.967100625378805
620 2.965045222740639
621 4.096078045820908
622 0.288004368446898
623 3.090425932421682
624 7.227541860013346
625 0.7616583805575421
626 1.075549238335775
627 6.549699778520964
628 0.5174758550230482
629 2.0568069855518116
630 0.7822414101020089
631 6.746720448376731
632 45.876523431999836
633 2.7372817357729344
634 1.2604241800148943
635 2.0515613381791638
636 0.20931698642689314
637 2.0711485931029467
638 1.5236954655689092
639 9.565742062047008
640 0.09064846022510667
641 1.399898580200025
642 10.241224953942563
643 1.4223862086197407
644 1.0584824755325
645 2.0555589613241394
646 0.45603837416585863
647 0.31566721081589144
648 1.2368979330234127
649 1.8199487530081024
650 0.5262021683294759
651 0.16899220088594008
652 2.2078529211522606
653 3.2665008777136086
654 1.8927163315496915
655 2.3861531787342614
656 0.023420315775534013
657 0.36598373326308287
658 6.092241053412219
659 0.934973482101408
660 7.29763049014748
661 3.887594912035139
662 0.0072705991089856105
663 0.35749710762084214
664 2.421582698954578
665 0.00999185280770958
666 2.394528444227648
667 0.05885077633243279
668 0.03614819876705143
669 0.9138823237326514
670 4.193394724064959
671 0.928637976753779
672 0.5558992773580941
673 0.4129516193906154
674 0.16867865640453508
675 3.1950960592587356
676 5.27723032215319
677 0.5035257990377012
678 112.64051587022693
679 0.15053937199273176
680 0.11778294060102085
681 0.1574646795802478
682 1.3807529631008972
683 1.3273418046368806
684 0.23079307847916314
685 0.9861105488111166
686 3.0392781169924663
687 2.9089601581273197
688 41.304993188127945
689 3.0488031398114104
690 5.615705587647865
691 16.894845700971743
692 0.03641635513398396
693 0.1649035205848538
694 1.7245330906630887
695 0.5019834743971945
696 0.47228286036282563
697 0.1485517447750926
698 7.853404280471311
699 9.495040273988495
700 1.9389154277537712
701 0.4141974197860778
702 0.12078541424801074
703 0.01759466853161663
704 0.17087644140160008
705 0.05595669334451123
706 0.34278814637536476
707 0.6899718578637755
708 1.0192907901200412
709 0.2626037918454443
710 0.061657267938429614
711 3.891190900733162
712 0.677949732115267
713 2.5140319220806417
714 9.176063278117683
715 2.317333450377619
716 1.6497532952035527
717 0.74254681272322
718 22.64352066032834
719 1.6166478988654147
720 0.6822690369331157
721 1.3305297723514065
722 0.5650666318450603
723 15.218542060256683
724 19.25377831313132
725 0.7701076666453993
726 0.04856761499574949
727 0.19580637998233827
728 0.25667370100967346
729 0.029220021432789577
730 1.0631086611134875
731 1.27694918746418
732 9.030103840750849
733 6.0450411447581205
734 17.310245540267776
735 7.620892673430966
736 0.6082797183236992
737 0.4666027048341649
738 24.706792420482067
739 0.4326397965969955
740 0.4103961526201414
741 0.3175681655444714
742 4.240896918114976
743 1.371876075564482
744 0.3010318375741378
745 0.7892616759432102
746 1.3766866635984911
747 2.976424624447179
748 5.404072011908633
749 2.82201372896659
750 0.4235070263737245
751 0.5864835878279682
752 6.549407894993915
753 1.580951964025494
754 7.077936400953091
755 1.1082556988092278
756 0.8366643975322139
757 0.38930462051304304
758 1.221648776640294
759 0.4058632677085417
760 1.4563882684790683
761 1.582568837551234
762 0.2400618458059016
763 0.491586344464285
764 1.0807765003511411
765 1.1653605084096095
766 2.3512890478045163
767 0.08438359799965872
768 0.05476230618955708
769 2.4320850270154235
770 4.5616918276265555
771 0.06272719063527316
772 1.0900477808549032
773 4.958436065922303
774 0.4385921952580651
775 0.0452308929193524
776 7.1425951391863896
777 1.5958737333370108
778 0.6405093163313846
779 1.2051165668297479
780 0.06878078225040335
781 1.3731786964570882
782 0.8383317504194175
783 1.849159525360991
784 8.209297121288838
785 1.4623868358711696
786 2.3384401885978963
787 1.2606921220239817
788 0.040553061783278
789 0.27046872877875566
790 1.3524727786687447
791 7.121980248850177
792 0.6591521783400109
793 1.3183961933030004
794 1.946145353644046
795 0.38137437686928133
796 0.03169397107139871
797 0.5866470120917192
798 2.0562749353854715
799 0.03271215518256474
800 0.7636112072192048
801 0.9417083027889159
802 7.634522303560396
803 2.7683746583227324
804 2.8422453421801155
805 0.20702475178591118
806 5.8809338761294425
807 5.295388032953879
808 3.2314711556236584
809 0.8316007670841707
810 0.20108101041929538
811 0.8624510117567635
812 0.5848636616923467
813 6.777189491104062
814 1.424145033119896
815 0.1986990977661368
816 2.44491274297694
817 57.04083986778196
818 0.39926735366655364
819 3.6073220836512094
820 2.6459691349294348
821 3.747374077759292
822 5.713229377538257
823 0.16085142936500751
824 1.1630237299084365
825 0.5142075957806724
826 0.03414576635500979
827 0.18627105710531253
828 0.08720293606741804
829 0.9452767133637708
830 0.24794718334296215
831 0.1995381599529079
832 1.7685327373118924
833 0.02237446852173606
834 0.39077755212417925
835 0.15408574403454808
836 0.041547246839965385
837 0.346534155312881
838 5.058477304092321
839 8.306785791323865
840 0.8561279164450453
841 3.071568145215257
842 0.49114415359087
843 0.37974579344188264
844 5.451642505873091
845 5.500707832259381
846 0.012192827264446576
847 3.2511769259982746
848 3.0735872131546933
849 0.5644183292240241
850 19.30816247718669
851 0.7144020741660293
852 0.0627731059688269
853 0.4633388144867564
854 0.5050261610002774
855 0.9314873946146837
856 0.03599141455939154
857 0.15495160255597526
858 1.8534993534383295
859 1.1569169615949362
860 0.9361825931704766
861 21.873392451384877
862 1.4335447373369896
863 1.4108244041809241
864 0.4733126148583105
865 0.033138037140891474
866 0.4987511818960713
867 0.6309753855200327
868 2.341276354919
869 0.08536265326445774
870 0.07435829586434595
871 1.3931360385280482
872 8.506838775468323
873 2.8150585778720405
874 0.19884141306110162
875 11.42297852111165
876 0.26890225701585047
877 1.4450048357319925
878 0.9694587933454293
879 0.26089296630049347
880 1.8603679485517888
881 203.0364310078267
882 0.12536467137958762
883 5.790382372961482
884 0.306489663451039
885 4.350916480615214
886 0.805470637121821
887 0.8322570910093677
888 3.074531134713239
889 0.7573032668301957
890 0.3221323605076207
891 1.0703945458853312
892 3.4473499618136327
893 2.723216722831261
894 0.2162464813110082
895 1.3124074336246492
896 1.3918548253712704
897 0.10830773990519327
898 9.768143394939944
899 1.2164693236432975
900 14.78444561093882
901 0.2618936370495213
902 0.032554427117737254
903 4.878251949803938
904 0.02037139122263115
905 0.5255088464311376
906 0.48086873506986927
907 3.6118550392412403
908 0.3418004038801734
909 0.08175038563956648
910 3.392087428556575
911 0.3339086374428455
912 1.5415544955250937
913 0.03548426670338937
914 0.0977811406034446
915 0.361222802836418
916 11.50563224438837
917 2.1225837830568204
918 21.356479429620514
919 0.5472639587239592
920 4.982709523718272
921 0.2388024363761274
922 0.5052424157874202
923 1.6590733325324438
924 1.0046091255488108
925 2.169482316190438
926 0.4337289771907384
927 0.6355966594206806
928 8.019947065052367
929 2.627892172644956
930 33.905958349486575
931 1.7057345276978277
932 0.6836229978520584
933 0.19248604740180897
934 0.10281265347562844
935 0.11315868730922338
936 7.285613007075247
937 1.285138525646657
938 1.0425117117096796
939 0.00018148725752738086
940 3.7657420859355746
941 0.18745418649604742
942 2.5565850175102067
943 1.035260128104536
944 2.1839132602875253
945 10.987087131798244
946 35.89289056311118
947 2.3481776328322628
948 1.8359773057605966
949 0.04424132580223255
950 0.4929202111437917
951 2.9547489459749148
952 2.879315451334087
953 1.8715502258195775
954 0.08451088578211768
955 3.1030686587627243
956 13.26564045444539
957 0.16120476279298684
958 0.4907091696375209
959 0.0353606039863903
960 5.894426385888463
961 1.4866067090132533
962 0.3506779187731514
963 2.845631028835226
964 0.10785478947315819
965 6.7695174300607786
966 1.6410554692315231
967 0.34883594487372194
968 0.6036262342468998
969 0.1638262584542178
970 0.22401655358283618
971 0.44257650799328624
972 0.45251921839867915
973 0.9941079260188324
974 3.2474500131551673
975 25.993972743258357
976 0.3439345652415677
977 0.17407466003782954
978 0.3233300960169748
979 0.713026317695866
980 0.8022252248925897
981 1.8017850111460356
982 23.209847932447392
983 0.1335079139356766
984 0.11617305218581125
985 0.699884962680756
986 0.5377906567446439
987 0.44113623571325283
988 5.6767641654499466
989 48.800297987128
990 2.5101092119293233
991 6.882479537345794
992 0.012453614491605822
993 0.11195925910547558
994 3.2929798992785386
995 0.978500350539177
996 2.5948403333682597
997 0.1419069609028687
998 0.3981754247376145
999 1.8587075121900356
1000 0.4888959327822192
