1 0.15093218337498318
2 2.7928170959592147
3 169.9410841867222
4 0.4810664833882569
5 1.2743166608791876
6 0.045038624505630884
7 0.1103935745260895
8 0.49133926618039425
9 0.8180372416675772
10 0.42832757532730137
11 0.061736503752702385
12 3.0295343786741484
13 1.608858785940443
14 0.040681768592386765
15 0.39463319644874273
16 3.433384698270312
17 1.8535775174773834
18 0.45115039146984204
19 3.766101948952837
20 0.7069241843138289
21 1.30016268892447
22 4.397288869502696
23 0.052636747470933054
24 0.358947635103096
25 0.1953545303546112
26 4.165572040047411
27 8.033158566524119
28 0.6495824506362069
29 0.2969735733978229
30 19.873221371708592
31 1.8818110828675647
32 1.9573823962925547
33 0.040529268281388635
34 8.051373899807029
35 0.7790388243982129
36 5.900071291174356
37 0.38811075040984455
38 0.13348376333858514
39 0.5760218459801801
40 25.526684485969657
41 0.1840867008086838
42 1.6934898807918317
43 0.5639517341657216
44 0.35512502140448
45 0.1137862203596187
46 0.29625833965547216
47 0.037296721667198184
48 11.186843866798382
49 0.1528126731351098
50 3.928464331554694
51 0.616307133583812
52 0.06065112976955984
53 0.09673391074817228
54 7.786506152718982
55 11.84292196243636
56 9.381317553606017
57 0.25904038779352917
58 4.08804515263381
59 0.777749619249842
60 0.006322087323725575
61 0.0950330784721522
62 4.751692701931748
63 0.29873961705375385
64 0.4497506127919548
65 3.290243155658418
66 0.15382855561791206
67 0.514859584832639
68 9.872387804666213
69 11.585231377516505
70 1.9380146576593473
71 0.10465071789308907
72 0.121607820115575
73 2.8741381899815552
74 0.06806085296417876
75 7.637691292182309
76 3.4015139393538036
77 9.705259436442812
78 0.1931357132916253
79 1.3937807861296212
80 0.09500335290112427
81 0.9078508461249171
82 1.727365187090399
83 25.474493670910157
84 4.298842820074599
85 0.18982762012369872
86 2.7485117384686455
87 0.32435497911942546
88 3.765209749306813
89 0.6482563448445589
90 1.6269224560571447
91 0.7617752853226745
92 20.2396746910149
93 0.13169463909617551
94 4.562590035052995
95 0.48561028903584014
96 0.6505747365555183
97 0.9396005035822869
98 0.4533999759446486
99 1.219089984459897
100 0.6593167282010874
101 1.1492398166906383
102 3.369487760360592
103 6.1021579180844405
104 1.4490222874698446
105 2.9482083050124492
106 0.08692395053311186
107 0.9794733017615639
108 1.3231989946958942
109 0.5672301251792856
110 0.018878085341163572
111 2.602990772124163
112 13.642457357729818
113 0.9637120118618088
114 0.24818382663328173
115 3.646271838533819
116 7.083136856038588
117 6.678575130262359
118 7.920455264127232
119 12.334574041689015
120 4.013661408424072
121 0.8059591122430091
122 1.505668574603138
123 0.3480894851466312
124 0.15357475441449273
125 0.28727200786116697
126 0.2830029014706717
127 1.547376844170127
128 13.426263733439736
129 2.1246950714651645
130 0.0355759212819781
131 0.0402621864571907
132 3.6248185021904553
133 4.373847412505006
134 0.39123560765177195
135 0.287410877479976
136 2.7786802367464576
137 9.980230277067554
138 0.02675131882805482
139 12.390467355328424
140 0.7560954016478416
141 0.010396458237515192
142 0.3699703604343887
143 7.187567949819057
144 0.9191483280039088
145 6.15529446835361
146 0.12382296044377215
147 0.1235095472926929
148 1.8757252274985388
149 0.7755019073145835
150 0.34316798083927286
151 1.3875284310414255
152 1.042616118557531
153 0.5586244332699709
154 0.9159871377194176
155 0.9260477011819694
156 2.2094902407455357
157 3.12231083177736
158 0.26181440678600937
159 1.1931250574080294
160 0.7108282585429889
161 3.4201729598828767
162 2.417067871468108
163 2.6013750625062833
164 9.936150947418238
165 1.2616561811778904
166 0.27634395695290864
167 0.2915290708989716
168 4.855661578988761
169 0.8304636265926104
170 0.22196255404625076
171 69.44841694601281
172 0.3391132043225329
173 0.007156351855663947
174 1.590218229236134
175 0.03390374993727576
176 21.069483420923525
177 2.0665376268531426
178 0.09736214250022286
179 2.5866365090254853
180 0.43680147315060364
181 0.7273679016135725
182 1.3817035955707346
183 0.04239812454004377
184 0.020631421624621827
185 0.03097481587412886
186 14.142699902954003
187 1.641818041764565
188 10.916665868623795
189 46.390191287376055
190 5.976616536274235
191 12.619114079883035
192 15.32748939406326
193 0.8708969276965911
194 1.777153745170341
195 0.3982426057374937
196 2.8316393032975586
197 1.3994283306242055
198 0.20432854615358026
199 1.6868208191692835
200 1.049066715901255
201 1.6904766191889131
202 0.1250767947918185
203 1.4127429555365782
204 0.06815902047418686
205 1.9172691357267022
206 6.3753223336409395
207 0.1793087273621027
208 2.5016411396062166
209 2.8661826121053378
210 0.6167180970013243
211 2.178811377464739
212 0.2923128010126265
213 0.49539079015660253
214 468.47952850394887
215 0.47800702363891423
216 11.922885539149053
217 1.6408706262508344
218 0.1963025037687815
219 1.1847011920459636
220 0.40789043762462246
221 0.5470049082961195
222 0.4891026436357734
223 0.360633384629553
224 0.9200568856014965
225 3.639434322923429
226 41.002567728647215
227 9.280414219691124
228 2.98352540247481
229 0.01264588246586827
230 0.13000891961763597
231 0.08481022742578022
232 1.3487904878675743
233 0.5120327308759611
234 7.36261686832093
235 6.056459049634989
236 6.720465397384682
237 0.20670167911706203
238 0.12146803406965699
239 6.552192252550244
240 2.4260397975765238
241 0.21184836562241394
242 0.2291308626924538
243 1.8258413217431382
244 13.40521211802992
245 0.830307844753804
246 3.9116336929440974
247 0.6220482459498969
248 0.032385687521339315
249 1.8913755700152721
250 0.8010637120693637
251 4.81285755364567
252 5.490863513246188
253 0.7636276590693025
254 1.9225699544450758
255 0.29001003863611663
256 0.1270594096455195
257 1.500918069078824
258 0.37582477689235255
259 0.19688030361771094
260 0.16245284838595922
261 0.9870109740462066
262 1.5216669798563967
263 0.7664806738688185
264 0.2739548610453716
265 10.179971208197323
266 0.15104683492382368
267 0.950770707136494
268 1.249574067365608
269 0.24477180978323332
270 6.318006780251253
271 75.53739257982268
272 3.7867587757252696
273 2.567922269454345
274 1.5901559820597908
275 4.0527743638548
276 2.176410326046552
277 0.14450895402113587
278 0.033661844472291855
279 16.347067170618626
280 0.7384214063283823
281 1.5140033008723899
282 1.4100514490967306
283 0.19542839678437263
284 0.4294436424836477
285 0.5903828458575646
286 0.1812941549406072
287 1.404721802727284
288 0.11213552785281983
289 0.6191039881042512
290 0.4542855705918655
291 1.4696451737614276
292 3.4353242348247566
293 0.6089483125684989
294 0.44839033667563133
295 35.062033010984955
296 0.0070295834145752
297 71.05105908061667
298 15.946973346549834
299 0.30829932495991014
300 0.02425874229200371
301 0.08310814933372052
302 0.8225203061868178
303 0.03849338327180832
304 0.7018641443560324
305 0.27262242174793944
306 0.891328238589613
307 1.1116652598748666
308 1.4451237262570802
309 0.1410204360809798
310 0.5530515669918279
311 2.4265181075846174
312 0.5716606635258741
313 3.298625843773882
314 3.623451146301514
315 1.0114948482603678
316 0.6518543841697721
317 2.6287267000081482
318 0.24788546786426993
319 0.15353113156869858
320 8.13970711226559
321 7.6013361429225785
322 6.687324839877389
323 0.18953650660487795
324 0.8361790272985937
325 11.966591766155377
326 5.53375716293397
327 2.6631079776398527
328 3.957212148956234
329 3.540224705478471
330 9.594534874188776
331 0.5844214696212394
332 0.03298847333483806
333 0.666380320930567
334 0.2726642430494296
335 0.2123040444953625
336 0.46821663852825546
337 0.6915757729592115
338 4.614790306379985
339 0.8285770337396526
340 0.496172369657797
341 0.2931220182711511
342 28.047461674881866
343 0.06221842445448463
344 14.721433371779636
345 5.667573209467735
346 0.17236818413770585
347 12.449785456437933
348 0.3494287069723246
349 0.1510553407816042
350 1.7775508332849899
351 17.522923234761926
352 0.641713446221558
353 0.1644197427930836
354 1.4951621098673444
355 0.004959859738267884
356 2.787361604729451
357 2.8593447029782735
358 0.9896256033130406
359 11.80605435339675
360 2.6475658128699195
361 1.877688827349117
362 0.44013819145094607
363 2.0998280280838357
364 0.37688164549452524
365 0.5058949953274702
366 0.06787330589752275
367 3.5483777920877766
368 14.694757334208873
369 0.8479948083114092
370 4.187369321033658
371 14.69018620151403
372 0.21835113527917865
373 9.060215171624725
374 3.4777139021888495
375 0.6413780526842225
376 0.40129411766476625
377 24.429440008932442
378 1.9086738519756192
379 10.151810307675415
380 1.1906618375371
381 1.230293462775423
382 0.7071302263394303
383 0.6204016590051848
384 0.4115298074109978
385 7.547152456857295
386 0.4355350605314711
387 0.4358629475615601
388 0.26478013116459015
389 0.5276070515808441
390 0.35188493354656214
391 9.322888162310841
392 3.757310927627558
393 0.12653865470252176
394 0.5574509357049083
395 1.0052167637856575
396 0.36900075596604814
397 0.02623980206045697
398 0.37163209412712966
399 0.03880102254252765
400 1.5034173758813902
401 1.3105629424324428
402 3.061067492245815
403 0.6541294647763439
404 1.4747287522020895
405 76.9910216144891
406 62.954671543212086
407 0.4702902433606434
408 0.014845303206355215
409 5.557425272834814
410 1.0630950066220097
411 0.4330002254741863
412 0.30620246005966606
413 2.0901441819837396
414 1.1120234640417608
415 0.8057807198558468
416 0.9879297024468725
417 4.757490981378806
418 0.24637700630783735
419 2.0007976596998183
420 3.564366771026315
421 2.42547680974129
422 0.2998606425301885
423 0.2696273660472009
424 2.1501005171128447
425 0.2203175219672488
426 0.34067791625548843
427 0.7300126412349136
428 6.467156940864501
429 9.631648579607443
430 2.0736259345216346
431 1.4001642666504626
432 2.354217623739106
433 0.1630219512674981
434 2.503125656900674
435 2.391215255982776
436 0.32230711726902844
437 0.20490614819732467
438 5.1319881207791616
439 0.4613771011823085
440 5.7553222722111395
441 0.7074699196702623
442 0.29148803230130477
443 0.2195890957967673
444 3.374010118954719
445 1.5289037972355413
446 1066.143901838592
447 0.041043936301328486
448 113.82594703846168
449 2.2868511111133447
450 0.2628399360464207
451 6.799829161431817
452 0.09096077800347166
453 1.829211061098569
454 0.05097398590385829
455 0.35680770560814623
456 0.10439009624998992
457 0.5742368195072985
458 1.3332388324937297
459 62.23942382999801
460 2.284974848545254
461 0.5365945233931182
462 1.7367031356991516
463 0.5407364935958564
464 1.423454633011426
465 2.5994644633083253
466 2.418090806446495
467 1.4813068408462984
468 0.7791614674027365
469 0.006903186502867771
470 0.5627509467335218
471 0.03481374245073837
472 0.5236592715507205
473 0.9023772423459145
474 1.235365743179252
475 2.531055300590323
476 0.6089002182365363
477 0.37623407550861937
478 3.86804838120863
479 0.4410971254551323
480 0.48959919938692864
481 0.43468141596377036
482 0.20293035781991584
483 2.533124324076994
484 0.06163445544660827
485 4.377245761411365
486 1.4697006819252425
487 75.58457600595621
488 0.07204661031619283
489 0.055045777896622156
490 1.4480758940308718
491 7.645494723093836
492 0.04608133032139887
493 1.1627916081866392
494 7.486435832091413
495 2.630263217836316
496 1.1127245220055
497 0.46086847498171435
498 0.8088725786587352
499 8.600762112333001
500 2.202601011279311
501 2.372410253307531
502 0.21651079627664085
503 3.085442692711144
504 4.677463810625474
505 0.180558312210511
506 1.1607641958365658
507 0.5156624606059578
508 372.7741917180206
509 0.029850179876178114
510 1.562367598230481
511 5.463701777193458
512 0.3702902150570569
513 0.04322579512568281
514 4.7444831948718384
515 0.7221334211287084
516 0.07706891649515632
517 28.071689929757913
518 1.867438404704571
519 0.49157594606079
520 1.2516623777781384
521 0.7465236112465138
522 0.7396514999918858
523 0.12485131227676778
524 0.18440119304501504
525 0.3573310181921067
526 0.156923129693863
527 2.798688063887405
528 192.75255442255957
529 0.15107428145110746
530 0.21771322353694117
531 0.41218667854799734
532 0.6759395749731121
533 1.2388190505627077
534 1.259988217135321
535 0.24934822854389752
536 0.45296249932210614
537 3.4317893059384654
538 2.274906014669693
539 0.0013191739811050168
540 1.2787583376333056
541 0.5380454679578783
542 123.70677904715994
543 97.56720544542482
544 2.817669715677229
545 3.8557012013965664
546 0.7548143300601237
547 0.7650135927277728
548 0.590088214031612
549 0.6474103370239029
550 13.798208716878003
551 3.9319768583866446
552 4.076304457830186
553 0.24898092809624747
554 0.6707022368576824
555 0.6832354542477556
556 0.44863236155597214
557 22.97813112897269
558 0.30774345147166715
559 0.2224612104699513
560 1.7874872303092522
561 0.9789408853984978
562 5.606588044216592
563 2.2069947117268462
564 0.580181033105146
565 0.15046590195439924
566 11.32493114114138
567 2.4628214389982332
568 6.432468103199491
569 0.6601050703829251
570 0.0444763702037116
571 4.534735803570297
572 1.5978687542836671
573 0.7576855427357685
574 1.9377494038252863
575 37.5763207375564
576 5.597216893472779
577 0.003977178904619193
578 7.185927153592963
579 0.1707807290221961
580 6.726586957806816
581 1.4678510588798799
582 6.2038776777908975
583 24.57601402415063
584 0.18979027956006037
585 2.8905754079197945
586 1.9377852396139905
587 1.037010108731245
588 0.17674235246788722
589 0.22689801241844934
590 0.055845518998797486
591 4.429556869442463
592 1.321572670978698
593 3.4728755345021383
594 1.6332508857490255
595 1.0740392795935751
596 1.2072879390788613
597 0.8300145310027737
598 7.840949604781721
599 3.535612147279568
600 0.07128549028411564
601 3.747671605950046
602 3.57037460612566
603 2.07316396371911
604 0.8761254820226821
605 0.15512236477296296
606 0.2741135314646778
607 1.1885632611746053
608 4.9741397681646236
609 6.2355659569117226
610 0.045230182565365304
611 0.1594648705566159
612 1.747922577265438
613 1.0348000851766694
614 3.9448786311909307
615 0.027718211895807768
616 1.4197009270517782
617 4.1324711708481265
618 0.7212877022252377
619 1.0266207170079933
620 0.04854460635026725
621 0.5510737161874502
622 0.649509961795095
623 11.40254664756262
624 45.275609145493725
625 4.665318185597389
626 0.670564167885298
627 2.5691960376693643
628 0.003686598795468866
629 9.63493425464481
630 0.05984728033661131
631 0.8086548178708851
632 1.6235828112337194
633 0.5767534004197067
634 0.5124856847724122
635 1.092854879211425
636 0.822390353777498
637 2.023615656640898
638 0.04748612999191039
639 0.8830305501294035
640 0.7728511063435689
641 0.45535194808204693
642 0.6568974817308699
643 0.4634575000674797
644 0.5962631393491318
645 2.647651307420206
646 0.31385679179731124
647 3.1881192427868976
648 0.47329622569987045
649 48.70923409116311
650 76.56817713286658
651 4.037040403291199
652 3.1292816154074696
653 1.989393565027436
654 1.8883023251811195
655 0.831836956564901
656 1.6726768093169793
657 35.07759440352715
658 0.3210830541345183
659 1.1687478014598156
660 1.3466242753259414
661 8.126484543414657
662 5.913390792664725
663 4.244878750748103
664 0.39168654353854604
665 0.485473960991543
666 1.8970434127729439
667 1.0213986860199693
668 5.441540558858054
669 3.4482997692102058
670 0.8148034868796882
671 0.22816948927521535
672 0.7365722985643935
673 0.9945794441147764
674 0.17662551536576418
675 0.13944049412480583
676 0.22001039265545894
677 2.2275423688506586
678 0.9224234277405239
679 5.001174847504746
680 0.25017856061668814
681 0.4742213967149664
682 1.7681739089535808
683 0.6113592291088887
684 1.0718111215008894
685 30.824152042976134
686 1.584744299465086
687 0.07605598796639666
688 3.7768352619997976
689 1.0776221722366999
690 0.0358439670105977
691 7.301204524357686
692 0.03774366458699217
693 1.6740200349717498
694 1.0427703860613253
695 0.7793848512153956
696 0.1965920854917195
697 1.6704770688248454
698 0.0651621872545036
699 66.05046110288623
700 3.2124918456485534
701 16.547336009038442
702 6.279609055077948
703 70.72556270807631
704 0.8377280324055816
705 0.9949708047346116
706 15.967206893531307
707 2.6840389085533833
708 4.79259375906807
709 0.18074873615907422
710 1.3813840024240227
711 0.9022098364736223
712 0.09933641173267976
713 0.5944462305877761
714 0.05001034958224661
715 0.3455310007563774
716 0.5696987628800155
717 4.471740729566309
718 0.27879280339952334
719 37.11098018025377
720 0.9307543892778871
721 0.1445850548461931
722 0.42102162612680705
723 1.1989810576190567
724 0.018708203844987812
725 1.2844337685849816
726 0.08237954076910864
727 1.5099250997613933
728 0.7786033807056519
729 4.9462390879416045
730 3.4115923266044015
731 0.11765940770094573
732 2.0481187492764965
733 0.6239682805251683
734 0.2208455962165937
735 1.210992015448799
736 1.124267327201035
737 25.819880588857924
738 1.8441639039539044
739 0.03226855891190855
740 0.13002302757350706
741 4.374759656706602
742 1.2326540176426097
743 0.7002109057677532
744 4.586347462527844
745 26.770342540302824
746 0.4661737606833351
747 2.1294118380491067
748 36.32987772166518
749 2.0421058914382972
750 1.6782913396944454
751 0.1331101084641297
752 1.0317207743866077
753 0.4579467474958689
754 0.9323001540358159
755 0.06833056398333713
756 0.2738511076143089
757 0.1378839332074795
758 0.851939477659044
759 0.21062182596961304
760 1.5118146424328311
761 0.8102429281103403
762 0.9778000232026778
763 0.6836478504564497
764 13.76192318630351
765 1.0972621372348634
766 0.46520171951722167
767 1.709061250764774
768 3.0518170875717923
769 4.231221705809974
770 0.719137825934793
771 27.688044718757236
772 1.2189912660885946
773 0.241114217720763
774 0.9379662766754511
775 1.6126037906101707
776 0.3220562496607078
777 5.49610055913718
778 0.44968482714554264
779 0.14746946304478326
780 0.4743814170116558
781 0.23094974587732794
782 0.14498379998224253
783 0.38300197744163655
784 0.23900817333982852
785 0.015842589179230756
786 0.6802547349324936
787 34.830086041918165
788 0.32372717862010086
789 0.3856411209167667
790 0.7344005649699548
791 9.342532784037612
792 0.09963699603448664
793 0.05619513919533954
794 0.30538948632227264
795 15.11247717073306
796 0.479293041906482
797 2.9712531853878605
798 1.2306473389936203
799 6.911707978132192
800 0.9410898427903187
801 0.20735153795267408
802 1.1047762198676734
803 0.06051475427882785
804 43.16780306122386
805 2.5757158840181855
806 1.0101264522137645
807 0.47404441914743956
808 1.0026769663617423
809 1.4966364991046783
810 0.5141578679086615
811 6.773563892314616
812 0.05222747084237735
813 0.35178437884149527
814 0.45049628468823655
815 0.20600237447919129
816 0.4182538630497194
817 0.018317775038740335
818 0.12379341132499636
819 0.44591649140346884
820 1.0649943170133584
821 0.763160066989212
822 16.208993170171677
823 0.810028583114121
824 77.33866660724232
825 0.6144981549148533
826 0.2458304668787512
827 2.3306840638660233
828 0.9485674335806104
829 1.6782680485481472
830 3.4489797762416434
831 0.4382639922523081
832 8.112158032732363
833 0.7596824164075678
834 0.40440804319547136
835 4.769206308049839
836 32.84776698062811
837 0.16980122007380516
838 0.5719283075642912
839 0.03920036001884974
840 2.1839529529484225
841 0.5289961481381288
842 0.27083356446900386
843 4.2648041528195115
844 1.1389198138904015
845 0.8771851574569902
846 0.24691937168171466
847 8.823097681712442
848 0.45053744602665735
849 6.547281717785649
850 1.7507050478532202
851 1.6794194538076526
852 2.203153313784859
853 0.7144053894289017
854 0.044489767446930166
855 0.808044863775502
856 4.443533559455335
857 3.1721703321607793
858 0.17106654902627716
859 12.282339739446412
860 3.089927251251388
861 11.687858037502544
862 0.8934530189243866
863 0.4329934253408504
864 1.4362987670370295
865 7.844366072410477
866 1.2578317191588357
867 24.07069353348872
868 0.5087981763075571
869 0.9157197741291366
870 0.08089587055057718
871 0.16445784682415313
872 3.3924952990102417
873 0.21320815954201222
874 1.9699407227716692
875 3.339356366140991
876 4.091187878052036
877 0.3855319404413306
878 6.889146666033471
879 0.7034953700839094
880 0.5205520767510613
881 0.0308032007312795
882 6.464675226003562
883 0.39020437089289256
884 0.10512678675014872
885 0.44738470187963775
886 1004.7391548290512
887 0.7045776786026586
888 2.326222194588449
889 0.4025659327461079
890 6.749925414714535
891 0.8001770299114054
892 22.748160031237937
893 0.08426273221732088
894 1.7607224804878392
895 1.203828505260722
896 2.848512984266347
897 0.930909178332371
898 28.674337363863682
899 0.11435451037949737
900 0.5542609870065386
901 0.683758039049995
902 0.3858304264374501
903 15.472298026439239
904 0.01948880527225518
905 19.930478986303534
906 1.5240302140953308
907 1.3335290145335132
908 2.027829577081324
909 0.09124899619636326
910 0.9230001900776328
911 0.205940613052087
912 0.557403453602985
913 9.66406162845377
914 0.4516379216088002
915 0.14035715965590984
916 0.9540042345143324
917 0.011066395767960679
918 3.2213574615291884
919 0.21128938041855397
920 11.117485544120274
921 12.529965034213975
922 1.1960187639833766
923 1.4397915510003103
924 1.8722743280099932
925 0.001385330891077363
926 0.8279814553951261
927 1.0914581272698085
928 19.49269384092395
929 2.225473583417569
930 0.30752081746305127
931 0.3626186282947876
932 0.1325066772796967
933 1.2904349047619852
934 0.6181621404813226
935 0.25911615242572755
936 0.34674683496150227
937 0.45326432461216465
938 0.6123926693723193
939 1.1989729271949814
940 10.738445460150071
941 0.4474885435234199
942 0.026000313301910074
943 1.3302604420201973
944 2.5613955238485375
945 1.153086088081531
946 2.7202406910988692
947 0.06005661683330239
948 0.24667436618342622
949 0.367391446324856
950 2.8780507355973644
951 1.12899813502383
952 7.233298523186329
953 0.7248391565368412
954 0.47908316301118886
955 0.3103368400836886
956 1.110863897355684
957 0.07648425893155415
958 0.12681182675853594
959 0.10078304451689689
960 0.2592908339152551
961 1.036994106535168
962 3.258983690105963
963 2.2222436386130813
964 0.4437865654156519
965 0.7787031852139603
966 0.15319487516708555
967 0.2853458740433363
968 0.4828133419565761
969 3.849189377632513
970 5.4244414481918515
971 50.28036998636426
972 2.5084827572759933
973 0.35272301542873574
974 0.8348917198278317
975 0.10988074560804949
976 1.290765567228725
977 1.1900654977268417
978 1.7350565177627748
979 0.3528563169717366
980 1.62186096503354
981 9.679464204336933
982 1.1626136090741597
983 4.582201128739349
984 0.37303815956046926
985 0.33751355090410895
986 5.970600679986414
987 0.15871725377459042
988 0.3841761833819216
989 1.360818558380985
990 1.211294703234799
991 0.26198491055430906
992 0.8644985235874573
993 0.688597385484439
994 83.73038751775746
995 2.6585100304542038
996 1.1793230502758503
997 0.33865856285247614
998 0.7087362926545763
999 0.8249465967884541
1000 0.4360699731967802
