8 571 587 558 322 123 987 986 9
8 723 151 27 393 980 17 425 265
8 990 538 400 719 546 236 778 898
8 380 106 766 543 788 790 858 647
8 216 471 82 449 384 855 709 415
8 266 696 311 535 788 588 695 540
8 774 777 204 604 287 628 791 537
8 212 859 474 780 51 813 583 300
8 592 671 205 270 983 85 895 401
8 842 707 33 882 630 720 107 964
8 854 526 878 185 928 791 393 473
8 674 619 634 796 19 631 7 867
8 575 49 967 352 997 387 666 620
8 843 112 699 324 526 692 636 729
8 23 673 664 904 940 417 361 130
8 443 305 915 877 110 509 619 732
8 214 335 46 798 704 779 126 505
8 730 44 123 73 793 896 214 362
8 663 274 597 833 19 14 809 131
8 380 536 869 745 841 168 857 219
8 587 576 899 788 369 230 494 869
8 623 617 53 832 545 893 357 404
8 794 640 119 920 955 282 463 144
8 77 533 756 393 289 76 103 256
8 268 339 452 61 84 272 697 987
8 47 137 637 489 173 92 253 622
8 212 532 885 515 5 117 960 257
8 495 571 319 538 325 399 775 729
8 973 941 57 931 708 499 415 42
8 615 601 324 953 523 618 364 329
8 811 135 143 833 142 428 731 139
8 808 507 75 263 71 743 855 691
8 724 127 267 78 121 312 161 76
8 129 592 288 567 257 386 505 408
8 105 227 470 935 31 440 255 767
8 301 680 529 887 856 295 423 72
8 599 356 903 851 60 499 116 702
8 303 904 159 911 321 326 629 221
8 637 269 150 253 346 891 985 384
8 763 627 684 421 878 479 863 198
8 3 371 780 638 744 497 293 509
8 769 272 982 607 659 976 255 957
8 205 995 501 797 988 981 878 662
8 566 778 699 816 335 206 362 895
8 940 422 762 517 854 445 431 881
8 452 312 833 902 145 201 977 6
8 771 734 952 928 146 554 979 190
8 990 683 276 506 862 882 220 514
8 975 549 564 286 819 327 11 17
8 287 638 216 650 743 709 302 857
8 94 871 664 528 769 414 916 703
8 988 269 713 656 754 728 937 498
8 887 476 516 199 224 934 845 646
8 460 472 982 212 516 489 616 486
8 984 79 644 999 675 697 596 384
8 988 101 33 730 140 50 442 419
8 774 202 961 587 869 10 208 265
8 615 663 146 775 731 484 945 580
8 771 575 92 960 247 248 704 801
8 904 576 999 148 275 133 302 321
8 34 956 432 913 932 180 283 431
8 630 966 991 506 916 754 761 26
8 269 939 639 363 806 382 358 220
8 54 912 341 169 447 300 540 62
8 135 209 664 177 235 110 103 662
8 763 427 160 365 445 456 366 717
8 946 674 250 443 364 738 779 282
8 973 518 602 96 851 737 222 277
8 102 784 514 946 999 83 743 747
8 157 72 997 902 440 444 89 653
8 377 778 707 958 78 404 648 898
8 612 773 577 601 431 718 61 760
8 696 424 59 440 672 193 964 562
8 91 837 694 569 133 5 767 888
8 380 839 350 627 168 914 649 634
8 23 482 86 859 733 747 817 152
8 578 133 978 267 430 732 221 858
8 674 112 57 192 411 81 594 89
8 880 59 704 409 855 540 309 622
8 132 187 765 641 906 423 318 683
8 129 945 602 465 767 527 801 691
8 741 68 234 712 149 805 463 725
8 651 23 279 522 489 724 411 927
8 68 902 413 242 294 549 656 425
8 360 70 866 962 697 372 113 416
8 232 940 223 941 715 441 840 630
8 212 902 904 684 411 893 602 419
8 876 68 47 625 245 868 133 425
8 351 211 538 411 389 392 343 648
8 833 861 162 554 836 215 430 419
8 129 46 567 669 312 326 3 246
8 495 491 489 457 960 620 109 760
8 958 72 686 642 169 331 835 236
8 842 55 409 58 407 473 454 152
8 842 723 327 453 227 565 454 318
8 777 66 461 350 990 851 868 638
8 584 603 514 207 733 445 768 799
8 770 280 300 751 845 747 888 1
8 276 874 187 58 916 372 17 548
8 474 510 695 399 630 156 456 702
8 642 14 541 240 371 370 646 666
8 498 802 780 271 930 896 348 317
8 608 327 956 192 27 153 87 33
8 850 707 617 904 59 425 497 78
8 320 500 999 453 294 467 80 343
8 254 483 744 781 83 185 546 534
8 918 878 777 208 36 37 981 898
8 301 306 671 712 576 850 203 456
8 458 624 353 591 418 694 976 265
8 753 663 975 781 928 948 678 749
8 766 624 175 195 463 133 277 764
8 680 442 621 190 778 222 775 273
8 678 226 390 451 428 55 589 636
8 49 79 660 686 582 636 221 848
8 247 319 478 174 204 544 405 282
8 105 832 617 784 206 332 343 467
8 444 782 814 609 88 95 168 121
8 587 480 982 494 478 91 647 363
8 67 442 306 720 749 207 743 854
8 365 272 481 773 976 372 591 152
8 460 573 647 740 185 635 57 283
8 254 839 969 11 612 919 732 662
8 359 468 426 570 351 601 628 757
8 526 736 853 431 572 761 153 881
8 806 474 580 998 644 382 401 164
8 873 2 98 358 330 46 854 815
8 748 502 902 80 276 863 558 555
8 434 308 119 254 599 196 697 881
8 518 361 278 916 230 132 87 923
8 348 477 96 937 450 253 656 662
8 637 427 783 538 796 718 772 537
8 573 34 367 410 279 396 719 444
8 771 730 794 322 260 812 245 987
8 321 365 391 187 233 957 820 919
8 872 209 320 197 222 287 792 32
8 399 1000 773 377 827 609 107 198
8 105 563 189 229 613 290 686 103
8 512 516 876 306 336 906 355 107
8 38 448 599 294 484 962 727 273
8 27 389 124 970 57 188 89 152
8 946 625 948 110 880 208 480 420
8 911 572 260 997 860 223 993 738
8 13 606 453 781 834 56 850 231
8 402 128 382 194 210 211 131 574
8 28 337 853 648 213 589 117 588
8 475 50 907 299 980 506 836 321
8 501 495 268 934 828 367 867 221
8 352 440 306 983 694 546 415 149
8 359 94 737 692 28 971 256 131
8 389 186 971 683 924 294 697 363
8 193 205 734 930 361 565 896 757
8 160 783 668 690 939 65 682 717
8 627 800 872 791 418 724 131 217
8 157 841 147 236 922 10 709 203
8 391 295 291 607 310 856 372 296
8 668 581 49 338 684 638 661 648
8 800 828 808 731 954 288 524 169
8 770 956 370 70 30 47 216 421
8 889 719 224 572 787 553 136 393
8 491 518 742 815 939 997 927 109
8 320 481 519 669 521 622 961 89
8 668 263 892 288 838 387 194 566
8 259 130 698 599 898 260 791 643
8 958 979 48 638 488 992 893 401
8 23 749 947 590 201 55 992 702
8 924 715 125 1000 705 85 343 542
8 814 739 215 877 555 996 662 121
8 989 4 999 781 103 604 860 858
8 432 803 102 79 938 932 860 898
8 796 471 77 146 842 290 407 258
8 242 37 878 377 300 799 172 648
8 471 960 102 406 379 869 131 722
8 821 985 748 67 261 29 499 408
8 956 843 781 707 202 241 576 925
8 521 879 606 199 25 531 237 221
8 830 853 627 406 183 519 173 726
8 238 99 974 258 360 862 657 691
8 943 257 475 908 610 596 450 786
8 626 485 154 690 897 749 142 540
8 47 774 233 613 897 861 329 419
8 41 584 526 699 875 231 514 410
8 951 941 44 891 841 3 654 881
8 522 996 742 788 113 534 815 273
8 118 843 14 897 174 966 196 670
8 513 61 631 8 608 324 171 593
8 436 810 474 137 614 779 264 857
8 772 710 182 123 347 644 828 117
8 991 145 965 83 214 148 759 260
8 68 685 438 582 188 619 273 217
8 459 320 629 911 88 650 737 860
8 411 644 813 36 692 655 871 858
8 911 164 369 544 80 527 90 486
8 731 338 944 318 415 893 997 109
8 154 578 191 751 710 608 792 722
8 930 924 754 874 599 553 372 221
8 554 600 8 348 447 419 42 109
8 771 640 341 995 613 417 474 529
8 497 611 130 905 856 614 417 307
8 696 268 41 272 792 510 221 717
8 727 955 549 224 235 514 429 648
8 437 788 226 673 433 455 955 687
8 918 422 988 262 539 453 657 257
8 108 460 86 111 147 257 76 256
8 361 106 773 414 845 358 777 336
8 184 308 805 858 121 531 787 881
8 929 718 35 642 864 683 99 150
8 824 160 532 630 486 931 235 121
8 157 680 571 602 204 176 815 363
8 866 558 918 959 939 56 888 42
8 284 724 566 338 669 735 124 217
8 297 464 51 142 286 382 317 346
8 106 276 139 159 668 683 604 418
8 155 740 40 946 616 479 258 687
8 814 497 179 240 286 662 139 26
8 603 962 176 385 553 32 257 131
8 495 842 819 147 549 804 151 270
8 359 81 808 347 974 899 142 560
8 502 840 227 841 257 647 691 827
8 584 182 916 4 52 498 932 646
8 930 11 973 208 274 112 661 24
8 873 303 978 588 411 290 383 275
8 933 810 334 202 806 686 116 745
8 209 377 829 98 883 611 133 139
8 723 974 911 777 992 467 964 227
8 232 826 893 312 927 595 201 687
8 278 997 268 306 148 347 174 791
8 632 350 975 106 839 773 262 636
8 831 705 999 180 595 916 982 691
8 359 721 476 351 340 828 778 494
8 603 615 640 992 768 216 524 806
8 458 858 564 820 848 313 486 473
8 215 703 371 186 326 494 838 244
8 730 68 115 660 32 583 355 856
8 118 570 728 738 850 65 309 217
8 178 780 536 852 669 938 11 244
8 671 404 331 465 300 78 815 307
8 802 84 242 459 536 744 922 717
8 449 842 516 983 599 869 141 107
8 1000 995 664 706 72 387 84 63
8 587 470 238 568 593 614 767 273
8 754 122 940 657 572 150 922 964
8 872 874 465 614 582 570 420 416
8 943 386 611 445 492 168 453 895
8 380 500 949 865 145 704 95 898
8 380 5 885 544 130 535 245 652
8 394 448 550 14 632 437 215 387
8 566 801 655 124 944 310 711 609
8 804 573 874 263 215 685 194 109
8 34 216 821 870 872 45 655 165
8 369 5 517 223 607 855 103 717
8 810 765 118 502 69 439 393 650
8 990 594 182 56 682 290 479 574
8 543 457 803 74 505 998 211 401
8 118 49 841 742 150 822 43 542
8 994 973 995 879 132 712 404 144
8 476 351 934 545 762 948 981 124
8 25 817 374 724 276 66 324 385
8 491 539 57 45 522 808 710 363
8 268 783 618 287 291 433 630 722
8 774 278 177 4 451 453 703 644
8 832 636 823 66 173 281 509 366
8 924 288 11 997 169 80 710 198
8 452 472 956 583 201 261 433 156
8 495 22 832 304 655 447 293 378
8 319 204 252 275 11 344 258 510
8 911 96 629 321 646 654 372 898
8 605 577 780 218 894 357 313 649
8 459 348 155 35 765 506 581 156
8 825 128 433 339 186 606 465 273
8 642 320 44 451 20 28 136 670
8 412 627 125 626 855 870 638 156
8 495 693 441 941 284 697 24 610
8 41 483 917 202 644 660 594 56
8 197 65 571 755 64 463 704 506
8 542 135 170 727 880 926 10 363
8 606 681 517 546 672 613 253 542
8 623 933 248 283 361 938 753 827
8 365 68 958 530 940 726 372 289
8 901 795 94 306 406 882 340 419
8 947 864 578 756 808 332 206 466
8 361 322 782 257 249 925 702 109
8 878 468 118 826 232 707 171 559
8 193 320 632 640 765 411 403 838
8 485 870 769 392 102 734 778 398
8 458 328 229 737 365 871 450 408
8 785 354 812 953 300 60 643 927
8 615 526 880 11 343 852 597 239
8 831 459 40 288 170 310 81 325
8 831 242 549 643 411 883 100 39
8 539 421 585 559 74 343 190 307
8 359 689 613 105 387 398 269 506
8 915 159 235 762 110 720 993 416
8 308 278 840 350 245 436 440 750
8 922 496 305 294 79 749 638 613
8 699 802 794 696 629 161 57 416
8 487 40 251 569 574 710 665 555
8 918 104 145 614 537 10 954 343
8 549 100 626 917 112 166 781 66
8 831 120 28 475 966 25 658 722
8 813 328 511 306 587 248 30 955
8 995 718 197 284 637 587 312 419
8 565 443 692 65 840 558 566 717
8 44 511 175 775 580 231 444 735
8 68 642 120 488 199 569 906 910
8 947 502 569 377 382 440 574 235
8 171 949 607 992 812 100 262 936
8 521 907 556 73 854 863 705 702
8 951 197 646 956 429 746 868 722
8 35 255 240 446 118 223 903 927
8 632 969 871 778 272 645 983 677
8 434 879 504 27 603 841 198 152
8 434 578 907 348 295 712 443 957
8 281 239 182 210 404 372 729 211
8 21 491 391 413 594 302 318 799
8 341 538 338 235 736 337 529 645
8 328 50 570 526 561 375 244 977
8 235 268 698 344 851 313 312 264
8 637 847 896 208 98 661 493 264
8 241 521 880 267 632 91 993 957
8 800 44 866 334 319 138 256 815
8 566 403 166 887 443 236 404 665
8 350 741 339 55 790 433 302 417
8 84 203 992 697 407 156 131 17
8 652 559 777 855 235 818 702 172
8 388 88 924 958 838 505 764 548
8 986 203 25 162 698 6 898 881
8 541 143 36 104 522 321 145 622
8 108 480 490 145 639 206 161 745
8 518 723 388 430 524 516 772 165
8 756 35 404 489 346 506 136 372
8 918 328 872 582 646 79 436 393
8 640 759 489 877 620 244 614 925
8 146 981 552 120 766 321 646 418
8 75 924 907 194 847 987 211 419
8 496 623 351 713 318 337 115 779
8 520 599 132 863 884 672 156 505
8 204 704 913 564 963 846 855 444
8 947 632 839 585 92 863 442 449
8 328 242 890 636 480 555 986 634
8 495 299 626 492 733 54 705 560
8 4 189 333 836 927 764 628 408
8 208 235 378 559 321 694 307 722
8 341 200 396 278 630 939 798 144
8 615 452 912 748 914 928 589 925
8 232 180 627 535 369 57 767 384
8 108 412 281 793 378 55 854 478
8 159 352 682 84 193 392 656 666
8 8 615 795 933 995 14 896 936
8 468 502 459 25 428 820 407 670
8 879 642 786 273 486 625 358 62
8 811 108 681 876 565 332 384 42
8 583 885 271 389 890 845 670 729
8 516 966 761 805 964 24 677 970
8 521 666 66 226 744 941 355 30
8 320 250 835 31 246 33 691 439
8 592 257 814 728 289 405 494 760
8 866 516 38 804 990 700 221 260
8 950 674 656 269 980 860 141 799
8 932 64 994 715 355 455 163 822
8 536 762 15 994 793 337 792 237
8 491 506 907 963 667 206 646 792
8 930 123 342 351 28 502 31 580
8 501 969 117 781 444 233 393 494
8 929 699 194 973 762 733 349 256
8 105 44 808 58 7 465 203 198
8 81 436 369 174 808 67 1 39
8 831 66 86 369 409 80 683 349
8 457 680 915 147 61 478 891 801
8 477 238 446 2 205 553 455 287
8 311 66 707 603 266 912 52 355
8 157 313 570 664 639 440 355 385
8 434 339 63 516 506 823 313 745
8 178 128 762 474 568 194 562 296
8 831 41 475 187 899 612 517 323
8 341 330 846 910 919 168 239 169
8 116 345 747 682 259 291 647 298
8 465 238 235 922 494 784 62 296
8 232 731 423 368 289 524 98 888
8 780 969 928 3 453 155 908 467
8 707 402 375 74 727 439 733 708
8 520 912 916 330 721 801 369 42
8 832 61 471 517 970 256 697 662
8 284 224 568 871 440 243 355 149
8 522 148 423 516 873 77 557 577
8 243 563 947 397 148 102 704 701
8 61 710 917 905 582 411 997 822
8 328 603 200 904 965 878 768 764
8 892 853 671 566 940 586 176 93
8 607 370 334 830 195 564 950 194
8 550 171 413 674 345 164 618 647
8 137 348 147 878 997 6 761 39
8 664 769 651 600 414 428 371 779
8 143 49 338 1000 123 188 779 479
8 199 122 556 769 226 36 425 963
8 204 68 35 882 846 599 604 318
8 352 269 311 986 523 235 836 708
8 311 724 40 813 980 401 906 139
8 667 23 102 941 204 453 560 542
8 361 439 403 868 720 407 574 152
8 849 994 303 302 148 682 420 201
8 157 696 946 339 783 507 252 307
8 160 474 890 950 853 758 869 1
8 132 513 354 561 436 731 304 441
8 532 518 241 711 808 850 423 286
8 892 847 992 210 782 515 293 652
8 157 600 796 322 523 641 697 548
8 951 170 268 753 111 661 103 855
8 250 470 837 185 711 124 168 113
8 698 157 630 575 721 823 740 620
8 951 605 550 489 751 661 836 309
8 460 320 226 603 984 142 520 845
8 232 534 320 777 47 621 768 531
8 575 656 650 135 269 733 435 473
8 763 934 651 706 374 981 925 366
8 518 470 179 829 180 859 12 355
8 637 449 785 63 731 93 416 562
8 900 915 347 768 353 1000 329 531
8 105 452 365 179 340 182 610 869
8 797 994 311 388 202 838 877 996
8 475 213 762 54 363 477 420 287
8 547 294 639 565 653 955 168 945
8 303 320 461 573 744 361 418 650
8 942 154 191 854 546 358 985 542
8 607 598 94 106 391 580 249 273
8 160 721 429 288 650 260 193 273
8 530 601 61 934 870 533 726 176
8 742 550 497 424 587 474 982 582
8 607 18 28 895 732 431 203 111
8 585 62 840 290 65 470 361 857
8 334 376 490 96 222 230 641 285
8 220 184 605 749 576 70 702 152
8 401 561 527 725 869 768 574 662
8 82 918 576 311 52 529 638 992
8 978 623 254 882 257 663 497 757
8 49 885 68 451 942 745 404 230
8 578 336 985 281 367 114 630 514
8 824 308 813 192 577 180 300 408
8 375 94 664 202 61 327 630 881
8 370 195 233 875 1000 568 660 753
8 934 335 482 710 835 538 199 970
8 698 775 859 885 530 441 386 309
8 157 449 233 66 57 996 610 138
8 821 864 106 739 251 554 759 21
8 157 200 829 242 373 704 63 898
8 803 679 973 411 718 117 386 89
8 879 288 475 657 175 270 138 431
8 380 73 556 738 186 840 647 385
8 789 539 713 109 784 447 265 881
8 23 108 319 786 916 665 630 136
8 520 980 745 355 644 555 221 848
8 88 911 225 737 419 425 435 217
8 843 991 873 651 41 814 583 235
8 487 756 983 803 906 503 295 419
8 917 956 733 924 522 397 689 972
8 108 810 700 226 33 171 616 62
8 592 181 185 563 463 622 565 405
8 452 592 587 412 286 794 510 716
8 604 655 958 390 744 337 456 258
8 573 695 574 546 754 80 594 469
8 452 106 962 65 218 684 136 908
8 157 200 475 14 285 509 555 264
8 550 232 736 798 284 906 656 655
8 374 653 104 58 290 801 607 466
8 334 462 511 585 930 877 222 113
8 831 951 19 665 55 906 392 62
8 831 367 802 303 46 498 196 574
8 259 332 11 16 925 206 964 42
8 340 375 715 40 114 321 384 790
8 140 334 679 5 292 761 270 363
8 824 369 931 910 710 93 258 823
8 34 873 603 482 703 581 577 835
8 483 621 99 387 83 55 711 591
8 41 545 598 520 155 492 829 760
8 603 159 876 930 842 164 75 469
8 723 426 310 870 654 857 244 717
8 41 338 634 719 203 700 809 221
8 487 294 437 204 959 561 194 316
8 745 602 721 727 682 43 97 604
8 518 751 63 257 583 551 588 591
8 212 556 199 215 665 304 450 779
8 500 148 40 651 801 878 263 214
8 281 617 303 47 606 569 315 52
8 830 184 183 69 11 777 477 869
8 328 377 360 840 182 743 652 881
8 780 25 114 966 916 24 430 691
8 200 671 830 420 326 236 820 144
8 226 222 682 675 443 610 32 687
8 912 920 566 373 915 231 936 628
8 851 350 795 330 983 942 57 652
8 520 374 135 735 936 72 408 898
8 490 183 329 102 104 252 649 246
8 237 106 69 71 177 571 38 136
8 936 771 839 339 544 227 957 255
8 518 184 963 215 165 858 30 473
8 472 967 583 463 712 327 418 893
8 278 472 536 968 362 893 386 473
8 615 34 802 568 554 255 230 246
8 411 500 161 510 503 174 987 258
8 629 541 724 54 66 695 100 610
8 275 460 395 280 986 87 961 62
8 880 867 557 777 517 1000 896 217
8 892 899 943 383 828 285 691 309
8 789 866 694 593 944 87 706 537
8 134 511 543 563 700 252 10 542
8 765 146 625 935 215 455 13 827
8 500 214 33 367 372 955 455 133
8 647 810 617 2 676 349 111 881
8 876 642 550 793 714 280 887 273
8 680 170 45 12 55 610 221 691
8 982 187 664 82 193 954 85 856
8 851 341 629 579 288 647 996 531
8 547 671 209 875 183 353 639 370
8 617 359 389 902 746 822 144 296
8 623 603 755 400 695 65 456 152
8 380 671 533 783 211 745 26 591
8 934 208 353 630 682 650 401 508
8 571 688 663 192 285 190 643 574
8 800 350 653 296 856 786 717 217
8 306 205 941 339 332 447 53 456
8 23 626 516 467 50 223 768 446
8 885 618 146 631 539 382 428 364
8 297 485 868 187 218 935 964 540
8 720 349 629 895 540 97 383 484
8 496 723 686 755 920 415 657 816
8 911 842 138 214 685 170 621 743
8 320 904 496 389 404 531 548 722
8 536 357 381 463 767 848 131 416
8 23 294 455 142 341 382 781 152
8 232 849 248 765 422 544 43 881
8 750 617 852 368 387 620 439 409
8 830 887 348 83 958 931 925 760
8 707 390 704 960 210 785 141 289
8 35 305 917 402 53 304 66 293
8 584 279 821 357 858 33 384 121
8 886 157 524 567 187 700 662 156
8 241 41 25 30 708 190 236 987
8 251 739 191 833 893 553 682 750
8 723 301 209 314 590 721 138 593
8 434 34 166 892 306 315 109 265
8 120 891 676 713 754 645 869 945
8 831 322 512 517 231 896 689 927
8 975 16 471 626 616 503 441 655
8 218 426 211 963 229 394 139 737
8 449 612 676 597 559 450 405 420
8 547 983 437 84 665 874 925 384
8 53 457 43 705 998 687 104 435
8 75 532 347 137 533 208 969 510
8 628 40 135 922 341 974 624 469
8 495 863 852 669 731 173 9 534
8 229 889 796 756 610 591 416 562
8 290 31 32 12 166 245 658 745
8 831 178 49 248 805 205 304 945
8 637 640 943 233 371 544 467 655
8 879 448 926 784 119 640 207 558
8 789 825 568 358 439 195 478 927
8 178 915 671 185 8 366 776 42
8 34 937 119 407 563 54 473 757
8 105 627 521 577 880 499 256 648
8 320 924 78 856 227 747 790 416
8 373 312 7 283 845 535 799 648
8 157 511 994 606 279 801 63 198
8 308 455 571 397 275 88 273 542
8 338 541 814 970 949 916 272 285
8 952 871 653 634 220 289 895 416
8 446 1000 678 22 645 401 165 270
8 461 516 671 524 290 329 799 709
8 582 376 872 996 651 805 602 221
8 330 781 624 527 613 961 201 562
8 453 164 449 767 933 33 662 691
8 592 988 439 332 660 399 429 151
8 762 864 171 784 318 150 654 505
8 371 766 634 455 10 261 439 732
8 240 950 810 623 115 333 421 779
8 434 387 200 108 46 426 567 945
8 191 880 579 113 340 683 574 927
8 929 594 933 589 631 714 658 89
8 34 143 735 319 667 738 998 510
8 245 59 629 423 920 913 10 444
8 77 374 795 2 215 820 463 454
8 147 376 286 926 163 103 976 416
8 762 214 171 183 576 538 568 555
8 259 224 4 628 665 150 786 559
8 423 432 916 699 585 164 732 701
8 825 370 356 819 58 343 378 425
8 166 128 904 195 606 353 683 456
8 759 804 29 61 66 752 428 473
8 988 539 395 20 824 985 330 572
8 301 824 471 960 862 954 610 9
8 604 901 545 240 391 379 927 779
8 623 902 882 41 163 561 534 298
8 377 668 75 823 314 353 21 818
8 931 418 795 65 462 926 153 764
8 618 771 904 526 533 153 963 156
8 101 575 705 166 145 136 202 25
8 101 513 854 406 569 553 997 652
8 34 133 832 394 710 998 970 721
8 482 587 137 187 997 300 589 363
8 13 600 180 964 333 207 17 316
8 383 789 262 52 418 939 776 761
8 533 937 759 73 658 819 175 927
8 958 41 432 472 629 882 30 277
8 777 579 99 229 14 565 222 127
8 512 22 194 477 788 208 773 714
8 543 353 903 966 436 194 787 163
8 686 585 883 185 479 602 908 17
8 461 814 955 193 78 958 161 757
8 27 765 684 792 790 420 622 131
8 674 130 75 299 102 533 791 867
8 132 730 112 963 624 372 32 1
8 70 51 679 504 690 352 291 799
8 400 97 892 804 387 797 326 17
8 452 359 345 578 758 11 145 198
8 38 403 944 114 310 299 612 690
8 598 551 395 271 70 595 116 144
8 461 982 710 358 331 546 628 647
8 315 539 589 261 202 397 378 103
8 304 326 5 448 137 709 701 60
8 413 547 866 203 814 530 221 662
8 967 35 698 934 53 925 362 881
8 671 693 579 606 707 867 970 107
8 861 369 383 315 727 786 548 425
8 297 741 671 118 406 439 180 151
8 543 495 69 984 242 872 688 484
8 75 331 557 50 659 65 441 103
8 268 577 477 168 113 785 747 687
8 914 92 475 721 171 579 875 784
8 676 284 45 371 789 325 675 593
8 918 803 195 345 454 894 622 916
8 472 154 917 481 686 429 289 657
8 19 29 782 622 663 988 444 456
8 295 688 267 903 989 412 708 898
8 266 667 584 203 617 93 997 362
8 744 56 889 689 884 186 533 784
8 723 375 875 905 348 494 596 113
8 308 751 403 129 916 850 902 248
8 786 583 849 581 339 551 895 654
8 434 125 651 319 878 715 828 307
8 680 389 820 712 629 350 739 43
8 603 322 991 983 423 510 913 117
8 22 623 159 82 366 732 447 509
8 338 356 65 203 583 231 997 601
8 597 530 523 535 507 775 666 217
8 460 668 263 758 720 56 24 706
8 325 94 780 46 118 787 754 39
8 671 770 185 388 240 463 768 919
8 512 380 23 123 786 515 426 745
8 969 488 962 404 465 281 888 677
8 543 578 75 251 391 965 555 273
8 365 576 912 637 290 859 65 316
8 839 37 27 669 299 248 997 165
8 197 19 55 549 45 812 497 537
8 578 91 2 968 214 532 726 687
8 285 88 458 930 262 302 450 687
8 651 821 51 171 167 294 889 752
8 759 242 799 543 385 465 817 767
8 824 143 798 988 602 82 5 717
8 636 550 736 751 3 408 888 757
8 468 483 821 591 31 161 737 419
8 795 613 241 338 870 121 93 258
8 512 96 959 345 608 9 847 136
8 811 889 789 882 318 186 664 296
8 452 243 62 341 321 33 67 384
8 27 909 703 780 361 369 257 89
8 438 320 472 511 844 907 480 717
8 170 457 369 658 555 493 260 431
8 452 308 187 532 569 226 711 198
8 584 500 707 61 402 579 818 410
8 800 338 851 260 934 423 97 739
8 176 229 177 233 937 82 597 257
8 178 334 619 877 466 944 26 109
8 134 125 230 481 529 193 670 822
8 956 536 167 728 553 369 260 996
8 472 284 937 267 25 818 138 95
8 748 885 530 396 738 62 835 761
8 500 481 682 210 620 607 255 750
8 101 967 575 108 120 280 985 441
8 50 892 493 863 165 221 121 264
8 966 771 715 169 98 845 743 815
8 637 602 150 11 255 509 552 595
8 703 644 27 960 3 451 181 394
8 241 33 765 372 712 665 542 107
8 684 526 471 611 25 938 948 875
8 432 913 64 371 907 816 758 936
8 940 997 917 181 195 191 228 39
8 359 271 382 867 124 936 277 217
8 686 347 492 367 56 912 338 588
8 373 301 102 61 783 510 965 261
8 321 375 2 12 36 787 433 30
8 943 658 698 457 626 925 455 300
8 625 65 758 112 567 725 265 89
8 250 734 179 977 665 955 725 144
8 297 328 522 471 930 916 324 256
8 157 624 845 916 3 148 43 580
8 777 158 155 87 302 281 215 144
8 824 516 239 979 546 941 738 752
8 452 297 122 837 393 583 888 560
8 452 807 349 917 646 3 207 716
8 513 993 77 803 459 937 298 265
8 34 884 932 437 66 809 557 854
8 587 186 202 793 514 377 775 431
8 204 477 967 406 254 185 720 80
8 776 940 858 891 549 998 888 89
8 360 392 991 611 621 3 998 792
8 400 381 231 349 717 173 163 246
8 842 371 911 222 71 619 910 787
8 269 960 863 414 261 738 806 366
8 504 142 594 934 60 772 429 168
8 310 184 137 279 119 373 285 955
8 179 857 110 870 21 992 963 960
8 328 533 579 245 590 318 919 89
8 892 161 905 711 779 317 858 945
8 861 234 348 960 12 694 89 548
8 204 189 27 125 334 187 841 931
8 492 235 791 705 539 421 718 127
8 61 577 461 470 636 397 386 244
8 912 283 640 579 582 964 767 848
8 455 610 625 378 286 799 906 300
8 424 592 272 566 335 729 417 287
8 668 930 637 48 459 822 666 326
8 889 485 229 830 445 582 478 298
8 491 106 443 324 354 439 337 115
8 521 254 205 530 728 997 149 927
8 224 842 29 546 404 614 433 717
8 351 202 638 636 902 314 827 658
8 880 723 932 339 338 327 610 809
8 380 770 872 404 499 52 753 408
8 902 802 142 710 726 614 787 542
8 968 749 695 360 877 414 980 977
8 984 908 621 742 632 749 755 652
8 50 744 46 854 166 411 354 473
8 105 563 690 814 740 805 312 779
8 259 211 293 630 206 661 249 816
8 766 921 69 938 97 583 851 473
8 34 460 731 792 351 634 486 776
8 308 348 821 609 708 206 649 857
8 951 391 578 104 253 719 323 48
8 547 680 344 600 994 454 729 620
8 498 413 222 777 279 348 193 405
8 7 682 358 744 631 627 333 754
8 278 170 557 613 703 534 208 881
8 50 250 304 694 478 746 533 648
8 570 826 623 937 731 240 374 898
8 756 733 657 983 967 310 586 300
8 460 197 483 904 712 243 125 420
8 763 99 347 174 406 113 313 531
8 78 319 403 587 954 527 965 562
8 951 449 497 313 111 89 296 172
8 867 519 574 1000 503 467 410 980
8 434 334 617 7 464 384 393 273
8 47 442 126 206 53 156 784 298
8 44 600 842 256 740 817 718 622
8 802 974 294 242 604 228 486 139
8 521 356 25 736 938 935 856 239
8 29 751 95 852 797 343 987 384
8 978 180 10 110 785 657 304 860
8 328 279 37 395 368 877 439 217
8 513 390 578 569 944 211 777 165
8 209 403 994 969 938 490 666 220
8 521 516 310 183 712 672 326 172
8 519 351 623 731 369 807 333 827
8 759 517 904 132 189 306 899 281
8 825 896 183 682 110 245 704 435
8 762 146 442 53 873 314 210 138
8 624 5 707 602 628 221 109 945
8 831 178 664 919 94 41 127 249
8 125 999 766 711 704 551 896 919
8 2 135 12 251 616 510 655 823
8 82 97 872 216 618 371 530 43
8 301 123 460 320 200 564 659 993
8 159 212 463 324 181 116 970 169
8 568 229 863 201 896 409 416 722
8 94 679 480 924 422 423 804 530
8 800 266 727 237 391 550 820 650
8 512 388 492 640 520 186 907 641
8 800 613 798 286 846 845 52 111
8 128 422 877 901 132 171 142 801
8 125 212 16 361 555 561 867 384
8 821 403 978 551 742 137 29 32
8 884 477 504 685 829 968 14 410
8 29 890 570 676 340 97 300 228
8 184 611 22 161 311 711 818 677
8 452 79 497 489 536 742 630 131
8 975 318 839 308 662 920 602 694
8 427 952 592 556 834 953 772 691
8 214 116 169 85 729 167 494 732
8 35 624 96 314 11 194 336 216
8 106 272 407 630 624 354 752 559
8 763 951 27 973 674 812 206 717
8 515 539 558 336 398 85 244 479
8 243 426 922 954 540 752 509 431
8 886 213 13 978 634 768 456 548
8 328 209 605 889 813 952 842 406
8 118 262 835 745 145 574 446 945
8 515 627 733 558 321 533 871 462
8 930 206 753 718 91 142 659 643
8 422 530 709 935 877 463 779 827
8 243 306 125 117 885 711 646 931
8 334 970 448 600 780 246 398 425
8 218 320 239 279 744 40 741 847
8 679 744 627 313 449 498 597 595
8 762 280 174 822 655 760 643 107
8 350 813 259 407 807 602 683 658
8 918 668 335 576 255 553 953 30
8 496 928 974 744 123 130 281 372
8 618 161 981 312 524 153 372 953
8 730 529 532 830 180 446 728 111
8 455 987 392 83 462 976 537 454
8 128 585 668 104 342 625 863 67
8 99 383 507 58 102 74 925 764
8 218 70 526 559 511 478 444 141
8 939 519 47 578 235 613 331 662
8 885 852 912 965 524 923 289 265
8 105 837 179 280 465 201 186 227
8 930 232 399 462 845 85 43 807
8 814 375 520 443 923 56 415 508
8 518 842 69 531 441 869 761 659
8 485 833 185 371 261 60 687 39
8 507 679 796 608 18 892 291 425
8 811 995 673 865 137 972 420 225
8 932 451 669 318 227 564 206 658
8 525 12 271 369 314 236 253 708
8 568 31 386 772 196 883 176 393
8 94 806 150 360 166 606 869 151
8 288 973 186 610 373 731 531 950
8 432 723 955 718 188 850 711 60
8 166 278 234 102 839 456 416 418
8 432 853 278 813 162 937 127 225
8 105 843 47 693 901 22 2 590
8 442 866 268 272 390 86 923 955
8 759 763 789 713 437 484 531 955
8 603 127 490 407 998 791 217 881
8 821 496 632 78 974 210 394 441
8 274 590 411 407 775 438 74 207
8 73 581 397 240 329 347 221 945
8 947 399 976 862 868 356 398 505
8 322 943 645 867 364 203 340 484
8 250 821 932 210 109 292 860 799
8 359 51 455 933 71 206 559 198
8 483 69 877 249 856 257 647 244
8 200 276 406 554 569 290 399 353
8 897 935 323 608 998 130 330 418
8 853 82 743 259 24 622 115 815
8 758 345 399 445 812 683 372 614
8 284 464 416 345 968 64 89 265
8 759 709 511 975 230 704 697 893
8 350 480 520 859 269 227 933 754
8 770 516 407 494 115 659 544 396
8 354 83 692 718 524 369 80 366
8 873 429 947 250 267 428 533 217
8 495 125 969 231 375 463 385 641
8 86 48 120 893 1000 622 945 141
8 600 783 587 564 275 446 136 384
8 189 263 278 516 448 971 948 895
8 422 106 668 175 215 386 767 993
8 371 520 338 368 859 703 392 17
8 918 696 907 155 247 969 353 65
8 575 668 61 227 55 882 56 986
8 75 64 129 813 300 555 431 827
8 15 963 396 4 426 617 261 446
8 440 921 999 693 278 734 331 687
8 496 699 937 453 433 185 965 447
8 154 723 929 521 208 335 258 716
8 158 34 359 146 544 574 372 6
8 495 286 741 942 349 20 494 778
8 624 511 718 813 865 171 198 392
8 106 839 947 247 975 448 224 441
8 380 140 840 16 114 862 45 672
8 70 950 868 199 98 299 857 220
8 51 280 329 861 292 855 60 17
8 255 616 902 632 224 100 647 881
8 608 681 377 233 559 645 817 717
8 290 756 594 348 589 386 925 881
8 157 388 539 976 756 981 638 390
8 821 810 164 278 666 196 836 109
8 73 723 406 523 126 503 401 280
8 306 180 827 586 737 622 433 510
8 284 177 639 705 5 38 123 17
8 15 41 922 440 824 994 37 742
8 68 403 363 253 97 53 138 508
8 521 10 894 325 12 729 363 591
8 600 8 259 123 279 260 5 244
8 748 605 46 268 815 420 316 165
8 552 959 981 983 13 913 619 722
8 390 247 794 158 229 543 594 441
8 886 301 274 145 736 939 614 877
8 160 783 457 559 81 586 750 138
8 592 812 287 498 37 576 795 418
8 674 205 783 274 14 719 586 593
8 128 952 842 440 709 540 787 649
8 427 242 284 769 626 441 859 104
8 102 769 247 411 508 219 17 888
8 272 513 344 673 410 110 65 419
8 651 11 399 746 57 3 42 236
8 886 174 373 979 896 499 454 307
8 160 70 449 403 612 721 650 980
8 606 737 756 95 92 588 332 469
8 77 480 459 828 215 281 805 343
8 200 853 281 175 20 93 473 76
8 186 866 909 561 893 298 420 265
8 838 892 901 154 728 214 188 509
8 852 128 125 387 78 416 782 95
8 267 769 692 937 371 593 141 95
8 49 833 409 935 51 959 868 456
8 132 749 765 832 369 884 406 562
8 471 308 969 983 765 828 76 221
8 654 278 651 625 395 235 860 534
8 759 308 567 27 464 376 669 601
8 56 180 684 742 840 55 675 998
8 500 44 674 364 87 622 619 588
8 865 224 715 260 230 775 300 115
8 800 328 666 617 861 558 237 553
8 105 842 197 205 414 875 107 217
8 800 170 268 137 274 62 147 799
8 886 623 350 409 607 926 809 109
8 29 349 618 338 435 865 354 610
8 994 832 992 866 443 357 447 764
8 813 829 246 166 675 767 987 858
8 507 86 756 606 695 87 134 941
8 769 564 279 861 201 801 589 393
8 27 928 424 651 794 52 245 282
8 718 146 619 162 690 202 552 510
8 937 348 904 522 632 243 370 760
8 458 484 663 553 987 747 163 417
8 328 458 909 585 498 155 977 307
8 901 284 897 660 589 249 309 246
8 679 603 31 400 805 858 229 972
8 319 518 481 999 821 635 156 510
8 138 774 11 571 392 814 175 953
8 521 333 829 311 340 73 216 417
8 990 904 201 142 260 253 628 574
8 731 571 966 655 497 235 902 509
8 766 120 222 653 499 91 394 546
8 429 727 525 617 938 834 95 43
8 14 824 578 939 437 924 741 304
8 876 523 471 9 392 540 716 494
8 884 388 481 162 592 116 260 228
8 360 829 341 344 744 823 493 97
8 189 910 113 717 650 666 109 562
8 842 929 849 82 142 841 53 343
8 119 611 497 195 69 71 355 620
8 587 337 25 749 201 149 443 540
8 146 400 533 123 20 269 110 165
8 204 515 890 119 176 927 913 262
8 449 336 734 111 354 658 258 927
8 15 917 497 621 915 418 111 558
8 345 41 204 262 980 394 156 687
8 18 160 491 530 783 65 920 225
8 350 620 988 930 360 331 509 32
8 459 969 947 890 47 963 270 256
8 763 424 242 247 897 785 84 760
8 547 840 669 51 631 6 466 898
8 741 545 151 531 5 440 9 378
8 44 695 538 578 973 775 540 494
8 929 876 846 958 583 867 895 300
8 376 422 515 92 55 139 895 198
8 380 359 538 186 999 321 161 17
8 575 874 305 413 617 563 84 473
8 941 711 353 147 50 823 494 109
8 710 609 545 287 821 556 488 246
8 730 104 820 590 911 176 211 6
8 118 311 526 373 786 959 534 172
8 780 917 40 712 71 604 145 549
8 872 2 379 498 392 502 139 509
8 937 364 294 453 167 758 417 484
8 142 52 638 223 810 894 979 805
8 561 113 680 81 321 366 462 996
8 436 699 367 347 806 43 368 314
8 862 699 234 740 136 791 593 425
8 69 795 874 847 600 561 527 848
8 460 952 578 274 793 278 874 567
8 772 278 422 777 426 652 602 387
8 573 626 526 503 705 90 42 313
8 660 278 933 907 743 440 602 93
8 262 907 954 338 213 656 609 945
8 86 802 49 567 400 251 910 505
8 912 389 339 676 705 63 43 914
8 182 520 583 544 530 155 445 931
8 547 129 682 356 556 950 523 309
8 987 669 862 322 746 211 467 939
8 195 579 875 571 173 509 633 534
8 340 305 701 229 708 383 923 12
8 651 900 668 522 138 281 330 314
8 979 366 570 104 362 100 196 628
8 678 391 686 191 158 986 81 280
8 157 988 903 546 387 321 410 628
8 831 240 738 6 625 366 652 834
8 68 46 616 641 955 116 683 722
8 944 673 870 833 859 50 270 31
8 394 310 960 356 661 827 264 228
8 843 521 642 254 383 878 450 881
8 180 70 949 701 371 284 925 419
8 101 602 564 520 924 437 411 820
8 929 621 952 634 163 141 752 252
8 378 248 382 187 449 634 263 270
8 558 99 973 367 882 916 567 816
8 488 862 563 87 619 645 386 219
8 693 874 968 208 708 647 67 109
8 765 623 523 690 781 32 760 548
8 866 837 862 720 182 961 701 431
8 97 990 664 492 145 801 463 246
8 736 381 793 184 10 962 114 530
8 645 492 14 205 981 546 704 739
8 615 375 263 480 737 6 362 296
8 502 541 140 387 540 562 244 691
8 431 723 851 50 199 653 902 366
8 48 73 541 863 436 141 856 76
8 864 389 352 502 572 631 11 465
8 101 184 789 775 450 934 315 348
8 277 41 812 759 675 317 74 540
8 826 437 501 194 821 995 201 562
8 590 671 34 859 525 372 221 109
8 605 772 239 604 224 317 735 986
8 403 810 644 182 387 315 227 945
8 780 311 315 159 195 865 287 963
8 959 145 61 590 931 78 163 722
8 501 712 933 536 863 169 219 277
8 496 912 829 758 194 993 533 792
8 536 235 13 21 906 270 456 677
8 680 676 49 638 231 394 136 206
8 800 496 77 336 199 846 314 447
8 959 686 922 535 248 706 612 431
8 773 280 451 598 531 287 176 408
8 789 392 604 846 37 727 17 484
8 134 712 937 695 98 10 591 165
8 294 590 336 631 216 781 728 83
8 905 379 58 842 755 237 986 256
8 636 857 999 402 587 690 135 277
8 907 826 839 5 85 124 968 846
8 61 231 854 781 477 314 591 307
8 413 464 998 208 536 374 261 798
8 793 783 158 50 480 534 435 172
8 157 376 771 818 243 383 188 32
8 16 570 727 116 654 270 540 760
8 250 435 506 933 285 294 923 273
8 785 990 541 876 81 991 834 665
8 706 710 555 635 228 649 298 677
8 132 653 282 807 168 362 683 309
8 861 625 982 110 304 531 244 654
8 933 692 349 904 887 288 906 537
8 696 194 189 918 846 251 595 293
8 465 148 130 185 758 858 561 420
8 530 279 721 992 484 256 198 722
8 966 181 667 876 467 287 138 822
8 969 232 538 40 596 366 790 768
8 900 623 288 31 650 361 635 633
8 567 979 596 174 243 785 17 258
8 794 932 692 336 856 187 175 580
8 200 448 418 18 578 384 775 531
8 305 46 506 926 970 74 139 779
8 952 623 774 930 947 860 861 641
8 541 347 644 61 721 225 84 823
8 128 994 61 19 63 319 875 878
8 734 909 965 863 658 95 26 265
8 212 345 632 610 356 892 903 462
8 205 547 671 187 942 99 25 954
8 831 494 950 302 823 340 649 1
8 789 276 413 262 944 820 709 45
8 15 50 611 470 520 634 74 444
8 301 909 844 158 325 698 83 530
8 991 766 748 915 179 410 24 385
8 94 680 790 117 134 551 676 324
8 414 475 71 147 788 13 691 894
8 404 272 939 619 983 942 325 654
8 584 640 833 386 215 97 203 560
8 952 625 698 561 739 803 609 858
8 437 474 898 939 894 608 418 441
8 584 730 344 653 387 846 722 282
8 771 518 849 41 878 269 256 767
8 27 375 4 294 832 18 286 602
8 342 933 373 242 80 751 595 548
8 995 134 329 357 10 484 228 172
8 46 280 369 426 787 925 537 408
8 36 134 879 736 546 566 662 895
8 155 218 160 833 692 882 113 220
8 973 495 241 254 1000 949 85 531
8 978 13 196 248 656 203 697 542
8 162 429 599 373 202 96 243 884
8 177 642 439 164 311 596 447 217
8 915 793 606 589 725 1 548 469
8 990 396 715 390 293 670 846 724
8 118 578 524 785 795 290 908 62
8 825 536 766 598 125 45 48 141
8 956 351 892 202 504 833 230 384
8 728 913 257 725 124 523 115 589
8 797 921 458 211 73 714 156 784
8 297 225 717 412 845 285 494 211
8 305 241 601 312 989 786 523 981
8 487 587 229 953 14 559 607 1
8 395 492 532 286 885 33 260 479
8 197 250 500 785 801 904 113 758
8 520 108 57 99 379 480 151 469
8 892 826 499 267 259 182 734 444
8 776 373 516 442 119 532 809 607
8 617 191 51 103 738 957 888 744
8 866 284 389 424 337 489 768 697
8 54 430 406 275 336 709 610 428
8 422 232 859 200 928 882 658 228
8 334 61 261 588 660 645 123 89
8 59 41 699 214 387 891 385 997
8 642 699 707 535 195 683 985 493
8 472 333 428 420 519 829 976 822
8 209 871 709 939 530 395 230 190
8 978 804 339 433 110 509 190 927
8 879 370 135 741 568 59 245 971
8 153 899 597 77 668 170 795 922
8 279 164 365 53 709 970 938 326
8 98 205 20 350 268 934 563 466
8 513 705 999 185 40 391 815 542
8 796 942 920 729 726 922 293 486
8 28 38 466 223 405 750 131 316
8 375 295 711 875 640 330 80 926
8 960 158 202 58 751 424 168 562
8 550 707 515 96 538 123 387 985
8 377 70 874 743 646 89 923 258
8 345 8 889 950 602 893 456 761
8 471 326 942 804 778 706 252 752
8 303 241 287 390 400 565 883 809
8 101 500 930 795 761 719 965 165
8 278 631 636 21 269 624 341 42
8 129 834 810 168 940 672 418 809
8 513 550 337 690 832 362 827 722
8 328 160 603 739 353 486 30 131
8 769 640 322 125 681 46 613 163
8 197 471 981 864 774 11 133 827
8 683 775 741 785 372 502 179 313
8 501 79 470 981 98 922 768 662
8 73 315 989 245 511 261 902 953
8 476 413 224 564 285 77 582 273
8 811 8 664 46 703 749 467 196
8 84 563 943 933 690 126 151 95
8 483 807 474 20 529 292 725 273
8 711 46 12 979 188 362 654 260
8 518 688 113 90 714 646 602 750
8 1000 489 851 204 631 613 382 614
8 518 699 485 367 422 529 829 358
8 545 883 740 457 36 61 662 447
8 434 424 242 941 249 669 415 687
8 544 513 545 632 955 235 641 764
8 621 22 590 121 267 367 552 745
8 804 842 112 49 797 166 401 725
8 547 625 229 392 893 241 52 670
8 780 8 994 86 235 103 697 622
8 943 644 926 613 222 622 479 217
8 495 812 40 356 765 727 60 858
8 994 794 485 98 737 389 66 881
8 132 49 860 339 276 145 13 156
8 289 160 592 905 189 892 899 552
8 268 132 212 270 84 48 596 972
8 146 339 159 814 374 854 838 479
8 128 844 751 327 111 670 509 425
8 539 626 329 718 641 454 670 652
8 31 30 378 769 588 289 791 76
8 964 241 564 509 589 167 716 152
8 158 615 517 40 377 392 665 244
8 909 600 773 685 291 78 43 709
8 160 215 514 606 739 67 523 358
8 824 532 515 368 609 661 898 211
8 209 483 485 904 781 906 220 152
8 636 399 374 5 423 672 264 1
8 427 585 206 979 397 314 55 245
8 668 685 695 808 527 90 211 895
8 668 532 428 902 596 722 925 609
8 15 375 686 655 13 17 574 152
8 352 23 64 627 558 74 622 687
8 902 461 959 69 953 188 366 435
8 730 756 247 441 944 317 700 486
8 310 563 200 762 81 322 441 408
8 224 275 99 120 645 936 733 691
8 680 975 79 81 88 571 292 121
8 918 395 835 948 610 149 45 691
8 200 698 958 312 703 704 588 977
8 102 890 347 214 186 610 709 750
8 516 789 464 82 66 88 768 17
8 269 852 69 459 841 389 643 652
8 812 119 873 642 681 386 972 927
8 178 695 184 238 791 135 983 256
8 904 436 541 306 612 50 251 665
8 70 159 984 988 974 182 255 302
8 268 578 112 88 856 394 540 244
8 605 492 13 996 181 765 331 760
8 350 162 961 739 104 784 298 761
8 770 405 599 417 477 148 123 972
8 259 624 943 290 274 87 354 425
8 83 8 315 102 546 585 100 732
8 947 889 194 782 543 176 493 752
8 794 241 77 812 685 120 397 749
8 828 170 295 481 225 38 561 379
8 424 847 306 66 605 771 389 113
8 912 461 830 258 185 113 88 857
8 387 423 503 931 188 858 595 654
8 452 137 605 899 498 87 694 329
8 843 436 780 232 958 383 572 836
8 974 986 518 87 666 168 638 898
8 160 347 876 748 96 813 141 183
8 297 63 327 497 892 559 913 936
8 21 268 830 655 793 395 17 537
8 151 35 381 624 46 299 906 78
8 707 487 640 656 608 725 555 264
8 186 900 185 489 565 226 1 716
8 328 692 519 847 323 385 363 976
8 736 568 832 262 249 877 80 433
8 68 291 215 799 244 221 633 277
8 592 948 134 550 233 746 277 633
8 811 766 627 134 342 599 156 478
8 865 950 400 364 78 90 450 32
8 951 688 872 797 288 180 492 424
8 918 967 387 628 156 514 895 121
8 37 364 637 507 928 211 732 144
8 44 738 833 713 805 530 822 107
8 973 200 698 97 669 192 318 702
8 911 907 935 237 18 37 761 87
8 547 177 72 515 786 447 384 691
8 849 566 86 833 602 340 639 855
8 352 680 603 186 753 312 53 103
8 101 918 832 522 329 813 239 369
8 279 399 212 84 70 318 609 685
8 15 918 941 773 672 115 312 764
8 75 994 669 852 286 740 139 509
8 878 527 365 347 529 887 503 217
8 774 200 663 754 41 390 888 6
8 983 844 40 88 641 792 919 888
8 16 324 775 958 773 710 480 881
8 831 664 714 971 59 265 217 76
8 361 899 731 58 609 418 722 881
8 671 984 36 61 838 421 913 130
8 831 866 603 21 871 311 772 721
8 191 578 824 613 92 576 394 366
8 615 334 342 251 916 971 799 198
8 491 876 698 81 620 338 639 467
8 179 406 861 889 53 329 168 726
8 831 29 330 971 916 396 110 265
8 381 680 946 533 785 983 493 446
8 789 519 8 995 353 254 337 534
8 495 312 23 813 150 708 586 425
8 813 929 337 564 145 392 26 537
8 44 498 112 375 912 259 236 799
8 944 380 879 504 635 225 790 923
8 627 105 471 391 331 855 566 750
8 826 406 861 621 683 631 401 393
8 49 830 511 398 661 401 379 430
8 105 578 414 403 490 595 919 296
8 536 749 33 974 91 982 366 717
8 308 833 422 143 746 983 113 418
8 297 821 340 485 986 567 223 509
8 963 177 783 406 861 429 894 346
8 154 683 92 595 393 562 121 548
8 208 467 360 736 51 666 997 121
8 984 699 235 684 412 565 555 447
8 789 623 135 516 874 986 398 265
8 806 12 533 103 25 239 296 273
8 620 212 19 367 213 428 753 555
8 70 525 940 829 655 433 555 296
8 242 679 208 950 855 293 846 757
8 766 424 862 988 801 987 997 910
8 356 845 896 706 258 574 293 548
8 696 20 272 914 870 614 896 63
8 892 890 550 851 214 677 896 363
8 487 842 979 387 942 335 312 722
8 110 901 718 167 793 215 304 316
8 819 247 693 334 426 176 107 172
8 250 463 861 73 84 759 257 264
8 886 933 984 278 700 90 855 103
8 511 763 618 400 519 90 722 198
8 105 72 276 967 600 721 325 648
8 517 294 422 485 955 174 79 366
8 194 402 988 396 287 561 441 898
8 831 723 825 582 944 474 568 893
8 457 112 381 965 485 82 838 531
8 568 899 958 586 767 643 633 131
8 15 734 477 368 588 801 971 958
8 680 571 350 918 765 179 256 560
8 796 999 599 942 450 594 823 316
8 573 699 409 520 166 697 246 548
8 590 157 280 820 141 663 877 444
8 460 319 896 332 821 227 507 996
8 617 754 519 922 995 437 414 201
8 988 205 982 122 657 929 961 60
8 873 500 428 180 906 676 960 354
8 905 578 758 273 130 761 372 249
8 512 403 100 964 404 9 539 633
8 209 269 995 360 530 80 441 562
8 825 311 957 369 466 568 267 165
8 208 15 674 437 373 768 582 430
8 178 865 497 247 185 755 161 996
8 921 143 501 917 973 167 691 244
8 805 150 238 820 318 281 362 107
8 679 797 842 930 992 828 296 433
8 844 91 481 581 341 538 423 656
8 20 410 502 61 279 928 665 407
8 887 576 543 367 63 287 433 431
8 351 724 981 706 616 870 658 84
8 511 515 663 39 171 635 300 42
8 276 38 111 980 387 249 559 647
8 328 862 334 322 177 312 376 2
8 2 564 235 823 282 264 697 203
8 723 532 618 96 143 288 836 354
8 598 4 872 546 594 931 647 752
8 443 51 999 267 536 72 420 764
8 907 956 68 521 832 511 993 66
8 328 629 374 427 180 389 796 277
8 671 218 4 625 698 806 400 60
8 34 773 348 910 614 421 6 722
8 775 470 3 572 355 855 32 817
8 477 636 715 340 835 466 479 260
8 274 230 590 651 185 503 593 90
8 73 942 164 387 829 239 126 888
8 426 398 518 36 192 616 935 174
8 840 16 455 426 935 193 139 62
8 134 907 830 502 348 370 797 923
8 460 347 989 333 745 463 316 76
8 57 887 766 190 910 665 555 760
8 392 679 143 776 471 544 165 652
8 334 489 718 920 880 606 665 662
8 342 400 332 403 374 807 330 454
8 843 15 518 960 27 251 808 574
8 231 644 369 18 347 21 580 906
8 91 765 154 66 588 211 993 309
8 125 735 774 418 540 906 725 109
8 500 297 130 122 381 423 210 429
8 911 238 69 497 376 51 84 610
8 699 689 284 989 979 515 708 560
8 427 651 102 428 741 370 13 48
8 19 797 982 524 382 318 362 729
8 824 301 980 597 291 535 2 139
8 516 41 197 234 814 914 712 633
8 892 530 506 393 169 792 505 109
8 46 920 373 782 284 808 720 456
8 349 226 96 731 159 989 814 245
8 23 592 35 918 410 676 914 514
8 449 451 63 558 315 66 318 743
8 476 822 733 3 744 354 646 217
8 691 696 519 280 115 271 285 729
8 23 539 991 267 810 584 257 428
8 259 187 579 850 62 151 233 479
8 897 197 476 852 381 223 470 252
8 75 877 389 686 854 810 261 13
8 73 859 851 841 785 442 559 282
8 688 452 213 948 586 405 588 927
8 623 263 278 612 21 567 429 728
8 128 946 550 79 254 947 895 221
8 730 802 665 132 861 193 914 659
8 547 241 200 142 96 317 138 372
8 451 376 959 688 55 677 731 822
8 632 303 374 608 175 772 494 972
8 683 915 940 325 893 394 62 534
8 157 974 501 147 815 48 643 827
8 146 271 269 728 88 566 611 150
8 350 929 893 661 438 405 362 702
8 575 69 476 271 465 657 30 386
8 864 355 119 836 554 69 28 201
8 452 571 269 496 795 631 24 775
8 975 464 351 885 114 110 67 717
8 521 653 495 766 625 818 1 697
8 154 254 569 682 74 315 604 702
8 603 984 892 31 667 91 614 444
8 155 528 58 976 231 239 855 217
8 525 342 962 664 103 803 243 531
8 272 387 903 790 599 504 190 857
8 948 108 917 29 377 922 953 285
8 934 375 623 20 775 133 169 198
8 120 640 859 744 639 150 779 486
8 933 47 563 369 629 661 302 349
8 501 271 521 671 470 124 873 648
8 301 328 485 239 272 558 841 505
8 47 400 808 422 57 877 58 165
8 651 82 290 28 492 736 505 42
8 204 866 788 586 337 856 659 596
8 978 216 747 510 992 706 537 219
8 615 7 590 240 243 164 78 130
8 833 102 340 327 926 147 628 697
8 191 344 454 497 342 281 613 533
8 449 184 73 15 164 404 151 55
8 320 516 566 108 406 98 475 497
8 34 78 436 958 515 923 74 408
8 576 98 807 338 310 729 613 870
8 340 157 505 568 50 304 798 317
8 70 405 61 569 112 378 479 39
8 209 79 232 693 766 474 728 836
8 715 571 191 775 210 261 561 784
8 577 485 377 475 926 613 958 657
8 696 527 893 954 662 139 473 764
8 368 547 756 617 87 127 972 764
8 241 205 989 793 124 479 198 296
8 693 134 630 993 510 133 499 107
8 349 44 935 934 715 429 753 161
8 234 603 143 79 954 715 448 100
8 101 826 651 80 93 81 776 488
8 466 331 934 790 203 786 313 809
8 951 683 18 882 355 389 609 410
8 94 627 25 56 534 466 972 109
8 649 56 439 931 430 362 221 300
8 748 396 928 999 677 13 621 588
8 458 359 685 859 192 576 788 393
8 901 222 577 629 566 509 252 809
8 693 968 322 245 99 168 708 838
8 744 212 402 405 767 317 552 670
8 495 996 910 10 914 251 891 857
8 990 253 216 489 410 725 24 408
8 47 94 338 985 714 214 616 317
8 495 840 315 295 818 332 366 702
8 375 872 454 295 606 425 957 906
8 359 795 742 57 182 562 161 580
8 507 569 676 882 786 363 565 478
8 559 801 355 377 776 235 92 480
8 624 523 929 962 267 588 591 761
8 157 184 617 4 788 656 52 152
8 907 755 453 758 597 88 456 430
8 160 268 425 529 996 26 363 647
8 671 356 439 922 428 902 609 619
8 474 154 170 162 829 873 902 394
8 218 663 342 394 480 893 544 972
8 985 250 952 895 167 396 670 203
8 328 125 563 559 672 979 738 165
8 885 579 844 871 274 920 700 977
8 512 766 507 711 404 790 236 277
8 432 612 535 425 355 505 211 416
8 963 162 233 767 244 505 643 764
8 696 824 158 418 666 752 775 747
8 807 334 759 973 613 248 589 317
8 50 799 866 483 561 56 588 358
8 134 520 485 329 337 369 675 430
8 10 549 210 443 25 219 591 484
8 182 94 720 506 712 368 478 245
8 334 526 4 940 187 601 30 893
8 195 153 279 374 664 974 850 397
8 184 679 238 13 55 877 10 537
8 640 795 168 11 173 535 58 841
8 830 771 266 870 251 806 235 431
8 328 674 382 103 205 95 733 1
8 334 519 527 262 179 861 531 260
8 148 991 451 494 652 37 386 217
8 59 635 545 885 136 454 48 716
8 693 87 192 780 981 920 788 196
8 481 345 640 915 352 97 62 580
8 843 605 472 984 50 36 136 834
8 800 835 482 319 660 524 409 358
8 191 335 797 912 609 678 76 658
8 547 413 398 897 949 502 565 171
8 886 388 98 878 443 92 818 543
8 209 536 350 532 583 321 394 172
8 973 400 247 520 682 714 764 109
8 92 467 728 368 176 349 593 945
8 472 94 983 968 275 215 515 203
8 474 814 294 41 36 674 256 659
8 333 275 517 607 192 100 666 141
8 769 58 75 477 342 560 551 144
8 134 696 794 179 369 743 596 1
8 598 360 120 424 589 667 85 691
8 351 424 512 325 176 50 531 190
8 990 940 268 249 18 304 860 172
8 432 511 571 348 923 324 895 246
8 759 930 297 598 940 163 417 419
8 272 956 123 412 828 929 183 971
8 305 338 28 741 58 270 533 156
8 696 623 563 357 773 888 996 553
8 338 686 112 343 538 355 559 302
8 187 410 937 891 409 7 110 888
8 274 338 158 590 361 210 174 652
8 863 286 266 134 36 449 557 574
8 459 287 707 975 262 31 936 156
8 80 812 685 837 210 202 591 560
8 698 407 460 435 525 590 423 317
8 487 154 38 248 193 316 785 799
8 105 160 938 874 467 607 384 6
8 134 617 589 978 492 248 754 289
8 351 269 299 11 710 718 206 661
8 686 468 788 168 706 613 420 977
8 365 477 748 861 806 99 955 647
8 546 268 960 366 313 317 955 857
8 79 889 915 794 734 894 755 6
8 780 619 439 959 588 649 206 593
8 748 965 948 390 65 963 26 264
8 308 485 180 330 325 898 997 53
8 577 353 175 140 924 777 630 95
8 662 968 987 440 117 543 385 659
8 876 163 735 26 382 18 798 67
8 830 795 463 164 85 647 588 537
8 788 369 191 290 176 540 264 228
8 934 388 143 20 373 383 183 803
8 689 783 415 28 630 63 317 574
8 68 694 90 446 32 425 228 687
8 798 128 879 514 53 145 405 643
8 301 119 646 376 259 375 701 531
8 762 134 303 313 299 960 908 755
8 763 491 615 458 263 129 985 774
8 500 559 833 655 888 441 856 42
8 472 459 975 870 572 312 747 42
8 671 577 467 588 954 601 42 542
8 184 929 96 272 475 263 986 366
8 327 969 686 433 838 726 131 888
8 459 912 899 768 1 455 430 643
8 736 958 150 883 148 168 296 469
8 180 297 340 952 756 462 494 97
8 769 195 453 713 437 986 509 863
8 785 349 969 295 546 165 3 486
8 728 851 503 990 233 704 719 542
8 966 128 842 503 729 754 537 809
8 259 771 885 477 851 111 761 405
8 723 395 839 339 897 571 10 103
8 368 477 718 114 850 954 652 384
8 451 373 459 960 737 273 817 553
8 40 892 723 657 315 10 484 972
8 455 994 513 427 368 893 255 10
8 796 359 849 422 343 860 654 107
8 814 948 933 996 324 445 919 326
8 578 676 143 796 340 962 97 633
8 918 427 598 19 322 674 115 285
8 615 947 520 588 907 793 561 997
8 49 606 755 388 59 471 91 256
8 831 350 952 579 206 168 227 346
8 811 749 864 676 366 718 104 596
8 474 794 685 186 642 100 149 172
8 886 134 851 889 835 158 882 557
8 766 155 35 694 867 64 393 702
8 802 603 604 974 847 389 641 192
8 844 75 73 773 251 954 767 593
8 496 812 950 51 526 630 291 836
8 765 690 449 176 708 499 488 428
8 227 571 205 78 896 936 745 691
8 279 730 396 962 582 506 415 729
8 432 445 356 958 945 317 277 534
8 345 775 884 940 644 991 445 761
8 879 22 639 299 579 690 751 980
8 212 388 839 867 194 692 299 225
8 718 380 994 541 360 29 348 978
8 984 272 579 749 341 103 562 115
8 187 741 587 339 782 7 871 436
8 793 640 679 930 200 814 613 714
8 642 142 119 69 347 31 860 858
8 886 64 938 660 399 80 870 425
8 530 894 231 792 836 339 455 551
8 339 155 937 663 564 340 258 817
8 754 982 358 827 321 206 652 273
8 105 414 55 333 780 262 10 318
8 904 64 353 412 142 43 754 791
8 908 202 148 440 194 343 675 548
8 200 805 532 962 9 441 246 560
8 681 904 250 710 318 908 646 758
8 68 250 889 351 170 620 100 555
8 912 842 880 98 989 878 74 701
8 696 956 905 202 754 113 257 277
8 314 995 640 713 57 72 841 190
8 901 806 357 395 576 371 808 809
8 879 526 492 902 601 121 510 562
8 487 515 432 134 845 494 622 716
8 96 900 55 931 565 273 609 722
8 763 422 205 54 147 465 792 454
8 952 485 828 477 659 237 329 694
8 335 413 448 92 409 846 366 469
8 794 305 243 509 465 245 277 716
8 821 283 205 264 296 863 124 30
8 512 485 440 867 146 555 851 670
8 34 592 522 758 939 148 237 235
8 966 698 36 880 291 840 428 43
8 831 79 696 859 781 480 282 152
8 840 442 305 118 143 511 266 891
8 521 125 304 564 923 370 342 744
8 956 864 602 696 361 942 809 677
8 518 990 929 597 61 498 421 860
8 829 744 993 841 312 672 506 752
8 168 245 506 391 249 635 401 261
8 837 82 199 129 974 950 734 60
8 934 584 837 975 66 323 903 936
8 352 327 281 711 107 691 156 309
8 310 323 357 33 806 31 767 580
8 184 567 930 876 514 456 326 298
8 22 825 929 451 850 306 215 717
8 245 445 448 229 461 561 706 321
8 637 984 35 589 785 846 119 546
8 305 395 500 158 426 237 465 78
8 624 41 957 985 801 559 754 848
8 630 956 518 283 706 888 817 732
8 900 241 125 862 294 402 913 13
8 314 585 711 243 709 641 784 17
8 900 564 262 361 957 552 374 716
8 360 263 579 31 758 127 628 697
8 332 759 604 736 878 162 3 321
8 587 275 404 204 304 56 290 307
8 901 973 341 83 775 530 167 750
8 680 271 871 803 113 706 608 441
8 804 218 474 445 306 639 469 662
8 432 866 68 137 961 939 397 687
8 266 990 125 611 336 883 761 708
8 204 299 852 924 173 211 534 580
8 365 899 142 657 705 649 807 95
8 993 429 288 751 868 986 588 416
8 821 813 515 572 317 150 52 815
8 748 864 695 126 755 619 996 537
8 59 586 82 719 553 880 42 562
8 864 515 333 803 936 607 407 144
8 843 584 1000 68 411 65 386 745
8 360 628 846 62 103 309 815 109
8 920 801 492 918 746 196 225 265
8 590 86 592 712 144 735 848 614
8 686 371 585 726 506 312 6 919
8 918 106 208 632 205 954 180 601
8 500 525 852 707 736 265 206 996
8 449 292 248 153 453 439 245 722
8 7 437 834 364 150 90 562 927
8 759 475 775 664 140 391 455 964
8 796 310 47 741 210 868 38 656
8 195 723 517 476 955 867 531 416
8 603 862 819 657 478 40 958 183
8 218 234 627 781 835 735 465 131
8 501 457 61 166 425 354 235 258
8 160 843 483 397 915 586 971 107
8 932 209 759 966 620 745 667 555
8 357 29 576 133 269 407 508 881
8 452 550 38 852 609 882 611 362
8 693 689 516 897 999 960 863 393
8 154 247 123 772 351 263 953 537
8 811 825 584 674 398 18 335 790
8 872 541 546 890 668 647 710 649
8 247 86 915 123 284 860 559 682
8 522 19 967 102 288 354 313 981
8 813 892 381 810 503 449 792 548
8 960 210 673 616 186 52 628 656
8 222 519 271 88 353 343 822 708
8 491 481 513 420 581 644 986 531
8 800 963 492 411 555 421 186 382
8 876 210 820 12 331 231 858 408
8 900 303 579 595 349 261 260 750
8 519 581 924 417 183 510 84 484
8 802 468 623 367 202 805 817 258
8 723 390 969 748 644 582 136 447
8 984 167 211 374 55 385 252 717
8 839 157 38 608 974 727 333 302
8 844 501 120 176 142 835 25 39
8 994 191 195 310 124 701 363 353
8 18 288 218 592 72 333 650 188
8 308 19 15 673 522 3 764 717
8 500 458 590 621 635 180 401 45
8 34 189 284 347 368 610 486 927
8 824 23 718 598 121 797 955 182
8 825 434 303 879 772 106 911 891
8 845 86 973 975 208 315 270 418
8 423 275 311 940 759 181 544 817
8 352 793 137 619 907 119 546 398
8 143 576 545 862 208 936 447 378
8 963 266 334 274 489 774 744 783
8 917 513 178 698 676 36 404 677
8 209 226 852 69 679 17 855 401
8 252 81 319 556 116 867 869 815
8 824 909 7 148 104 970 285 138
8 266 339 271 783 141 255 246 717
8 937 378 586 215 411 449 339 61
8 934 162 590 100 81 954 9 172
8 984 854 83 887 564 846 494 326
8 726 213 100 256 314 289 32 610
8 459 123 606 942 167 410 5 318
8 157 676 429 330 454 239 367 237
8 205 904 347 697 177 64 139 702
8 530 629 439 919 335 151 670 776
8 642 518 733 347 88 294 356 896
8 947 504 795 895 455 223 364 747
8 306 371 58 99 63 257 196 633
8 440 481 884 805 667 312 433 165
8 50 834 626 229 496 838 6 253
8 51 162 363 223 486 497 711 815
8 483 618 720 989 313 203 992 264
8 192 142 375 464 713 515 762 745
8 353 355 498 85 296 860 168 270
8 756 359 118 413 840 937 385 788
8 297 470 518 675 597 509 417 652
8 831 21 720 333 519 331 785 57
8 506 529 319 412 454 725 860 964
8 45 554 514 37 738 233 908 316
8 461 432 132 743 571 709 273 121
8 995 740 721 492 401 738 654 298
8 320 158 899 880 371 649 17 165
8 796 613 688 836 201 557 493 277
8 605 771 995 338 535 349 599 761
8 707 864 935 449 227 676 633 478
8 319 82 449 368 443 371 366 107
8 871 769 16 968 894 877 171 198
8 70 989 275 558 792 287 893 141
8 579 73 577 195 604 715 358 228
8 563 539 741 444 379 534 764 93
8 380 15 472 816 599 968 772 940
8 108 189 885 629 933 339 130 478
8 303 640 539 423 568 936 591 757
8 452 829 311 885 523 226 611 188
8 918 578 789 738 639 238 544 410
8 912 897 786 546 36 735 936 255
8 378 207 634 660 88 90 758 473
8 569 56 243 46 868 12 701 560
8 651 487 269 382 607 4 596 121
8 442 379 65 902 971 613 772 888
8 833 367 87 572 622 111 133 26
8 34 82 284 550 77 514 882 98
8 604 909 838 833 18 787 535 768
8 232 901 589 895 304 150 287 996
8 87 932 186 290 179 893 346 39
8 75 71 736 186 928 954 653 237
8 105 44 766 720 424 507 764 919
8 918 81 554 796 713 733 654 945
8 603 810 526 455 867 343 433 42
8 771 464 769 554 617 351 589 716
8 962 120 423 285 225 949 807 384
8 460 578 538 91 635 455 480 419
8 644 978 154 528 807 98 24 307
8 464 68 846 790 743 980 977 221
8 440 177 942 840 271 664 340 795
8 723 780 352 471 862 180 588 895
8 134 789 545 685 169 767 363 456
8 345 885 632 25 215 855 704 484
8 943 885 288 801 335 589 366 307
8 355 762 49 734 290 67 161 764
8 50 766 373 774 533 669 524 633
8 413 889 406 890 621 586 115 314
8 184 984 135 517 876 243 585 180
8 157 242 932 342 388 899 543 529
8 640 319 365 99 573 302 4 914
8 268 835 735 804 552 726 418 307
8 350 308 396 314 704 6 976 219
8 894 288 263 462 727 67 441 970
8 112 668 21 240 479 902 619 39
8 475 576 949 775 335 401 742 42
8 812 599 171 122 857 816 1 316
8 547 20 379 140 806 735 982 591
8 573 238 813 852 555 749 246 425
8 920 636 755 73 599 369 787 827
8 800 826 819 984 267 358 367 895
8 982 944 127 396 361 195 136 620
8 303 632 754 354 887 45 117 646
8 99 818 515 130 225 409 855 456
8 413 904 778 316 953 572 103 659
8 723 782 19 781 426 16 332 324
8 989 4 804 388 378 917 372 385
8 890 900 553 981 996 980 544 971
8 395 567 621 171 126 576 964 264
8 160 786 146 493 596 620 761 364
8 517 262 834 341 233 441 93 750
8 730 454 367 703 164 453 63 188
8 911 868 835 519 568 406 171 822
8 157 498 233 161 701 540 221 702
8 105 491 617 952 551 377 62 32
8 843 320 707 383 563 38 656 815
8 547 405 858 768 964 383 691 486
8 166 624 835 374 385 145 383 761
8 988 818 817 775 318 941 652 228
8 866 811 147 956 14 864 579 455
8 900 238 825 844 851 120 337 665
8 771 968 423 436 397 347 60 89
8 613 967 451 756 926 208 285 542
8 973 86 255 556 868 939 54 747
8 102 618 97 418 653 110 417 141
8 568 585 731 698 449 905 366 363
8 615 356 171 330 478 647 324 628
8 676 598 23 391 387 404 597 816
8 699 917 935 564 240 862 28 321
8 960 102 699 99 797 735 743 706
8 128 247 748 290 572 292 714 633
8 250 585 155 995 445 193 141 767
8 844 876 836 798 863 233 333 394
8 320 18 395 940 864 82 911 760
8 763 471 616 226 877 917 83 198
8 900 790 118 948 312 565 742 906
8 831 276 453 82 929 902 510 486
8 900 288 800 713 497 439 7 253
8 905 566 431 385 776 417 228 307
8 758 748 776 948 714 737 393 936
8 915 820 741 189 506 258 131 687
8 51 921 518 414 859 477 174 227
8 91 130 92 746 842 666 791 856
8 843 455 370 701 167 133 208 998
8 352 678 749 360 481 335 910 537
8 177 535 58 102 207 410 630 509
8 318 762 83 786 782 206 319 57
8 209 688 947 517 709 260 630 925
8 196 853 396 182 80 173 32 542
8 457 224 741 339 727 936 768 277
8 904 872 907 177 283 117 649 971
8 371 739 14 99 902 220 726 5
8 380 918 873 793 357 186 888 148
8 194 934 917 400 637 292 658 210
8 68 275 448 704 503 318 14 650
8 328 886 753 644 23 653 868 761
8 361 573 432 91 521 276 989 834
8 460 279 421 577 403 733 419 702
8 18 28 995 204 669 610 185 436
8 247 233 525 611 82 193 735 977
8 229 161 767 997 65 697 856 307
8 230 802 735 653 996 421 812 453
8 500 474 639 227 394 281 714 779
8 978 162 470 566 620 25 333 816
8 813 137 414 116 312 533 931 858
8 50 994 240 527 163 613 510 645
8 356 874 962 634 963 24 931 706
8 184 608 983 784 613 957 772 32
8 212 872 813 476 308 747 338 493
8 268 272 804 247 231 519 167 270
8 796 627 528 779 650 823 219 39
8 904 157 242 845 579 573 373 525
8 73 483 189 717 632 941 316 307
8 197 15 41 832 387 19 237 857
8 452 22 529 575 257 517 828 225
8 903 184 974 529 153 419 438 514
8 269 627 51 720 126 940 103 473
8 975 669 311 920 409 778 484 217
8 763 427 994 229 440 354 168 888
8 487 389 67 569 625 914 354 454
8 751 515 840 616 190 456 228 165
8 487 44 874 833 361 524 1000 5
8 759 423 695 426 743 7 235 677
8 521 485 854 795 291 602 304 972
8 837 515 608 731 84 138 586 857
8 843 829 350 615 37 954 370 560
8 153 547 128 770 642 974 378 655
8 197 912 615 706 610 779 923 24
8 831 159 839 890 871 792 18 869
8 771 948 36 242 438 4 970 562
8 765 573 744 468 88 583 388 293
8 334 563 279 803 938 559 30 141
8 512 655 664 561 238 987 394 9
8 179 963 254 440 729 107 419 109
8 763 875 155 942 377 685 211 881
8 373 134 618 437 13 608 389 782
8 785 142 310 10 445 755 588 415
8 831 432 283 718 938 896 379 505
8 200 286 689 893 662 404 919 768
8 168 734 54 839 336 554 805 374
8 472 496 755 143 29 189 897 237
8 49 344 306 835 478 45 738 253
8 771 664 810 581 311 381 819 131
8 101 769 371 905 773 362 249 256
8 730 929 527 694 235 173 152 217
8 849 485 686 630 948 555 456 716
8 581 997 782 963 632 713 948 716
8 673 288 812 77 373 13 318 714
8 378 832 119 631 602 968 10 687
8 250 873 623 459 525 478 257 219
8 70 137 79 608 713 883 599 246
8 483 674 861 931 239 433 993 761
8 381 618 769 25 130 572 78 171
8 279 146 455 952 613 781 243 752
8 750 182 164 348 443 597 441 964
8 973 352 958 402 893 21 287 115
8 212 409 669 816 665 971 287 172
8 482 967 137 570 443 580 610 370
8 100 438 177 867 60 163 716 542
8 495 312 227 638 117 258 596 463
8 824 356 982 59 332 755 463 314
8 472 640 411 229 806 987 133 190
8 483 262 712 274 135 293 221 456
8 134 866 200 989 315 331 552 607
8 274 323 891 85 275 996 534 211
8 81 578 376 747 572 393 798 260
8 402 33 85 928 817 509 372 860
8 802 800 844 627 69 990 183 772
8 22 598 215 751 161 928 176 384
8 476 352 23 990 511 258 792 270
8 380 995 579 205 878 183 787 542
8 472 550 453 577 559 227 997 298
8 176 920 969 374 467 1 470 285
8 575 774 254 562 704 110 701 152
8 615 990 581 461 281 920 446 838
8 956 679 332 364 46 962 433 761
8 75 54 284 340 968 390 853 888
8 771 44 671 710 599 111 386 809
8 840 947 137 67 977 857 702 244
8 434 159 488 931 354 390 304 317
8 762 517 213 882 635 324 378 293
8 34 134 353 356 878 924 979 815
8 353 832 731 409 445 450 650 326
8 771 915 917 932 705 929 936 560
8 522 49 640 868 822 331 980 293
8 640 770 843 488 756 600 82 309
8 200 437 554 933 833 522 223 433
8 359 785 185 689 971 558 768 433
8 762 987 678 140 196 914 753 175
8 944 476 520 499 538 318 657 175
8 800 929 863 872 351 589 3 33
8 798 46 409 751 655 214 865 330
8 288 941 568 845 5 704 838 535
8 789 108 812 640 79 191 503 649
8 350 889 730 780 962 619 613 963
8 359 952 982 943 846 354 24 479
8 843 618 865 797 853 11 419 363
8 843 187 770 736 59 163 165 109
8 866 491 984 952 440 14 300 326
8 988 789 590 379 602 773 411 823
8 14 29 119 201 604 349 533 293
8 681 137 80 590 396 614 39 256
8 832 205 262 527 249 591 362 217
8 375 617 377 324 161 747 397 799
8 334 86 497 528 213 751 905 940
8 911 618 81 191 267 43 645 283
8 71 21 410 519 497 361 167 816
8 197 943 564 806 428 404 409 557
8 539 75 577 917 246 248 298 548
8 44 41 573 356 230 190 936 809
8 101 445 674 772 175 386 666 508
8 377 388 852 829 962 604 6 217
8 28 946 19 902 604 724 418 190
8 234 344 210 812 911 996 667 927
8 820 464 576 360 194 55 760 293
8 904 950 990 409 715 971 542 822
8 328 969 325 373 553 799 537 364
8 875 820 281 772 115 734 916 131
8 501 349 429 808 258 395 488 902
8 209 723 112 973 356 853 931 383
8 434 605 44 413 920 593 708 760
8 975 160 290 603 306 682 908 408
8 482 409 205 768 92 149 90 542
8 763 573 807 242 60 286 287 980
8 361 869 389 402 84 262 175 39
8 990 193 806 186 261 405 778 9
8 910 929 371 176 285 569 548 418
8 770 882 810 422 777 683 670 633
8 901 921 204 448 395 794 176 433
8 762 870 269 409 59 614 799 419
8 698 424 570 413 479 322 998 888
8 360 769 122 520 808 650 633 757
8 267 328 503 897 323 294 614 270
8 516 334 819 644 796 135 850 89
8 134 601 22 404 470 110 164 1000
8 365 385 388 81 822 361 645 722
8 748 825 202 539 981 425 728 860
8 487 877 250 46 572 74 248 141
8 146 920 541 616 941 659 358 855
8 50 994 519 402 100 194 282 252
8 234 495 34 305 90 667 944 257
8 866 219 205 77 286 808 798 32
8 933 885 216 420 564 323 225 244
8 592 795 541 766 134 913 896 610
8 61 930 306 340 969 939 220 172
8 832 515 821 608 720 370 543 533
8 627 796 166 36 877 755 478 317
8 626 148 598 413 349 667 165 976
8 104 698 280 96 211 409 307 881
8 271 781 684 962 669 87 805 3
8 209 442 79 911 569 987 113 124
8 956 837 191 215 653 753 607 757
8 373 67 181 833 812 113 726 551
8 627 824 1000 247 909 882 332 985
8 873 956 81 978 442 220 419 127
8 789 178 879 958 928 91 187 809
8 974 797 601 855 997 336 815 211
8 772 166 118 961 569 149 875 870
8 603 23 730 135 238 465 724 697
8 605 960 524 818 792 258 574 702
8 730 759 58 781 729 358 702 84
8 294 520 366 924 635 549 807 33
8 147 460 44 864 393 573 1000 855
8 209 481 657 454 330 593 98 809
8 724 802 655 349 550 656 884 776
8 157 933 35 51 565 755 255 702
8 213 807 930 765 145 206 156 312
8 46 41 400 30 556 404 412 509
8 938 128 191 868 54 941 586 992
8 873 680 93 171 953 971 277 858
8 157 322 722 161 863 397 595 647
8 948 352 959 260 22 165 953 652
8 640 869 756 938 965 211 836 508
8 966 600 538 490 357 731 562 542
8 157 452 202 902 646 453 638 752
8 340 248 975 850 260 423 729 5
8 322 554 874 390 758 622 324 708
8 472 234 339 154 943 194 993 484
8 811 952 135 915 192 65 736 807
8 599 322 804 604 467 141 463 799
8 491 629 541 604 93 620 425 881
8 640 186 525 91 287 67 666 857
8 251 412 504 769 872 400 697 684
8 771 412 470 176 372 175 869 431
8 47 624 611 421 122 870 418 307
8 110 689 286 707 142 531 775 687
8 474 64 179 907 728 141 467 806
8 539 197 399 854 798 897 168 385
8 577 51 935 41 145 411 394 891
8 49 476 824 191 498 79 275 641
8 328 278 166 673 813 753 53 428
8 295 77 251 812 586 962 760 296
8 579 572 268 426 862 119 729 228
8 142 901 663 962 712 5 43 633
8 200 994 819 937 480 151 697 760
8 334 485 956 615 967 114 916 963
8 350 94 68 671 685 406 890 92
8 831 606 134 477 781 196 647 109
8 811 771 518 600 754 664 689 256
8 802 658 436 445 724 207 346 548
8 627 278 961 528 646 858 666 662
8 664 205 988 368 424 440 176 778
8 468 947 825 872 369 905 510 927
8 523 94 70 742 686 424 480 955
8 947 900 226 135 700 110 383 822
8 680 603 946 821 118 610 216 614
8 70 934 588 192 675 551 80 998
8 904 4 164 189 632 794 635 107
8 482 380 104 251 912 463 869 816
8 87 642 200 956 78 52 329 273
8 359 944 894 120 930 684 630 168
8 921 896 517 111 465 196 706 764
8 305 631 694 84 387 919 463 687
8 94 34 572 119 67 856 281 97
8 831 94 40 676 74 841 230 362
8 436 12 216 10 860 13 970 219
8 436 841 50 274 140 453 203 302
8 89 828 586 159 171 515 98 255
8 446 75 720 409 231 683 171 827
8 939 999 645 946 863 17 206 659
8 940 903 955 150 245 601 346 515
8 380 937 63 463 57 239 287 265
8 476 377 185 266 807 85 906 535
8 832 8 191 110 185 939 493 558
8 178 368 550 807 485 516 599 444
8 496 819 460 915 860 556 150 418
8 22 40 118 523 121 787 39 919
8 427 582 106 62 229 164 4 304
8 513 297 423 563 601 798 497 447
8 99 911 463 398 640 916 149 244
8 679 122 302 520 82 604 257 217
8 328 698 533 7 943 112 813 697
8 796 232 306 835 938 167 150 26
8 909 882 655 692 837 784 315 5
8 240 928 599 818 84 85 188 542
8 449 604 874 53 964 54 17 752
8 512 243 973 182 267 191 67 462
8 642 389 449 191 237 986 257 256
8 212 483 147 933 425 554 922 857
8 289 281 155 712 600 867 531 717
8 412 902 8 433 231 836 111 508
8 530 495 674 644 275 438 595 172
8 631 411 24 613 14 127 593 198
8 690 360 341 830 986 841 738 569
8 935 464 50 780 64 275 544 848
8 502 120 303 347 751 87 331 190
8 967 842 63 715 554 807 790 415
8 582 571 892 146 917 426 583 666
8 904 645 126 941 719 136 649 346
8 452 348 999 966 478 147 739 493
8 497 904 291 544 593 287 264 265
8 825 29 991 967 422 882 647 236
8 902 826 550 729 559 293 95 767
8 424 126 2 14 107 397 614 816
8 526 908 611 502 530 466 419 447
8 434 800 926 751 593 286 220 484
8 458 832 627 465 849 170 87 650
8 105 855 129 1 358 710 534 277
8 481 582 938 713 287 812 855 687
8 269 576 142 981 903 601 694 138
8 623 575 988 471 644 882 986 716
8 311 765 966 788 635 622 662 548
8 154 134 364 635 175 670 705 138
8 178 308 771 973 904 324 248 1000
8 763 513 329 197 295 958 470 430
8 951 193 106 85 922 366 787 898
8 434 967 347 581 330 557 236 136
8 464 154 570 675 274 712 812 888
8 663 132 554 472 519 756 795 176
8 800 333 476 21 119 486 653 386
8 844 577 212 118 375 242 911 475
8 19 554 27 941 525 276 661 694
8 615 406 352 541 324 87 662 687
8 108 86 483 259 433 995 912 173
8 118 986 796 140 634 139 453 732
8 352 904 693 995 498 55 43 393
8 240 536 315 727 902 971 441 760
8 142 226 78 539 944 274 42 152
8 134 329 464 284 858 666 610 367
8 638 86 506 250 233 383 74 45
8 577 688 989 91 167 358 772 658
8 69 381 218 973 420 293 63 923
8 209 86 748 718 150 28 161 109
8 15 942 461 715 821 997 116 822
8 434 900 232 807 257 702 156 244
8 673 216 100 441 89 607 493 109
8 158 204 504 269 559 546 553 726
8 515 86 688 199 260 256 111 977
8 250 559 47 775 692 409 3 300
8 726 700 583 438 267 910 446 325
8 19 470 245 634 414 525 246 26
8 944 190 720 686 110 358 838 784
8 769 359 741 797 214 801 409 127
8 802 769 533 94 61 360 635 340
8 917 734 462 610 453 400 729 273
8 511 541 969 626 33 291 138 346
8 209 349 578 243 878 246 89 641
8 23 38 375 587 47 102 616 760
8 512 159 148 608 218 810 46 492
8 212 603 448 392 129 908 273 221
8 528 19 333 490 755 410 719 138
8 800 577 969 120 1 566 48 923
8 44 35 668 625 54 631 659 609
8 651 440 31 258 397 976 868 649
8 579 789 159 797 442 805 62 55
8 547 832 242 263 891 958 925 927
8 521 160 756 774 514 683 580 898
8 843 101 330 413 956 907 115 296
8 611 129 905 596 625 878 798 709
8 763 573 449 642 801 697 574 732
8 921 517 146 674 821 564 630 654
8 598 793 179 924 744 817 456 220
8 432 134 866 174 114 163 9 702
8 471 19 676 790 555 65 78 473
8 371 117 429 410 199 219 252 131
8 345 45 140 391 755 398 888 121
8 232 911 600 762 795 383 731 591
8 879 952 785 626 167 941 561 66
8 94 48 337 958 974 612 302 591
8 380 342 710 899 253 170 389 330
8 450 113 195 602 738 856 190 298
8 606 342 605 195 649 370 972 173
8 955 88 989 910 662 739 855 809
8 134 468 731 838 338 937 766 593
8 538 639 98 299 349 465 883 752
8 939 126 185 901 485 74 745 24
8 199 348 312 926 855 165 768 258
8 128 793 477 904 426 588 654 93
8 166 68 769 245 100 895 754 666
8 212 975 804 186 508 784 815 221
8 866 462 303 64 362 466 150 857
8 434 999 427 379 28 704 758 743
8 443 937 709 746 677 95 326 346
8 143 189 832 921 116 4 710 39
8 802 794 680 366 277 838 646 860
8 69 620 566 397 561 689 326 716
8 496 306 879 13 884 630 355 827
8 164 387 905 674 82 883 981 84
8 584 789 383 882 340 112 746 508
8 452 306 424 828 737 818 855 317
8 673 359 543 731 382 148 127 998
8 811 118 657 756 549 348 447 316
8 442 159 616 129 313 420 867 950
8 328 693 573 346 119 705 263 6
8 900 940 79 192 567 689 286 416
8 889 332 395 966 397 153 753 855
8 575 975 758 263 141 543 961 898
8 404 16 81 776 11 231 787 144
8 494 523 360 601 113 493 778 417
8 94 771 583 845 689 66 181 302
8 694 517 579 821 407 798 403 672
8 328 921 5 579 792 287 95 90
8 500 442 773 985 833 225 215 560
8 796 975 578 490 777 809 444 228
8 627 830 915 981 929 194 559 456
8 585 606 770 731 709 261 418 316
8 485 564 660 998 955 149 531 508
8 693 146 224 810 852 196 709 931
8 907 825 956 536 336 226 806 838
8 951 129 947 326 92 80 755 168
8 204 826 119 345 341 304 635 576
8 297 547 475 459 304 945 883 652
8 157 916 70 859 475 98 742 30
8 810 279 889 283 721 728 418 801
8 770 602 517 395 595 816 747 265
8 86 157 808 778 483 884 885 939
8 512 170 854 322 354 93 812 768
8 123 487 80 908 310 778 976 198
8 713 962 536 644 734 333 895 161
8 501 946 671 81 279 5 96 277
8 849 675 230 361 193 749 321 815
8 592 517 868 264 588 925 207 173
8 105 723 81 356 920 982 90 726
8 681 495 832 746 516 331 481 137
8 413 868 65 878 153 711 236 152
8 105 929 114 862 189 272 386 836
8 921 614 274 913 196 246 45 121
8 886 584 250 604 530 968 684 163
8 832 770 468 779 74 337 349 379
8 749 513 908 797 406 739 263 418
8 765 286 90 401 370 252 779 273
8 432 130 375 238 534 524 418 219
8 476 930 94 503 119 692 822 121
8 279 748 892 449 313 707 919 228
8 563 75 40 268 780 347 922 60
8 825 254 538 288 916 358 628 150
8 209 464 250 794 600 283 412 992
8 213 573 947 389 478 791 534 282
8 106 592 4 69 741 814 411 636
8 403 485 639 778 339 506 841 670
8 439 785 797 186 224 653 551 722
8 495 549 481 422 604 348 6 244
8 82 64 948 983 987 972 431 107
8 994 278 880 998 525 488 908 343
8 28 226 627 569 104 514 441 248
8 573 538 526 899 274 803 322 90
8 500 873 826 879 966 978 269 985
8 793 825 719 205 236 63 48 548
8 918 506 947 587 433 466 228 881
8 434 699 671 956 268 497 353 677
8 303 287 853 29 50 684 595 927
8 696 730 627 81 875 287 576 362
8 460 35 325 812 59 588 5 494
8 157 13 4 284 758 293 925 466
8 843 118 1 666 942 597 551 273
8 160 900 569 974 858 558 446 509
8 859 403 747 986 506 45 71 560
8 212 528 23 353 193 767 659 648
8 402 770 875 412 205 327 348 593
8 937 161 16 588 83 822 817 919
8 23 821 556 250 440 711 302 591
8 637 859 798 306 772 12 304 469
8 432 242 990 147 282 935 998 176
8 715 179 526 514 333 87 65 103
8 23 356 937 598 942 604 939 614
8 988 200 500 995 84 230 220 815
8 457 946 606 885 19 861 448 697
8 502 210 934 447 336 492 643 188
8 878 86 61 506 979 644 828 505
8 482 166 832 969 767 58 768 95
8 921 177 438 465 375 463 60 198
8 946 212 915 251 135 103 379 425
8 541 637 71 490 877 859 210 729
8 789 575 766 368 186 4 641 883
8 921 975 569 330 963 958 520 183
8 592 516 27 912 608 714 955 130
8 860 924 582 911 392 711 612 551
8 623 187 503 147 126 935 245 246
8 500 437 806 653 348 412 753 612
8 199 94 932 8 986 331 535 716
8 528 586 606 718 697 828 768 593
8 946 678 781 942 358 706 433 418
8 452 911 618 585 474 344 858 479
8 951 274 578 715 281 400 379 675
8 532 101 623 844 925 682 667 848
8 775 27 849 179 249 198 253 282
8 267 426 27 4 715 962 226 579
8 22 135 756 192 92 883 697 835
8 5 340 950 276 28 773 604 597
8 821 704 759 696 151 801 684 181
8 404 571 837 81 527 610 687 265
8 915 489 288 940 202 625 150 217
8 435 963 612 929 957 59 818 787
8 105 295 413 196 535 599 415 302
8 918 688 889 129 27 28 549 264
8 518 811 889 973 247 896 151 131
8 692 524 389 965 170 646 545 505
8 491 830 631 507 43 153 544 1
8 523 164 874 324 310 222 281 90
8 572 586 288 295 914 37 788 757
8 380 38 113 287 742 697 509 190
8 35 486 626 435 56 620 610 252
8 447 637 950 971 64 535 167 401
8 830 501 242 553 743 750 857 702
8 714 396 796 61 705 989 417 156
8 320 929 360 461 737 326 957 670
8 642 500 674 423 933 100 121 677
8 942 741 541 655 959 267 976 48
8 495 423 994 490 707 535 559 799
8 806 99 404 383 684 470 366 898
8 81 323 812 208 932 890 913 970
8 644 263 653 436 340 58 635 557
8 697 949 311 842 793 747 1 860
8 348 88 130 807 557 848 25 172
8 984 458 657 865 902 565 360 193
8 23 249 602 568 104 848 183 270
8 976 873 810 269 283 608 992 945
8 866 238 195 571 863 463 151 787
8 457 956 604 340 285 124 362 591
8 460 41 324 948 169 897 936 151
8 60 842 693 685 291 964 922 758
8 344 533 873 524 669 407 386 165
8 803 715 678 569 329 549 646 509
8 567 34 407 966 787 266 260 971
8 99 948 414 36 697 709 767 369
8 429 928 104 652 822 467 300 562
8 427 989 891 514 293 758 246 316
8 723 352 373 778 112 122 127 131
8 212 5 369 675 97 776 151 596
8 193 511 852 166 751 580 694 103
8 154 489 715 80 245 486 891 153
8 443 449 162 715 21 248 740 505
8 604 380 61 575 378 251 971 312
8 452 526 963 488 821 396 400 1000
8 748 995 999 367 39 980 420 869
8 49 495 345 409 423 634 922 964
8 988 272 808 171 304 417 447 633
8 158 268 776 566 410 326 827 949
8 21 491 518 865 770 54 151 72
8 578 99 437 785 631 805 385 484
8 491 274 748 738 735 249 962 910
8 406 269 475 992 814 533 444 273
8 664 360 29 750 786 153 165 542
8 900 507 652 564 803 83 62 687
8 518 762 43 868 386 136 363 717
8 585 744 699 149 493 712 971 221
8 413 990 578 564 136 416 264 217
8 266 820 343 153 400 333 425 717
8 678 438 985 135 55 836 919 717
8 458 135 832 751 859 354 379 997
8 679 596 932 125 322 891 801 435
8 870 22 952 519 727 924 894 725
8 154 946 875 23 443 986 450 185
8 909 306 853 982 193 976 656 354
8 361 523 482 56 126 516 270 499
8 65 797 805 394 348 190 329 150
8 68 489 955 612 572 902 506 418
8 921 876 606 23 183 654 593 469
8 907 116 592 563 371 839 650 419
8 582 973 154 837 291 354 257 555
8 350 122 664 248 514 374 7 152
8 507 668 572 625 12 721 965 163
8 879 468 669 966 746 39 256 302
8 191 8 388 243 511 319 928 324
8 259 921 947 274 629 445 343 415
8 471 49 587 389 324 230 706 553
8 873 693 350 934 358 233 787 219
8 862 169 715 749 828 784 753 838
8 513 806 558 817 878 706 996 363
8 402 234 833 504 99 922 343 505
8 529 230 638 16 295 285 493 447
8 353 546 474 627 868 884 565 253
8 802 278 424 978 808 168 652 968
8 578 513 7 700 738 252 739 152
8 380 990 178 963 972 285 417 408
8 849 407 127 902 132 62 557 656
8 68 825 404 412 185 805 609 446
8 487 106 74 355 7 604 555 757
8 789 169 849 647 196 545 100 977
8 825 452 875 130 250 998 87 90
8 886 22 303 557 641 552 764 217
8 297 164 598 874 245 510 383 767
8 96 938 907 650 321 85 709 378
8 516 266 294 391 787 32 659 393
8 824 160 327 119 747 993 591 228
8 250 293 920 414 559 914 203 156
8 22 267 137 830 373 922 24 173
8 547 615 102 766 753 99 455 764
8 105 344 175 162 546 445 845 253
8 651 890 485 421 601 396 667 410
8 660 733 795 821 363 499 385 256
8 730 86 575 342 635 207 288 612
8 983 790 46 232 814 407 767 418
8 965 457 952 341 323 196 493 906
8 29 500 996 16 861 120 912 857
8 272 268 468 112 461 504 18 42
8 495 849 630 853 285 594 48 654
8 744 303 615 577 995 27 21 860
8 626 464 20 883 868 925 282 97
8 985 79 303 184 924 904 897 420
8 763 374 989 4 51 386 353 925
8 15 536 627 303 142 400 787 648
8 520 427 64 632 335 72 211 473
8 11 472 280 586 924 344 403 211
8 911 517 742 36 146 225 823 42
8 189 543 153 126 243 544 729 596
8 623 844 377 834 914 60 435 666
8 808 461 966 677 642 914 865 708
8 145 700 310 958 709 435 173 313
8 727 601 401 204 709 304 945 172
8 472 840 838 470 714 85 976 161
8 432 741 388 122 736 465 809 131
8 803 240 992 336 252 420 580 927
8 605 889 999 232 399 561 467 787
8 988 586 18 837 733 743 650 858
8 20 459 275 962 846 215 867 372
8 113 696 232 798 892 122 775 903
8 765 37 769 753 286 188 926 919
8 811 428 154 47 916 665 727 198
8 748 225 908 907 785 953 682 958
8 359 41 907 773 689 546 426 223
8 901 583 195 466 897 253 383 257
8 392 159 839 658 855 270 486 716
8 238 209 96 878 651 998 30 772
8 849 529 959 589 224 277 646 393
8 811 19 615 180 925 612 484 919
8 819 698 578 942 274 932 597 708
8 2 481 28 440 746 552 641 751
8 471 194 449 280 877 1000 635 121
8 541 889 584 636 466 998 246 923
8 689 692 806 280 241 727 660 152
8 495 901 166 642 621 173 649 779
8 118 663 58 338 95 661 573 808
8 297 266 600 986 260 58 444 418
8 623 376 929 481 675 778 302 219
8 802 1000 961 112 149 684 709 648
8 952 310 860 237 122 299 321 954
8 485 929 429 333 644 804 694 566
8 547 474 748 673 60 21 9 761
8 968 375 553 698 743 694 675 1
8 578 781 665 21 846 445 822 431
8 979 137 786 659 233 480 747 39
8 859 762 99 853 985 104 92 72
8 128 280 746 12 601 168 42 207
8 730 991 751 377 179 695 559 248
8 154 475 481 506 564 281 353 257
8 686 990 795 259 530 668 388 677
8 213 301 267 381 421 5 223 531
8 556 944 769 5 744 81 67 561
8 825 723 106 27 491 719 552 662
8 410 513 357 197 606 664 276 818
8 268 468 216 254 557 403 121 757
8 882 482 808 854 130 613 285 454
8 797 125 600 874 805 829 103 542
8 806 606 69 572 936 18 31 809
8 418 995 281 83 196 891 661 76
8 781 446 767 156 221 419 121 346
8 169 611 982 578 714 279 523 163
8 328 381 864 75 832 464 333 604
8 487 769 749 653 945 608 737 757
8 427 164 11 842 215 64 216 636
8 761 53 69 390 147 635 726 90
8 328 79 148 713 976 445 654 717
8 692 327 767 391 441 466 113 107
8 23 563 373 348 650 409 655 17
8 192 611 640 721 168 616 48 362
8 34 411 913 97 644 50 914 203
8 736 402 284 579 646 931 817 607
8 512 951 680 142 615 785 222 163
8 354 52 911 377 63 274 997 906
8 631 835 80 138 246 665 133 881
8 183 373 177 333 714 99 961 393
8 605 322 626 535 629 135 165 593
8 956 696 154 576 510 559 787 430
8 199 796 29 957 840 121 358 648
8 600 618 477 653 642 93 231 801
8 710 1000 361 954 28 135 312 583
8 195 275 501 91 571 498 779 261
8 319 765 299 990 974 447 867 717
8 946 559 917 862 397 616 566 620
8 238 232 693 602 332 847 976 677
8 143 64 175 88 357 893 520 198
8 2 83 276 979 768 420 815 493
8 189 575 570 195 740 784 896 953
8 680 668 280 804 626 689 913 465
8 350 179 31 921 959 202 493 848
8 679 644 689 342 259 455 237 655
8 101 328 467 634 317 277 621 100
8 472 688 774 251 280 996 533 752
8 380 471 108 566 987 549 10 401
8 598 577 387 274 810 932 631 383
8 528 481 59 8 611 26 208 925
8 112 623 471 355 834 323 246 677
8 811 483 770 909 220 783 227 620
8 952 916 204 878 446 179 201 997
8 232 496 205 267 830 878 324 732
8 874 175 415 457 113 115 776 346
8 501 104 426 51 314 110 366 198
8 125 81 963 119 607 689 447 316
8 329 514 769 468 342 282 971 220
8 946 794 528 135 63 435 258 221
8 434 849 678 177 24 80 33 111
8 852 159 748 983 908 127 289 898
8 765 558 147 269 283 3 5 593
8 436 92 890 751 398 248 215 441
8 849 35 721 937 83 560 121 93
8 491 878 104 106 580 67 847 387
8 917 932 683 535 585 986 945 722
8 34 947 234 989 345 376 652 542
8 34 232 101 940 293 770 357 418
8 341 472 532 565 599 678 201 884
8 301 75 640 253 837 345 903 453
8 584 956 288 964 236 262 3 362
8 800 896 644 311 719 916 948 746
8 500 448 973 711 922 145 979 767
8 242 378 28 445 508 906 586 725
8 886 941 751 59 192 703 931 473
8 736 812 88 618 580 439 562 273
8 582 482 373 524 997 371 150 42
8 693 15 8 989 948 519 63 116
8 951 381 644 570 533 645 210 971
8 320 866 781 483 314 398 531 883
8 44 585 381 146 470 705 594 14
8 666 897 88 861 261 878 99 745
8 530 808 767 294 878 906 786 252
8 213 460 921 218 423 20 342 733
8 975 844 474 351 558 841 126 549
8 826 547 330 713 136 970 761 816
8 170 44 334 249 609 858 417 560
8 723 105 766 374 943 431 447 419
8 46 557 642 783 331 347 38 261
8 962 605 810 909 50 436 150 628
8 301 350 576 13 367 238 778 648
8 512 445 662 663 852 613 454 138
8 590 272 787 511 80 81 791 223
8 146 128 507 942 409 261 779 555
8 402 539 762 318 523 405 924 198
8 146 770 690 637 143 669 249 92
8 502 474 351 68 55 794 778 309
8 214 573 777 812 844 747 430 925
8 388 68 924 884 697 399 726 857
8 269 651 102 119 378 996 612 906
8 333 637 978 715 224 102 249 221
8 158 575 148 877 728 37 417 986
8 212 105 920 509 153 739 272 127
8 222 576 527 661 462 869 643 217
8 209 872 166 567 600 576 25 17
8 464 177 64 695 372 716 980 898
8 844 69 71 772 582 332 709 784
8 516 280 802 120 46 846 90 750
8 455 148 731 10 616 847 65 133
8 210 16 637 395 73 268 60 172
8 763 866 771 908 111 591 6 809
8 765 267 975 378 389 438 931 469
8 178 980 566 71 689 928 477 42
8 796 352 327 98 310 337 406 280
8 200 215 883 168 253 738 559 419
8 70 276 504 437 264 561 175 172
8 673 184 119 947 357 386 221 172
8 865 303 877 876 906 985 2 38
8 746 64 929 166 641 681 980 822
8 359 489 541 179 20 206 753 126
8 811 644 27 216 812 282 302 717
8 680 365 989 587 950 336 620 992
8 160 498 727 932 381 803 724 708
8 573 308 525 622 538 653 527 608
8 541 724 740 726 607 462 508 633
8 734 772 590 261 729 188 252 469
8 811 530 849 387 210 885 343 574
8 458 528 958 276 28 192 74 409
8 900 377 271 758 11 357 665 677
8 490 464 40 780 803 480 79 791
8 297 449 569 360 130 612 354 131
8 756 896 134 664 336 3 24 757
8 788 271 361 906 533 37 709 702
8 631 999 224 808 792 868 246 190
8 948 668 437 314 87 634 858 505
8 890 583 61 7 286 628 486 649
8 623 847 591 709 124 462 324 628
8 380 482 15 581 497 38 271 190
8 775 110 175 690 855 562 746 298
8 422 267 577 451 812 65 961 666
8 777 948 474 715 721 20 248 888
8 166 35 938 917 525 88 14 945
8 944 618 712 285 980 551 30 750
8 468 932 676 553 614 454 985 24
8 157 825 44 204 230 718 650 729
8 197 125 875 392 524 950 827 456
8 617 57 608 478 370 296 750 560
8 471 944 905 55 167 257 433 43
8 607 117 870 803 647 382 661 628
8 370 882 23 516 132 550 280 246
8 216 901 871 390 91 601 10 898
8 272 16 686 751 332 628 548 977
8 216 707 271 953 419 56 165 6
8 268 8 427 947 339 884 239 253
8 340 511 813 383 954 740 896 757
8 40 82 342 854 230 215 602 42
8 833 147 593 199 126 754 31 537
8 101 20 777 475 412 335 201 544
8 22 143 503 758 385 986 430 877
8 457 804 153 31 366 926 761 508
8 125 565 590 925 710 655 407 719
8 472 105 932 432 826 33 557 672
8 487 320 83 216 941 549 666 39
8 267 248 758 952 686 890 788 7
8 623 629 891 12 860 156 253 977
8 278 311 762 806 998 391 239 217
8 794 113 604 639 895 703 659 717
8 684 4 498 876 762 191 912 258
8 99 78 465 871 421 473 138 217
8 251 627 1000 988 245 919 418 702
8 101 160 699 164 303 214 794 924
8 135 812 962 157 99 100 410 260
8 547 373 248 806 777 902 18 720
8 663 18 892 235 625 790 42 257
8 356 960 528 125 782 445 694 316
8 70 13 440 429 480 647 708 10
8 303 276 807 988 304 788 408 687
8 979 803 823 199 706 954 561 945
8 994 859 281 731 809 711 358 110
8 288 577 189 319 201 264 63 228
8 142 82 202 798 551 790 652 757
8 14 323 314 446 441 591 115 172
8 471 535 815 488 72 393 225 121
8 303 671 872 429 92 790 815 172
8 852 340 238 429 290 329 945 976
8 496 158 342 523 893 211 708 131
8 495 487 571 963 905 647 225 394
8 204 601 990 120 818 815 700 190
8 587 879 696 681 47 73 601 735
8 491 956 355 611 816 488 113 256
8 72 451 626 160 713 286 902 555
8 719 178 975 243 213 852 850 401
8 204 189 855 538 353 955 574 156
8 766 314 732 903 519 703 764 881
8 272 197 849 664 574 173 729 562
8 715 48 850 150 970 996 484 609
8 301 159 368 464 883 950 616 257
8 740 680 189 125 624 46 141 39
8 849 122 715 405 613 858 211 972
8 886 783 773 871 382 33 355 745
8 460 862 125 657 158 133 287 419
8 967 671 407 888 546 173 977 265
8 536 351 404 442 550 235 544 74
8 247 973 518 474 789 885 449 438
8 368 205 924 263 72 304 910 767
8 718 975 193 402 379 856 370 211
8 157 487 305 549 638 958 477 419
8 303 102 476 279 913 229 330 716
8 496 204 510 80 754 609 761 473
8 36 544 407 361 10 264 103 215
8 54 866 179 360 516 531 219 217
8 294 629 699 177 740 722 827 757
8 159 118 322 520 214 912 604 78
8 825 407 73 324 678 385 439 131
8 640 907 46 404 815 275 127 447
8 178 348 606 294 470 545 867 724
8 603 157 513 617 150 626 3 752
8 464 991 528 948 899 641 597 817
8 157 69 914 369 695 806 768 505
8 443 852 181 880 324 871 136 643
8 128 166 143 821 353 351 744 173
8 101 575 240 747 736 331 597 737
8 615 995 146 765 820 944 299 97
8 368 377 631 935 402 809 198 542
8 495 680 884 45 411 646 430 302
8 453 263 851 893 331 168 656 417
8 178 143 844 622 720 976 21 313
8 843 222 975 605 170 808 78 869
8 730 565 471 523 373 492 168 827
8 830 670 913 516 864 20 981 109
8 688 889 458 853 248 696 354 855
8 623 712 342 556 850 277 977 282
8 305 388 824 586 369 126 969 719
8 146 191 61 639 695 48 354 702
8 46 817 990 712 820 791 588 76
8 485 929 469 571 613 298 80 307
8 826 495 413 657 506 498 620 48
8 626 842 36 500 718 377 922 89
8 887 507 859 681 703 314 9 809
8 885 563 618 690 965 88 206 993
8 308 605 963 724 169 823 140 914
8 246 35 570 182 783 26 1 881
8 238 134 437 85 641 986 514 264
8 158 684 679 965 397 504 124 881
8 452 406 572 371 122 590 612 357
8 434 780 468 947 868 338 153 856
8 218 576 206 689 137 729 954 17
8 197 818 719 83 931 356 534 757
8 866 238 892 280 199 441 971 954
8 365 545 489 974 161 555 870 927
8 795 683 710 421 417 39 141 702
8 5 18 955 805 47 902 152 217
8 680 306 178 794 329 604 942 534
8 564 571 424 923 293 857 760 417
8 894 281 568 522 125 292 845 757
8 693 311 803 730 780 639 877 993
8 770 866 320 912 12 20 407 881
8 832 744 344 424 840 814 386 45
8 209 94 459 680 646 412 163 869
8 939 51 853 159 559 556 7 372
8 166 842 365 887 428 877 245 855
8 522 823 430 820 237 580 252 633
8 579 160 932 632 305 78 463 799
8 75 375 246 50 631 13 851 716
8 777 763 310 477 874 67 845 330
8 906 626 990 436 29 255 321 527
8 182 865 291 713 5 820 52 827
8 441 496 49 197 179 850 377 228
8 824 344 464 369 746 559 539 413
8 362 189 125 351 973 818 372 111
8 117 520 680 830 711 342 923 652
8 452 874 644 646 684 878 841 670
8 434 414 879 526 790 936 725 702
8 587 859 955 947 634 38 965 493
8 73 28 666 899 451 910 133 767
8 213 108 766 833 851 275 208 446
8 512 511 698 210 520 338 815 945
8 852 77 389 810 392 996 580 235
8 160 984 395 1000 942 821 690 39
8 305 783 461 81 341 149 944 560
8 879 550 310 272 891 444 582 486
8 582 299 803 235 775 609 957 945
8 487 994 719 377 499 355 916 156
8 671 692 882 251 541 686 84 386
8 874 254 635 524 737 309 362 815
8 762 161 46 383 52 661 622 9
8 500 150 139 493 421 5 486 144
8 164 234 77 793 827 274 520 408
8 178 23 442 496 905 565 969 111
8 518 763 158 663 718 85 562 435
8 155 50 741 863 950 987 18 869
8 381 19 606 676 367 908 394 650
8 988 72 794 909 699 355 551 6
8 601 692 577 69 740 374 709 252
8 137 279 879 186 674 582 477 390
8 956 23 623 830 202 754 576 863
8 579 430 350 96 529 63 971 700
8 563 214 942 781 185 364 897 384
8 341 624 278 866 565 283 343 17
8 883 730 248 721 524 235 396 109
8 563 387 254 797 407 529 256 282
8 706 436 61 195 201 235 273 560
8 75 154 664 392 842 40 565 1
8 959 8 154 58 400 315 67 687
8 763 4 806 467 325 817 85 1
8 476 575 842 142 6 175 738 509
8 23 91 118 235 151 832 17 722
8 831 241 925 20 467 893 982 38
8 421 465 312 540 841 659 289 244
8 597 485 866 686 734 323 122 237
8 68 611 587 629 60 931 48 363
8 798 748 128 715 930 63 645 643
8 617 130 454 850 25 798 772 976
8 49 189 88 600 783 269 803 408
8 618 810 506 214 570 922 972 246
8 303 178 379 833 19 330 114 718
8 222 762 488 142 81 768 731 548
8 845 158 275 642 414 168 601 172
8 935 960 783 515 423 327 835 293
8 65 483 980 125 667 391 285 809
8 432 94 571 269 274 488 168 649
8 773 771 930 147 665 370 736 289
8 259 894 96 836 246 740 486 399
8 554 637 15 365 506 274 396 45
8 143 618 422 669 675 758 971 666
8 859 101 873 651 310 306 798 779
8 960 762 175 874 958 632 612 816
8 832 14 899 151 97 340 236 133
8 831 402 839 556 963 448 895 716
8 135 828 718 877 349 473 78 415
8 70 84 575 638 474 181 938 438
8 723 22 140 451 553 397 386 419
8 763 681 423 669 686 221 363 95
8 905 864 793 924 650 970 104 444
8 837 15 356 13 57 445 509 231
8 651 311 988 868 678 205 523 190
8 106 550 741 148 636 835 922 593
8 515 574 106 526 311 803 497 861
8 950 251 556 406 28 207 141 562
8 763 806 870 288 644 549 685 677
8 653 284 876 891 503 447 855 588
8 584 271 57 955 24 650 836 733
8 352 577 962 260 861 24 919 716
8 276 989 850 781 829 694 725 325
8 101 20 474 678 213 854 705 657
8 539 839 77 880 917 290 428 404
8 934 234 720 323 810 945 162 743
8 413 832 735 481 220 942 115 85
8 305 837 1000 448 948 63 646 346
8 825 864 164 146 955 433 801 643
8 794 557 461 554 807 222 613 964
8 119 521 504 503 169 750 83 964
8 584 157 691 66 557 175 884 100
8 865 721 772 720 84 571 817 867
8 599 901 414 812 743 420 30 716
8 197 656 112 87 426 510 463 206
8 992 78 20 236 817 342 629 89
8 632 209 15 279 930 493 764 76
8 973 833 523 167 865 815 211 220
8 853 893 725 818 92 263 358 700
8 129 632 409 692 295 167 248 786
8 842 327 394 947 988 913 251 336
8 814 199 801 582 846 755 661 658
8 824 669 756 267 423 193 188 857
8 800 528 832 283 966 280 562 630
8 991 363 556 821 985 927 509 76
8 837 192 669 735 689 110 56 386
8 101 615 233 179 252 745 906 17
8 233 632 242 746 506 728 620 647
8 651 956 644 992 97 397 672 815
8 526 946 129 97 130 522 960 431
8 800 598 985 132 239 324 152 542
8 586 789 319 989 590 176 130 534
8 526 528 892 323 862 119 262 850
8 721 605 587 450 96 343 354 161
8 699 147 387 974 565 257 717 509
8 50 886 47 334 544 62 589 494
8 158 458 781 870 721 856 9 834
8 301 452 862 375 967 190 363 643
8 218 380 75 690 895 854 277 784
8 504 632 772 705 816 291 358 30
8 969 998 44 334 407 430 74 401
8 34 388 359 29 777 941 24 596
8 462 679 557 468 989 46 862 821
8 184 572 147 823 44 957 210 30
8 811 301 718 182 69 1 103 531
8 487 771 500 474 396 338 914 761
8 360 34 44 734 492 38 798 628
8 496 710 706 438 378 58 188 161
8 439 866 222 529 734 85 453 418
8 518 713 419 1000 369 540 964 153
8 197 909 215 91 772 45 450 595
8 513 952 294 162 878 465 374 227
8 457 900 193 561 538 705 141 799
8 375 192 12 115 356 901 893 732
8 904 769 734 382 812 870 779 760
8 197 623 842 956 443 524 335 348
8 317 132 758 851 431 313 6 76
8 341 44 780 651 882 355 1 822
8 984 278 692 268 53 222 270 809
8 582 915 345 247 671 443 689 89
8 38 518 50 364 98 709 895 48
8 432 929 936 550 835 12 248 210
8 101 134 75 342 865 181 963 39
8 375 823 737 442 747 894 417 540
8 350 956 625 253 506 953 42 144
8 679 58 243 358 438 755 9 537
8 339 476 929 340 88 264 767 228
