2 801 378
2 703 929
2 288 154
2 822 879
2 503 571
2 968 962
2 764 798
2 618 131
2 647 44
2 452 504
2 390 513
2 44 778
2 934 46
2 268 756
2 68 21
2 207 86
2 450 548
2 823 915
2 725 41
2 525 562
2 768 261
2 500 484
2 797 182
2 316 433
2 615 877
2 687 536
2 327 823
2 560 840
2 820 829
2 629 54
2 16 136
2 975 962
2 341 820
2 418 310
2 666 141
2 41 365
2 539 137
2 249 767
2 244 848
2 704 939
2 205 568
2 628 54
2 575 406
2 852 394
2 988 58
2 628 256
2 231 897
2 845 761
2 785 364
2 517 14
2 685 636
2 502 749
2 574 531
2 636 114
2 424 198
2 68 458
2 888 775
2 300 905
2 480 339
2 852 324
2 129 606
2 296 700
2 634 49
2 503 75
2 304 576
2 395 243
2 188 332
2 136 813
2 979 725
2 768 681
2 394 564
2 652 342
2 684 711
2 845 425
2 952 547
2 306 472
2 149 809
2 441 827
2 614 878
2 287 405
2 61 776
2 417 90
2 87 415
2 329 253
2 520 387
2 277 578
2 241 70
2 271 477
2 414 868
2 206 142
2 710 316
2 157 444
2 617 10
2 435 714
2 701 824
2 38 617
2 115 515
2 778 63
2 62 281
2 918 594
2 683 910
2 401 64
2 867 715
2 52 137
2 322 427
2 641 925
2 159 688
2 458 142
2 326 812
2 218 407
2 499 147
2 150 93
2 326 832
2 969 107
2 634 961
2 688 602
2 632 736
2 989 460
2 637 408
2 544 521
2 14 779
2 904 735
2 724 416
2 491 313
2 109 804
2 40 151
2 312 51
2 218 457
2 172 30
2 642 214
2 103 115
2 962 486
2 727 743
2 401 916
2 134 818
2 639 498
2 439 962
2 424 673
2 64 676
2 485 603
2 750 421
2 603 474
2 860 416
2 490 298
2 861 932
2 147 65
2 187 446
2 671 449
2 10 629
2 76 215
2 557 30
2 79 770
2 615 579
2 244 299
2 672 741
2 535 580
2 160 482
2 742 779
2 656 772
2 103 196
2 775 133
2 687 234
2 545 411
2 82 818
2 1 834
2 764 673
2 583 845
2 698 417
2 532 638
2 427 179
2 320 856
2 822 673
2 846 88
2 102 947
2 874 136
2 24 695
2 11 437
2 893 328
2 918 72
2 781 661
2 428 97
2 46 221
2 820 810
2 290 362
2 851 884
2 121 799
2 498 666
2 435 301
2 280 315
2 601 533
2 335 879
2 80 455
2 633 431
2 158 563
2 873 344
2 204 110
2 887 283
2 357 960
2 117 159
2 52 466
2 321 396
2 831 950
2 985 885
2 305 843
2 870 700
2 367 496
2 838 809
2 279 949
2 764 846
2 508 510
2 440 909
2 520 835
2 167 564
2 104 366
2 164 291
2 154 255
2 65 777
2 525 177
2 596 71
2 337 129
2 847 115
2 84 898
2 490 512
2 997 649
2 532 332
2 34 298
2 400 539
2 235 35
2 904 48
2 905 385
2 891 52
2 591 713
2 358 164
2 489 46
2 554 379
2 785 738
2 966 691
2 914 126
2 375 667
2 79 515
2 864 415
2 576 641
2 359 101
2 352 860
2 75 751
2 827 975
2 729 654
2 905 230
2 183 71
2 54 955
2 4 846
2 460 666
2 552 895
2 870 467
2 95 769
2 323 969
2 10 898
2 386 140
2 68 529
2 800 655
2 588 212
2 670 913
2 526 813
2 291 609
2 356 919
2 837 795
2 807 91
2 109 861
2 663 995
2 96 74
2 184 183
2 205 115
2 287 611
2 252 975
2 588 674
2 425 995
2 630 927
2 833 993
2 900 201
2 181 385
2 429 209
2 987 920
2 413 584
2 685 649
2 442 323
2 572 746
2 157 284
2 353 505
2 65 665
2 997 976
2 143 372
2 12 964
2 80 267
2 385 753
2 383 577
2 122 188
2 95 273
2 987 550
2 389 915
2 730 262
2 611 90
2 248 185
2 865 502
2 497 67
2 951 282
2 504 845
2 894 714
2 164 913
2 225 185
2 830 7
2 367 744
2 64 340
2 597 255
2 782 140
2 216 600
2 114 221
2 472 829
2 473 808
2 324 946
2 744 714
2 456 561
2 744 681
2 953 66
2 670 116
2 103 325
2 773 201
2 99 62
2 378 432
2 290 120
2 83 474
2 12 390
2 624 454
2 783 578
2 531 138
2 753 859
2 490 512
2 395 722
2 504 266
2 499 869
2 919 69
2 653 378
2 845 930
2 490 774
2 833 752
2 202 745
2 304 668
2 879 755
2 582 55
2 919 288
2 808 472
2 94 618
2 944 845
2 807 621
2 862 331
2 323 762
2 663 854
2 165 582
2 186 955
2 390 1000
2 307 838
2 639 316
2 870 486
2 581 997
2 65 462
2 34 796
2 419 112
2 352 799
2 361 873
2 765 566
2 452 231
2 164 940
2 304 143
2 816 978
2 169 386
2 740 583
2 112 216
2 998 811
2 425 644
2 45 889
2 964 205
2 17 566
2 653 499
2 913 314
2 517 440
2 609 30
2 601 909
2 696 184
2 588 892
2 362 600
2 165 883
2 781 992
2 452 353
2 528 162
2 598 645
2 893 129
2 37 171
2 527 859
2 569 819
2 111 637
2 887 205
2 868 908
2 994 580
2 286 328
2 4 749
2 471 48
2 682 240
2 686 54
2 797 425
2 952 763
2 681 979
2 264 442
2 218 741
2 237 592
2 651 595
2 993 410
2 339 951
2 707 813
2 203 391
2 529 230
2 803 998
2 341 197
2 977 752
2 642 841
2 802 999
2 179 651
2 246 605
2 946 874
2 91 33
2 485 810
2 638 378
2 155 980
2 42 848
2 253 850
2 654 246
2 250 117
2 123 234
2 897 169
2 866 188
2 119 578
2 86 633
2 170 723
2 72 974
2 637 859
2 44 273
2 953 682
2 316 243
2 337 94
2 420 388
2 366 354
2 936 964
2 45 509
2 726 968
2 574 46
2 67 661
2 801 973
2 11 96
2 615 672
2 477 91
2 530 37
2 274 870
2 541 779
2 284 67
2 845 96
2 296 654
2 917 66
2 506 805
2 467 810
2 306 953
2 906 231
2 258 587
2 15 740
2 177 986
2 944 247
2 10 137
2 214 18
2 151 979
2 266 477
2 626 9
2 833 712
2 734 547
2 260 779
2 560 751
2 226 562
2 330 582
2 64 519
2 544 828
2 351 500
2 488 798
2 480 645
2 379 819
2 493 808
2 685 827
2 414 651
2 727 166
2 226 214
2 655 778
2 843 868
2 870 791
2 872 244
2 569 28
2 539 133
2 240 971
2 177 257
2 351 368
2 115 804
2 618 260
2 484 173
2 303 553
2 91 177
2 919 666
2 140 861
2 339 272
2 119 306
2 887 436
2 938 46
2 299 988
2 388 276
2 420 162
2 538 349
2 968 561
2 46 612
2 223 961
2 527 317
2 658 405
2 579 732
2 722 999
2 116 455
2 569 493
2 476 988
2 232 91
2 981 603
2 750 735
2 825 634
2 886 411
2 298 334
2 674 675
2 324 760
2 508 650
2 363 804
2 940 680
2 519 422
2 503 634
2 52 687
2 975 455
2 849 661
2 301 604
2 709 230
2 384 869
2 193 617
2 262 118
2 83 515
2 893 654
2 795 172
2 500 699
2 297 229
2 262 478
2 10 691
2 868 599
2 438 847
2 202 201
2 814 959
2 45 601
2 420 251
2 663 427
2 396 984
2 285 192
2 771 577
2 232 200
2 223 519
2 449 520
2 729 153
2 611 88
2 724 966
2 228 230
2 761 841
2 507 405
2 651 652
2 153 347
2 187 678
2 315 141
2 892 277
2 949 73
2 127 509
2 638 139
2 155 312
2 577 433
2 378 345
2 360 882
2 229 884
2 205 970
2 525 396
2 716 174
2 842 778
2 984 555
2 492 611
2 193 111
2 641 590
2 181 303
2 285 620
2 881 210
2 663 376
2 923 99
2 747 841
2 683 558
2 247 87
2 402 80
2 730 882
2 207 833
2 498 818
2 481 893
2 340 704
2 994 585
2 177 904
2 100 630
2 227 680
2 965 75
2 898 915
2 454 535
2 584 850
2 438 646
2 226 598
2 616 376
2 506 594
2 247 558
2 686 784
2 247 53
2 176 22
2 255 329
2 866 350
2 971 570
2 667 216
2 899 446
2 370 900
2 11 372
2 952 169
2 122 40
2 227 635
2 639 662
2 476 738
2 830 322
2 484 898
2 378 468
2 152 118
2 946 408
2 199 581
2 936 828
2 528 510
2 168 262
2 177 268
2 723 789
2 568 56
2 639 817
2 560 385
2 181 606
2 310 432
2 23 433
2 568 950
2 961 289
2 980 809
2 22 64
2 72 801
2 181 185
2 550 702
2 206 783
2 640 55
2 165 198
2 749 232
2 338 94
2 290 215
2 571 416
2 262 71
2 227 177
2 59 46
2 495 299
2 2 319
2 305 504
2 168 927
2 273 959
2 337 714
2 266 515
2 913 988
2 616 550
2 824 427
2 450 668
2 685 443
2 164 558
2 306 609
2 460 666
2 934 475
2 466 757
2 889 850
2 971 859
2 546 603
2 194 86
2 53 706
2 974 284
2 45 867
2 591 839
2 129 339
2 485 233
2 130 184
2 888 140
2 459 49
2 687 892
2 407 259
2 532 673
2 85 121
2 540 55
2 34 881
2 637 295
2 218 172
2 297 925
2 823 134
2 679 967
2 214 669
2 367 624
2 986 563
2 329 179
2 81 990
2 815 474
2 383 202
2 554 738
2 926 804
2 19 949
2 175 919
2 150 114
2 494 230
2 116 931
2 561 644
2 966 272
2 851 364
2 337 592
2 359 690
2 381 902
2 912 787
2 913 199
2 623 164
2 264 84
2 6 706
2 863 410
2 836 407
2 353 802
2 246 354
2 343 66
2 146 557
2 481 627
2 618 224
2 117 728
2 460 859
2 412 810
2 156 736
2 760 230
2 447 323
2 359 798
2 179 251
2 499 861
2 989 115
2 943 617
2 342 513
2 545 924
2 67 714
2 603 744
2 243 57
2 668 871
2 454 656
2 656 575
2 935 92
2 356 215
2 19 264
2 15 982
2 571 235
2 246 850
2 228 256
2 407 628
2 377 989
2 857 345
2 370 974
2 305 167
2 425 875
2 819 778
2 581 869
2 501 657
2 685 280
2 342 440
2 200 755
2 114 397
2 639 43
2 638 464
2 297 107
2 127 960
2 703 926
2 222 982
2 398 352
2 729 569
2 297 450
2 711 485
2 585 186
2 713 789
2 321 353
2 334 44
2 4 352
2 591 780
2 833 151
2 334 285
2 909 380
2 612 176
2 151 592
2 794 637
2 963 457
2 99 717
2 50 84
2 876 80
2 923 713
2 816 806
2 46 830
2 499 223
2 604 179
2 946 890
2 602 560
2 262 702
2 69 316
2 332 515
2 686 416
2 195 234
2 943 187
2 751 693
2 540 254
2 940 162
2 357 163
2 456 867
2 685 463
2 481 52
2 516 966
2 749 813
2 905 749
2 679 861
2 343 763
2 19 766
2 467 517
2 427 960
2 384 756
2 869 635
2 368 687
2 485 964
2 511 725
2 37 320
2 632 826
2 170 745
2 793 1
2 538 756
2 18 654
2 11 218
2 814 664
2 175 275
2 525 292
2 161 733
2 558 672
2 400 56
2 896 393
2 726 17
2 342 466
2 727 196
2 146 723
2 529 990
2 952 233
2 500 664
2 908 379
2 749 926
2 421 992
2 174 884
2 144 277
2 933 578
2 159 993
2 241 961
2 761 105
2 904 681
2 609 563
2 641 454
2 394 185
2 74 620
2 501 515
2 280 877
2 333 755
2 853 345
2 980 220
2 547 760
2 710 228
2 642 476
2 595 63
2 323 63
2 871 376
2 49 447
2 424 625
2 951 466
2 476 982
2 610 513
2 113 518
2 721 664
2 617 234
2 291 828
2 877 959
2 595 50
2 510 822
2 276 220
2 384 188
2 258 934
2 572 673
2 105 381
2 437 628
2 137 777
2 841 573
2 193 391
2 907 619
2 886 659
2 369 385
2 127 307
2 495 135
2 967 667
2 956 363
2 543 73
2 248 571
2 783 964
2 428 363
2 150 806
2 710 999
2 770 319
2 624 749
2 892 382
2 641 416
2 283 805
2 199 694
2 903 649
2 682 331
2 23 220
2 15 87
2 404 227
2 621 391
2 208 976
2 155 846
2 291 176
2 706 26
2 800 342
2 175 774
2 543 857
2 656 399
2 852 245
2 344 599
2 614 833
2 165 275
2 679 360
2 645 813
2 324 715
2 359 330
2 103 268
2 59 732
2 127 779
2 952 288
2 216 472
2 690 378
2 155 553
2 226 55
2 519 162
2 527 828
2 81 327
2 519 171
2 936 268
2 608 78
2 514 203
2 297 389
2 813 57
2 535 557
2 705 853
2 644 70
2 57 70
2 465 193
2 807 156
2 558 158
2 423 114
2 831 873
2 348 65
2 413 326
2 160 919
2 919 70
2 4 258
2 955 285
2 704 600
2 312 920
2 462 214
2 984 779
2 662 473
2 865 744
2 216 360
2 643 990
2 801 120
2 297 374
2 229 656
2 773 162
2 830 72
2 480 288
2 480 495
2 743 636
2 493 589
2 725 680
2 643 73
2 451 254
2 104 69
2 527 576
2 598 732
2 369 921
2 953 174
2 709 757
2 313 557
2 860 697
2 504 947
2 280 58
2 6 607
2 324 221
2 494 670
2 493 996
2 901 73
2 851 725
2 209 931
2 213 206
2 720 372
2 954 862
2 369 514
2 360 577
2 652 960
2 109 627
2 622 253
2 561 385
2 497 469
2 437 999
2 894 538
2 491 483
2 688 360
2 105 795
2 796 666
2 203 705
2 481 385
2 125 424
2 481 314
2 580 195
2 394 556
2 471 322
2 137 212
2 390 906
2 928 542
2 494 444
2 837 981
2 685 806
2 404 700
2 816 479
2 241 123
2 341 876
2 225 823
2 948 127
2 305 319
2 792 646
2 636 597
2 722 37
2 276 780
2 510 779
2 209 848
2 293 138
2 106 605
2 807 976
2 51 88
2 133 554
2 814 733
2 812 732
2 979 733
2 574 34
2 316 48
2 814 978
2 815 856
2 666 558
2 652 111
2 397 806
2 330 381
2 463 906
2 862 764
2 867 468
2 92 571
2 151 869
2 408 256
2 749 741
2 34 419
2 625 352
2 608 641
2 815 771
2 495 532
2 981 81
2 704 282
2 77 762
2 337 558
2 516 828
2 310 275
2 624 117
2 480 656
2 949 619
2 527 220
2 390 274
2 511 854
2 564 245
2 844 666
2 392 148
2 898 861
2 490 635
2 209 535
2 249 612
2 361 977
2 863 936
2 646 654
2 8 648
2 710 809
2 724 662
2 841 598
2 60 472
2 26 632
2 624 968
2 433 927
2 351 575
2 229 910
2 80 869
2 250 192
2 711 387
2 899 178
2 225 106
2 299 261
2 676 634
2 158 138
2 638 803
2 551 251
2 261 709
2 478 488
2 830 939
2 443 802
2 454 895
2 116 607
2 674 697
2 381 9
2 934 349
2 912 836
2 254 693
2 315 144
2 16 100
2 386 474
2 626 191
2 470 818
2 707 121
2 801 266
2 865 714
2 802 921
2 405 860
2 725 989
2 370 339
2 206 924
2 150 278
2 98 420
2 500 772
2 503 870
2 75 7
2 996 777
2 905 88
2 995 926
2 568 547
2 72 763
2 880 551
2 476 428
2 503 596
2 858 184
2 46 363
2 805 678
2 937 634
2 875 289
2 24 301
2 938 266
2 57 836
2 143 440
2 134 221
2 896 495
2 98 564
2 911 962
2 959 410
2 168 695
2 369 192
2 981 649
2 510 265
2 28 513
2 142 607
2 294 583
2 254 452
2 218 162
2 932 461
2 852 281
2 126 600
2 48 162
2 805 764
2 150 512
2 591 918
2 757 992
2 130 986
2 320 865
2 98 5
2 494 56
2 222 975
2 304 254
2 706 810
2 255 326
2 121 606
2 327 824
2 777 604
2 237 582
2 719 736
2 437 335
2 645 819
2 544 756
2 267 676
2 390 963
2 523 942
2 412 43
2 55 530
2 583 620
2 145 694
2 23 686
2 437 531
2 651 606
2 165 453
2 813 299
2 712 719
2 777 214
2 15 855
2 505 992
2 383 968
2 398 753
2 469 508
2 914 656
2 947 979
2 458 741
2 450 938
2 454 140
2 16 521
2 880 254
2 853 29
2 337 674
2 822 221
2 865 506
2 630 383
2 603 590
2 16 564
2 604 326
2 262 29
2 663 559
2 338 951
2 2 876
2 348 343
2 981 8
2 356 217
2 522 231
2 647 750
2 905 975
2 812 454
2 40 345
2 680 545
2 356 329
2 425 392
2 500 533
2 905 426
2 894 234
2 149 883
2 790 825
2 356 592
2 693 71
2 308 927
2 934 548
2 893 82
2 495 248
2 756 408
2 169 950
2 775 374
2 954 244
2 358 951
2 704 671
2 589 211
2 637 988
2 304 449
2 400 555
2 491 638
2 418 505
2 6 601
2 836 83
2 674 282
2 853 12
2 351 890
2 185 24
2 24 216
2 828 730
2 422 632
2 211 596
2 494 198
2 116 10
2 410 277
2 511 863
2 389 184
2 584 769
2 145 720
2 283 740
2 28 41
2 126 167
2 449 457
2 763 417
2 439 189
2 477 91
2 668 766
2 454 798
2 246 841
2 563 224
2 893 225
2 886 943
2 818 660
2 17 696
2 165 178
2 946 267
2 270 293
2 135 325
2 494 110
2 532 523
2 342 745
2 595 259
2 173 824
2 389 93
2 469 505
2 487 136
2 114 751
2 890 728
2 642 621
2 39 602
2 278 851
2 48 377
2 72 203
2 175 809
2 548 396
2 384 560
2 449 889
2 986 467
2 710 631
2 49 455
2 297 87
2 953 131
2 199 364
2 476 692
2 403 582
2 337 769
2 398 186
2 529 817
2 715 610
2 6 475
2 18 488
2 23 551
2 176 657
2 890 483
2 537 780
2 984 829
2 72 323
2 291 754
2 165 12
2 998 276
2 508 37
2 602 198
2 660 762
2 194 317
2 734 752
2 146 30
2 60 831
2 57 44
2 173 664
2 584 141
2 304 662
2 68 783
2 426 144
2 546 53
2 722 701
2 180 473
2 387 48
2 814 988
2 805 619
2 452 675
2 101 268
2 209 413
2 480 533
2 147 228
2 793 179
2 422 648
2 676 167
2 215 629
2 291 650
2 887 712
2 743 557
2 225 592
2 151 153
2 712 933
2 165 281
2 975 15
2 83 557
2 663 427
2 729 704
2 971 340
2 794 677
2 826 254
2 506 787
2 499 557
2 54 566
2 2 666
2 555 611
2 914 858
2 637 448
2 588 593
2 64 424
2 998 513
2 398 826
2 767 198
2 284 893
2 565 519
2 864 249
2 503 264
2 57 779
2 579 635
2 14 118
2 339 877
2 796 599
2 238 239
2 456 486
2 265 799
2 721 775
2 330 191
2 514 200
2 128 94
2 620 500
2 642 946
2 508 866
2 469 823
2 300 824
2 418 937
2 787 462
2 369 395
2 450 687
2 747 834
2 528 895
2 102 258
2 983 846
2 495 597
2 280 214
2 335 77
2 901 88
2 25 691
2 763 679
2 599 741
2 588 43
2 301 884
2 414 703
2 406 345
2 402 144
2 478 417
2 576 394
2 163 737
2 15 625
2 761 229
2 1 973
2 628 666
2 801 519
2 165 385
2 664 158
2 701 406
2 998 977
2 556 644
2 180 533
2 344 961
2 478 793
2 907 881
2 586 999
2 58 596
2 517 455
2 153 810
2 224 644
2 182 379
2 425 363
2 549 816
2 694 650
2 781 237
2 571 331
2 493 694
2 33 400
2 618 818
2 120 732
2 686 508
2 581 850
2 370 350
2 544 772
2 977 137
2 476 972
2 774 310
2 426 185
2 296 380
2 279 382
2 321 90
2 515 138
2 225 282
2 279 964
2 587 317
2 660 798
2 967 237
2 914 862
2 461 546
2 19 920
2 913 275
2 860 890
2 98 694
2 373 136
2 816 792
2 55 403
2 2 937
2 645 385
2 312 907
2 291 145
2 520 178
2 355 220
2 44 308
2 381 849
2 133 262
2 65 190
2 155 855
2 82 323
2 152 423
2 734 146
2 788 704
2 751 345
2 503 980
2 11 4
2 868 309
2 485 943
2 965 210
2 429 234
2 363 799
2 959 976
2 161 761
2 734 183
2 960 427
2 39 653
2 838 493
2 222 530
2 294 45
2 554 427
2 351 682
2 335 107
2 180 637
2 124 869
2 124 51
2 461 66
2 143 335
2 873 168
2 994 510
2 217 142
2 338 917
2 16 485
2 181 57
2 546 620
2 841 30
2 580 492
2 896 866
2 975 827
2 701 389
2 398 913
2 570 115
2 708 321
2 786 943
2 708 405
2 304 653
2 205 403
2 53 494
2 502 959
2 312 945
2 145 445
2 233 899
2 279 996
2 677 216
2 886 123
2 205 118
2 356 687
2 797 831
2 38 574
2 97 959
2 891 443
2 75 173
2 877 678
2 185 921
2 427 114
2 254 804
2 381 487
2 720 111
2 660 272
2 747 704
2 177 856
2 414 545
2 747 885
2 9 454
2 748 709
2 761 563
2 117 543
2 103 82
2 264 673
2 731 749
2 379 974
2 794 603
2 783 926
2 775 408
2 463 327
2 835 993
2 322 983
2 233 585
2 994 390
2 113 921
2 587 486
2 428 416
2 356 197
2 987 687
2 837 24
2 333 665
2 398 930
2 914 433
2 213 419
2 220 439
2 594 110
2 866 166
2 731 509
2 498 988
2 965 485
2 436 712
2 45 748
2 226 297
2 864 360
2 674 557
2 896 224
2 877 554
2 12 39
2 80 853
2 607 111
2 788 900
2 264 989
2 392 186
2 535 323
2 420 780
2 864 460
2 984 447
2 159 557
2 392 855
2 564 949
2 163 585
2 574 210
2 583 513
2 198 118
2 805 138
2 514 647
2 820 470
2 426 78
2 87 620
2 775 76
2 584 646
