1 3.1502161860505984
2 0.009889649477632302
3 0.6029418907141593
4 0.7004669481907481
5 0.11934628715691982
6 16.861274227666936
7 0.5092851987572035
8 2.9669789053378883
9 8.34798355324481
10 1.2462569927298193
11 0.024812910253466512
12 1.8451732657466522
13 2.679837044922426
14 4.325050556531145
15 3.4443654796270797
16 0.8035409986993546
17 0.8095725737233157
18 0.02395260360320844
19 0.23513791253361546
20 4.4281392884672375
21 1.0123317817817141
22 20.060957636795536
23 0.018150267765600105
24 0.3896650393786482
25 1.1104778294617375
26 4.165905266809268
27 9.18790266674172
28 1.168004451503689
29 2.269620451500323
30 0.2868096938980159
31 0.46951567447065407
32 1.9328047105333008
33 7.340731053807764
34 4.180803372086113
35 0.9831965835850368
36 0.3760196324703841
37 0.020699323251789404
38 2.945265694681734
39 0.2788986017817282
40 3.585400435884954
41 0.1738547003997227
42 0.5969633701021396
43 6.352790231828281
44 7.760629537617724
45 0.2739162898248269
46 0.590560325898719
47 0.08474766057780797
48 0.5235481063860963
49 1.4714653458366755
50 2.3409229258329147
51 3.2444603591893153
52 1.6225205279206714
53 0.44886151725466966
54 9.283896960925848
55 0.06370149663621118
56 0.9075800981788014
57 0.190693695075089
58 0.1174162534818148
59 6.636151924520232
60 17.090872301949847
61 0.28038395404689576
62 0.12188490599835283
63 2.9885334638476846
64 0.06739927664442208
65 0.9485183494317563
66 10.7362861359665
67 0.04567164828573028
68 0.42400323260095457
69 0.7579410123003197
70 0.0808284869783181
71 0.8367094020532114
72 1.079639980399943
73 0.2177652289557489
74 0.36671524929896787
75 2.069970617637931
76 0.2528497809686513
77 0.4988962225643435
78 0.6494608690937749
79 0.91794620980533
80 0.6798517892075061
81 1.3860724649417602
82 1.7949443983950697
83 0.6241246443922525
84 4.291671283880688
85 1.5832500896927233
86 0.33566199599006696
87 5.3530841458121055
88 0.6779971048966246
89 0.12070022891613999
90 4.163721613372862
91 0.5231041214409332
92 0.04664236172556062
93 4.033115791138239
94 2.2137731816077406
95 5.758013062208012
96 0.3589800031527166
97 0.37651530856994025
98 3.930158441664759
99 1.0679625295484305
100 18.15092429407035
101 0.32988625697756685
102 4.952254481400798
103 40.828285153329084
104 1.0491693043644779
105 0.24204070634581984
106 0.43113218511284146
107 2.2970874861239223
108 2.233711500907628
109 427.0074940586454
110 2.8747515409599185
111 1.127752633076735
112 0.8556075023054345
113 3.500101736380889
114 5.167964084601099
115 2.5123019301701563
116 0.46137235349029343
117 0.20584985389885002
118 3.3864117216210263
119 5.116911512200885
120 10.630182857709675
121 2.2502025523671976
122 11.765225158997415
123 1.511307299313862
124 2.188537744778393
125 46.01945566668636
126 0.7752319152148253
127 0.49101457263006143
128 3.402531439334013
129 1.22271852891379
130 1.1810019570960566
131 3.345191849828256
132 2.253036391642074
133 0.42622286349464966
134 0.3458878715325597
135 1.0175053990087248
136 0.3550620892682398
137 2.7750637146642334
138 0.4523784897899169
139 81.88876338058189
140 1.3861072075810836
141 0.07995785235304965
142 1.5531593026374018
143 8.911190928850361
144 0.47826061153644683
145 9.175114131490066
146 300.135927216449
147 7.539874838909581
148 0.6079380813160478
149 3.3622482288846776
150 0.07112042927069809
151 8.26140786242982
152 0.4104674931742183
153 4.2420329935273395
154 0.8699933938790344
155 0.14811084950657558
156 19.303778964301085
157 1.338623464505308
158 4.169146203067686
159 0.33251141422696556
160 1.1924025963522846
161 0.9799078364366502
162 5.665246430642645
163 0.22703346722601592
164 1.0458996574860913
165 0.6950446294449646
166 0.6820327486927001
167 1.0572250496961855
168 0.7702005242558291
169 78.75575356011616
170 0.14719208558242855
171 0.5218374961237816
172 16.791485705687695
173 0.6078119486828648
174 0.22230220235337123
175 0.2522532390587064
176 1.5727282704658347
177 0.46298257847167495
178 1.2374330367797448
179 0.26095723755993927
180 11.759113820411125
181 0.5629699565964134
182 7.071923530278064
183 0.6817161988859428
184 1.0863133705720835
185 1.2708160172124277
186 0.8376451962082612
187 5.807371349273665
188 3.731187376170038
189 5.363076367914297
190 0.6284973490223701
191 0.46416714102456197
192 7.460586680185435
193 0.051050403750940825
194 5.733741399562651
195 24.590805042793445
196 2.1134595356384054
197 1.1487794591018825
198 1.126933167950259
199 0.28808331582039554
200 1.3349231961382377
201 2.0946887129847918
202 0.510021981930991
203 4.618340970678867
204 0.11977003863008724
205 1.0964716817302218
206 1.900200160726252
207 4.48316407599053
208 1.6716880899701585
209 0.4394246802512498
210 0.9740754872143917
211 2.37296799792206
212 0.613744810231416
213 20.452019403751706
214 3.466127853959853
215 2.3605112297667596
216 2.183229583288727
217 1.570474822340436
218 4.4022525395401235
219 1.4724180950910026
220 0.6757372627243288
221 0.42218386921158824
222 1.3995101362067668
223 0.5330673636306322
224 0.47457498482661203
225 1.2544710085015431
226 0.20739827936021482
227 0.8130442531847937
228 0.23244932227357634
229 2.6804029345302265
230 1.6684893834965024
231 4.833125633322725
232 5.782729319448464
233 0.0889939235688749
234 0.20966018403692202
235 0.08852521243152683
236 0.6765724876943408
237 1.1286179362704498
238 2.0693811834752514
239 1.694316757414121
240 0.5699473267387551
241 0.2571594913235126
242 1.787469258769919
243 18.141994486691594
244 5.448710130885656
245 1.4626265309943818
246 0.6151934265471115
247 1.2819791813127392
248 1.3614338101488008
249 4.7163645568393
250 3.49628661058385
251 2.533183476417225
252 1.1638835261295146
253 0.03710659133034199
254 5.783439496314667
255 2.4142157278032195
256 6.627110769696461
257 0.08020120870205517
258 1.539335708625677
259 3.174380395784163
260 1.9914427886433752
261 5.103256085775188
262 2.568109700610096
263 0.6677742251099962
264 0.25276075457675784
265 1.5340061393401843
266 0.2094328591780632
267 1.133422581588656
268 0.5003133916380642
269 9.511358632982105
270 23.565777971151245
271 0.1333953130678346
272 0.013494320132979961
273 0.7678264762763285
274 3.4111439081964225
275 0.8429139539424677
276 0.022728489813034065
277 0.31454057903507254
278 0.34992137848664
279 0.08269687095874727
280 26.247228511191537
281 6.182905123797269
282 1.029241529012232
283 0.16300311109729212
284 0.0474926052111363
285 0.05356007516266104
286 1.0051434672111363
287 0.85360452270746
288 9.94393913760823
289 0.8023126189850451
290 0.17109545781242147
291 3.8929889073531587
292 0.46264465666883003
293 3.2761788552645217
294 0.20953464970168856
295 9.208193430759415
296 0.24650623467839586
297 0.650151006787212
298 0.18691445269306842
299 0.002812089821029469
300 11.091558082092659
301 1.0551323521882672
302 1.834552918762434
303 0.4205272045559442
304 3.669778090608298
305 5.049269156387613
306 0.3659011009239246
307 0.1522632271870741
308 5.147334713433567
309 5.439467959804902
310 3.483421508823015
311 120.25390510939097
312 0.021076298630792613
313 0.7360956086474154
314 5.281698948432103
315 0.17652386851176863
316 6.954703000474119
317 2.212373835825235
318 1.077068098803734
319 0.8752893270208467
320 0.5007617244090826
321 1.4036511721546403
322 0.7795401854588045
323 607.9973727224402
324 0.10408835290942642
325 0.48359128170900934
326 0.460115822572912
327 0.9198585243558073
328 4.903248694256805
329 1.4621056705005164
330 0.7404459048070887
331 5.244408325024574
332 6.897043662756809
333 1.4595524100480046
334 0.017577786784779177
335 5.898651129573373
336 2.656232063390532
337 0.8713473976809322
338 0.030632198487083817
339 0.9496815100136166
340 4.338573339384715
341 8.695364256579404
342 8.520558346279644
343 0.15232858167442082
344 0.3311031167767091
345 0.14030866329212072
346 0.5639160841657788
347 7.911212088941583
348 2.683432628199539
349 0.4974126218581707
350 0.7168233986326862
351 0.2702768393815324
352 1.4651491419308535
353 0.19317011815128457
354 1.1488224836195438
355 0.059201192568833
356 1.2031232764959954
357 3.0134284200232755
358 1.1674141288337039
359 0.5367895311400561
360 0.315101252123693
361 2.1487269702142933
362 0.557050231828828
363 1.7272724791310452
364 1.4001825617596684
365 3.527670046248834
366 3.435063678919748
367 1.7760883784530257
368 1.490091539490494
369 0.5510655388861199
370 0.741040001143887
371 0.22779845121937561
372 0.9637042066352427
373 1.5761749278901063
374 0.9317882769235947
375 3.422465506605289
376 0.23694911205182742
377 1.5654111633297756
378 0.8273015009302612
379 0.37765980339060806
380 10.383419884525622
381 2.6582967704060714
382 11.448673707453265
383 0.14038775977685247
384 0.291224186024598
385 21.342062273279776
386 0.08448986582585098
387 0.31410723060765816
388 8.273360861690357
389 9.00231124444128
390 1.1952295370805992
391 0.04129261165689775
392 0.41995346203488126
393 0.06189363568732743
394 0.04676685223017026
395 0.5928704593498347
396 2.2092377862618924
397 9.080696341702499
398 2.578345298526025
399 0.6664252316648731
400 13.280519984029977
401 0.7087879563183541
402 0.24782495933657392
403 18.921816981904577
404 0.7395221542526342
405 2.792332777869558
406 0.4952059990827343
407 0.37978347090225606
408 5.681372198252785
409 19.21673831897757
410 16.793453194119422
411 1.66644621738107
412 0.17453810187212473
413 1.7330816810148741
414 0.13756531525727314
415 0.34936965447685336
416 4.143470237786988
417 1.1817014110406228
418 1.3523015006705863
419 0.4558743016680757
420 1.6371976858600255
421 0.6254100013442303
422 0.5577678543980293
423 0.48549767995783527
424 0.12444704327920957
425 4.464899619609453
426 2.8993601242514244
427 0.35796759519492966
428 2.4807496189695133
429 0.6436929005744719
430 1.3781403560796524
431 18.994826150205743
432 0.949247877474792
433 0.3943607543758955
434 0.1575697578911824
435 0.2393605280221101
436 0.010476358269694569
437 0.3163518944209639
438 0.4205561833877703
439 3.8894610024883933
440 1.7559744152542156
441 0.5249142854755526
442 0.8885413982033729
443 1.4862760866679379
444 29.397149830809095
445 1.6218952845441987
446 0.856441077070374
447 10.002612441347637
448 1.5744393214697163
449 0.20644003642084607
450 0.49785182206062467
451 1.2070423427643175
452 4.106087404948634
453 1.700488114201926
454 0.1633079157740373
455 0.09742344063618052
456 1.1020187194727213
457 0.03324702633925607
458 0.8735431399485604
459 10.74114899185728
460 0.4351143702020013
461 0.004896408083851132
462 0.5828431473456329
463 1.2217586139023642
464 0.8215939355399771
465 0.04412559109234456
466 2.384788448881462
467 10.955371497182023
468 0.4158308684238026
469 0.087081539019232
470 0.3828710741734773
471 0.2945375607333593
472 0.39124430133575444
473 18.57379369028779
474 1.290292546761107
475 3.439883437149341
476 0.05990984672996919
477 2.6805175785171844
478 0.12248480607300087
479 1.7651981106020187
480 0.20048606815579526
481 4.6225788270799235
482 1.4305663406667326
483 2.7570314498527386
484 0.1557600349962374
485 0.04363573476692643
486 0.15767979636456986
487 1.1390530249848827
488 1.335750892992045
489 14.55653297761993
490 0.09874529204636918
491 8.211752709368145
492 1.9423566938348977
493 2.0057853409817317
494 0.27264525237432213
495 0.44061568682104474
496 2.3112327569079607
497 0.31130862767176126
498 26.663886804120004
499 0.30409173387155264
500 0.1871023968485302
501 0.2916662658230402
502 0.03573571257241671
503 0.06342806450534855
504 0.4015966672913491
505 0.2981466696274295
506 167.81696535605394
507 4.399714436456065
508 0.307708170754815
509 20.81258830102157
510 1.9926874429835069
511 0.01820430752040182
512 2.7146063963769143
513 1.0695767321229597
514 0.11738040425675882
515 1.6992080816292667
516 2.5688512850330687
517 0.06874132301784122
518 2.284722003023817
519 0.993488953156533
520 0.5767935470110512
521 2.1968836619798235
522 0.08106807963906251
523 1.0380557460575104
524 375.35377432351794
525 0.6569219199296642
526 1.290989559786855
527 16.649362389723763
528 0.45313145737365457
529 0.9414247858954039
530 0.12760841481380747
531 0.3340698697438261
532 1.4147186846754154
533 0.242640961348255
534 1.7855066009018177
535 12.848361329055939
536 31.186973795759275
537 0.7242872726887006
538 0.10066003624899957
539 36.296558720714096
540 0.444699492183306
541 1.1910560683783462
542 24.68922328859899
543 7.081626137210063
544 0.3522715226623013
545 650.2343699146749
546 3.576748177641261
547 9.15214491405016
548 2.5733588840534254
549 0.5184239137536825
550 9.578152084514349
551 0.6523553419907541
552 0.0708525835816958
553 0.22978275375707174
554 0.988547807433625
555 5.689753972354594
556 0.21168278795206047
557 214.89907070715321
558 32.25208075883954
559 0.4646296755246971
560 12.428712157176244
561 0.8265596963387736
562 9051.323871267214
563 0.09741641623721435
564 1.1902511192775862
565 0.042199072564231103
566 0.15414247877612897
567 3.055359190314064
568 0.2845855250317723
569 1.3860121237711422
570 0.3533472011989009
571 0.03510522610298688
572 1.7450337283429573
573 3.401167809620482
574 1.238140720579264
575 0.10793202816377685
576 2.1090356998668485
577 1.1327562231526542
578 1.5040777575372137
579 7.463827245500163
580 0.8534200131008618
581 0.22364408078923514
582 0.2719951556925761
583 1.5458640973855118
584 0.20591172045464953
585 0.7339567161786059
586 0.03286045974824242
587 0.16524871928996995
588 19.026945656676524
589 0.07185520943302046
590 15.581698020799273
591 5.377346000389715
592 14.374789602299934
593 0.6758912402356912
594 0.02538076756720136
595 0.07156358697462062
596 28.08319019574525
597 4.914270764305103
598 1.0132354997810429
599 0.010555052310933876
600 3.3768581953443877
601 2.2159265136762665
602 1.2300277633074053
603 0.8852976972322244
604 2.0901396841896895
605 1.6326358005032722
606 2.8170903474543834
607 0.12006957578658552
608 0.7570453112235977
609 3.584657992438597
610 0.3209978485817497
611 0.7962578635332476
612 0.8470033626873459
613 4.993079370245306
614 2.598472962077575
615 0.8335170798784226
616 1.7707860952361694
617 1.4949225284455097
618 4.163827399044302
619 1.3120427340846261
620 0.8381677051082416
621 2.414808205848159
622 2.3930879890939143
623 0.3906417089775698
624 0.014651571636331975
625 0.03268820702173168
626 0.07612488168541064
627 0.3962684048076122
628 0.2554028179120272
629 1.6355630095847853
630 11.32866802755751
631 0.578943227952739
632 1.2261151350391468
633 1.993246585840594
634 0.9671909890699035
635 2.6442546348709444
636 0.2434742791220629
637 0.12263982835755816
638 0.12785131269464695
639 0.42732176025932334
640 589.1688226560407
641 0.011316251384210316
642 0.012863397307976435
643 0.12416607041425294
644 0.07535586982815398
645 0.37297617784029974
646 0.17699199788677566
647 11.587522310557334
648 0.9663467346792546
649 0.5039414695872695
650 0.1172799234940528
651 0.43484741659545556
652 0.26980235494538274
653 27.452516972411104
654 0.09607595749849634
655 0.6731791092186792
656 1.450220476661281
657 1.9729358782906763
658 0.05784170012003714
659 1816.7100401648336
660 0.23403282449903495
661 0.21618840006137538
662 10.066610003907313
663 0.04806001654390205
664 3.048507707972193
665 0.5958270714048045
666 1.9132810896712005
667 2.4248978652000015
668 0.20207796867144986
669 0.38306194819318923
670 0.007234348395426454
671 0.7984036861608391
672 1.6495820882792598
673 2.4800124191250017
674 1.3967495585128462
675 0.11854422233810834
676 0.04201213008178816
677 17.467906837814663
678 0.8084213577556717
679 4.247285498482783
680 4.31768178639979
681 0.13567867076738677
682 0.2220044329639107
683 204.3046002571161
684 0.42114663672997293
685 1.0468974614422608
686 4.461409933242785
687 1.0485023549719532
688 2.9136766331109047
689 0.15254069558431801
690 1.4600047761131276
691 0.1537074038476378
692 0.25931745713060667
693 0.6038255470738424
694 6.81676853144627
695 9.788885888817362
696 0.6771728308018956
697 0.055220920962599895
698 0.026289549562187965
699 0.20461770012351468
700 11.187526316532146
701 10.04524123344629
702 5.289824082886215
703 0.9287925966128138
704 1.7672352720763802
705 0.09507615767167939
706 0.7656522790138891
707 0.2285689047123545
708 1.618211722768816
709 1.178199478706707
710 0.6043423213571586
711 0.7366887269411881
712 0.491505122423338
713 0.12463974716954627
714 0.34887929287468294
715 4.849663607618597
716 1.6329339140776233
717 0.7950900414948673
718 0.03871596871994879
719 2.8371329565813266
720 1.923492740996254
721 1.7273402870085341
722 5.457682666535632
723 0.4781305683901484
724 32.53905129831924
725 0.4633088941837677
726 3.5651911368288585
727 0.19678226871172805
728 5.145606858050516
729 0.25369880161131464
730 0.5722761275154088
731 1.848851835091376
732 0.7108244891109932
733 2.2134250993631035
734 1.0459068493946004
735 0.10464045418660005
736 0.893396767823719
737 0.651138751202259
738 0.7184587513126999
739 16.14472299973206
740 4.721563322119048
741 2.6312444123637633
742 7.222690001130676
743 0.031419153103363434
744 0.1974449660830493
745 2.8428247053279994
746 0.329518586607786
747 0.37391859875409883
748 5.0608748368507595
749 7.505693526113432
750 0.7152051739590066
751 0.09052734380719199
752 1.6040259098115581
753 0.014828620561059451
754 7.890957089555713
755 0.7353747503506881
756 3.6070634719160117
757 1.0765644006861756
758 10.25951437675001
759 3.9130714550958032
760 0.08028249930981812
761 0.4037613243725421
762 1.0351673864049302
763 1.9024758172765879
764 14.53905701878273
765 11.572795067479634
766 1.1422835559159388
767 1.1708524916284135
768 0.9358036446343344
769 1.2182588716171083
770 1.3697636715851105
771 0.06299721965752601
772 0.042610378060547155
773 0.41118248006388547
774 33.055155031733676
775 4.901373303250346
776 3.258094436931268
777 0.9121009311518848
778 0.03229219112037817
779 0.09079689013776161
780 2.4325251195011357
781 0.1109882159241209
782 0.6557423268222818
783 1.5035998832105846
784 0.307709303133463
785 8.18217807130972
786 0.4798539999231931
787 0.03473756946420388
788 4.740776834494925
789 0.02298161466794903
790 20.97111753223098
791 0.3498056992628775
792 0.3574016879167354
793 3.1276640365912467
794 5.45150050498349
795 1.6331552550245125
796 0.22363429327383866
797 40.30253767192691
798 0.027355353117717293
799 0.18670700562501874
800 0.033522711306956714
801 2.8113461541635214
802 2.270253794820754
803 23.834952024118458
804 0.5731649992076905
805 0.455483174845878
806 0.5893576712030643
807 3.654032461813918
808 0.35246295020105123
809 7.645624942763739
810 2.674932588965593
811 0.22747045304925737
812 0.17147568844037378
813 0.6546519799838855
814 2.998587941120309
815 1.616580714646365
816 6.599957768065456
817 2.2243878880599657
818 119.11526258317657
819 7.054548111677396
820 0.28083938529195934
821 0.11415152541070069
822 2.4826040849019066
823 2.7191590225723283
824 0.5247996181609114
825 0.0044363529140938026
826 1.008354333839693
827 1.517584278785585
828 1.0244472414979036
829 0.03597580617388539
830 0.7344205960686315
831 0.1080908441147906
832 2.171889053914277
833 0.48701742540333115
834 2.0046976501947396
835 0.8556815929782213
836 1.5020078193446231
837 2.75962534477281
838 0.019078705073590146
839 14.498938914629365
840 1.28278386902698
841 7.794808917858767
842 0.048842175977871355
843 68.33622006020175
844 0.17234819862794243
845 8.699555871483211
846 0.23084136314177164
847 0.06494436165646239
848 1.258673100427791
849 53.510065411199456
850 0.29567861017959907
851 10.374182784552584
852 2.951085910478375
853 0.029888337388762037
854 3.5822440874300985
855 0.1522571510932715
856 4.188590206866232
857 1.039121692896206
858 0.23568506265337183
859 0.08662321806592824
860 14.858684658089167
861 39.070453265338074
862 0.71218718528182
863 1.597024723763759
864 28.50524799618066
865 0.849730577978737
866 0.8185568753409865
867 0.66399035869568
868 0.14783485487690368
869 0.13458773057531337
870 0.7784100774242633
871 3.5865955480235994
872 0.8500768518367785
873 0.27601481604070544
874 11.595474614031342
875 14.059862228931916
876 0.20187052643941714
877 1.661125541732591
878 1.9037811043449198
879 0.988213307088961
880 0.27377133051894526
881 1.1099065592520825
882 108.46432851160525
883 1.9308659326250581
884 2.1240972006192993
885 0.3127974469862389
886 0.5924811088178495
887 2.1093006295279055
888 1.5383227609608006
889 2.9814560725630987
890 0.04974847187459241
891 0.8111166914795862
892 0.0007017637396982975
893 2.0092984498091986
894 1.9168855190659013
895 1.7973369739291298
896 1.176210210573521
897 1.5128842891710355
898 0.480643915752749
899 0.1046423378685694
900 0.3612817337077391
901 2.4737918456638726
902 6.856852872192665
903 6.030311816450678
904 0.026159717633055447
905 0.845576750042249
906 0.24168087216644046
907 6.971364595139516
908 1.5749890767501737
909 0.522950703142325
910 0.8549999203976273
911 7.329107420162394
912 0.8217618351332183
913 0.5806872199235513
914 8.179854092129867
915 4.284401123427469
916 0.26276930819454575
917 1.602229733212858
918 0.21171084429911366
919 2.004374615523651
920 0.20487308676249
921 1.9940507199387354
922 5.652204667358077
923 0.3462296708837342
924 0.08188274290606806
925 0.006174876875901316
926 0.047106374682313726
927 0.18466177138742626
928 0.20192407943957238
929 1.4273435545541724
930 0.05711556206038707
931 0.42024010970279757
932 0.6142728500450498
933 0.3003699458195928
934 0.8106678983160197
935 0.38143106978389746
936 1.2753706657830102
937 0.43048843852296476
938 9.724904390175425
939 1.575928330130192
940 5.2361273394424295
941 220.33160850476057
942 0.03557043374361234
943 1.0225192961548502
944 0.7391271828860427
945 10.670313139980065
946 0.3762901211730542
947 0.3554035522558647
948 0.33521256985498443
949 1.7622765137799816
950 0.1703729691582553
951 0.575116010532537
952 0.034950848741701464
953 24.35078403004602
954 12.081385439924734
955 9.936419476051306
956 0.6068083104979193
957 23.516855672882762
958 0.017074652400076266
959 0.46250381988878514
960 0.8990803634565872
961 3.5991621114262817
962 1.9926283154466113
963 0.5678296380885699
964 0.7759904672290331
965 0.40245669377909327
966 2.9418040942343224
967 0.852859330692571
968 9.172915933982086
969 0.14725805132511613
970 0.09193894955070864
971 0.3117461814364588
972 1.334984090476019
973 0.2360302944125556
974 2.159547626879815
975 0.19540667025910038
976 1.8216463468178288
977 0.7182040703639708
978 0.42751678753363975
979 9.797762119693965
980 4.005054273059501
981 0.5323779301459589
982 0.4240619823502796
983 0.08111926173976192
984 1.2868816950088489
985 0.05208601802239649
986 0.4797838438451323
987 0.8479659550765456
988 1.069778353030924
989 103.95733464886612
990 6.596127083067765
991 0.7945761694475509
992 0.20904338987020588
993 0.6569873537514977
994 0.07546252815492183
995 3.356597910992072
996 1.6806953382681644
997 1.714887715689184
998 0.1412562303750298
999 0.8590040612252005
1000 2.0984921678501203
