1 0.2926337873427921
2 0.7721203247976438
3 0.6497934038813775
4 12.735941327239418
5 3.5800399601828063
6 26.03838032611015
7 13.206711980040374
8 0.267692962331122
9 4.661146530678019
10 0.09750411631205726
11 14.210166696091747
12 0.47649589017855004
13 1.1844514801519066
14 0.2519405564399649
15 0.48208666550383156
16 2.051355642524677
17 0.7197812519299072
18 0.6809940726957207
19 25.08445194224569
20 9.39323036950146
21 0.5239565110476104
22 2.8396855280366733
23 0.08021655175016411
24 11.737000030692958
25 0.8168849405817864
26 0.8027316300581548
27 0.7395206509536283
28 0.10261511583664396
29 123.60502678523135
30 0.8468974142838873
31 0.6880197141192901
32 1.3363639638024152
33 5.729379273496338
34 0.039142484772593446
35 2.7405909640811714
36 0.13772510894645265
37 8.221218304509252
38 0.2732545212443152
39 3.1358957008021524
40 0.3865075213245386
41 0.11718716578440672
42 1.6609863874435462
43 1.6490289492414003
44 0.6210269750188391
45 0.7898892232344578
46 0.10147769079744673
47 0.2577159953625988
48 0.01808016227119564
49 1.4644086298233496
50 2.062665679544217
51 0.33310745077353826
52 0.43056543841165934
53 0.5142885827567053
54 0.03102628061674119
55 8.410955129364465
56 5.633880925914886
57 3.0221436167823126
58 0.2488314697152723
59 3.4422878757781654
60 0.024239950871742837
61 9.935612669784723
62 0.6555214528230737
63 0.05415998828837016
64 11.744108949972635
65 0.9780046910097863
66 0.3661709239067186
67 0.36521645178741685
68 3.8187455608811867
69 0.6947647745910879
70 21.364563824645117
71 0.5680893392926593
72 0.05403808921796801
73 0.16038927194711877
74 0.5705286713793853
75 2.012766374977411
76 2.102505748713652
77 0.18864524765957094
78 0.958633949320318
79 4.038819699410766
80 6.8072364222571995
81 3.058392059142716
82 1.2489854033766021
83 1.700346492884582
84 0.17919654656220363
85 0.07532836688658442
86 9.382590573623718
87 0.04184967438941105
88 0.03529724336024976
89 0.20232029741763669
90 0.05675321938999147
91 0.12518972331073894
92 13.787103053752933
93 1.6215378159211309
94 0.04468023112646303
95 0.1293317060024795
96 1.0862605813821848
97 0.6320117847408278
98 0.6946936130454522
99 22.10456973398383
100 1.2263618186888499
101 0.18123555869035965
102 1.4627436696145248
103 0.3078241253486768
104 5.337735950053846
105 0.14136210239079164
106 4376.935332228351
107 1.1374189854357328
108 0.21324872771503708
109 54.141054623427976
110 18.534267934418708
111 0.49304839274233303
112 1.1416894792360262
113 0.17802441130882815
114 1.4948302554050126
115 0.7967072564116815
116 1.178338747701202
117 1.216345724018625
118 0.2685199027483115
119 0.20811693179115548
120 0.7857346923853913
121 2.017202439257095
122 0.35057570957544976
123 0.12180503551559861
124 2.496524885589283
125 0.4496212218874608
126 0.4422547625490985
127 0.12794985217341073
128 0.6989092581565565
129 0.4494287282097263
130 0.6698036237388013
131 8.540302253763508
132 3.178997990725343
133 0.3678328667001299
134 1.8116114513328794
135 9.994893621092551
136 0.10966234257476101
137 0.0018367584794426808
138 0.146168182234797
139 1.1083456436112882
140 0.7479552530750008
141 8.274213866581562
142 2.091038930503568
143 5.1201202958586265
144 8.784842067356589
145 0.4491533629002555
146 0.13362393283517596
147 0.4321478757606046
148 1.0674759827635139
149 0.18478513454003334
150 484.43548322032063
151 0.37800264393997346
152 0.5199043124605286
153 1.5982714851454656
154 0.035397594627482036
155 23.671346672427788
156 0.021147617717167163
157 1.162619685536246
158 0.1878496106311695
159 1.3860587393872
160 0.3039190149461213
161 1.3332075040836986
162 2.863918390589447
163 0.6160921564021602
164 3.3184225532058034
165 1.4656820434946027
166 0.21365529575117315
167 33.62904389631126
168 0.45131227038856697
169 34.982298726366686
170 75.17312713779701
171 0.033298170999383266
172 0.621512762812545
173 0.14088847757325426
174 0.5985334243461192
175 0.21574783943919468
176 3.3625948922355433
177 7.636272880161673
178 3.46091440769156
179 4.70004909910147
180 0.7576073882742884
181 4.377590198762382
182 7.927518422608879
183 0.9568815541351989
184 1.375622164868917
185 2.207789588698724
186 388.0159149882537
187 0.37986194688070424
188 1.2794620028120727
189 0.9779704478205937
190 0.2743308368519696
191 0.7756052595299753
192 1.7861991189688764
193 0.593008317618007
194 0.4063253908710515
195 0.8885568995980769
196 0.14578643474906028
197 0.6378726574522018
198 0.6448202138523629
199 4.230171105888164
200 57.385286379944
201 12.725556516870517
202 3.532221294450742
203 0.251360079168425
204 2.7932986816519887
205 1.7846690544383512
206 1.0780145418991165
207 0.14831504424555747
208 0.5444036272933553
209 0.11340587669841602
210 1.7544382017734645
211 0.9751303220646949
212 0.2040288783678691
213 0.028534573699061615
214 1.0940217528377576
215 19.01280687040342
216 0.6628089926286321
217 17.216327502997153
218 3.7149472699763897
219 0.7478025447936281
220 0.47476989153037197
221 1.6287936138020793
222 6.9817655147654865
223 0.31226756873768724
224 0.8265004413925858
225 0.09392894697083633
226 35.28376879109736
227 155.3850188315604
228 7.565003233833382
229 21.85691920609824
230 0.25000176693287407
231 3.5754110468425235
232 1.5461900664085235
233 9.830816774974043
234 2.449557684277517
235 1.6260724817621608
236 0.49827966309205635
237 1.996161059015611
238 18.80993987992987
239 0.03337306714848312
240 0.790533225688129
241 7.514943366865998
242 0.6789358686714622
243 0.5202190581852679
244 0.06697952521614287
245 0.04224222609267289
246 31.89246467941406
247 4.43185733505601
248 5.832328640299408
249 0.8437132529724148
250 0.1909568172885856
251 0.3455713199602101
252 0.2317786229431743
253 0.9875442808775825
254 5.141665796534723
255 0.37407432305281413
256 0.5782842731394335
257 1.534446089488366
258 0.9981455738124733
259 6.789505265458292
260 130.7430890163748
261 0.1692626357204968
262 0.6940368960396599
263 0.23112744254894624
264 0.1840870445588463
265 0.14805292111717633
266 5.0057487569452155
267 4.237133271248252
268 1.8088267162459628
269 1.9449646712713364
270 2.4167012372369245
271 7.093685842441052
272 0.2854179465487349
273 1.5742138315535708
274 0.31100215209779036
275 1.7329176822766783
276 2.877921935131824
277 0.8339124452623873
278 0.4628245435389105
279 0.724462657043842
280 5.530444471583641
281 2.9197628041757944
282 11.154947556013331
283 0.0248638279515774
284 0.8263898031163701
285 0.6462708071437292
286 0.04860582014102687
287 0.2883497014281286
288 2.5407395089273264
289 0.20939678852218677
290 2.0411252946392966
291 3.3468359008227013
292 0.013803656900602916
293 10.374766973784427
294 0.1868438817698092
295 11.191213034603734
296 0.5297156288744365
297 0.8326192977380974
298 0.13156714111083545
299 1.1583789058355964
300 0.4501178386816383
301 0.41555456532622487
302 2.5585047456380368
303 568.663939100091
304 0.36191827377485053
305 0.3540884199597454
306 6.488252399324185
307 0.9923799871224316
308 0.4458244981814014
309 1.5732489143159167
310 5.463094180291173
311 0.34923072470202726
312 1.0599847623341307
313 0.11876119052972578
314 2.4444967675539444
315 1.792796839705616
316 0.10136132698163962
317 0.13153609252248621
318 0.11277844475125393
319 1.113109131864261
320 0.3824563219136064
321 0.3372308455810262
322 0.48168176042723304
323 0.041781771005912585
324 2.131246961689538
325 0.08146820545099026
326 0.2969554123727894
327 0.8783901918853443
328 2.7648364716961287
329 5.98763888768307
330 0.42684868234515455
331 1.9781897154816688
332 0.15245364707482
333 0.2739721779117437
334 1.0426986394210032
335 52.52103425347026
336 21.11657141443409
337 0.19457332713570707
338 1.9747622197527444
339 0.10861305734881345
340 0.2205511002454763
341 1.2864411529767374
342 1.7696550738758652
343 1.407835395397289
344 5.643887110775392
345 0.0291597122074117
346 1.0571496855485536
347 0.8657366497293518
348 2.6439846426356524
349 0.1340466749394078
350 0.29989128023633493
351 0.4097218623568113
352 2.1922577512339516
353 0.736074935071367
354 0.512967111067474
355 0.2109770398942365
356 2.24853118378351
357 1.4850004082389094
358 0.6112785159121235
359 0.7587140307538075
360 0.013927043219355228
361 0.25652439259233495
362 0.73026890396707
363 0.6861066350506194
364 1.2176423931778286
365 7.349412573146294
366 3.0062233719118825
367 0.0846289538442457
368 0.04729585742424787
369 0.7949970825409727
370 36.04692813429646
371 8.835236770603977
372 0.9352186000286817
373 0.13417130091262264
374 0.13122474440421367
375 0.12150930997298431
376 0.28826021863570883
377 0.7603454708711629
378 0.5077429572152515
379 0.3593839295430014
380 0.3788556686652772
381 0.4392618353073782
382 0.20587751291319215
383 0.007505224925369641
384 0.197992056675313
385 0.3264816538927118
386 25.62216356503633
387 10.120604242077214
388 0.4257988480133857
389 0.32413460050272236
390 3.4961502048181785
391 1.239765601331268
392 0.22951663408486853
393 0.02861843409821796
394 0.6288832951419776
395 8.316198733662844
396 0.5883266457361308
397 1.088117390677288
398 0.4481932626568588
399 6.447101069132266
400 0.9682073950516475
401 3.2352400508336077
402 21.123219515707618
403 0.27503440895660897
404 0.41757086737213456
405 0.4096944893715472
406 0.258352450207472
407 0.6438877278294348
408 2.1164896462148626
409 2.800563277227832
410 0.6555082841514489
411 0.5722520187309139
412 9.390573234753637
413 0.15060937885492137
414 1.361766306877383
415 3.2874910248137996
416 0.9665336700044134
417 2.6693078455525687
418 4.787158236232157
419 10.790466188832507
420 1.2474586986840512
421 0.5835175979503106
422 577.2696988529334
423 0.847377125106375
424 3.9563788104283732
425 2.7470782155702325
426 2.043832856324737
427 24.25110165168349
428 0.8609269873387927
429 1.7936376189942593
430 2.747188304874303
431 1.2182053064416412
432 17.739255453949866
433 0.834684918235779
434 0.16365534975326204
435 2.1344263425749737
436 2.8452714407495647
437 2.913101080773402
438 1.457582153762419
439 6.069220606793727
440 0.020689785721911567
441 1.1433208841105043
442 0.07317692611969177
443 0.21888977169558319
444 0.3259305542196206
445 0.9262526512235912
446 1.3290695125847884
447 0.590181534851912
448 0.38254256468337405
449 3.1648590352732735
450 0.20503254825429804
451 263.82616994883836
452 0.5232386758655544
453 0.6093406284488213
454 0.10363944480379407
455 0.8171681288718154
456 0.7355630248211955
457 0.536154427587352
458 2.648571478898353
459 1.6194638419510743
460 0.2394401532590735
461 0.016133530989232665
462 0.314880981922526
463 0.8062528741100419
464 2.9521479205038217
465 0.690709328815528
466 10.03412337697747
467 0.3294561394145555
468 0.04864345784030523
469 9.890200907262324
470 5.745383982986747
471 1.1383787201547955
472 2.673995890163134
473 0.19798742648585738
474 2.8221122178080846
475 8.85308130686329
476 0.8634674552828704
477 0.18243983893996982
478 0.6631635692536112
479 9.02130581628692
480 2.032975454182491
481 0.1416864554913007
482 2.9539686860769443
483 0.9090429258602937
484 5.357761402484551
485 4.211230180340282
486 0.140643509335204
487 5.903891219371462
488 0.8091978681932953
489 0.3905848516018476
490 0.495980557552777
491 0.2928138523738619
492 0.24286035654557794
493 0.1459127763924144
494 2.3584111962297216
495 11.013119709565675
496 0.0812983150311532
497 0.40190354833585695
498 1.3818157603225933
499 2.268101724167761
500 0.3365131695090223
501 0.2825080081698008
502 1.0968333319292938
503 0.04838944082223756
504 7.331230894450094
505 0.03086254163901253
506 0.13282354048971837
507 22.445862742917647
508 4.613508879895585
509 2.5517784185854504
510 0.015664996545630378
511 1.0298226655555873
512 0.46196012441586204
513 1.5034973961037486
514 8.591283769469232
515 0.9024628112645985
516 3.1518558100351766
517 0.28654761337746776
518 0.7395590780781539
519 1.4375882600687775
520 0.4260645562088229
521 7.468460780654638
522 2.930032105099062
523 0.26262967211042926
524 0.9818893094319135
525 6.83836729737901
526 0.06571248167176594
527 0.4422129088933163
528 0.12970417909142035
529 4.993039179827569
530 0.33402008038212244
531 0.42405866421081934
532 0.8978516484831318
533 6.0356669840113595
534 1.2206427040796228
535 0.03950767885597657
536 0.6163344930590036
537 2.4023327004483304
538 0.3141502030782427
539 0.2511715281477292
540 0.12031087509795095
541 0.9419547030049061
542 2.0489729543035473
543 3.110951885154226
544 1.3990241204717009
545 0.3051903680792406
546 4.320179475456442
547 0.05621741636270699
548 4.823484716772323
549 71.78649082753354
550 0.4318420089816926
551 0.3671694896209499
552 2.9737968749310815
553 3.019648455484005
554 0.5992979639505175
555 2.7294302612916583
556 0.30817108455033687
557 9.139691963069414
558 3.8955690891274424
559 1.3678965815150457
560 0.2185221692453177
561 0.7816409634337643
562 1.9404161477088742
563 1.7077592053518862
564 1.273284009406863
565 0.7575392447866455
566 5.562166336036291
567 0.9033575679892919
568 13.5861192131143
569 3.239572722106668
570 1.7771639817881655
571 1.7792138639990807
572 1.3719677954151934
573 0.17752208837453287
574 3.007266837197447
575 0.4281605638261715
576 0.10506667092871826
577 0.4500429607852058
578 20.77806633241158
579 1.8484855398721904
580 1.768445002197916
581 0.28347933784081775
582 2.382745671585702
583 0.048792888281435236
584 0.016294641703731617
585 1.652255237086572
586 9.992862478834763
587 2.492935854843886
588 1.2969799603484848
589 1.791652508147289
590 0.4884094763819728
591 0.1492077240280723
592 0.5460225217510574
593 0.24876924202417106
594 2.815316414364669
595 4.3857904809442285
596 2.602407872339638
597 0.10420599668066313
598 1.6817253152895697
599 0.11046058058900042
600 0.03799759873008847
601 0.5453230251042984
602 6.249519128894827
603 0.3707234977657546
604 1.5636888462186918
605 6.278158778923504
606 12.921521774470845
607 19.980818281567313
608 0.2560070440413754
609 0.03433927341873744
610 1.3602414100710123
611 0.2639601266199473
612 0.39171426788625285
613 0.30451377674780417
614 0.09206354797992912
615 0.6448212095755811
616 2.911915688383813
617 3.720263989282149
618 1.2229702645355347
619 4.354436954428383
620 0.14361088098734562
621 0.436310613713039
622 3.4959131169713573
623 0.6046648339973607
624 0.5778812881782089
625 0.0011880063071309007
626 0.2950972831053433
627 1.1122214494612035
628 0.19240123757429337
629 8.04264361350794
630 3.2292372683265196
631 0.7340610739425237
632 0.7265301831268843
633 3.0079999541973512
634 2.4017364982741474
635 11.36382572129114
636 1.1007366414650228
637 6.166577274619812
638 3.3637294750453646
639 0.10804941486651545
640 0.29317176626664626
641 23.25640961115688
642 4.603503620020007
643 1.8392156891445157
644 1.4986649786450617
645 23.220048798998228
646 16.659325196821122
647 0.5246684646613483
648 2.348170632154608
649 3.887761318252714
650 1.0979503213091866
651 2.7642548273630587
652 0.4275647635884529
653 7.03983890811282
654 5.818662696832228
655 4.957351843219624
656 1.0325311210115191
657 0.011974936302073858
658 0.042613142297348444
659 2.5344864303049173
660 6.036381323746481
661 1.7702748326331015
662 6.751330531610531
663 2.5965792689132408
664 2.782872865432263
665 0.47179185208092883
666 6.87699779944174
667 0.28578489698638854
668 1.642162679880983
669 3.706917475840358
670 8.952421710596287
671 1.9648223590338398
672 0.5373148476229204
673 0.14863787449229587
674 0.5391291276778069
675 4.114655052570873
676 0.18594387960259884
677 0.5885438170575641
678 1.9163852424665968
679 6.983725991873548
680 0.7357815271394734
681 0.15069573886667711
682 1.5893368147189892
683 0.20816420823257387
684 6.048872562130671
685 0.1427281241228283
686 0.13731472520539603
687 0.1844487314559372
688 0.3624276589154589
689 0.37564064436031136
690 1.0219035358271262
691 1.3581937801625894
692 3.8444329552885828
693 2.664262936513004
694 0.0701783061083027
695 4.783027693423719
696 0.11065312651698689
697 0.752608177309298
698 2.698871367541888
699 0.3642805723944772
700 2.81617319259686
701 1.0242106187470246
702 0.13180443435236822
703 1.7261930009292172
704 3.9471480866419153
705 1.4429116778916473
706 0.8172635328736121
707 1.1227865203133849
708 6.772691304368612
709 0.5247453716020971
710 0.08946426433656457
711 1.0717077769501548
712 0.35528898742739073
713 2.148156430734716
714 0.07792175228542392
715 0.11903019473689126
716 1.97884443386172
717 1.5528566938353614
718 186.53174223251258
719 2.7797130608324445
720 0.006744912817990742
721 9.32763385301265
722 0.010584646234497789
723 0.15394659269715857
724 8.615590477068721
725 2.86803779338976
726 1.7815177952863608
727 1.4477719050886386
728 1.179250756842403
729 1.684615691940435
730 7.21918810268762
731 0.36636383319729315
732 8.889033690184416
733 0.06978096156749378
734 0.761540648525313
735 1.1219633234954924
736 0.062296120011086135
737 1.3470996551292713
738 0.005861120748710188
739 0.08127144140835671
740 0.6616373491902405
741 0.2603283309617603
742 0.3853480618490265
743 30.599928797439443
744 0.27515756280060416
745 0.17553930195560358
746 0.06679061171758909
747 0.435440522813675
748 1.260420336262401
749 0.4399154855160795
750 0.06015606024483045
751 0.19483906823664426
752 26.714021978065457
753 0.8541936425879052
754 12.912659379299994
755 11.142216077853577
756 1.6335902565678
757 0.7688424615047875
758 0.5971181837351702
759 3.30501723009959
760 0.7204614058298491
761 4.747809806036921
762 0.4877495645755161
763 0.8392922014921591
764 5.38757274506845
765 0.6804668924843335
766 0.871733090778399
767 2.0075138804959543
768 7.724995771039636
769 0.3573415796542385
770 1.3003647333469743
771 13.200885997459517
772 0.26803537161958174
773 2.4246285617418906
774 0.5090708748550802
775 273.6665880778164
776 0.3034490347645722
777 0.8271330941959154
778 0.4532571666864443
779 0.07501587926053147
780 0.28473504848881187
781 28.061799581338096
782 0.6686707986839099
783 0.09271686934779727
784 0.5388685013407488
785 1.1732684447751374
786 0.8796226563519509
787 0.6059466103493
788 4.251988863369035
789 0.17580262868190485
790 1.5710904970567712
791 0.8771560723639283
792 6.448682975484495
793 0.30792974367211984
794 0.14357597365645786
795 0.8739901958363774
796 1.7083846530293914
797 4.1062144286027396
798 0.28805363022261893
799 0.18528451790939082
800 9.184876267532996
801 0.03267987100346764
802 0.22324798556748157
803 21.219711209394987
804 0.31130039048810776
805 4.251935034729043
806 0.20987748406472248
807 0.1769219074557593
808 5.010810786027291
809 8872.451979574515
810 0.48090891193590546
811 0.022993961209119815
812 1.3303335829729677
813 0.18854579420268247
814 1.0465243961323625
815 1.2809465633713768
816 0.7927277153463703
817 2.0481886432427934
818 3.2169660312083335
819 17.40631751531186
820 12.367376005776478
821 0.7449459810615952
822 3.5855659276010754
823 17.068733373284193
824 0.3541502941581878
825 0.8140815955340993
826 0.38638865974904946
827 0.8044243741722041
828 0.07752947481644597
829 520.0407828454994
830 0.6975368185815263
831 4.640631033132363
832 0.11736066671261705
833 1.8852117500953893
834 1.7690858754839671
835 0.8193416235208784
836 0.17673911467320808
837 0.44656448506380597
838 0.582685017810018
839 4.357012202425719
840 2.927144522744096
841 0.497072527554486
842 14.923239526062954
843 2.415993440933515
844 0.7150988131186985
845 7.165417117124637
846 0.9258809386806085
847 19.15751665050085
848 1.526001581021898
849 1.2201841667220297
850 0.5520141782979266
851 9.02396113265974
852 0.46936562969976703
853 0.2544923451492668
854 0.025375485938916854
855 0.4413096702988439
856 3.525956522527891
857 1.0804297038629773
858 0.999388384388898
859 5.405692217809049
860 0.046193225860219664
861 0.5680091925875244
862 9.188310249665747
863 3.18384964882612
864 12.299106216333747
865 0.49971101652448013
866 0.9449895541018007
867 0.08321383308681948
868 4.036060719835342
869 0.858680323472032
870 1.4516142898622406
871 1.3309618986921243
872 0.5214976182876047
873 0.04065437744453868
874 0.03096029527705609
875 0.41676146810486603
876 0.18955969446525728
877 0.3952583214253181
878 6.800664286056813
879 1.2781505070690706
880 0.14252347652287714
881 0.13028145669580518
882 0.5676412291986997
883 0.3255081815831403
884 2.172695886294301
885 4.546091942382076
886 2.8428208212083597
887 12.788004842632683
888 0.24396608312420603
889 6.695174017145057
890 7.538922040175823
891 0.23394141314064826
892 0.30205112337621987
893 0.23057082369643495
894 0.5385035044914386
895 27.591819896605617
896 0.5249907109175038
897 3.6939562991470067
898 0.1414487686113482
899 3.357667100601801
900 0.03032321551627585
901 1.2027676990955714
902 1.8676328623324834
903 0.8816908475108275
904 2.7282221262681268
905 1.3883347443285587
906 0.9686734420602622
907 0.13872449767725956
908 92.10610842519024
909 2.963057141916364
910 1.178165466711231
911 1.5049180297682905
912 0.10269524453088304
913 0.3323228040032854
914 2.4140863173030813
915 0.26530308700998706
916 0.03155161085231954
917 1.6697151772200454
918 0.8647183657400379
919 1.191849274462485
920 0.18822941221460354
921 1.2088325152466213
922 0.9723508561043372
923 5.563819643496157
924 0.37959476966516
925 0.5316033976046091
926 38.721355223588766
927 0.8949650221492594
928 0.5884599622852409
929 1.583410097124324
930 32.90519061333392
931 0.5295685262877046
932 0.7850503493892038
933 2.8925935429923024
934 0.01980908019809986
935 0.4995625863109391
936 5.202332874867054
937 0.34250672556496453
938 0.44179376698513084
939 8.021396247178897
940 0.2089111527711428
941 8.822637617284974
942 1.0108252220345075
943 2.449614503941004
944 0.36973164346661297
945 23.942808529741114
946 0.6706067986399857
947 0.7288275242079523
948 11.813492098063024
949 1.1337137350543391
950 0.7402849758864534
951 1.7058972242748462
952 127.66353290357792
953 0.2413617267915397
954 2.1608818674877437
955 0.060479111880113234
956 54.79509653660637
957 5.1452810007013765
958 0.3793447560326877
959 13.374793242614508
960 0.035387117121850095
961 0.45337759886776113
962 0.2960960799733929
963 11.638743125669325
964 0.25303487030302363
965 0.15380068507138636
966 11.041260038951151
967 22.458205242564823
968 0.30795237370259226
969 0.9416337465872392
970 147.6267882664226
971 2.092734821854017
972 0.5042922108932075
973 1.9241551715134044
974 2.1866036546433176
975 0.49519704898191014
976 0.07196291757906259
977 0.016129120270355377
978 2.2699686691135286
979 0.9488710413878192
980 0.005517386125119323
981 50.34527441511834
982 23.878790200423193
983 0.48960620442289554
984 25.164421712340303
985 2.0529396301933525
986 0.3101356195388936
987 0.2746606754320869
988 5.307390731180549
989 0.6976960028134448
990 4.9598633843982105
991 1.2576996382585883
992 0.170365493008901
993 1.8859749230771155
994 0.19293111395660512
995 0.12273995563480158
996 0.4609972478306904
997 0.05378230004667145
998 4.152265802200877
999 0.08848755481334818
1000 5.534913660071973
