10 508 545 485 583 591 72 810 640 17 123
10 282 349 747 18 124 873 84 984 308 678
10 320 128 175 779 445 894 314 930 802 564
10 548 34 76 89 75 772 192 248 371 730
10 691 971 946 269 799 923 99 772 426 929
10 90 979 650 879 685 701 217 855 87 155
10 825 447 511 222 667 465 623 827 71 675
10 325 831 983 905 857 108 119 462 19 742
10 320 382 337 767 102 919 162 589 542 694
10 318 102 77 57 511 599 375 753 326 414
10 595 11 84 846 505 455 721 317 482 334
10 86 677 156 13 257 914 199 651 212 730
10 901 39 599 12 367 93 951 208 836 622
10 318 775 661 652 553 746 500 109 684 105
10 663 657 801 390 12 893 142 44 517 585
10 122 95 325 383 554 484 734 236 243 666
10 775 52 305 359 922 75 751 807 23 841
10 118 484 584 351 107 445 358 192 262 762
10 860 11 906 222 476 986 944 380 751 99
10 544 329 913 409 2 441 422 865 875 730
10 931 436 606 975 666 806 733 422 198 463
10 18 95 691 893 613 351 762 144 321 198
10 219 456 779 760 338 316 190 157 493 502
10 169 17 97 669 137 32 591 760 302 675
10 16 410 678 233 98 812 51 103 996 777
10 171 862 14 581 247 613 304 945 220 965
10 883 835 858 870 922 455 462 598 202 263
10 971 645 197 540 542 821 803 612 950 392
10 869 479 576 887 817 858 398 792 619 212
10 373 41 81 693 936 319 105 255 548 628
10 32 991 84 12 487 920 968 160 521 987
10 90 527 905 259 262 351 148 511 859 889
10 906 284 810 689 148 707 250 243 236 930
10 972 57 791 45 87 235 743 673 424 34
10 804 606 204 240 145 380 858 345 875 198
10 328 671 337 228 775 60 473 212 768 519
10 671 549 15 981 240 37 383 49 646 392
10 252 568 923 652 992 493 174 631 238 519
10 912 674 39 302 107 191 915 401 771 713
10 134 658 26 694 321 681 519 245 625 713
10 386 549 732 14 379 692 450 408 308 725
10 804 583 385 267 186 919 979 44 356 483
10 352 853 327 356 44 120 346 185 871 836
10 234 835 118 738 217 587 221 903 895 875
10 770 996 11 61 40 595 655 552 394 973
10 175 168 525 351 682 19 539 629 155 142
10 633 433 100 390 391 480 608 702 1000 287
10 728 714 285 717 61 652 425 700 199 855
10 100 11 788 501 616 525 462 181 23 965
10 59 977 886 461 964 395 50 142 805 463
10 41 842 114 523 998 456 40 792 822 966
10 806 135 861 608 367 408 950 655 394 765
10 949 98 906 436 249 303 764 56 251 628
10 362 743 863 846 3 302 948 911 760 207
10 627 388 81 456 614 751 703 150 244 628
10 328 959 644 476 857 720 255 491 244 812
10 432 610 74 132 920 92 757 663 364 570
10 430 990 566 401 184 913 381 711 647 71
10 852 508 458 386 101 449 904 313 262 51
10 970 410 705 228 172 788 925 260 126 631
10 219 78 971 410 856 164 58 153 584 996
10 775 134 672 102 835 637 93 74 816 631
10 208 436 870 511 602 316 189 850 748 192
10 990 322 589 222 365 153 309 189 314 244
10 771 568 319 81 543 290 75 364 132 989
10 211 860 249 768 390 38 838 583 543 34
10 862 344 979 258 296 518 45 9 973 552
10 219 862 254 556 273 46 315 157 203 548
10 481 152 979 254 425 726 417 240 849 315
10 323 490 808 520 267 470 150 368 717 338
10 429 949 341 62 7 264 656 914 321 37
10 90 281 139 810 618 898 734 698 192 702
10 278 82 386 124 622 998 618 87 761 419
10 534 266 676 217 662 101 523 435 877 512
10 685 175 493 774 305 518 223 294 636 427
10 422 186 437 771 162 701 784 785 603 668
10 864 472 591 992 208 584 170 760 452 996
10 220 718 580 923 973 537 154 988 805 392
10 310 835 306 256 73 969 886 275 295 355
10 860 847 75 499 900 87 106 19 27 514
10 677 872 428 425 617 305 70 71 37 763
10 638 68 775 18 711 244 920 224 937 710
10 814 276 448 189 96 356 540 311 694 224
10 90 813 825 280 177 76 444 386 911 244
10 352 68 39 820 679 140 454 181 69 4
10 122 267 723 688 556 109 979 70 817 714
10 237 618 86 745 575 886 289 818 896 302
10 638 995 930 819 937 642 272 577 532 598
10 134 617 511 57 130 340 805 274 501 750
10 2 228 720 281 55 731 758 917 119 655
10 847 399 390 196 289 184 202 440 168 817
10 78 500 775 73 18 981 849 598 1 961
10 583 286 418 711 947 923 788 807 641 463
10 687 358 578 606 377 909 346 779 150 710
10 90 686 601 188 578 838 978 405 358 628
10 627 267 472 17 438 312 40 502 586 739
10 541 20 277 407 579 606 353 659 505 570
10 81 657 572 991 952 218 141 35 725 594
10 640 32 684 197 97 985 153 656 453 954
10 709 459 205 115 955 473 980 664 495 176
10 39 349 947 267 143 235 30 38 184 217
10 644 68 522 883 579 48 295 293 451 708
10 860 78 581 354 465 169 537 749 384 245
10 300 274 574 85 927 914 685 812 787 201
10 113 72 882 683 626 226 658 69 580 314
10 162 267 997 298 757 157 908 321 408 710
10 825 61 680 54 247 496 676 696 785 313
10 388 806 794 534 218 796 542 332 764 263
10 90 11 541 925 958 912 315 605 603 651
10 697 699 402 407 131 287 101 738 973 713
10 138 82 246 768 673 562 651 346 828 251
10 745 197 307 31 882 147 413 344 696 463
10 633 125 794 182 506 578 686 208 38 909
10 356 538 902 134 953 332 985 993 746 478
10 148 399 669 980 465 190 348 635 176 552
10 795 983 389 588 735 175 151 867 21 161
10 633 205 486 290 449 100 509 215 939 731
10 508 568 703 613 784 499 529 889 625 463
10 957 571 204 773 771 45 538 376 569 954
10 806 67 715 110 798 927 855 771 202 836
10 545 503 597 145 792 192 604 785 607 155
10 278 674 375 577 637 810 380 746 112 123
10 977 571 235 770 799 675 109 822 181 895
10 78 323 569 359 757 608 46 891 394 690
10 911 526 926 558 56 295 214 434 655 398
10 727 31 505 29 808 243 531 770 476 350
10 726 977 844 333 281 680 118 944 42 710
10 186 100 755 673 35 806 837 260 315 572
10 328 95 901 923 33 729 940 120 719 295
10 456 180 108 677 798 893 783 300 582 21
10 2 277 502 832 730 315 951 961 664 646
10 354 878 866 856 257 752 973 109 50 690
10 648 716 988 1 621 149 681 493 375 198
10 749 130 374 101 526 501 848 423 737 625
10 990 395 98 621 436 473 292 833 321 989
10 853 362 378 910 834 567 496 902 93 985
10 64 465 605 366 412 80 51 800 867 512
10 814 727 359 229 558 960 339 902 70 340
10 585 83 515 848 927 22 884 737 453 361
10 970 46 564 766 979 179 166 316 314 965
10 197 432 901 658 249 767 413 890 477 929
10 158 225 124 275 434 101 603 322 675 207
10 623 700 154 156 705 32 19 895 143 737
10 78 479 269 482 629 465 561 911 956 442
10 677 82 281 898 784 947 17 799 822 889
10 542 879 431 496 882 661 61 748 214 664
10 235 45 428 462 72 61 391 884 396 932
10 983 466 584 157 695 89 119 198 895 731
10 988 883 288 678 920 450 714 567 952 21
10 320 883 693 438 365 891 914 114 127 87
10 282 422 223 150 984 661 137 766 915 836
10 16 81 964 238 300 45 848 712 348 227
10 638 795 256 208 397 894 759 192 622 26
10 328 111 768 415 145 449 955 560 452 394
10 97 372 323 677 724 880 844 155 698 875
10 472 904 78 574 983 541 958 709 720 647
10 39 274 69 866 108 220 926 426 331 103
10 241 225 240 21 336 188 890 849 783 155
10 624 135 728 445 980 260 165 480 915 245
10 469 180 774 84 878 49 500 601 616 191
10 339 410 790 95 96 900 214 473 246 937
10 366 184 121 981 391 19 602 401 911 224
10 633 826 660 216 846 158 380 182 321 201
10 354 422 121 846 688 700 455 652 798 702
10 362 76 722 924 636 569 793 420 29 283
10 933 734 429 422 323 947 917 833 740 317
10 566 653 866 798 842 974 647 903 954 88
10 228 17 591 375 666 238 622 889 989 231
10 885 538 716 272 978 417 992 336 332 951
10 399 941 168 89 491 127 137 416 460 29
10 307 121 741 534 486 670 427 613 413 782
10 382 735 738 94 567 672 895 119 966 194
10 621 252 56 740 699 839 480 392 965 731
10 949 801 184 464 621 953 526 239 263 713
10 296 665 558 98 857 696 922 129 684 309
10 971 39 305 382 98 441 998 749 34 994
10 566 794 323 161 908 24 244 317 985 392
10 831 986 335 388 998 19 93 212 442 777
10 7 407 952 668 692 673 262 647 802 836
10 774 163 31 640 114 169 530 816 270 453
10 704 858 455 38 694 765 217 326 317 50
10 95 659 282 944 961 49 290 79 371 987
10 268 648 579 810 980 456 203 718 965 392
10 533 724 986 109 240 596 656 243 489 25
10 527 118 912 536 333 197 491 381 391 375
10 459 943 574 11 599 719 440 492 370 713
10 975 790 751 658 152 206 682 698 19 29
10 458 390 662 536 489 755 851 619 167 371
10 228 677 658 121 692 397 196 460 451 594
10 718 430 351 285 180 602 578 655 996 586
10 247 46 315 692 945 342 596 415 279 355
10 581 95 111 524 273 465 364 534 717 887
10 328 801 95 270 794 79 884 968 688 87
10 860 670 349 432 980 312 150 532 87 690
10 510 680 195 275 790 732 499 455 424 209
10 269 96 523 249 344 243 170 540 789 706
10 111 717 440 680 42 462 802 17 313 500
10 726 823 691 640 553 753 488 455 880 809
10 902 116 383 139 50 145 406 678 877 302
10 840 411 979 379 744 575 393 475 836 414
10 433 687 752 794 456 788 577 938 982 625
10 205 457 431 366 901 613 165 962 744 811
10 311 269 402 83 501 177 655 208 516 198
10 963 122 469 448 829 542 787 179 622 828
10 704 972 20 265 322 182 268 548 190 317
10 352 328 738 935 672 473 553 526 598 590
10 328 282 919 853 150 344 233 423 416 985
10 380 330 569 859 274 153 36 51 84 394
10 133 130 187 995 779 530 885 769 757 637
10 967 298 286 826 438 77 942 921 632 809
10 971 90 245 949 869 327 642 215 232 668
10 648 990 775 134 235 9 701 1000 498 207
10 324 2 458 183 727 55 634 738 106 405
10 970 957 764 200 621 969 32 843 65 142
10 411 171 469 134 933 449 569 181 502 368
10 183 615 959 481 214 723 351 717 165 453
10 479 239 82 661 667 950 601 539 440 110
10 550 411 458 574 886 390 719 401 586 668
10 65 119 776 288 312 101 904 304 895 512
10 644 566 329 421 531 242 345 636 937 207
10 808 115 640 996 524 208 383 484 361 25
10 780 885 962 800 431 546 515 319 647 1
10 111 886 922 828 857 150 155 394 295 960
10 461 397 613 997 480 663 483 295 864 619
10 430 919 135 523 195 344 291 312 153 710
10 533 866 910 513 130 816 736 614 220 782
10 440 534 838 330 953 501 153 25 839 698
10 995 544 501 42 518 725 601 106 468 654
10 261 964 726 616 107 134 637 583 611 698
10 78 33 916 62 225 61 953 345 749 526
10 282 466 82 778 95 927 912 802 262 989
10 388 534 471 488 732 190 87 940 1 895
10 133 606 692 997 536 149 260 10 713 309
10 7 853 780 603 835 927 800 187 817 37
10 665 626 284 324 218 131 520 178 547 800
10 433 100 568 409 975 141 180 758 232 414
10 385 487 390 67 744 918 753 690 1000 554
10 256 18 81 402 613 45 766 719 820 921
10 577 538 506 698 216 123 681 488 897 155
10 310 382 459 487 520 681 769 738 441 435
10 579 288 89 518 772 602 464 146 157 754
10 602 7 51 582 465 788 659 161 689 668
10 831 397 926 300 174 176 565 91 309 117
10 307 481 235 884 981 27 380 412 698 976
10 430 888 407 579 158 788 306 928 381 232
10 215 774 545 417 511 812 547 558 756 185
10 349 432 814 91 44 568 346 368 897 880
10 104 566 808 436 906 393 738 30 132 895
10 550 907 978 86 54 662 890 5 250 347
10 510 337 48 31 152 33 868 915 17 442
10 853 282 486 926 125 912 455 216 722 248
10 801 374 925 341 968 605 786 516 6 939
10 389 107 551 169 678 580 477 190 238 201
10 233 435 205 378 484 49 891 570 127 478
10 614 339 975 584 608 482 1 958 66 5
10 990 801 575 385 290 920 943 91 227 144
10 2 991 634 265 40 107 338 909 468 646
10 993 679 790 82 305 92 335 635 628 451
10 15 8 113 778 697 111 365 783 938 521
10 520 958 509 721 59 694 30 722 497 463
10 133 267 81 650 530 327 23 563 331 498
10 623 402 838 663 452 453 92 289 877 896
10 526 736 881 221 738 617 577 276 543 105
10 436 200 870 333 466 357 514 255 950 759
10 104 152 615 790 555 56 460 545 877 994
10 265 592 786 701 722 119 561 495 519 494
10 854 219 393 461 680 379 721 119 596 35
10 966 692 77 45 623 857 509 232 442 498
10 390 683 846 734 889 622 543 880 45 867
10 311 301 333 674 789 455 928 231 619 896
10 745 130 958 599 817 413 537 586 542 87
10 307 801 486 425 545 977 474 643 718 956
10 85 606 181 102 80 217 927 87 1 754
10 860 894 15 230 898 394 538 802 841 88
10 140 352 602 842 63 999 969 460 375 478
10 230 104 125 918 841 344 260 435 380 889
10 229 241 56 126 385 29 787 517 895 201
10 369 504 274 277 376 375 517 427 309 1000
10 716 349 303 163 788 656 811 703 778 24
10 410 775 351 515 991 445 265 495 213 994
10 880 327 743 412 476 808 763 712 563 87
10 775 310 645 367 294 900 848 220 248 594
10 429 704 444 449 77 772 342 57 756 123
10 360 657 993 75 314 160 767 782 371 939
10 122 429 248 179 333 480 619 996 37 929
10 527 372 20 19 281 962 131 867 516 708
10 296 609 239 842 623 312 445 642 699 828
10 804 825 209 332 758 966 701 477 50 594
10 630 838 391 684 49 191 570 509 994 463
10 437 357 500 979 904 270 303 475 84 253
10 487 658 559 508 500 10 740 749 330 877
10 974 551 355 103 516 209 245 902 202 750
10 386 415 44 267 359 762 749 875 628 731
10 941 96 428 661 187 529 879 920 13 319
10 625 490 614 597 77 127 965 299 245 809
10 644 47 623 691 634 471 308 765 300 154
10 310 68 18 444 177 799 168 154 294 192
10 141 617 883 327 299 62 841 13 636 27
10 764 921 961 934 944 760 601 859 807 414
10 862 51 195 870 134 572 670 682 767 989
10 285 41 541 887 621 662 42 739 961 84
10 624 471 653 608 789 38 174 946 659 711
10 163 533 141 841 137 115 239 403 127 26
10 826 282 647 176 785 126 302 287 363 750
10 823 429 735 111 157 21 672 330 28 442
10 218 861 391 298 473 502 209 701 707 342
10 633 804 644 819 381 485 338 380 348 276
10 286 461 910 876 94 465 739 896 646 253
10 638 247 178 719 952 733 611 823 569 836
10 799 773 171 640 878 709 80 918 496 565
10 735 265 256 642 98 561 329 737 598 69
10 941 983 83 601 672 534 923 486 882 884
10 210 727 11 660 489 869 720 52 765 475
10 324 189 795 82 901 771 257 294 126 72
10 433 376 397 748 877 744 52 631 45 718
10 924 197 499 526 145 556 770 733 250 915
10 278 354 726 801 881 944 106 818 532 28
10 349 524 922 601 569 384 126 874 563 192
10 801 128 648 298 687 824 858 304 538 750
10 197 934 569 613 493 944 101 360 290 731
10 407 745 372 879 620 405 3 757 322 816
10 180 721 923 887 700 486 84 569 330 53
10 113 206 326 774 268 356 130 543 484 294
10 624 407 127 275 897 635 151 592 809 28
10 447 837 409 84 556 916 762 238 666 370
10 830 916 102 415 578 746 242 160 120 192
10 335 499 24 637 845 618 554 961 649 299
10 328 795 778 658 727 832 59 381 51 134
10 614 693 115 421 298 597 547 438 416 855
10 381 493 621 261 838 828 755 802 176 350
10 469 658 437 579 916 784 732 807 414 625
10 15 741 683 947 227 943 169 327 398 309
10 356 138 901 769 662 165 287 202 938 25
10 728 510 234 11 922 292 443 342 864 698
10 910 538 486 95 774 229 272 452 649 505
10 657 891 693 32 235 395 851 806 199 749
10 949 556 996 177 385 102 595 736 408 178
10 925 567 641 827 535 272 669 625 701 637
10 650 500 551 158 618 421 97 649 914 625
10 307 460 804 910 892 784 546 473 628 552
10 826 515 582 431 606 811 405 752 34 392
10 847 423 949 887 395 541 33 637 570 874
10 241 885 703 865 878 68 56 193 57 112
10 639 595 943 284 197 500 634 57 494 35
10 872 523 977 97 378 289 817 129 859 552
10 861 20 387 615 351 4 772 978 485 263
10 286 200 779 767 907 591 281 771 656 91
10 957 499 879 562 420 565 802 718 702 355
10 910 677 559 632 762 417 608 80 189 684
10 543 974 640 341 786 216 753 27 646 654
10 344 59 607 348 419 699 170 355 294 392
10 835 680 272 344 79 673 914 664 236 106
10 685 354 854 108 68 22 21 738 625 363
10 638 303 973 581 183 531 146 100 792 480
10 789 856 683 269 886 585 712 396 773 891
10 645 470 74 854 341 360 412 623 742 730
10 219 226 38 561 656 416 343 843 380 939
10 254 482 24 613 692 309 383 612 72 555
10 90 883 910 925 466 782 922 151 84 392
10 791 923 387 776 792 767 117 898 956 330
10 595 171 469 877 344 913 107 12 552 805
10 949 852 791 538 12 279 264 598 245 361
10 597 717 420 418 73 450 56 937 276 141
10 860 436 3 264 912 823 5 766 799 737
10 842 332 241 140 944 383 445 714 148 599
10 830 566 476 908 701 422 616 675 733 220
10 899 425 303 104 535 940 937 25 336 331
10 958 447 921 261 589 545 878 356 134 782
10 60 821 942 576 76 147 720 434 375 378
10 432 854 926 592 813 102 729 843 38 993
10 837 808 645 487 367 686 736 783 321 446
10 269 82 803 933 729 316 291 148 805 713
10 644 48 233 471 776 376 913 812 587 954
10 588 354 7 529 803 744 450 799 694 572
10 624 735 428 901 898 584 26 516 144 224
10 12 487 981 406 500 203 511 739 167 23
10 75 147 329 597 134 38 907 787 982 251
10 609 747 995 885 4 423 480 193 809 654
10 527 286 62 851 247 307 982 656 603 754
10 717 508 826 486 565 741 422 659 134 70
10 359 436 762 327 143 360 51 604 185 370
10 474 557 174 670 291 511 479 329 467 160
10 963 995 173 854 60 792 408 699 50 760
10 883 2 772 524 358 789 732 232 169 988
10 397 846 428 893 226 764 934 1 771 117
10 113 635 45 720 591 924 460 319 857 530
10 585 899 660 647 612 611 373 748 28 207
10 328 831 682 888 530 634 369 12 92 725
10 48 524 665 332 143 553 927 858 485 279
10 418 49 637 577 9 119 105 985 302 710
10 247 95 239 575 922 304 390 476 729 106
10 85 832 525 735 879 389 528 232 664 708
10 119 124 500 332 188 651 57 166 897 911
10 949 146 808 247 736 338 709 869 697 668
10 503 230 159 11 190 305 206 912 79 494
10 633 883 241 627 799 554 281 93 50 185
10 30 983 100 758 693 799 824 355 836 394
10 43 259 979 577 822 918 435 340 294 763
10 26 22 471 930 745 406 10 789 792 954
10 113 975 175 837 300 60 867 669 563 263
10 872 514 134 818 981 834 481 927 262 321
10 671 901 663 789 753 397 515 21 771 668
10 128 360 292 615 11 69 493 584 283 272
10 58 995 195 286 751 914 792 725 103 287
10 237 860 642 20 242 641 788 376 570 608
10 873 171 18 727 741 848 682 587 291 698
10 799 481 887 746 707 611 702 468 463 392
10 461 421 453 721 906 520 918 761 664 763
10 644 410 113 83 518 260 601 484 752 319
10 533 235 428 513 298 945 256 555 827 160
10 447 631 307 637 958 806 939 389 642 987
10 186 41 830 503 344 255 56 631 859 655
10 449 48 926 296 808 583 264 243 44 198
10 728 372 77 857 455 339 966 605 358 931
10 320 90 225 687 10 146 336 220 758 592
10 357 993 833 947 873 598 532 746 976 836
10 335 410 901 319 546 263 106 699 220 231
10 808 745 722 373 939 231 762 659 950 956
10 254 488 660 171 813 286 427 177 909 822
10 780 778 861 608 461 72 500 816 788 539
10 179 135 670 233 911 23 495 209 761 708
10 574 609 41 411 318 980 579 450 692 467
10 727 425 276 908 560 954 555 57 446 253
10 85 504 885 469 821 845 379 994 315 347
10 320 686 402 459 890 472 456 927 544 828
10 237 397 374 332 314 538 943 560 44 50
10 774 888 508 680 205 281 168 632 530 631
10 671 175 444 806 322 844 297 188 769 276
10 265 831 600 726 234 231 797 72 340 194
10 869 847 627 107 281 5 845 396 507 855
10 691 337 508 744 397 98 604 165 243 371
10 854 138 476 831 872 861 225 560 641 769
10 286 686 536 900 592 35 6 438 340 212
10 772 819 723 591 314 404 214 368 120 207
10 971 860 267 329 164 84 753 961 985 17
10 180 599 798 83 65 238 858 22 239 181
10 43 467 885 115 303 722 72 706 181 809
10 609 119 601 789 543 226 588 943 463 587
10 133 693 76 834 196 553 997 876 304 361
10 513 872 757 298 818 993 781 295 151 939
10 337 318 402 319 776 640 714 216 465 123
10 879 83 696 383 420 530 759 777 521 478
10 48 45 62 479 666 969 424 276 178 563
10 133 10 806 829 288 798 57 902 988 370
10 597 534 39 921 145 402 732 322 930 355
10 602 387 920 864 72 216 762 962 317 718
10 830 826 172 121 615 723 559 365 699 777
10 892 430 613 273 429 9 271 101 563 955
10 677 296 381 66 756 887 130 766 773 321
10 353 852 947 279 198 950 191 867 516 512
10 941 266 949 388 16 716 108 773 194 334
10 15 18 487 282 5 346 982 181 424 763
10 226 407 724 838 767 798 179 641 816 36
10 90 271 542 51 706 656 802 646 939 954
10 600 550 175 259 911 293 690 189 777 675
10 648 372 196 288 904 709 358 707 202 750
10 427 795 816 175 945 234 685 772 3 917
10 47 916 840 134 374 230 555 923 139 231
10 74 665 630 470 685 198 786 966 103 635
10 995 872 186 672 412 110 812 656 992 321
10 764 861 16 854 838 110 455 28 244 358
10 963 571 556 910 672 832 896 342 755 71
10 152 265 945 178 732 791 829 656 123 976
10 637 563 399 351 33 679 69 283 812 87
10 609 815 115 75 461 589 437 651 149 391
10 935 267 648 436 89 979 925 390 987 151
10 977 853 327 75 5 607 928 763 331 201
10 574 95 11 204 705 269 678 497 380 828
10 533 503 614 522 930 817 208 303 13 818
10 969 417 333 74 76 325 224 329 548 563
10 853 788 801 164 443 920 737 142 442 929
10 94 61 528 791 629 68 531 434 742 570
10 410 368 902 19 652 880 807 329 985 287
10 461 349 967 374 230 439 560 36 730 777
10 795 497 732 49 593 137 622 752 474 14
10 610 518 337 2 705 904 551 503 240 805
10 63 742 32 758 344 114 998 112 217 342
10 195 623 556 315 281 545 276 595 843 302
10 971 595 535 292 45 897 767 965 865 262
10 352 700 171 55 63 741 357 523 896 355
10 277 404 801 621 402 658 833 158 209 823
10 900 716 65 459 712 607 255 270 423 659
10 728 665 574 844 927 793 684 231 867 37
10 840 800 208 276 520 290 891 463 331 994
10 286 630 642 341 522 622 742 839 812 216
10 853 275 837 799 448 907 146 158 384 398
10 285 59 465 486 717 1 289 373 295 521
10 901 866 780 234 259 489 729 336 532 371
10 410 672 80 636 406 250 570 167 985 777
10 963 449 189 669 561 192 404 401 531 263
10 997 525 261 637 147 497 168 21 913 927
10 507 872 813 469 483 542 184 295 647 954
10 747 513 407 470 917 781 405 817 889 361
10 136 545 417 490 922 733 782 697 962 785
10 609 354 180 579 838 566 521 42 427 363
10 407 41 700 953 557 488 902 696 599 649
10 870 888 241 322 163 360 303 216 878 23
10 11 931 448 471 813 408 75 765 612 782
10 534 186 400 680 824 904 530 101 299 748
10 328 704 417 601 969 130 248 764 223 875
10 791 591 919 280 61 459 149 114 150 424
10 128 18 482 176 203 893 93 773 593 664
10 814 20 428 350 583 232 760 730 201 361
10 648 609 162 265 355 5 129 937 451 748
10 81 43 413 159 457 792 605 981 495 809
10 346 668 223 841 961 157 190 697 730 209
10 830 81 429 665 304 480 622 491 110 190
10 173 459 712 784 525 232 602 137 802 158
10 172 135 205 557 981 868 431 396 477 675
10 995 825 711 695 272 964 946 499 368 759
10 486 145 488 922 203 583 539 815 1000 656
10 7 538 726 826 952 431 943 276 729 555
10 571 952 898 540 926 108 684 453 689 710
10 726 11 215 556 405 442 848 652 817 637
10 90 648 45 252 525 378 897 663 884 816
10 328 418 239 857 587 772 770 566 75 956
10 527 479 508 240 810 401 276 244 169 675
10 831 970 853 949 899 472 358 181 84 802
10 920 645 547 843 137 611 315 117 155 99
10 228 588 575 520 3 166 871 96 238 603
10 553 776 9 378 445 482 315 190 992 903
10 991 118 67 379 741 680 356 796 596 109
10 888 422 433 64 262 851 832 232 231 664
10 639 568 872 74 266 60 153 193 988 763
10 204 935 853 85 969 391 597 283 424 739
10 61 464 615 678 589 833 762 696 338 930
10 525 482 233 115 435 905 605 693 468 859
10 639 846 130 200 859 833 878 500 440 334
10 686 691 137 948 953 879 276 244 502 668
10 883 482 995 136 186 691 906 928 495 142
10 612 692 913 417 921 497 502 103 647 142
10 527 600 728 421 15 39 766 512 915 406
10 499 382 886 323 490 529 974 890 262 635
10 372 305 184 491 44 979 244 22 982 708
10 410 354 385 517 733 585 765 371 878 167
10 20 935 171 542 80 532 298 743 926 176
10 11 919 222 59 393 923 356 45 221 710
10 633 320 941 852 270 233 554 675 822 868
10 378 159 593 116 538 583 306 616 212 809
10 469 636 359 544 499 482 49 373 317 32
10 382 211 93 297 520 655 493 419 752 185
10 82 163 74 366 855 199 484 779 768 347
10 638 490 307 864 999 709 147 314 36 207
10 264 138 830 944 943 158 293 9 221 955
10 104 814 806 910 288 534 729 640 437 762
10 775 881 330 431 999 651 38 465 701 1000
10 324 665 95 723 464 876 147 40 996 777
10 90 242 727 83 179 577 443 740 753 987
10 318 691 161 981 453 91 191 870 377 42
10 663 260 54 439 796 595 185 314 871 938
10 990 901 862 536 429 425 837 640 99 754
10 945 277 942 874 329 663 781 424 244 839
10 624 527 829 422 342 715 811 308 32 965
10 941 500 741 863 748 141 827 569 105 594
10 237 556 196 523 692 199 223 714 836 201
10 365 197 386 288 228 774 469 978 17 809
10 113 172 773 33 16 733 103 520 491 498
10 847 544 285 480 235 437 148 740 507 416
10 90 298 768 95 645 692 587 494 207 777
10 266 275 130 323 520 764 800 383 966 998
10 984 431 870 691 758 699 634 742 956 370
10 359 85 910 735 759 664 363 209 594 989
10 83 359 458 203 298 947 697 561 117 37
10 366 963 410 814 467 218 773 395 582 423
10 457 533 461 861 605 719 339 119 438 701
10 90 100 402 784 810 311 653 988 822 890
10 140 571 834 788 615 734 765 174 26 763
10 644 620 182 234 978 811 708 312 217 895
10 999 774 766 45 904 482 538 157 552 334
10 425 7 963 481 277 852 366 205 11 464
10 211 508 648 86 793 650 779 999 92 454
10 990 579 790 659 721 714 535 313 752 56
10 41 861 912 58 703 295 329 553 347 498
10 187 678 905 588 921 17 491 6 26 519
10 728 978 921 919 843 246 992 70 91 309
10 648 66 786 561 799 882 815 996 299 737
10 362 374 692 260 611 401 475 213 587 730
10 432 349 617 656 886 203 3 940 485 590
10 411 344 687 589 950 858 158 231 622 468
10 183 571 433 949 407 54 832 395 329 812
10 963 55 943 267 779 691 50 236 42 501
10 831 663 78 60 102 621 284 903 313 263
10 90 186 678 906 403 72 863 385 24 132
10 806 83 250 762 529 584 881 177 598 590
10 328 957 772 658 100 656 904 884 611 731
10 949 409 206 214 694 874 426 151 542 101
10 420 389 503 797 491 150 628 867 725 127
10 813 844 461 780 676 346 452 739 198 750
10 831 574 852 916 790 485 235 285 705 119
10 974 942 345 670 900 333 29 287 938 519
10 337 211 111 835 744 385 629 182 996 918
10 542 7 576 284 953 127 477 23 822 358
10 831 644 787 274 473 581 926 264 137 939
10 687 795 653 791 869 688 933 302 276 777
10 482 685 721 526 667 682 475 849 438 452
10 211 834 473 534 158 330 608 857 592 807
10 318 721 404 889 740 682 214 694 262 668
10 811 332 573 315 630 214 848 978 279 114
10 899 926 964 374 439 205 757 992 199 255
10 353 99 835 707 485 315 884 141 109 684
10 306 574 434 275 810 481 934 378 714 532
10 527 745 94 958 997 217 427 6 718 246
10 298 447 39 102 143 915 446 868 365 954
10 826 122 814 776 304 980 189 604 314 725
10 258 490 995 958 608 383 21 373 681 664
10 551 793 417 604 986 520 999 779 531 956
10 429 623 564 427 566 674 283 725 19 539
10 90 637 32 863 739 483 868 521 939 646
10 749 523 695 127 294 859 236 427 976 939
10 990 433 100 778 660 538 617 491 868 361
10 916 557 188 707 802 981 141 166 718 954
10 959 122 173 793 703 118 1000 679 641 167
10 40 840 135 12 799 575 484 887 347 23
10 352 686 60 428 383 149 458 637 427 954
10 882 138 691 131 580 227 552 348 283 748
10 775 148 360 269 758 232 712 932 998 868
10 538 345 376 210 732 396 365 555 338 363
10 90 970 723 197 877 17 565 263 398 939
10 970 798 95 400 724 846 924 663 820 592
10 959 687 196 73 616 295 877 264 989 19
10 225 11 65 518 842 606 759 964 289 176
10 573 571 607 661 59 920 511 930 290 548
10 995 723 107 683 443 81 557 517 210 221
10 432 724 609 575 961 673 882 583 755 827
10 633 672 247 348 919 816 607 889 729 584
10 639 73 679 464 69 418 112 601 176 516
10 90 853 266 537 455 725 621 448 294 155
10 234 990 770 247 335 110 992 378 299 312
10 336 804 298 968 618 288 707 681 689 730
10 436 959 819 411 343 854 293 767 674 49
10 552 919 601 422 439 208 512 553 244 27
10 379 31 225 500 246 489 974 982 507 635
10 469 944 993 93 341 540 932 940 855 132
10 219 967 186 518 407 866 843 803 708 198
10 2 518 100 575 229 297 920 856 26 649
10 387 864 267 459 940 178 206 408 462 816
10 133 899 726 849 628 482 538 232 511 424
10 200 182 429 495 595 762 355 755 19 463
10 687 254 406 461 39 415 482 818 622 816
10 847 892 388 597 558 618 24 845 816 950
10 866 683 851 345 218 798 925 23 822 376
10 47 362 8 846 471 652 717 658 424 955
10 159 922 61 800 701 867 930 748 521 463
10 7 623 912 67 605 582 857 142 516 666
10 436 473 486 98 532 930 717 850 655 398
10 769 343 745 393 94 499 76 879 23 731
10 2 362 919 791 265 874 169 672 651 263
10 639 797 650 687 813 300 635 35 586 590
10 104 687 873 461 32 722 181 198 777 263
10 33 600 128 907 449 685 240 597 403 783
10 90 983 540 71 743 878 24 290 313 414
10 23 691 196 298 916 618 756 313 427 938
10 366 404 120 38 803 161 465 876 144 596
10 575 555 333 323 226 810 887 148 150 340
10 226 252 966 768 672 652 290 292 161 714
10 175 444 196 420 336 49 244 596 3 701
10 241 826 835 454 732 356 966 322 750 654
10 133 967 16 284 717 588 319 864 500 698
10 31 610 540 304 227 1 279 730 785 864
10 461 375 471 877 181 718 587 312 960 287
10 941 58 450 291 445 134 423 187 582 697
10 390 374 538 641 24 908 769 188 244 973
10 814 17 161 140 103 479 897 467 535 607
10 872 831 296 788 641 734 291 162 725 646
10 324 9 778 222 871 591 878 26 91 929
10 549 269 537 2 485 791 898 332 512 598
10 691 444 544 949 381 966 423 66 155 478
10 95 551 204 863 188 230 709 185 822 731
10 794 43 222 35 338 437 445 23 438 521
10 638 808 175 435 76 24 108 833 740 201
10 135 703 816 833 368 631 765 88 231 777
10 862 794 357 933 922 902 226 10 725 590
10 239 417 225 688 669 153 699 69 871 783
10 43 527 536 652 22 308 368 961 805 675
10 971 20 486 339 566 883 582 719 427 376
10 16 422 418 751 838 444 3 438 994 836
10 336 183 878 681 682 313 23 191 36 440
10 633 972 54 780 62 424 906 215 44 72
10 639 912 152 226 945 916 992 418 375 117
10 860 901 775 760 981 501 881 752 802 818
10 418 990 905 764 40 611 378 980 893 49
10 307 439 137 738 543 881 315 381 109 706
10 458 862 888 59 676 684 729 760 843 453
10 197 774 919 31 247 964 953 596 408 23
10 387 921 776 736 140 807 811 694 312 611
10 269 518 813 486 578 59 796 581 312 713
10 265 425 366 322 413 938 29 612 718 509
10 549 856 156 769 441 966 226 147 167 270
10 372 652 399 36 767 667 581 497 546 939
10 286 374 638 861 822 770 260 809 452 668
10 872 230 240 610 482 275 284 346 309 281
10 774 510 821 523 109 850 953 699 939 475
10 228 916 471 426 645 857 636 199 713 976
10 990 808 834 866 813 65 397 75 696 790
10 524 559 963 609 165 810 450 977 749 395
10 977 121 817 890 84 695 12 982 300 112
10 219 883 969 26 52 196 395 585 746 253
10 745 589 876 56 539 150 742 890 40 36
10 614 720 272 216 902 356 547 202 355 192
10 83 883 459 11 675 582 514 739 951 586
10 222 924 116 226 276 829 485 992 294 253
10 249 163 652 42 451 385 984 460 174 438
10 510 534 420 736 444 484 539 473 416 361
10 778 306 986 617 522 172 222 239 290 99
10 653 178 767 913 491 608 151 915 453 28
10 335 552 634 947 886 72 555 651 334 37
10 206 121 778 695 467 42 594 69 811 198
10 508 429 764 924 968 653 268 151 985 782
10 658 469 411 82 979 510 617 612 29 928
10 610 798 335 674 394 978 300 827 371 828
10 639 945 535 912 268 622 365 56 742 820
10 320 341 721 617 800 951 251 507 334 929
10 573 704 310 436 984 137 887 369 772 23
10 484 454 545 277 9 936 978 489 988 492
10 995 95 728 866 597 343 365 768 859 300
10 211 458 60 567 368 690 833 845 49 144
10 772 218 237 740 119 793 577 311 875 731
10 324 930 636 717 75 718 389 848 956 875
10 111 437 165 38 450 643 537 771 809 994
10 665 61 944 452 748 394 355 871 414 212
10 758 566 551 74 316 636 80 209 389 889
10 885 504 86 464 246 420 760 917 51 965
10 888 778 240 228 584 33 740 667 743 962
10 352 189 790 835 39 636 56 637 329 299
10 970 995 388 225 878 143 12 313 689 939
10 527 135 256 344 383 131 652 943 270 423
10 48 977 125 72 246 503 585 756 895 401
10 644 847 165 345 518 883 854 118 559 798
10 882 959 925 89 596 773 6 453 517 446
10 817 636 205 776 813 227 800 50 987 392
10 357 908 345 767 482 292 505 210 563 442
10 533 172 508 662 526 974 482 129 227 112
10 639 49 255 931 585 174 857 105 891 36
10 949 691 942 936 323 222 84 371 570 763
10 78 923 467 413 345 272 224 51 150 201
10 873 991 318 356 567 115 5 421 876 663
10 910 966 847 449 480 12 182 850 176 99
10 273 432 881 909 14 636 209 51 53 492
10 533 515 659 48 694 97 156 586 998 792
10 650 574 579 182 559 272 367 227 976 875
10 534 382 793 663 732 720 451 61 749 976
10 210 852 650 678 39 464 132 107 396 167
10 667 831 840 250 743 961 313 771 408 244
10 64 268 290 149 338 44 656 531 250 36
10 273 410 878 579 851 506 21 697 593 820
10 82 447 237 655 991 22 374 905 330 836
10 337 179 504 746 845 456 555 182 755 734
10 180 982 922 536 936 682 807 239 722 1
10 571 116 620 437 326 231 809 961 584 746
10 320 550 778 57 924 288 127 512 981 334
10 888 447 522 84 749 169 828 820 167 468
10 269 400 821 175 432 252 255 172 260 482
10 81 842 778 431 918 540 951 707 706 864
10 246 209 289 621 811 894 653 843 201 956
10 282 753 916 393 515 249 944 906 647 363
10 952 417 695 353 661 764 889 87 427 363
10 99 359 285 880 686 14 440 643 123 370
10 857 417 694 41 204 969 418 185 367 401
10 814 825 610 305 574 915 298 346 583 347
10 633 11 443 921 913 984 161 742 101 594
10 709 318 375 265 457 907 496 319 29 308
10 388 769 73 462 259 793 717 864 34 127
10 952 397 522 808 706 205 350 865 168 802
10 310 217 45 182 787 66 980 70 642 483
10 890 666 479 931 285 870 32 96 106 453
10 515 143 693 335 383 699 295 655 932 212
10 278 215 834 233 64 33 178 913 865 710
10 307 831 425 246 447 695 124 604 587 730
10 788 972 660 247 304 666 642 993 236 940
10 461 271 261 999 740 330 537 293 708 994
10 344 852 791 380 65 714 244 40 123 110
10 172 856 11 686 305 285 662 406 424 771
10 381 387 114 390 943 131 401 509 150 475
10 513 48 76 11 296 975 454 903 507 864
10 990 52 325 297 583 924 380 612 300 25
10 122 7 458 924 397 335 818 892 342 592
10 560 107 20 327 179 874 558 194 974 79
10 183 508 632 322 613 618 642 865 744 828
10 95 382 445 268 916 115 776 45 438 155
10 393 323 991 46 493 345 116 599 725 492
10 692 574 676 195 84 431 902 927 707 199
10 351 474 490 194 420 56 245 14 796 396
10 325 32 772 225 642 375 161 162 176 928
10 310 935 286 934 359 917 417 904 177 17
10 106 223 941 873 378 246 41 413 100 521
10 614 74 626 879 606 359 438 558 867 106
10 210 757 980 987 255 380 697 855 185 105
10 671 934 670 626 234 380 364 987 582 192
10 633 861 386 940 293 679 238 222 647 140
10 318 515 8 672 907 807 502 771 151 956
10 881 887 80 662 105 403 992 224 23 750
10 634 992 275 137 76 141 616 803 755 213
10 749 790 332 54 203 652 692 491 742 962
10 518 749 241 255 711 858 850 347 668 317
10 860 963 685 118 968 640 84 512 696 709
10 959 10 373 138 529 162 375 693 988 37
10 175 63 567 617 932 793 466 178 334 619
10 223 335 649 101 584 74 798 738 668 548
10 541 588 897 922 839 769 649 238 214 895
10 701 464 443 487 306 769 932 497 103 213
10 975 41 38 526 661 344 217 236 103 998
10 352 320 469 444 906 177 77 917 495 371
10 64 735 974 8 303 629 519 712 126 782
10 578 910 374 322 366 874 146 500 355 961
10 125 175 806 669 760 84 114 131 112 796
10 609 18 190 458 705 32 426 329 838 625
10 310 379 286 870 869 86 69 502 699 706
10 633 135 94 390 488 820 285 519 768 698
10 369 122 790 496 709 737 554 598 517 702
10 80 634 3 449 415 769 198 539 514 473
10 791 67 18 293 49 812 423 435 132 120
10 743 658 119 223 964 150 748 423 911 750
10 774 944 247 364 569 953 598 649 91 625
10 716 916 924 29 480 962 440 262 294 689
10 149 122 888 357 717 525 338 751 557 960
10 990 113 479 574 98 498 176 192 194 762
10 90 7 138 661 728 366 729 495 456 754
10 825 22 217 375 157 29 845 403 742 507
10 727 55 413 32 695 911 802 827 654 463
10 122 644 99 933 712 620 441 170 445 753
10 837 10 610 310 665 487 512 567 86 408
10 486 899 779 926 145 441 628 51 762 855
10 218 561 981 145 46 595 552 501 112 754
10 813 551 728 764 967 376 629 346 17 419
10 7 901 878 344 11 208 187 927 604 160
10 337 620 14 558 593 932 207 391 622 954
10 337 561 589 476 962 488 302 313 485 939
10 118 860 686 96 978 24 811 514 313 750
10 671 584 518 897 726 553 798 391 659 674
10 872 801 657 535 38 366 512 178 355 371
10 550 510 904 558 711 385 329 592 91 453
10 140 239 661 945 978 636 816 484 390 625
10 320 318 325 256 379 209 761 936 781 38
10 286 944 474 991 733 33 485 636 845 262
10 90 949 269 553 709 26 969 212 849 777
10 186 623 237 301 313 293 65 482 708 976
10 774 726 541 311 391 209 746 937 783 939
10 691 745 787 884 588 792 93 604 622 750
10 905 48 203 564 233 946 886 881 96 694
10 447 804 135 573 393 749 848 913 71 619
10 428 466 282 580 966 732 886 940 368 212
10 617 872 497 564 964 476 544 772 483 611
10 362 63 683 792 606 925 312 748 789 302
10 600 425 514 505 810 213 426 843 302 478
10 852 31 715 716 203 772 208 396 371 731
10 556 252 614 829 301 71 739 394 809 355
10 527 575 16 541 137 817 203 755 787 642
10 111 388 382 883 242 245 109 213 302 255
10 252 852 172 254 816 22 761 129 283 763
10 9 173 608 937 285 592 659 29 302 224
10 328 471 335 273 907 723 568 96 782 120
10 671 234 339 149 580 270 709 531 689 868
10 85 197 208 537 40 342 803 290 404 612
10 534 136 335 613 655 244 53 294 45 194
10 241 979 615 808 225 931 870 982 670 969
10 549 459 900 290 177 285 98 584 162 262
10 804 254 445 503 620 22 112 101 276 552
10 278 704 508 548 898 572 891 960 185 23
10 648 186 995 339 643 329 628 212 576 427
10 277 991 286 804 653 661 248 570 451 224
10 791 197 324 522 921 780 936 570 279 859
10 504 568 233 561 762 577 84 943 1000 594
10 752 471 810 979 557 141 28 312 371 929
10 910 674 234 659 734 311 848 35 97 87
10 826 456 121 597 974 191 166 512 243 23
10 778 238 606 14 906 656 119 248 6 213
10 269 806 934 926 415 123 785 500 494 361
10 657 504 701 932 255 884 194 803 401 309
10 634 204 728 182 745 565 316 690 84 531
10 630 64 121 235 936 250 940 466 707 985
10 747 83 549 170 395 383 56 493 739 398
10 328 609 952 525 732 581 380 147 494 88
10 627 65 459 931 772 901 72 208 292 89
10 687 369 132 524 658 761 143 620 215 649
10 55 53 775 567 102 341 914 803 555 812
10 298 82 951 443 429 51 57 626 786 154
10 43 82 306 925 962 419 189 505 755 864
10 627 271 21 585 481 373 272 280 950 937
10 883 96 73 837 410 452 749 1 733 144
10 870 429 859 589 488 736 187 464 581 743
10 624 662 861 31 621 251 889 940 998 370
10 972 574 606 62 837 40 329 313 785 176
10 624 282 969 182 378 262 803 812 253 370
10 30 329 242 565 170 451 270 502 664 690
10 774 454 56 146 576 632 547 506 262 245
10 704 337 261 137 100 76 538 998 564 340
10 660 508 172 517 768 460 753 598 451 129
10 55 422 670 330 505 137 50 151 212 478
10 524 322 208 827 554 980 260 53 782 625
10 372 100 305 764 396 675 501 367 478 754
10 307 935 330 924 138 884 585 23 276 668
10 549 872 536 197 22 522 240 512 895 625
10 902 107 583 250 540 629 737 169 1 446
10 211 935 549 388 19 789 67 5 701 602
10 968 486 384 421 951 674 106 697 419 966
10 935 265 20 650 215 999 743 375 565 279
10 633 472 16 67 599 76 890 25 391 217
10 634 995 534 239 751 168 287 36 117 939
10 600 393 736 829 202 178 26 91 279 492
10 513 471 94 59 700 948 663 773 637 321
10 116 458 524 420 413 613 904 141 19 317
10 872 124 123 413 540 880 628 896 494 87
10 104 610 686 407 420 31 114 3 434 914
10 921 650 740 576 997 30 623 738 599 404
10 872 510 967 441 715 703 380 596 189 646
10 645 411 509 445 384 465 370 167 777 989
10 402 508 906 435 272 601 531 969 626 451
10 682 650 456 750 797 38 923 274 1000 414
10 900 10 886 832 394 488 880 221 690 750
10 240 967 30 837 404 473 908 350 537 532
10 574 687 630 632 164 106 729 157 243 931
10 133 848 475 928 769 26 127 643 498 710
10 852 644 33 76 303 322 193 419 189 864
10 714 175 760 379 429 743 829 238 190 176
10 277 228 633 949 662 848 945 565 289 651
10 644 197 146 469 159 435 603 760 878 287
10 328 171 395 786 952 945 365 720 17 91
10 168 277 107 260 131 955 315 50 363 777
10 366 857 418 765 250 751 290 330 850 880
10 430 325 196 904 881 21 584 3 450 25
10 7 661 680 312 650 781 902 787 785 263
10 425 417 474 849 754 17 368 520 592 965
10 410 579 184 634 768 897 381 408 746 960
10 571 75 436 700 134 483 543 505 72 710
10 80 623 743 762 398 851 339 52 105 446
10 237 804 511 10 121 97 980 753 631 809
10 333 855 97 45 764 59 93 420 230 816
10 372 854 65 300 261 732 69 799 326 702
10 374 325 205 146 408 674 376 948 416 88
10 2 727 687 166 694 383 32 923 843 796
10 774 999 68 301 80 751 912 174 769 23
10 139 778 497 159 33 4 79 651 427 542
10 423 86 858 934 130 248 587 832 427 321
10 853 203 102 275 908 206 377 998 370 965
10 883 602 322 373 60 210 314 178 91 87
10 704 986 471 336 431 16 753 383 762 270
10 890 62 453 964 662 505 518 348 392 731
10 830 671 963 922 742 288 804 515 201 1
10 774 567 788 636 105 792 729 816 962 498
10 286 195 56 810 879 259 146 886 401 994
10 981 609 366 983 969 703 714 210 740 198
10 831 808 886 798 512 919 360 631 999 250
10 277 376 224 101 56 547 441 988 611 37
10 482 448 21 955 350 180 512 29 435 730
10 549 429 597 893 641 922 762 693 803 312
10 447 461 183 705 32 157 693 450 437 358
10 462 556 632 431 623 49 203 940 841 243
10 487 122 630 77 412 79 151 817 592 248
10 115 458 184 564 980 876 371 694 555 619
10 247 200 286 487 946 275 393 336 719 149
10 48 983 490 406 369 779 451 770 79 367
10 182 953 687 116 531 979 540 193 859 987
10 648 173 374 493 77 978 838 6 371 809
10 249 286 630 62 575 546 322 720 434 380
10 133 511 912 858 275 187 97 161 485 498
10 328 143 324 972 94 749 464 572 485 371
10 336 644 300 216 965 930 480 607 477 982
10 352 847 118 585 250 456 851 415 212 224
10 990 853 743 435 891 946 736 617 98 796
10 362 650 78 383 789 678 676 841 865 371
10 473 418 540 652 169 323 882 799 765 641
10 409 318 151 445 912 882 369 535 511 562
10 76 523 329 612 185 643 99 815 628 299
10 320 671 959 173 89 268 553 807 420 535
10 425 448 206 229 636 679 641 822 619 590
10 122 645 705 282 38 858 340 493 339 548
10 967 195 206 725 323 367 932 896 27 347
10 704 862 574 883 946 893 22 360 936 748
10 80 125 879 727 139 14 87 272 465 698
10 124 397 604 874 315 647 592 833 87 929
10 935 7 94 808 491 566 706 355 192 213
10 122 840 204 835 773 223 635 194 127 836
10 48 323 846 54 691 790 942 322 748 209
10 749 609 335 259 581 893 764 485 918 962
10 328 637 275 220 781 206 384 914 182 38
10 639 557 62 726 108 170 948 857 708 201
10 271 399 510 229 158 762 622 238 453 167
10 318 277 680 838 149 162 103 782 446 478
10 662 650 674 906 757 637 598 656 123 150
10 411 68 919 262 716 748 558 667 850 989
10 609 840 428 109 479 225 79 262 960 976
10 653 814 523 774 584 777 803 832 500 539
10 862 41 883 861 222 515 499 415 384 109
10 614 688 208 836 582 771 675 391 537 989
10 504 700 876 419 581 494 734 319 101 423
10 861 138 901 706 450 146 333 391 642 628
10 67 693 736 583 725 567 216 776 936 289
10 104 705 447 282 795 601 408 27 988 646
10 243 411 196 869 515 766 525 950 739 763
10 372 486 947 56 887 724 548 531 562 394
10 691 252 203 100 412 441 343 500 319 701
10 252 136 997 12 576 375 537 308 367 232
10 324 16 184 430 163 418 629 770 262 453
10 886 388 657 906 755 292 585 501 915 654
10 29 919 277 653 344 412 580 253 871 427
10 328 422 977 285 788 178 884 143 238 313
10 952 63 914 413 947 992 873 284 618 312
10 747 172 770 575 996 666 509 889 438 796
10 362 330 897 699 984 54 603 530 820 26
10 58 924 793 294 378 52 517 643 477 155
10 510 186 234 745 561 375 187 701 619 739
10 518 549 138 417 135 558 577 178 690 954
10 78 124 856 45 184 928 283 300 44 746
10 638 634 861 210 656 920 1000 695 976 201
10 527 204 2 857 768 98 396 1000 185 594
10 627 847 881 362 450 584 32 424 389 635
10 278 527 892 672 375 147 748 56 857 34
10 630 533 340 205 121 341 203 431 973 309
10 459 63 869 183 740 308 923 44 452 994
10 425 734 703 667 616 917 563 966 712 355
10 108 898 723 80 306 670 675 438 828 654
10 850 481 486 538 120 844 424 669 542 820
10 474 70 779 1 239 512 608 1000 23 155
10 831 320 959 39 94 406 500 557 40 295
10 639 636 426 278 454 699 49 164 635 956
10 968 67 76 4 524 924 845 560 587 162
10 901 895 525 19 50 169 880 628 994 521
10 888 8 318 291 530 143 797 793 542 807
10 77 679 645 604 588 161 973 342 57 334
10 352 793 789 41 409 107 912 767 524 586
10 958 605 665 39 372 111 12 771 336 348
10 791 645 504 642 629 330 199 619 664 392
10 320 856 766 972 848 342 553 678 326 71
10 504 239 33 304 722 556 652 42 951 438
10 15 218 102 73 531 652 109 355 785 112
10 372 164 20 94 993 273 399 793 765 879
10 899 454 703 869 413 436 150 438 647 394
10 890 527 63 267 38 621 953 961 849 312
10 550 639 705 591 88 748 142 168 896 207
10 615 608 218 102 859 465 965 91 88 442
10 301 41 632 89 168 130 86 930 338 302
10 671 899 504 449 390 322 468 754 655 492
10 990 861 703 564 174 223 759 232 539 463
10 298 15 975 559 595 978 119 398 227 492
10 775 219 671 931 197 863 399 396 394 937
10 469 124 738 308 325 666 877 53 144 684
10 163 211 610 997 733 223 560 89 189 664
10 610 43 349 430 234 376 962 755 319 37
10 606 524 179 508 622 216 956 760 697 117
10 241 852 534 546 640 242 101 92 123 985
10 85 724 218 285 254 457 264 649 999 960
10 971 196 591 693 530 424 302 404 822 689
10 826 186 240 238 360 824 185 105 915 654
10 48 85 912 614 632 269 172 29 818 962
10 337 197 573 227 606 247 500 465 169 690
10 409 624 751 770 389 260 799 693 44 562
10 941 218 679 641 616 925 535 244 713 731
10 686 265 269 231 681 663 621 10 895 442
10 388 934 604 431 342 827 112 569 126 710
10 735 834 948 95 978 190 997 770 348 619
10 600 81 963 834 298 881 569 751 279 889
10 316 745 159 241 147 389 339 406 714 126
10 971 830 163 576 259 84 689 656 729 157
10 540 773 861 330 21 270 34 144 611 961
10 97 977 979 837 230 833 514 44 730 28
10 78 931 10 465 110 434 314 367 13 331
10 862 258 824 839 378 939 701 355 563 708
10 862 816 781 345 260 14 161 783 729 231
10 352 894 522 945 140 270 509 338 921 492
10 538 432 45 482 657 858 1000 350 279 713
10 970 717 388 171 637 661 98 50 570 655
10 971 609 795 674 904 298 926 79 191 582
10 269 85 280 606 544 167 758 803 321 299
10 23 683 115 838 503 222 925 300 331 245
10 2 831 175 63 465 933 181 797 423 822
10 388 727 476 42 653 415 572 805 530 126
10 600 337 152 977 29 861 506 416 654 955
10 826 904 20 757 753 684 948 408 248 5
10 22 273 130 790 751 767 426 97 35 150
10 835 131 589 810 878 146 253 316 730 392
10 511 343 402 677 613 807 678 333 493 521
10 341 235 971 705 832 575 805 34 245 698
10 237 614 399 265 171 838 643 509 655 932
10 349 183 256 481 316 161 992 815 572 786
10 847 430 789 364 429 942 385 289 845 406
10 995 600 472 124 329 395 187 583 785 955
10 459 243 919 734 803 892 123 642 569 110
10 349 893 460 558 811 62 822 552 99 19
10 247 254 69 303 589 702 306 765 538 224
10 43 458 874 933 873 688 384 766 26 216
10 941 310 324 926 545 344 606 730 889 763
10 296 912 630 395 730 384 440 355 126 939
10 704 556 77 505 37 805 151 592 309 477
10 417 393 610 592 385 493 505 123 213 827
10 187 95 905 560 226 234 380 820 878 279
10 428 449 520 462 984 894 467 711 155 201
10 357 175 351 240 975 882 569 611 827 144
10 486 804 249 800 252 77 769 879 198 673
10 11 703 490 359 116 27 496 530 243 754
10 559 229 228 964 329 925 300 758 821 867
10 645 163 305 603 143 873 202 969 26 690
10 624 90 665 99 983 672 455 880 714 251
10 234 445 396 319 529 945 760 702 647 725
10 58 849 872 378 765 796 786 681 625 514
10 73 81 813 829 688 70 303 45 690 331
10 795 636 351 386 32 800 773 77 167 664
10 830 602 995 128 200 764 379 329 631 342
10 328 575 465 693 790 581 667 529 373 53
10 219 630 250 724 529 505 607 314 167 169
10 385 422 193 890 902 601 699 326 216 404
10 970 425 97 74 649 583 419 689 868 731
10 513 479 549 269 129 377 839 598 262 475
10 349 910 48 251 173 900 26 309 702 713
10 282 885 657 940 297 808 718 215 928 938
10 249 605 551 905 637 284 937 150 414 438
10 296 167 293 495 993 190 408 119 398 783
10 671 233 691 264 378 580 123 880 628 142
10 486 722 835 857 772 139 40 396 221 805
10 840 448 778 819 433 295 443 577 435 880
10 448 898 169 367 453 120 176 748 316 480
10 261 814 807 562 327 717 751 542 231 468
10 399 278 306 870 688 459 905 89 969 315
10 599 186 8 676 403 150 734 850 868 563
10 152 717 603 691 968 329 495 434 827 954
10 550 862 653 551 532 561 744 940 300 263
10 677 614 39 460 864 15 57 906 701 702
10 10 229 210 615 153 887 642 289 493 480
10 152 550 665 995 136 834 14 275 476 608
10 125 30 399 540 714 162 498 519 875 414
10 135 959 524 187 215 297 670 416 17 321
10 48 15 186 919 865 280 205 969 350 836
10 180 566 641 716 283 869 66 494 820 6
10 741 991 418 526 717 14 602 544 770 36
10 68 700 234 329 335 845 601 146 61 176
10 118 292 487 48 462 250 679 755 655 989
10 85 288 124 800 4 160 132 719 981 238
10 571 303 788 920 511 734 702 670 590 394
10 842 618 711 127 496 738 607 160 492 994
10 832 52 335 455 234 287 464 651 845 92
10 278 464 247 330 276 281 223 749 635 557
10 671 564 544 222 693 174 582 895 363 889
10 898 825 904 540 460 636 375 535 169 446
10 959 454 445 384 1 928 29 580 334 668
10 341 687 578 526 208 577 161 404 501 478
10 380 745 794 458 548 76 756 25 395 707
10 346 743 64 791 869 576 268 348 531 666
10 83 459 58 818 153 105 213 443 401 874
10 401 32 567 978 832 548 264 943 587 334
10 627 703 679 626 1 5 855 730 576 978
10 676 241 661 58 832 154 131 401 450 91
10 534 136 292 8 368 961 99 129 965 929
10 164 111 229 962 772 505 342 754 424 371
10 138 808 2 325 447 359 95 511 923 976
10 648 653 803 280 435 444 951 823 498 194
10 362 983 877 537 493 845 911 592 519 827
10 136 324 533 774 121 403 68 615 405 492
10 85 337 367 738 275 528 833 526 855 836
10 508 402 271 149 45 156 773 295 117 123
10 627 682 444 107 545 537 909 141 53 363
10 100 400 511 159 152 326 52 850 599 442
10 138 941 789 824 778 420 863 713 424 213
10 957 163 146 68 341 330 647 800 718 989
10 411 8 113 288 653 589 10 187 928 123
10 997 691 216 545 819 859 475 193 750 363
10 935 558 285 131 466 785 435 419 493 414
10 211 397 388 854 356 579 578 881 248 404
10 991 847 519 665 593 799 418 596 585 263
10 43 210 716 898 102 765 628 395 443 690
10 374 158 473 455 515 907 879 926 748 889
10 402 93 60 514 968 421 12 109 932 655
10 237 648 573 615 322 803 312 451 542 438
10 595 458 454 503 696 75 232 215 423 539
10 90 935 882 974 49 141 501 108 516 532
10 249 95 146 273 329 292 380 340 519 828
10 183 869 670 469 648 999 816 927 46 982
10 845 724 893 832 913 752 950 758 590 498
10 963 541 951 508 883 536 341 803 494 312
10 876 47 55 469 800 617 664 343 181 162
10 983 108 164 10 482 811 480 552 302 192
10 959 728 986 235 696 68 88 659 309 207
10 63 298 429 548 303 942 634 603 874 770
10 550 971 261 56 98 674 178 844 635 346
10 359 447 469 922 599 22 752 529 13 596
10 95 544 612 894 416 1 717 168 404 731
10 879 254 776 437 487 623 755 88 478 25
10 196 831 457 790 813 906 449 837 581 155
10 727 63 445 81 174 820 408 822 884 565
10 735 241 456 842 144 460 921 515 849 841
10 125 82 952 436 737 393 553 119 79 89
10 957 888 481 109 768 848 886 877 84 668
10 94 631 833 266 564 593 6 189 950 552
10 277 764 75 151 909 473 390 750 586 414
10 359 410 942 338 184 944 520 153 262 392
10 638 617 674 606 203 575 993 811 12 112
10 474 866 544 180 663 770 895 649 994 309
10 983 430 448 597 445 522 61 864 897 731
10 199 705 116 466 688 364 663 395 208 622
10 530 899 657 31 822 32 42 636 12 599
10 837 80 409 630 66 115 261 23 762 358
10 41 240 784 904 616 449 980 926 169 509
10 121 834 31 615 838 232 576 623 208 276
10 513 228 890 30 355 829 102 841 29 26
10 351 86 913 601 772 480 944 845 773 477
10 90 775 862 636 469 164 256 64 865 355
10 904 769 620 255 925 450 391 294 558 309
10 639 486 138 171 870 723 742 987 502 452
10 624 400 465 45 9 823 293 290 209 985
10 372 7 241 933 497 695 738 56 449 950
10 486 813 901 481 19 761 822 315 290 956
10 122 522 919 481 743 540 692 582 343 807
10 550 229 455 524 69 543 101 109 710 590
10 840 411 268 638 464 496 336 563 451 309
10 310 249 467 23 39 319 829 157 928 99
10 362 456 881 784 546 944 596 640 906 647
10 688 225 838 460 589 996 552 367 943 6
10 609 975 266 601 946 292 833 756 809 363
10 704 387 904 198 706 304 634 993 917 607
10 825 250 743 543 759 390 547 160 599 982
10 840 418 4 72 50 40 509 951 796 625
10 704 397 941 232 449 577 767 697 592 28
10 337 854 648 868 58 108 327 484 107 541
10 959 237 461 284 781 16 89 453 725 202
10 704 686 105 273 934 229 94 75 988 681
10 671 132 826 1000 885 330 544 421 79 126
10 320 472 696 873 870 261 557 405 943 270
10 98 613 432 728 346 260 300 864 891 477
10 667 842 679 482 582 497 909 438 607 509
10 829 387 527 967 523 925 548 451 737 828
10 838 178 886 273 195 222 470 165 772 330
10 433 286 7 847 696 420 322 535 611 783
10 411 687 2 534 691 977 164 660 944 72
10 888 704 735 744 564 789 4 46 214 763
10 644 788 711 54 570 230 356 588 478 777
10 260 835 773 548 336 106 208 655 555 434
10 835 239 49 60 40 541 660 373 139 109
10 16 723 536 52 84 681 755 725 451 682
10 797 638 173 920 981 70 479 303 294 36
10 808 145 475 966 767 268 948 697 87 424
10 171 139 732 332 39 235 306 891 765 666
10 732 740 819 292 838 912 800 642 194 939
10 258 687 808 15 893 555 608 309 720 903
10 265 310 589 518 737 435 243 442 748 283
10 888 716 935 386 70 734 669 346 198 915
10 131 180 270 947 529 721 311 841 414 976
10 337 109 576 617 197 120 642 897 398 651
10 490 208 195 692 914 330 951 44 809 646
10 831 527 848 899 530 474 541 886 865 26
10 186 922 460 658 226 616 141 824 707 392
10 832 67 137 407 431 761 714 519 331 201
10 282 631 695 432 22 593 220 564 810 126
10 694 159 630 34 268 621 911 27 702 596
10 52 200 186 114 605 717 966 426 28 698
10 85 349 340 540 863 993 696 681 53 932
10 219 941 804 288 428 785 636 223 792 563
10 182 554 775 801 388 858 311 251 509 563
10 455 74 114 568 898 315 927 142 509 877
10 574 10 634 869 494 695 734 738 326 563
10 338 644 703 915 71 591 734 74 150 587
10 804 524 278 922 873 116 593 380 815 224
10 952 775 814 31 218 215 650 199 525 13
10 436 33 524 601 856 767 36 832 283 739
10 648 249 258 113 986 486 733 595 1000 641
10 778 762 953 854 722 130 696 26 194 501
10 862 430 385 626 204 503 788 45 416 903
10 415 39 31 922 891 583 134 336 868 213
10 252 386 969 5 781 858 914 706 347 355
10 893 503 711 729 733 443 132 340 453 713
10 94 316 745 559 838 245 156 997 706 594
10 995 997 967 617 45 267 779 720 463 355
10 422 191 520 819 656 926 890 304 477 343
10 206 717 138 233 617 13 833 482 71 532
10 928 164 152 764 786 717 151 816 283 875
10 351 272 902 14 156 700 108 495 686 769
10 310 647 445 866 460 214 3 502 966 839
10 795 571 545 617 589 736 204 162 202 876
10 172 200 118 196 429 580 711 667 770 201
10 266 826 273 454 73 95 667 833 302 988
10 644 171 378 857 326 930 974 519 796 91
10 639 2 288 188 464 189 880 738 243 889
10 735 277 86 98 719 149 886 667 797 451
10 972 852 524 578 304 903 333 502 297 198
10 135 541 81 1000 606 464 182 494 144 167
10 410 837 340 435 724 886 246 129 199 492
10 41 832 931 642 176 593 319 17 965 299
10 407 431 412 385 667 276 199 24 446 754
10 991 630 140 121 538 301 351 634 408 276
10 90 623 870 559 645 137 535 92 818 646
10 624 941 266 291 417 726 651 539 316 954
10 43 122 479 153 59 28 276 618 106 347
10 657 810 776 351 547 922 667 332 565 824
10 840 662 183 243 670 67 511 268 203 951
10 890 949 225 663 39 336 693 255 548 334
10 862 61 79 771 903 216 802 19 596 940
10 296 425 872 588 693 536 151 272 27 937
10 352 508 472 471 834 464 115 762 767 340
10 610 204 990 374 940 930 746 799 793 263
10 472 47 457 502 130 396 380 427 424 12
10 104 513 860 844 31 569 38 564 3 792
10 268 687 186 60 218 752 244 105 713 198
10 354 59 436 653 330 898 808 679 817 994
10 252 657 900 561 966 51 608 675 956 442
10 860 48 667 779 502 355 416 649 123 939
10 971 658 344 449 773 185 799 709 1 355
10 143 65 140 81 10 588 419 975 858 327
10 847 900 883 416 667 220 879 329 587 938
10 666 518 62 246 272 218 788 309 249 110
10 848 369 838 940 560 945 343 839 40 87
10 923 986 609 95 332 329 670 502 348 702
10 85 136 677 597 693 42 50 930 955 839
10 571 74 65 55 470 24 283 616 754 785
10 277 665 308 653 904 101 618 662 93 477
10 971 271 728 358 925 500 475 162 291 369
10 479 970 503 314 542 348 612 951 198 731
10 352 307 780 351 188 647 869 915 202 294
10 432 650 464 619 149 444 897 480 246 363
10 970 161 64 74 559 69 315 848 79 3
10 972 898 425 272 656 734 194 251 495 13
10 801 277 296 993 333 738 108 347 248 954
10 219 235 997 128 589 720 391 261 161 334
10 136 778 252 138 269 756 952 367 766 144
10 445 971 644 269 591 885 338 588 506 760
10 700 508 525 179 373 897 53 224 317 201
10 104 487 936 147 240 484 102 635 36 212
10 684 324 573 829 564 515 413 578 811 1000
10 136 513 796 934 377 901 629 997 553 238
10 571 671 687 893 20 942 539 28 406 889
10 458 685 119 206 856 157 9 424 962 110
10 211 847 575 614 579 77 94 4 608 712
10 305 210 720 466 945 798 806 147 797 419
10 801 387 362 466 657 282 344 386 522 451
10 429 273 95 993 692 663 885 380 185 231
10 879 275 322 977 890 375 348 91 475 392
10 159 33 152 196 336 748 823 946 87 836
10 258 621 471 835 487 820 812 738 33 792
10 204 432 975 483 882 969 438 755 587 35
10 801 471 572 268 563 695 858 981 177 884
10 972 632 241 293 811 581 857 828 371 498
10 513 540 876 197 487 107 120 914 569 855
10 510 458 549 407 217 642 17 26 27 37
10 561 949 977 484 63 757 999 733 3 619
10 716 285 12 481 576 330 145 314 91 251
10 683 741 873 497 101 308 270 515 583 679
10 359 530 41 975 931 203 522 148 301 838
10 677 882 662 144 694 603 719 519 426 212
10 562 601 115 883 499 993 669 117 891 334
10 963 925 80 429 182 635 35 316 370 294
10 970 674 286 653 919 257 726 117 191 478
10 615 351 990 95 196 776 509 676 236 390
10 337 261 271 626 558 815 975 157 914 619
10 168 179 74 738 692 563 655 839 468 668
10 282 734 829 47 926 77 998 27 1000 155
10 623 55 288 748 679 734 700 293 943 822
10 157 733 900 22 859 771 408 289 167 331
10 433 96 709 999 215 130 213 40 493 554
10 633 494 924 118 693 751 406 389 829 348
10 830 430 278 163 591 41 806 185 757 805
10 644 196 333 329 448 293 569 750 938 87
10 218 219 831 887 757 128 924 772 214 565
10 975 508 626 653 260 165 621 484 497 232
10 337 347 959 905 64 530 209 250 103 994
10 912 318 370 948 844 119 495 666 846 521
10 73 387 66 365 640 979 351 669 326 84
10 550 513 375 273 196 602 72 718 529 161
10 293 765 979 152 140 6 817 270 91 334
10 876 608 685 160 366 819 998 880 564 313
10 971 677 241 717 134 272 157 315 153 828
10 977 474 995 657 894 345 786 380 456 989
10 571 533 776 325 598 821 746 313 987 404
10 72 904 981 266 366 38 69 656 238 859
10 268 288 290 439 365 663 741 876 915 843
10 826 556 991 999 992 766 725 570 895 334
10 922 685 327 578 908 482 673 181 918 816
10 620 685 108 816 562 767 681 918 192 207
10 357 840 784 981 246 590 42 530 697 689
10 513 648 476 179 614 75 978 647 446 896
10 469 360 399 566 208 375 456 760 319 818
10 853 432 906 354 513 953 729 545 493 275
10 573 265 762 829 562 92 151 580 792 322
10 847 665 588 396 445 635 17 958 884 763
10 397 677 222 916 938 313 97 134 871 961
10 352 801 830 133 927 297 125 79 283 818
10 310 551 107 536 516 808 595 208 444 1
10 47 33 350 109 978 75 482 996 805 563
10 935 135 720 240 59 999 408 749 909 817
10 986 257 766 611 155 535 755 231 127 828
10 439 233 354 821 338 680 878 767 891 788
10 431 68 400 432 209 215 12 414 346 263
10 78 278 270 450 742 311 807 587 537 939
10 78 409 275 22 355 145 685 618 345 750
10 219 910 122 829 779 936 369 514 185 201
10 310 778 850 69 499 383 656 308 209 771
10 910 770 223 728 92 694 744 815 494 646
10 571 861 844 684 50 999 8 926 928 283
10 614 410 629 803 350 321 203 618 26 99
10 975 286 333 641 706 776 893 773 101 66
10 83 187 706 390 196 784 98 882 734 771
10 349 4 799 227 532 561 565 1 569 646
10 115 476 223 500 628 782 730 414 956 836
10 971 31 799 983 691 177 224 419 91 994
10 82 487 601 73 12 99 816 495 836 690
10 328 533 916 275 146 593 924 245 793 555
10 380 56 538 566 512 220 107 423 548 586
10 933 944 257 941 693 688 437 553 584 649
10 362 490 464 768 867 380 108 890 221 28
10 852 901 581 222 925 822 65 993 712 592
10 686 678 701 673 214 384 156 809 850 37
10 211 226 969 64 823 695 291 166 1000 655
10 9 58 285 917 134 616 240 308 509 6
10 400 248 910 775 975 145 250 560 767 404
10 556 134 184 928 707 779 316 702 563 836
10 774 648 271 430 997 660 422 35 562 106
10 258 133 277 464 629 431 582 787 294 664
10 952 318 520 881 499 922 378 757 531 483
10 337 135 183 874 146 526 515 590 56 777
10 98 866 222 523 756 511 902 378 276 690
10 826 435 576 642 350 283 190 914 748 646
10 645 853 487 285 673 253 289 346 36 213
10 583 237 174 520 137 325 3 675 731 88
10 533 196 508 606 329 506 532 699 988 697
10 595 657 411 286 137 223 554 49 803 619
10 186 600 657 240 322 446 532 29 708 126
10 693 58 941 29 506 944 667 8 426 731
10 310 990 681 798 914 568 695 105 192 654
10 624 533 416 386 155 314 792 373 37 828
10 170 466 163 759 774 3 898 580 451 245
10 992 936 661 784 820 744 373 489 697 805
10 11 824 140 845 409 916 601 291 105 955
10 639 400 336 372 257 937 285 84 746 966
10 638 924 963 510 829 473 496 485 937 492
10 633 130 833 404 456 316 377 224 123 965
10 209 360 540 351 815 555 656 291 364 201
10 704 575 448 63 546 861 170 315 187 72
10 831 529 574 144 42 418 798 526 404 120
10 700 703 967 386 217 647 820 414 635 675
10 135 418 467 46 115 300 912 730 555 295
10 885 75 210 338 301 147 70 546 607 392
10 328 975 47 898 17 66 1 321 586 646
10 780 121 699 275 412 417 758 607 142 895
10 310 926 744 749 118 673 114 567 890 994
10 935 218 4 365 799 744 311 309 384 478
10 174 732 413 920 246 322 982 558 914 463
10 677 527 234 881 845 185 669 874 871 940
10 925 770 368 585 755 130 974 543 34 213
10 136 481 116 903 578 89 368 391 44 201
10 795 39 386 687 240 449 913 811 176 192
10 610 795 318 665 623 426 302 495 144 654
10 764 53 867 881 27 832 999 93 363 331
10 7 457 104 81 503 475 129 157 914 317
10 595 524 569 406 367 757 864 708 993 112
10 328 430 204 47 525 678 614 715 517 532
10 118 33 351 20 919 668 357 375 107 796
10 18 554 790 821 467 837 230 881 408 725
10 716 344 837 736 188 585 381 79 939 340
10 819 191 591 336 215 570 685 245 363 468
10 357 995 391 866 31 758 240 56 342 246
10 831 775 184 898 978 543 519 451 689 371
10 325 524 454 969 980 71 696 127 765 475
10 324 883 458 448 386 218 873 958 416 664
10 328 995 949 717 71 206 92 658 168 336
10 648 351 949 946 704 63 280 584 314 532
10 182 916 518 623 733 54 154 405 932 463
10 430 197 62 876 722 174 864 800 785 155
10 614 728 332 159 927 308 52 722 109 939
10 397 179 928 503 758 341 740 802 516 932
10 824 594 243 709 554 40 170 516 989 690
10 861 942 275 983 100 820 70 497 809 938
10 550 54 306 677 876 80 97 389 70 167
10 278 556 156 114 385 884 465 684 96 238
10 362 473 156 195 674 297 304 427 129 713
10 648 585 952 170 642 738 682 184 594 625
10 95 305 728 685 676 298 528 494 656 635
10 288 335 484 488 379 613 274 272 943 731
10 633 769 189 491 866 564 857 715 894 750
10 225 10 870 708 532 395 150 245 424 987
10 961 30 65 141 864 928 114 581 792 664
10 328 550 39 266 356 390 365 867 903 805
10 984 22 606 597 67 344 660 740 966 88
10 839 63 473 139 546 960 151 547 276 994
10 430 307 432 916 901 170 289 874 176 392
10 872 716 64 687 602 345 448 304 319 820
10 958 783 421 12 669 649 475 796 592 785
10 840 544 842 652 641 945 268 611 321 299
10 320 644 200 102 617 49 75 462 629 248
10 600 95 789 113 517 637 116 311 953 918
10 680 584 356 629 578 49 91 786 864 127
10 113 241 250 801 789 813 907 130 845 712
10 735 680 341 450 445 147 925 44 87 939
10 801 952 280 281 391 184 311 450 23 507
10 958 717 94 870 496 537 783 144 915 973
10 136 104 218 322 476 384 250 818 87 750
10 400 237 278 794 581 674 109 316 415 213
10 41 85 581 161 945 433 206 494 317 960
10 148 429 726 582 678 541 502 988 675 348
10 508 458 252 614 116 405 618 482 802 690
10 288 138 172 61 62 958 348 57 53 155
10 195 32 121 247 107 876 531 198 699 783
10 677 947 14 819 813 512 921 930 419 290
10 600 846 765 219 128 256 500 39 393 485
10 349 470 801 391 876 156 532 350 709 363
10 626 359 417 613 348 326 948 521 836 414
10 328 986 829 838 652 470 315 42 112 44
10 554 421 608 16 645 89 103 443 1 782
10 513 102 974 149 301 109 523 554 396 214
10 735 324 776 54 488 203 340 667 927 519
10 397 997 380 241 936 547 495 951 231 260
10 933 271 247 15 589 93 52 661 495 939
10 285 362 630 439 515 958 898 423 915 586
10 524 297 941 545 570 812 319 843 385 25
10 288 284 912 63 106 383 863 1 434 126
10 305 883 784 436 694 546 156 413 974 565
10 292 282 64 843 238 884 158 367 785 708
10 258 983 900 387 604 216 635 725 876 512
10 354 380 701 786 199 656 988 816 521 955
10 349 277 481 904 933 147 29 306 992 789
10 219 745 259 115 30 60 730 294 424 868
10 610 644 400 405 865 948 708 811 666 497
10 941 163 202 662 487 68 8 445 134 792
10 963 476 130 451 140 833 199 488 839 224
10 573 615 851 265 557 718 484 766 973 220
10 238 24 260 652 765 240 756 287 506 153
10 318 692 47 986 15 445 948 881 331 689
10 125 109 700 103 498 214 776 828 891 331
10 258 657 728 840 269 967 130 15 182 132
10 704 487 806 786 124 803 421 450 438 28
10 704 854 269 168 143 603 651 56 583 213
10 970 353 373 778 745 188 379 416 317 468
10 804 522 473 256 975 883 973 141 555 394
10 258 888 135 282 477 137 92 72 802 23
10 466 852 216 649 322 540 849 643 394 355
10 686 104 636 125 545 587 873 379 377 6
10 952 897 931 108 336 802 340 812 401 37
10 11 588 341 165 330 723 408 23 955 929
10 949 680 738 541 168 808 857 984 493 317
10 133 657 916 696 795 653 420 132 582 628
10 433 740 629 947 75 178 139 951 395 214
10 957 972 234 55 145 311 981 676 315 392
10 862 179 400 47 913 592 799 91 263 289
10 83 64 964 506 71 885 771 570 782 202
10 397 634 658 752 829 791 992 14 763 765
10 639 58 400 83 677 723 438 909 236 781
10 814 650 115 470 524 703 469 345 323 246
10 600 122 17 898 843 586 355 494 37 646
10 278 910 824 858 514 415 732 342 989 347
10 585 792 82 503 182 348 921 98 315 129
10 388 726 497 131 220 632 46 785 384 453
10 324 258 556 486 615 922 612 596 689 414
10 990 52 449 804 942 229 661 897 438 492
10 369 801 856 866 265 488 721 273 760 864
10 111 355 83 898 780 108 568 984 238 655
10 411 486 536 583 426 900 821 539 129 965
10 125 344 266 728 42 496 17 868 973 463
10 237 959 795 282 632 52 375 103 697 312
10 467 535 265 96 376 596 565 8 864 453
10 400 942 426 784 416 674 360 788 514 552
10 680 806 52 206 449 289 772 375 667 917
10 310 624 648 775 242 182 382 881 792 392
10 775 413 357 817 726 487 651 87 451 954
10 215 422 500 837 674 682 652 578 489 590
10 310 471 461 164 931 222 101 879 630 591
10 510 717 444 537 799 851 599 144 279 643
10 900 247 745 969 905 723 346 31 930 664
10 687 680 351 393 80 642 948 24 70 675
10 172 233 226 514 466 386 192 797 336 110
10 869 734 357 721 191 980 251 498 884 87
10 211 835 841 265 262 386 652 676 666 216
10 333 831 286 617 998 696 259 497 749 823
10 159 686 165 368 926 725 948 440 167 989
10 354 258 990 205 271 613 473 874 509 367
10 324 469 691 48 980 835 618 770 864 976
10 600 933 854 534 803 420 755 246 394 748
10 513 919 218 658 949 615 338 580 781 917
10 323 402 179 685 945 467 157 232 5 592
10 252 206 107 1 356 149 317 309 697 839
10 941 638 504 865 753 389 512 725 37 207
10 38 786 486 444 87 118 582 1 494 1000
10 972 617 650 573 206 163 663 439 542 444
10 652 851 397 504 297 383 492 938 442 309
10 840 337 306 11 770 107 103 161 796 463
10 665 336 82 339 749 304 390 525 937 97
10 727 922 769 332 645 215 881 992 893 802
10 910 776 266 432 851 953 752 655 985 88
10 952 219 510 556 700 68 336 4 615 964
10 835 327 820 415 164 693 902 129 622 592
10 862 916 947 714 943 263 70 502 492 777
10 923 473 924 121 114 34 435 576 142 201
10 556 657 136 376 445 673 880 491 763 782
10 85 11 759 986 798 542 843 501 242 181
10 549 704 11 318 92 497 603 355 468 594
10 276 318 186 510 559 623 148 545 816 28
10 32 53 297 482 554 864 17 92 532 132
10 104 825 267 571 59 287 342 993 434 929
10 400 721 863 301 779 56 329 802 6 485
10 736 111 983 479 898 604 579 169 850 194
10 831 433 677 129 24 488 89 673 955 960
10 78 7 94 206 240 304 467 294 263 698
10 803 431 377 695 756 670 148 405 733 294
10 122 638 164 682 634 605 297 465 243 91
10 568 83 662 343 863 636 998 868 903 468
10 941 527 108 205 426 206 780 829 787 581
10 111 128 601 97 856 154 544 45 874 987
10 970 899 615 441 757 130 719 577 250 51
10 683 774 935 831 942 169 291 616 42 642
10 341 48 581 308 291 767 871 446 917 763
10 175 499 311 203 154 796 797 763 809 321
10 854 734 217 46 819 205 636 499 427 299
10 804 674 596 393 49 973 565 739 28 586
10 328 278 385 20 529 802 520 72 961 442
10 568 298 333 450 892 402 69 606 749 955
10 324 172 916 706 356 481 856 824 500 711
10 550 433 359 924 81 691 611 569 184 368
10 409 73 470 854 498 5 966 848 120 299
10 866 372 615 215 806 191 148 174 70 463
10 513 795 471 984 882 732 581 909 17 938
10 862 267 794 271 568 15 596 165 865 441
10 677 660 114 769 395 390 56 706 909 777
10 971 503 508 476 275 319 583 531 299 730
10 790 910 728 221 97 893 656 752 702 989
10 412 909 897 181 709 23 176 864 713 25
10 325 459 68 688 44 181 765 858 299 198
10 43 152 503 858 616 555 548 965 762 956
10 959 774 984 720 534 329 563 871 460 542
10 747 43 179 417 164 322 203 931 889 985
10 467 605 745 968 450 540 973 220 577 836
10 527 490 469 287 448 479 384 588 489 270
10 846 128 823 44 407 22 743 667 340 960
10 834 265 215 962 968 778 49 602 531 519
10 591 638 549 949 180 975 507 165 839 939
10 219 910 387 298 410 461 476 603 493 463
10 90 801 211 837 264 866 121 950 19 564
10 997 254 188 116 181 803 342 940 839 295
10 436 727 54 188 73 518 17 424 192 895
10 995 238 856 297 346 761 114 828 552 370
10 228 963 862 997 342 658 555 736 985 398
10 639 564 94 958 709 787 926 823 445 809
10 409 881 381 711 89 761 827 611 531 777
10 258 834 766 839 711 343 473 812 401 750
10 241 774 411 752 931 685 434 817 321 112
10 472 806 816 851 815 585 325 958 897 290
10 136 770 810 657 323 879 736 311 114 646
10 603 124 819 715 618 323 548 759 435 302
10 854 41 975 869 250 63 454 964 539 14
10 433 510 691 951 467 922 56 913 57 828
10 39 745 75 57 908 642 50 268 250 939
10 63 877 335 157 519 930 725 156 635 25
10 658 349 135 229 575 373 75 149 391 148
10 910 830 163 422 474 230 385 565 742 264
10 205 81 819 695 164 203 779 596 70 446
10 626 910 792 930 109 23 748 543 207 201
10 104 784 52 791 246 234 230 466 227 150
10 284 703 22 784 756 732 57 858 221 88
10 639 830 780 526 803 711 925 880 673 201
10 121 561 87 264 403 319 202 13 792 392
10 941 412 934 282 524 879 708 179 758 611
10 349 650 967 186 529 538 276 622 253 698
10 613 682 588 597 443 19 512 742 263 690
10 344 172 238 356 883 443 8 215 592 316
10 273 694 104 46 332 767 567 437 755 590
10 935 203 46 379 576 931 426 38 807 169
10 835 691 911 797 222 457 162 772 918 6
10 100 90 101 832 433 642 811 761 625 836
10 574 900 46 555 276 877 889 295 796 88
10 919 449 728 874 418 806 166 137 604 619
10 47 469 801 199 275 864 482 66 380 442
10 778 135 922 233 551 460 303 984 315 871
10 726 840 949 573 501 179 48 890 755 453
10 791 775 813 1 717 787 158 652 857 956
10 571 281 179 892 661 248 978 96 897 224
10 979 679 683 907 950 471 700 393 345 811
10 700 879 30 435 336 679 335 647 208 502
10 108 179 597 385 877 640 287 956 177 748
10 847 559 773 421 871 530 299 576 740 355
10 761 769 810 585 643 928 580 168 26 839
10 20 778 861 966 821 833 748 594 155 251
10 663 972 8 9 390 739 962 40 960 176
10 639 61 410 467 947 614 360 351 642 334
10 741 552 151 141 86 580 92 532 868 370
10 90 341 104 60 197 220 849 154 607 347
10 513 967 15 354 658 72 93 553 537 421
