2 786 349
2 954 692
2 523 861
2 757 30
2 391 740
2 220 608
2 935 79
2 124 688
2 343 355
2 10 215
2 514 599
2 511 952
2 889 687
2 658 209
2 792 67
2 289 243
2 41 610
2 621 29
2 499 494
2 216 445
2 25 507
2 731 750
2 974 731
2 557 442
2 782 346
2 154 501
2 885 538
2 730 64
2 16 668
2 849 488
2 364 251
2 358 46
2 484 162
2 869 464
2 633 301
2 141 88
2 148 888
2 974 828
2 661 417
2 663 723
2 26 514
2 478 171
2 141 487
2 19 827
2 161 809
2 524 645
2 570 78
2 774 626
2 659 477
2 643 884
2 246 557
2 546 803
2 185 948
2 752 750
2 172 415
2 481 867
2 226 646
2 585 536
2 258 824
2 604 730
2 610 259
2 879 892
2 767 946
2 471 68
2 721 603
2 614 71
2 153 281
2 397 618
2 176 594
2 366 592
2 140 381
2 378 491
2 550 347
2 864 832
2 234 178
2 415 106
2 4 449
2 730 448
2 723 233
2 22 58
2 814 373
2 558 329
2 41 264
2 228 852
2 103 188
2 534 275
2 733 241
2 765 603
2 39 208
2 731 105
2 939 287
2 239 610
2 548 662
2 529 564
2 617 241
2 692 315
2 979 270
2 439 174
2 186 952
2 733 186
2 493 951
2 690 725
2 929 883
2 814 600
2 362 828
2 12 888
2 298 286
2 295 377
2 178 2
2 714 344
2 9 290
2 155 191
2 642 142
2 610 427
2 443 602
2 900 189
2 457 418
2 633 542
2 310 795
2 823 436
2 431 405
2 809 410
2 721 598
2 997 412
2 319 82
2 162 54
2 364 97
2 695 427
2 247 3
2 750 882
2 455 559
2 319 818
2 318 284
2 904 645
2 50 716
2 16 960
2 25 832
2 213 794
2 647 641
2 254 53
2 924 815
2 748 613
2 962 28
2 547 658
2 249 426
2 936 449
2 285 203
2 470 292
2 635 353
2 101 581
2 778 322
2 372 943
2 91 872
2 424 665
2 418 441
2 675 556
2 913 257
2 9 21
2 348 148
2 275 965
2 276 183
2 177 670
2 906 234
2 933 60
2 467 993
2 467 154
2 234 720
2 906 848
2 155 565
2 45 320
2 45 646
2 182 836
2 323 894
2 236 267
2 874 517
2 895 342
2 496 737
2 325 998
2 418 9
2 774 749
2 265 555
2 902 584
2 280 845
2 321 71
2 673 710
2 615 762
2 228 86
2 667 278
2 254 405
2 98 803
2 709 915
2 744 894
2 713 658
2 596 21
2 800 579
2 285 329
2 305 96
2 811 335
2 676 149
2 291 182
2 495 128
2 745 298
2 624 75
2 106 240
2 44 784
2 204 409
2 953 144
2 369 736
2 22 788
2 852 194
2 613 662
2 773 817
2 948 116
2 821 621
2 906 90
2 262 307
2 837 204
2 436 450
2 587 785
2 721 361
2 696 590
2 429 145
2 800 584
2 74 628
2 901 693
2 341 871
2 214 559
2 745 699
2 388 525
2 476 406
2 235 187
2 769 883
2 102 771
2 365 86
2 582 745
2 883 28
2 834 801
2 864 677
2 421 827
2 150 28
2 445 997
2 896 414
2 864 11
2 363 584
2 785 489
2 415 668
2 440 293
2 362 400
2 765 960
2 745 346
2 246 543
2 113 925
2 673 187
2 633 583
2 965 151
2 841 9
2 611 927
2 769 696
2 87 401
2 336 820
2 551 572
2 224 172
2 475 337
2 934 807
2 150 787
2 288 782
2 52 574
2 810 954
2 467 24
2 34 548
2 379 616
2 273 927
2 34 652
2 521 58
2 604 202
2 247 892
2 250 522
2 374 224
2 935 842
2 549 437
2 236 544
2 635 631
2 459 946
2 606 528
2 370 711
2 739 108
2 841 189
2 874 290
2 10 594
2 127 78
2 544 983
2 91 810
2 846 953
2 789 529
2 221 147
2 480 971
2 991 609
2 965 932
2 934 776
2 391 284
2 653 387
2 103 983
2 308 165
2 133 322
2 871 652
2 681 283
2 41 220
2 209 349
2 289 492
2 404 439
2 548 49
2 275 473
2 945 370
2 126 334
2 451 944
2 922 796
2 992 389
2 588 256
2 558 580
2 407 153
2 53 382
2 429 433
2 272 240
2 750 343
2 761 838
2 499 506
2 387 807
2 647 522
2 624 227
2 582 133
2 643 429
2 333 122
2 564 937
2 43 672
2 446 142
2 14 208
2 324 668
2 14 719
2 289 651
2 712 521
2 863 813
2 837 660
2 78 504
2 825 909
2 879 40
2 839 999
2 803 894
2 907 234
2 864 389
2 155 138
2 310 375
2 615 367
2 639 208
2 22 454
2 334 198
2 24 60
2 497 742
2 498 40
2 773 193
2 16 199
2 354 775
2 426 127
2 104 311
2 852 644
2 15 877
2 415 882
2 472 404
2 114 44
2 355 532
2 51 464
2 597 135
2 275 311
2 133 251
2 38 491
2 343 837
2 17 923
2 281 184
2 126 162
2 608 834
2 725 584
2 820 34
2 45 377
2 135 512
2 443 256
2 262 484
2 764 23
2 680 600
2 702 901
2 269 130
2 425 965
2 461 99
2 248 882
2 291 649
2 900 925
2 17 416
2 979 17
2 977 209
2 298 166
2 128 970
2 813 436
2 758 131
2 36 367
2 403 698
2 385 93
2 512 368
2 14 934
2 362 871
2 165 160
2 930 770
2 56 435
2 137 158
2 210 58
2 855 286
2 115 34
2 768 293
2 979 381
2 658 804
2 213 295
2 302 637
2 402 311
2 379 318
2 549 532
2 840 711
2 648 908
2 195 599
2 669 295
2 65 556
2 239 679
2 95 154
2 256 970
2 333 13
2 974 944
2 251 836
2 413 805
2 619 719
2 440 82
2 221 71
2 573 892
2 31 949
2 346 170
2 892 651
2 760 60
2 494 536
2 73 290
2 319 120
2 213 781
2 126 790
2 542 604
2 447 93
2 623 177
2 545 27
2 130 180
2 334 721
2 323 847
2 569 431
2 674 719
2 428 261
2 640 943
2 163 368
2 583 941
2 714 896
2 984 740
2 453 119
2 591 959
2 595 876
2 842 913
2 78 54
2 993 832
2 453 381
2 113 601
2 51 271
2 9 829
2 341 343
2 954 808
2 70 4
2 302 840
2 256 131
2 114 250
2 906 248
2 107 60
2 370 775
2 588 254
2 116 703
2 961 402
2 116 870
2 573 932
2 446 223
2 109 177
2 743 860
2 61 711
2 126 612
2 285 960
2 917 694
2 407 709
2 847 356
2 95 679
2 26 687
2 921 829
2 82 710
2 195 654
2 682 648
2 411 380
2 863 327
2 785 119
2 476 919
2 454 136
2 583 488
2 392 870
2 360 274
2 149 182
2 422 42
2 663 935
2 664 813
2 486 651
2 836 478
2 541 694
2 139 660
2 917 816
2 879 581
2 221 688
2 26 223
2 113 795
2 447 283
2 387 151
2 318 637
2 446 777
2 316 474
2 1000 643
2 223 102
2 563 251
2 248 822
2 204 477
2 462 495
2 58 80
2 134 438
2 735 670
2 122 199
2 676 161
2 283 30
2 905 470
2 92 594
2 62 161
2 847 753
2 405 69
2 779 384
2 624 360
2 486 8
2 680 268
2 501 771
2 610 176
2 22 357
2 882 536
2 216 901
2 905 644
2 288 795
2 542 189
2 598 384
2 396 602
2 192 207
2 255 212
2 896 859
2 988 983
2 539 597
2 928 749
2 118 892
2 987 782
2 865 400
2 201 339
2 667 500
2 272 955
2 57 564
2 44 359
2 315 335
2 57 394
2 317 728
2 345 210
2 774 34
2 96 442
2 901 581
2 8 998
2 607 724
2 664 814
2 450 43
2 608 477
2 378 935
2 272 833
2 600 29
2 507 674
2 467 137
2 694 468
2 320 109
2 228 810
2 641 887
2 813 509
2 53 661
2 905 932
2 329 729
2 47 894
2 113 942
2 366 717
2 678 65
2 626 188
2 814 213
2 679 288
2 620 434
2 101 677
2 342 630
2 655 180
2 782 988
2 937 528
2 388 783
2 702 293
2 334 60
2 736 94
2 67 335
2 885 645
2 804 427
2 410 432
2 875 657
2 692 549
2 844 76
2 853 81
2 446 731
2 630 992
2 529 542
2 670 822
2 963 855
2 638 11
2 23 866
2 972 644
2 256 202
2 609 474
2 487 140
2 183 353
2 683 716
2 419 158
2 825 857
2 178 402
2 404 335
2 401 845
2 98 50
2 692 145
2 102 80
2 518 338
2 19 544
2 1000 483
2 236 422
2 620 346
2 407 415
2 903 932
2 134 781
2 362 981
2 772 656
2 330 465
2 269 442
2 844 135
2 253 673
2 545 927
2 640 708
2 513 901
2 440 97
2 131 112
2 879 885
2 340 896
2 249 520
2 509 957
2 139 388
2 847 317
2 546 657
2 386 725
2 483 726
2 870 749
2 955 21
2 449 300
2 454 954
2 529 602
2 251 856
2 550 299
2 520 882
2 401 106
2 396 44
2 899 373
2 385 208
2 364 72
2 168 53
2 95 925
2 998 427
2 10 737
2 386 359
2 445 50
2 291 317
2 369 992
2 941 944
2 971 255
2 229 802
2 76 80
2 502 146
2 168 818
2 681 771
2 922 182
2 676 883
2 600 880
2 507 408
2 71 914
2 279 197
2 397 130
2 617 752
2 468 753
2 888 40
2 573 457
2 729 838
2 956 855
2 15 661
2 991 941
2 77 544
2 502 540
2 353 29
2 724 788
2 82 412
2 518 786
2 484 987
2 249 826
2 631 884
2 277 745
2 634 952
2 893 14
2 416 386
2 297 997
2 829 885
2 410 507
2 847 783
2 242 100
2 379 719
2 335 568
2 114 657
2 956 462
2 407 415
2 215 971
2 547 162
2 408 829
2 348 935
2 117 354
2 795 920
2 555 600
2 721 785
2 671 188
2 778 819
2 456 228
2 577 401
2 122 526
2 222 527
2 605 260
2 341 610
2 905 41
2 211 789
2 776 748
2 730 751
2 904 568
2 726 37
2 434 871
2 767 986
2 903 915
2 249 284
2 733 993
2 3 291
2 906 567
2 787 878
2 755 837
2 330 260
2 976 925
2 216 335
2 931 729
2 157 271
2 588 940
2 721 579
2 414 572
2 927 432
2 879 809
2 631 700
2 928 257
2 906 327
2 194 44
2 870 511
2 289 172
2 343 784
2 843 23
2 794 366
2 399 953
2 598 292
2 450 961
2 47 703
2 722 162
2 6 798
2 854 404
2 240 454
2 995 653
2 566 497
2 443 545
2 856 299
2 97 598
2 83 848
2 623 13
2 902 984
2 85 505
2 569 288
2 18 356
2 683 251
2 348 732
2 45 46
2 911 850
2 219 584
2 725 993
2 963 123
2 702 850
2 775 335
2 253 313
2 950 536
2 355 189
2 273 933
2 677 6
2 643 668
2 529 145
2 617 895
2 695 354
2 21 912
2 97 349
2 639 515
2 927 706
2 632 23
2 501 545
2 753 882
2 921 937
2 229 390
2 598 27
2 346 849
2 722 755
2 359 870
2 621 915
2 851 498
2 741 475
2 707 406
2 693 781
2 929 855
2 360 527
2 26 217
2 197 784
2 264 201
2 420 833
2 12 600
2 802 871
2 131 258
2 93 77
2 440 520
2 262 514
2 71 352
2 546 25
2 413 434
2 950 485
2 177 318
2 707 833
2 73 527
2 307 266
2 744 242
2 529 231
2 581 797
2 138 708
2 114 969
2 785 187
2 259 514
2 469 917
2 465 247
2 904 936
2 125 133
2 953 125
2 845 432
2 189 389
2 448 454
2 970 988
2 168 855
2 248 645
2 745 500
2 821 833
2 769 337
2 580 151
2 667 860
2 906 490
2 340 968
2 698 736
2 219 100
2 745 972
2 886 222
2 668 488
2 803 652
2 726 932
2 755 414
2 354 241
2 425 917
2 95 400
2 970 96
2 365 990
2 75 560
2 249 189
2 546 340
2 752 899
2 966 369
2 816 693
2 685 757
2 333 558
2 64 105
2 420 170
2 766 456
2 591 531
2 882 123
2 782 967
2 188 292
2 615 442
2 512 227
2 183 839
2 957 115
2 517 279
2 560 404
2 654 711
2 195 291
2 38 504
2 368 990
2 623 992
2 470 520
2 748 518
2 499 797
2 57 811
2 558 455
2 688 659
2 779 220
2 208 78
2 564 243
2 411 840
2 816 833
2 244 936
2 913 18
2 663 10
2 482 245
2 788 201
2 420 620
2 101 774
2 461 278
2 903 93
2 803 962
2 41 668
2 116 711
2 340 883
2 461 307
2 343 143
2 288 27
2 888 805
2 893 424
2 776 778
2 792 132
2 548 625
2 782 27
2 150 752
2 233 157
2 748 756
2 124 931
2 546 255
2 628 937
2 39 92
2 580 66
2 517 108
2 122 274
2 310 405
2 991 811
2 520 490
2 335 488
2 198 79
2 252 209
2 419 932
2 218 687
2 617 29
2 259 112
2 105 350
2 939 59
2 577 135
2 876 57
2 32 170
2 706 710
2 45 682
2 979 27
2 583 137
2 963 722
2 533 254
2 829 201
2 317 508
2 723 897
2 285 115
2 275 574
2 662 93
2 711 260
2 256 271
2 786 184
2 178 990
2 403 239
2 279 807
2 71 77
2 726 54
2 617 244
2 738 842
2 285 534
2 391 571
2 682 252
2 251 463
2 341 240
2 875 523
2 887 733
2 283 190
2 705 951
2 623 338
2 135 373
2 289 74
2 764 581
2 578 649
2 630 2
2 124 796
2 995 823
2 162 556
2 132 384
2 558 442
2 131 767
2 981 917
2 899 1
2 90 208
2 815 829
2 170 836
2 482 484
2 672 555
2 303 423
2 663 25
2 138 41
2 223 97
2 102 781
2 421 630
2 801 953
2 148 80
2 755 227
2 109 522
2 650 888
2 853 201
2 219 875
2 702 934
2 987 272
2 93 29
2 876 193
2 399 726
2 518 761
2 767 81
2 871 81
2 19 52
2 640 235
2 349 809
2 288 220
2 960 486
2 936 920
2 86 987
2 764 186
2 756 639
2 52 540
2 317 792
2 230 853
2 624 833
2 496 819
2 177 662
2 578 851
2 518 534
2 263 567
2 476 593
2 457 558
2 628 40
2 483 477
2 760 571
2 114 515
2 305 791
2 294 448
2 628 286
2 764 290
2 925 446
2 211 136
2 639 635
2 469 897
2 638 284
2 756 984
2 334 606
2 638 470
2 197 492
2 974 228
2 467 694
2 588 444
2 3 714
2 260 901
2 817 509
2 765 270
2 363 763
2 958 536
2 284 345
2 679 25
2 919 554
2 904 652
2 863 76
2 978 562
2 284 941
2 839 74
2 518 96
2 896 81
2 723 431
2 93 472
2 997 833
2 769 504
2 895 356
2 786 713
2 769 727
2 815 484
2 995 581
2 683 798
2 25 892
2 374 1000
2 103 121
2 358 161
2 150 326
2 538 67
2 785 720
2 674 792
2 6 146
2 877 471
2 560 577
2 655 9
2 586 127
2 393 372
2 995 461
2 674 501
2 122 585
2 587 547
2 715 851
2 725 10
2 622 843
2 183 888
2 769 817
2 107 961
2 113 227
2 745 246
2 73 820
2 378 286
2 154 772
2 638 301
2 536 389
2 855 880
2 124 966
2 948 726
2 181 427
2 865 910
2 425 24
2 901 518
2 973 778
2 183 46
2 197 481
2 235 270
2 809 472
2 239 158
2 854 880
2 948 581
2 310 267
2 723 709
2 275 301
2 485 982
2 150 260
2 151 606
2 168 250
2 517 80
2 607 37
2 336 618
2 991 284
2 569 14
2 761 389
2 541 58
2 73 909
2 759 7
2 706 845
2 741 176
2 74 841
2 229 458
2 903 947
2 360 276
2 622 76
2 587 4
2 445 174
2 414 466
2 640 309
2 909 509
2 909 988
2 975 414
2 473 106
2 169 449
2 850 58
2 637 301
2 660 81
2 307 521
2 403 508
2 738 143
2 923 81
2 785 288
2 174 782
2 249 60
2 595 482
2 386 635
2 558 227
2 211 417
2 727 952
2 44 665
2 893 499
2 681 618
2 690 656
2 986 213
2 6 826
2 393 489
2 533 838
2 246 13
2 365 610
2 203 304
2 403 942
2 347 564
2 303 730
2 32 781
2 379 545
2 620 545
2 545 488
2 276 110
2 162 954
2 117 384
2 388 26
2 672 9
2 438 322
2 800 115
2 416 78
2 683 201
2 333 41
2 539 866
2 443 241
2 454 959
2 32 78
2 606 472
2 503 689
2 753 936
2 9 112
2 124 498
2 97 822
2 183 31
2 775 836
2 284 724
2 351 439
2 333 996
2 933 527
2 597 449
2 534 519
2 314 949
2 363 68
2 847 746
2 247 318
2 241 613
2 815 314
2 371 238
2 973 966
2 244 836
2 236 887
2 828 335
2 743 24
2 410 288
2 680 671
2 859 507
2 562 833
2 443 58
2 116 649
2 401 978
2 422 489
2 399 466
2 586 708
2 867 340
2 912 384
2 574 386
2 842 110
2 279 796
2 315 86
2 904 37
2 67 443
2 189 795
2 78 922
2 797 585
2 163 253
2 376 110
2 143 548
2 260 45
2 14 368
2 324 620
2 101 297
2 486 201
2 75 669
2 903 77
2 904 74
2 835 646
2 930 51
2 19 645
2 425 366
2 535 647
2 942 881
2 893 804
2 587 974
2 367 426
2 155 585
2 371 857
2 168 692
2 456 938
2 31 987
2 867 161
2 373 134
2 547 728
2 891 792
2 358 94
2 692 803
2 346 647
2 224 653
2 146 749
2 435 826
2 604 840
2 686 689
2 717 571
2 854 94
2 963 313
2 712 187
2 847 747
2 511 397
2 583 731
2 811 777
2 641 870
2 809 276
2 364 24
2 279 933
2 972 877
2 799 40
2 550 625
2 28 198
2 779 27
2 108 171
2 964 108
2 867 97
2 223 856
2 466 743
2 806 985
2 317 472
2 101 173
2 264 509
2 564 999
2 968 312
2 443 298
2 623 695
2 8 225
2 524 591
2 408 959
2 51 477
2 558 422
2 160 694
2 660 265
2 258 163
2 325 82
2 909 78
2 837 1
2 359 832
2 679 65
2 980 384
2 304 34
2 818 972
2 750 286
2 250 132
2 702 220
2 658 438
2 399 412
2 541 792
2 981 986
2 742 468
2 331 759
2 374 525
2 622 837
2 303 885
2 707 116
2 122 632
2 65 689
2 714 720
2 241 936
2 685 116
2 950 586
2 116 568
2 855 336
2 769 209
2 593 304
2 847 231
2 263 997
2 358 611
2 50 472
2 489 812
2 593 405
2 161 231
2 551 478
2 411 229
2 854 67
2 697 902
2 631 144
2 731 205
2 806 644
2 342 268
2 20 299
2 302 105
2 939 222
2 541 176
2 170 261
2 843 152
2 164 491
2 544 1
2 842 696
2 248 93
2 769 808
2 908 142
2 632 194
2 3 635
2 617 777
2 541 619
2 124 243
2 520 156
2 482 786
2 340 265
2 91 822
2 164 139
2 493 816
2 374 928
2 329 52
2 582 214
2 402 602
2 829 954
2 369 506
2 70 827
2 987 697
2 844 881
2 469 706
2 848 817
2 129 973
2 354 641
2 586 653
2 579 910
2 852 993
2 596 837
2 921 125
2 90 797
2 504 191
2 741 378
2 900 225
2 961 351
2 237 161
2 835 31
2 140 608
2 716 301
2 369 232
2 179 218
2 876 267
2 381 261
2 821 69
2 123 2
2 140 136
2 130 565
2 745 730
2 835 875
2 266 686
2 634 649
2 629 753
2 469 220
2 811 737
2 998 136
2 290 292
2 146 226
2 566 79
2 56 540
2 682 853
2 602 193
2 93 826
2 91 421
2 698 743
2 769 194
2 221 851
2 56 994
2 681 497
2 403 119
2 644 301
2 794 930
2 302 45
2 828 515
2 270 910
2 866 484
2 675 149
2 665 267
2 835 169
2 865 348
2 674 880
2 595 63
2 451 904
2 800 958
2 220 536
2 177 276
2 456 734
2 890 729
2 116 283
2 123 720
2 841 634
2 748 41
2 665 471
2 773 474
2 400 449
2 1000 18
2 784 889
2 633 6
2 299 994
2 747 816
2 362 356
2 783 653
2 734 802
2 327 32
2 754 592
2 547 591
2 99 621
2 126 127
2 771 659
2 706 842
2 706 656
2 25 205
2 869 811
2 49 37
2 203 511
2 401 274
2 853 176
2 587 88
2 993 369
2 289 266
2 144 850
2 592 442
2 577 486
2 773 822
2 683 2
2 582 396
2 660 325
2 975 351
2 20 544
2 558 943
2 204 316
2 335 721
2 896 301
2 843 232
2 715 376
2 111 251
2 750 990
2 296 280
2 542 386
2 991 52
2 550 301
2 376 411
2 786 556
2 361 411
2 440 970
2 67 162
2 76 559
2 398 696
2 150 938
2 769 246
2 116 791
2 408 782
2 310 557
2 356 584
2 340 111
2 642 613
2 761 426
2 984 394
2 140 71
2 551 11
2 62 243
2 745 5
2 476 680
2 567 509
2 513 477
2 960 796
2 703 870
2 450 798
2 861 526
2 834 836
2 118 37
2 645 847
2 868 619
2 120 969
2 997 33
2 101 109
2 745 296
2 678 866
2 361 181
2 396 588
2 843 192
2 573 609
2 590 95
2 900 441
2 150 999
2 9 244
2 521 227
2 953 847
2 813 995
2 689 208
2 276 590
2 413 841
2 864 768
2 59 84
2 586 980
2 877 630
2 644 572
2 252 86
2 824 447
2 991 326
2 230 384
2 8 200
2 654 71
2 888 881
2 548 574
2 89 600
2 855 421
2 961 411
2 404 24
2 450 372
2 487 265
2 463 284
2 17 652
2 705 333
2 457 653
2 973 520
2 872 28
2 588 709
2 391 884
2 524 423
2 760 189
2 84 110
2 156 706
2 209 955
2 741 603
2 779 923
2 441 694
2 14 158
2 868 163
2 854 386
2 140 543
2 31 349
2 590 243
2 186 609
2 872 536
2 187 864
2 886 11
2 265 58
2 995 42
2 969 473
2 126 751
2 338 375
2 647 283
2 983 869
2 362 514
2 844 224
2 664 519
2 570 773
2 793 180
2 255 809
2 570 449
2 507 184
2 33 335
2 494 581
2 506 512
2 457 305
2 642 545
2 782 562
2 762 436
2 196 964
2 64 297
2 376 268
2 851 784
2 122 412
2 393 793
2 408 545
2 975 925
2 983 700
2 136 181
2 23 382
2 150 710
2 6 215
2 394 696
2 995 775
2 368 772
2 706 40
2 19 25
2 734 714
2 485 710
2 328 16
2 153 77
2 558 134
2 28 243
2 725 91
2 629 615
2 566 514
2 730 295
2 558 527
2 47 365
2 18 962
2 434 767
2 194 344
2 573 994
2 647 845
2 686 250
2 566 267
2 846 889
2 818 968
2 586 574
2 919 925
2 827 719
2 577 714
2 692 404
2 566 305
2 555 576
2 323 540
2 552 176
2 404 784
2 664 445
2 575 712
2 130 147
2 506 958
2 560 142
2 229 203
2 976 253
2 322 472
2 827 831
2 766 394
2 666 601
2 724 92
2 739 194
2 852 97
2 749 466
2 422 980
2 93 267
2 888 147
2 756 130
2 752 982
2 315 118
2 461 459
2 481 818
2 288 34
2 383 12
2 258 368
2 297 457
2 303 891
2 579 277
2 53 230
2 775 169
2 50 95
2 126 704
2 572 805
2 169 531
2 15 630
2 150 286
2 99 975
2 334 795
2 463 145
2 216 733
2 506 914
2 146 104
2 802 72
2 103 548
2 611 548
2 404 526
2 101 406
2 433 232
2 890 720
2 711 782
2 454 352
2 589 113
2 70 961
2 677 724
2 230 427
2 376 479
2 634 676
2 239 673
2 188 441
2 674 832
2 921 82
2 150 491
2 475 601
2 364 602
2 451 875
2 63 815
2 995 299
2 660 78
2 596 107
2 518 476
2 327 158
2 871 116
2 244 508
2 153 526
2 481 382
2 50 17
2 146 975
2 86 567
2 627 885
2 593 627
2 416 649
2 109 949
2 130 403
2 211 142
2 868 457
2 422 912
2 669 600
2 744 910
2 22 564
2 779 78
2 864 228
2 332 507
2 716 725
2 791 288
2 361 760
2 876 363
2 859 555
2 506 11
2 523 208
2 790 707
2 696 859
2 168 246
2 681 32
2 517 680
2 42 421
2 892 43
2 18 31
2 523 571
2 421 805
2 91 817
2 899 405
2 233 904
2 924 568
2 285 496
2 221 986
2 818 405
2 999 112
2 814 177
2 409 842
2 659 533
2 803 660
2 408 516
2 380 58
2 844 212
2 235 411
2 692 929
2 839 649
2 133 48
2 313 316
2 864 239
2 9 43
2 923 509
2 130 419
2 55 624
2 436 268
2 319 341
2 907 257
2 206 704
2 139 969
2 634 322
2 401 720
2 976 985
2 486 693
2 742 710
2 939 826
2 9 240
2 399 564
2 583 169
2 341 132
2 244 850
2 861 96
2 44 298
2 563 469
2 195 581
2 206 299
2 894 242
2 776 144
2 126 812
2 636 937
2 79 781
2 733 664
2 322 717
2 835 497
2 743 809
2 383 488
2 825 845
2 604 527
2 1000 595
2 201 594
2 248 782
2 366 850
2 906 677
2 317 389
2 505 196
2 762 741
2 52 270
2 410 844
2 78 733
2 853 576
2 87 805
2 495 428
2 76 434
2 896 300
2 75 859
2 14 426
2 467 783
2 695 68
2 175 283
2 593 34
2 846 584
2 565 987
2 905 253
2 4 549
2 259 560
2 350 472
2 63 212
2 186 96
2 216 915
2 648 60
2 68 861
2 223 288
2 506 327
2 21 816
2 772 935
2 677 627
2 591 529
2 57 383
2 996 173
2 232 859
2 124 163
2 514 245
2 834 489
2 143 11
2 199 560
2 418 316
2 9 2
2 515 599
2 657 128
2 418 706
2 679 734
2 631 801
2 168 935
2 774 411
2 324 609
2 827 739
2 705 508
2 604 673
2 587 687
2 507 937
2 290 615
2 858 2
2 535 157
2 858 928
2 560 792
2 224 191
2 749 941
2 590 630
2 883 239
2 249 849
2 999 498
2 662 932
2 753 21
2 288 413
2 211 167
2 957 523
2 843 295
2 465 734
2 844 856
2 456 72
2 715 493
2 250 427
2 4 796
2 679 711
2 303 786
2 486 200
2 925 412
2 898 522
2 226 192
2 499 522
2 396 441
2 765 405
2 978 454
2 811 505
2 481 686
2 615 42
2 611 512
2 149 942
2 120 804
2 91 936
2 854 320
2 775 849
2 690 558
2 593 55
2 789 916
2 1000 882
2 464 940
2 164 337
2 592 866
2 769 560
2 684 351
2 236 49
2 893 665
2 493 988
2 947 925
2 150 208
2 103 293
2 606 312
2 836 291
2 340 616
2 958 11
2 254 193
2 103 488
2 570 483
2 22 949
2 945 210
2 150 885
2 921 964
2 74 528
2 338 238
2 442 454
2 140 957
2 890 71
2 131 972
2 603 560
2 328 458
2 134 299
2 927 507
2 130 360
2 500 833
2 954 922
2 675 776
2 248 686
2 435 311
2 620 151
2 670 816
2 418 960
2 854 176
2 378 860
2 597 822
2 794 625
2 790 302
2 73 183
2 39 355
2 984 584
2 278 787
2 510 442
2 733 410
2 595 154
2 20 233
2 8 27
2 431 995
2 743 513
2 890 266
2 187 689
2 578 324
2 274 594
2 90 837
2 674 322
2 98 288
2 249 745
2 775 192
2 651 688
2 957 576
2 635 916
2 429 267
2 391 834
2 344 347
2 770 628
2 912 770
2 466 456
2 313 701
2 319 297
2 438 649
2 574 987
2 861 878
2 235 40
2 615 402
2 606 505
2 38 411
2 131 644
2 213 998
2 418 810
2 338 481
2 770 540
2 161 519
2 93 246
2 361 40
2 66 207
2 945 538
2 722 530
2 816 751
2 707 392
2 388 49
2 642 307
2 288 78
2 855 61
2 664 762
2 710 191
2 272 631
2 135 198
2 496 813
2 39 794
2 754 114
2 467 212
2 140 797
2 47 272
2 595 793
2 934 416
2 846 147
2 390 832
2 752 909
2 906 418
2 581 136
2 122 854
2 431 137
2 961 160
2 321 665
2 280 296
2 783 894
2 205 849
2 89 709
2 811 394
2 104 488
2 823 9
2 66 415
2 948 892
2 828 314
2 287 768
2 793 579
2 116 87
2 570 137
2 660 720
2 757 970
2 206 99
2 542 106
2 885 58
2 387 283
2 811 37
2 835 456
2 799 877
2 589 799
2 619 202
2 842 652
2 898 762
2 49 231
2 378 180
2 613 686
2 310 404
2 168 258
2 997 423
2 120 171
2 606 543
2 15 226
2 358 661
2 759 554
2 330 274
2 93 233
2 739 194
2 839 699
2 571 762
2 22 166
2 246 980
2 830 717
2 983 430
2 153 878
2 378 831
2 68 206
2 188 669
2 214 585
2 783 29
2 183 270
2 582 297
2 155 997
2 75 612
2 730 451
2 505 322
2 273 297
2 623 246
2 881 756
2 44 335
2 810 441
2 122 250
2 874 170
2 395 208
2 58 554
2 793 281
2 90 20
2 853 961
2 47 654
2 234 877
2 894 808
2 310 542
2 119 367
2 243 813
2 843 912
2 18 671
2 546 579
2 620 385
2 666 914
2 776 52
2 36 585
2 939 709
2 31 209
2 551 61
2 138 442
2 438 826
2 905 820
2 284 727
2 627 785
2 990 455
2 383 914
2 710 788
2 211 464
2 414 796
2 600 788
2 585 488
2 244 178
2 360 163
2 111 540
2 542 69
2 678 805
2 242 282
2 338 698
2 670 600
2 268 541
2 57 444
2 996 951
2 52 37
2 4 283
2 328 500
2 1000 692
2 921 464
2 425 57
2 540 897
2 846 52
2 126 893
2 799 58
2 548 932
2 237 135
2 716 496
2 586 360
2 574 459
2 445 191
2 47 879
2 379 769
2 961 717
2 549 615
2 884 361
2 908 957
2 605 583
2 918 522
2 823 608
2 445 897
2 514 870
2 407 700
2 214 796
2 823 656
2 524 395
2 535 125
2 229 630
2 224 599
2 47 860
2 858 79
2 481 649
2 85 980
2 134 782
2 87 771
2 315 468
2 307 509
2 199 187
2 19 845
2 933 411
2 68 740
2 967 66
2 3 428
2 461 645
2 604 819
2 653 957
2 830 797
2 850 717
2 545 46
2 615 801
2 976 661
2 948 147
2 529 100
2 379 688
2 759 733
2 47 429
2 756 801
2 254 230
2 448 15
2 863 852
2 408 411
2 30 11
2 306 264
2 275 612
2 269 916
2 634 560
2 670 423
2 797 954
2 638 739
2 793 411
2 213 274
2 827 853
2 864 653
2 175 910
2 108 416
2 989 109
2 284 736
2 122 34
2 569 888
2 551 710
2 424 225
2 410 203
2 369 24
2 742 168
2 684 825
2 436 888
2 463 741
2 573 358
2 67 584
2 724 11
2 908 227
2 790 792
2 391 415
2 32 903
2 869 29
2 927 226
2 894 657
2 854 725
2 785 840
2 201 496
2 348 70
2 967 452
2 156 824
2 912 988
2 34 620
2 374 988
2 324 514
2 341 905
2 262 785
2 45 60
2 168 766
2 167 170
2 592 487
2 350 290
2 465 857
2 681 489
2 431 692
2 586 690
2 407 62
2 906 15
2 45 31
2 582 755
2 257 173
2 879 688
2 551 864
2 538 62
2 248 882
2 365 336
2 296 615
2 358 50
2 843 925
2 313 362
2 485 226
2 329 640
2 307 675
2 729 761
2 789 372
2 335 428
2 36 798
2 262 259
2 637 565
2 9 158
2 315 459
2 307 998
2 375 925
2 664 132
2 800 318
2 319 565
2 776 771
2 956 203
2 874 850
2 817 72
2 329 550
2 748 293
2 406 994
2 991 497
2 14 127
2 750 40
2 50 746
2 744 82
2 436 652
2 499 850
2 192 944
2 524 790
2 148 61
2 276 543
2 624 539
2 726 298
2 828 768
2 397 224
2 352 877
2 393 191
2 174 243
2 947 736
2 544 737
2 163 562
2 124 75
2 314 878
2 89 130
2 462 866
2 877 551
2 748 608
2 429 236
2 686 416
2 702 308
2 153 979
2 374 881
2 255 320
2 636 886
2 446 201
2 36 515
2 511 873
2 729 683
2 160 61
2 170 188
2 446 647
2 193 80
2 420 204
2 336 554
2 187 151
2 878 677
2 153 300
2 402 377
2 451 132
2 383 182
2 343 336
2 843 432
2 794 914
2 266 308
2 647 401
2 261 309
2 608 937
2 662 106
2 895 717
2 578 327
2 962 201
2 799 705
2 607 228
2 353 809
2 600 412
2 648 923
2 466 502
2 141 514
2 583 563
2 678 317
2 730 600
2 266 286
2 799 503
2 51 323
2 556 384
2 444 571
2 574 838
2 71 335
2 281 382
2 749 37
2 505 274
2 986 143
2 635 728
2 413 793
2 766 924
2 695 72
2 739 455
2 484 819
2 957 961
2 764 849
2 848 295
2 909 660
2 416 778
2 693 225
2 425 166
2 660 228
2 107 915
2 104 42
2 752 981
2 825 42
2 701 732
2 409 820
2 839 224
2 587 98
2 974 889
2 576 221
2 715 914
2 124 376
2 285 267
2 592 327
2 107 671
2 958 373
2 215 152
2 440 221
2 909 290
2 438 556
2 31 781
2 478 436
2 334 708
2 285 787
2 684 544
2 483 391
2 566 347
2 556 160
2 854 271
2 837 838
2 63 188
2 73 763
2 918 470
2 544 441
2 686 838
2 85 232
2 441 758
2 81 468
2 917 694
2 386 915
2 319 632
2 453 979
2 873 825
2 958 714
2 936 980
2 884 634
2 702 741
2 831 362
2 974 487
2 971 309
2 337 203
2 708 652
2 795 100
2 958 986
2 49 789
2 596 544
2 299 856
2 325 818
2 164 818
2 592 346
2 603 163
2 986 181
2 374 142
2 22 209
2 843 107
2 859 27
2 830 448
2 477 832
2 991 144
2 382 809
2 699 679
2 40 295
2 396 753
2 323 901
2 599 46
2 922 464
2 465 481
2 238 536
2 761 350
2 743 110
2 911 648
2 901 16
2 391 206
2 50 257
2 769 807
2 882 256
2 82 525
2 825 993
2 511 147
2 16 503
2 487 35
2 908 180
2 273 200
2 590 108
2 442 965
2 823 734
2 315 594
2 860 735
2 716 529
2 439 525
2 20 380
2 895 969
2 265 519
2 45 789
2 915 897
2 484 223
2 862 127
2 551 737
2 754 69
2 871 648
2 989 494
2 561 760
2 213 436
2 167 32
2 130 777
2 421 283
2 627 579
2 549 401
2 120 706
2 810 610
2 776 732
2 901 798
2 702 630
2 251 825
2 977 928
2 843 154
2 996 646
2 425 430
2 95 100
2 148 711
2 263 625
2 698 856
2 787 733
2 449 433
2 846 394
2 902 826
2 980 190
2 835 593
2 741 132
2 244 277
2 632 197
2 643 773
2 996 508
2 700 543
2 583 150
2 660 75
2 228 925
2 413 227
2 97 115
2 635 506
2 907 244
2 466 375
2 569 753
2 255 216
2 806 595
2 140 18
2 52 644
2 436 579
2 169 297
2 498 976
2 169 434
2 514 143
2 446 724
2 774 442
2 876 27
2 48 207
2 740 937
2 672 14
2 246 306
2 205 389
2 497 616
2 413 832
2 977 74
2 800 721
2 329 37
2 858 131
2 256 661
2 371 281
2 155 752
2 898 788
2 823 783
2 380 387
2 269 272
2 467 290
2 871 914
2 246 540
2 348 161
2 778 620
2 476 272
2 558 379
2 473 395
2 539 805
2 907 346
2 785 127
2 222 531
2 973 961
2 131 173
2 524 493
2 151 751
2 460 727
2 262 308
2 948 692
2 589 19
2 331 758
2 986 499
2 334 461
2 475 194
2 251 833
2 627 410
2 320 68
2 365 897
2 338 693
2 780 516
2 141 653
2 516 486
2 626 78
2 487 498
2 881 657
2 691 123
2 947 620
2 504 826
2 892 932
2 250 32
2 433 240
2 824 292
2 118 496
2 343 486
2 141 833
2 965 493
2 612 427
2 252 223
2 375 299
2 843 652
2 887 620
2 453 888
2 270 266
2 164 358
2 137 594
2 25 946
2 681 258
2 497 520
2 260 73
2 501 97
2 837 878
2 138 458
2 148 106
2 206 3
2 135 805
2 130 152
2 663 573
2 588 206
2 97 599
2 452 12
2 70 3
2 352 488
2 980 816
2 570 138
2 886 360
2 578 725
2 695 41
2 440 316
2 14 141
2 636 951
2 653 853
2 878 491
2 42 585
2 779 128
2 1000 524
2 85 328
2 210 273
2 706 176
2 229 578
2 963 670
2 789 590
2 494 465
2 538 861
2 853 671
2 982 952
2 970 382
2 15 675
2 681 848
2 118 673
2 420 829
2 19 705
2 839 772
2 578 275
2 617 897
2 461 937
2 794 579
2 773 808
2 690 322
2 324 699
2 670 555
2 887 803
2 533 938
2 137 544
2 326 918
2 699 763
2 10 817
2 230 511
2 391 936
2 378 492
2 345 725
2 712 806
2 325 574
2 730 405
2 583 223
2 86 185
2 455 728
2 624 990
2 99 902
2 592 988
2 934 638
2 598 20
2 328 166
2 864 370
2 420 296
2 663 854
2 510 844
2 806 240
2 773 253
2 607 656
2 582 398
2 628 301
2 621 340
2 752 960
2 213 479
2 546 969
2 249 486
2 872 685
2 733 427
2 680 862
2 211 568
2 874 920
2 278 193
2 879 57
2 618 581
2 447 489
2 260 137
2 930 626
2 131 665
2 665 151
2 64 857
2 748 757
2 758 842
2 785 479
2 155 808
2 582 547
2 378 60
2 235 66
2 638 225
2 518 698
2 495 80
2 820 437
2 820 295
2 470 232
2 865 91
2 481 36
2 306 384
2 533 362
2 535 137
2 605 123
2 640 927
2 948 172
2 937 992
2 487 938
2 425 1000
2 214 746
2 849 41
2 618 191
2 140 439
2 471 81
2 371 37
2 68 964
2 131 144
2 385 212
2 447 923
2 250 993
2 984 16
2 401 509
2 329 37
2 871 763
2 139 525
2 359 700
2 563 103
2 418 352
2 647 127
2 403 253
2 24 857
2 485 949
2 752 386
2 789 67
2 248 568
2 76 644
2 463 100
2 633 98
2 747 822
2 627 791
2 456 163
2 206 585
2 72 517
2 945 14
2 437 293
2 703 127
2 228 297
2 665 714
2 55 21
2 462 901
2 586 894
2 374 827
2 206 203
2 841 652
2 991 127
2 164 792
2 780 224
2 811 975
2 267 571
2 75 857
2 279 395
2 737 280
2 459 552
2 628 143
2 767 662
2 242 923
2 847 539
2 122 317
2 505 24
2 561 222
2 333 553
2 203 560
2 213 820
2 743 757
2 251 591
2 667 270
2 856 305
2 407 574
2 966 356
2 774 911
2 872 41
2 35 274
2 697 328
2 367 708
2 393 459
2 679 474
2 153 270
2 761 694
2 302 751
2 344 227
2 856 866
2 345 983
2 893 673
2 643 693
2 591 309
2 777 567
2 8 717
2 596 918
2 179 359
2 642 870
2 309 980
2 587 68
2 279 52
2 837 841
2 72 795
2 566 929
2 303 26
2 97 46
2 935 848
2 991 456
2 150 832
2 324 494
2 545 470
2 872 971
2 403 132
2 348 657
2 953 768
2 9 577
2 635 490
2 440 549
2 232 673
2 785 576
2 187 544
2 318 736
2 806 11
2 854 518
2 658 410
2 334 480
2 688 170
2 307 841
2 52 890
2 973 172
2 164 404
2 76 820
2 285 443
2 587 428
2 117 847
2 724 807
2 256 444
2 872 640
2 319 667
2 968 634
2 547 709
2 524 658
2 715 439
2 324 84
2 579 828
2 422 439
2 544 286
2 617 716
2 429 430
2 378 959
2 304 912
2 139 864
2 666 584
2 996 220
2 51 99
2 242 813
2 285 214
2 174 565
2 578 640
2 451 355
2 487 404
2 735 402
2 107 37
2 804 686
2 410 243
2 963 777
2 439 66
2 107 944
2 1000 288
2 332 667
2 674 295
2 835 469
2 217 878
2 260 613
2 272 652
2 236 410
2 327 355
2 285 428
2 851 609
2 331 242
2 169 813
2 454 638
2 480 859
2 451 478
2 1000 853
2 556 105
2 773 67
2 702 305
2 743 742
2 685 98
2 737 964
2 481 110
2 388 697
2 699 27
2 419 88
2 225 464
2 711 525
2 133 880
2 239 619
2 148 134
2 550 983
2 258 191
2 972 828
2 369 448
2 236 519
2 641 984
2 375 121
2 543 376
2 856 178
2 906 298
2 520 920
2 823 127
2 204 202
2 45 679
2 75 516
2 750 816
2 776 261
2 777 233
2 310 122
2 868 496
2 151 708
2 473 686
2 663 499
2 77 953
2 526 463
2 953 18
2 941 389
2 74 817
2 248 109
2 734 805
2 216 975
2 715 740
2 118 649
2 923 737
2 966 576
2 984 146
2 789 979
2 388 624
2 69 227
2 885 88
2 994 798
2 867 330
2 72 102
2 64 78
2 844 707
2 319 56
2 909 86
2 633 330
2 504 356
2 425 505
2 881 100
2 483 272
2 734 123
2 678 283
2 957 554
2 446 929
2 635 894
2 228 380
2 112 763
2 409 195
2 249 640
2 753 771
2 508 194
2 879 675
2 531 132
2 189 335
2 266 671
2 665 787
2 57 131
2 160 771
2 480 567
2 991 576
2 660 94
2 798 842
2 908 490
2 917 115
2 98 517
2 149 970
2 978 197
2 597 181
2 124 50
2 452 824
2 457 79
2 47 967
2 40 759
2 471 460
2 699 362
2 41 878
2 95 504
2 44 987
2 984 904
2 593 76
2 799 812
2 731 506
2 177 610
2 651 309
2 993 89
2 642 146
2 393 628
2 916 791
2 369 436
2 319 225
2 481 453
2 963 980
2 163 385
2 72 654
2 461 786
2 314 373
2 480 205
2 640 548
2 271 854
2 275 69
2 38 809
2 617 98
2 964 634
2 162 497
2 251 167
2 533 500
2 14 93
2 750 432
2 636 787
2 403 615
2 540 531
2 272 387
2 374 115
2 269 837
2 533 967
2 358 717
2 343 486
2 639 945
2 68 490
2 839 631
2 895 804
2 858 532
2 453 448
2 495 257
2 391 792
2 264 833
2 954 414
2 544 334
2 765 21
2 107 788
2 82 146
2 303 937
2 695 759
2 592 522
2 637 312
2 144 398
2 443 668
2 934 154
2 67 449
2 737 109
2 818 537
2 647 676
2 290 224
2 622 567
2 260 558
2 942 948
2 242 980
2 570 944
2 583 945
2 912 868
2 674 405
2 534 687
2 513 743
2 344 952
2 739 952
2 769 883
2 262 414
2 429 124
2 653 211
2 566 935
2 670 140
2 221 842
2 212 106
2 921 112
2 732 829
2 646 326
2 229 998
2 304 81
2 214 320
2 154 474
2 248 583
2 726 711
2 71 349
2 3 42
2 49 784
2 883 427
2 538 791
2 808 961
2 89 701
2 49 488
2 453 45
2 920 33
2 593 972
2 113 574
2 493 93
2 86 110
2 454 86
2 861 970
2 579 352
2 140 460
2 249 170
2 989 768
2 359 103
2 586 102
2 113 522
2 810 945
2 230 34
2 118 97
2 961 34
2 228 19
2 230 472
2 419 493
2 379 67
2 569 541
2 804 945
2 582 848
2 947 850
2 186 351
2 365 852
2 465 792
2 982 157
2 765 932
2 333 971
2 677 127
2 574 239
2 376 268
2 950 336
2 186 296
2 550 879
2 744 517
2 907 153
2 572 964
2 958 727
2 140 686
2 476 762
2 466 412
2 272 488
2 787 61
2 433 491
2 663 906
2 186 832
2 502 968
2 323 65
2 800 119
2 139 938
2 725 698
2 676 832
2 148 273
2 776 232
2 358 83
2 223 952
2 428 987
2 665 716
2 623 774
2 658 573
2 74 295
2 844 625
2 58 309
2 65 478
2 577 540
2 312 200
2 266 590
2 338 320
2 451 74
2 746 540
2 484 79
2 740 760
2 493 767
2 97 941
2 991 868
2 377 998
2 543 489
2 546 726
2 680 32
2 666 669
2 481 590
2 463 411
2 342 831
2 517 861
2 663 165
2 885 194
2 55 190
2 740 65
2 552 484
2 551 723
2 163 584
2 219 656
2 98 666
2 151 576
2 425 247
2 141 272
2 482 734
2 824 656
2 921 232
2 404 441
2 15 782
2 169 290
2 358 508
2 483 104
2 754 903
2 834 838
2 650 286
2 966 477
2 773 982
2 500 984
2 930 46
2 881 299
2 418 300
2 745 50
2 849 238
2 748 277
2 429 319
2 109 728
2 898 6
2 677 630
2 521 209
2 785 294
2 908 653
2 715 27
2 363 384
2 241 769
2 161 12
2 19 57
2 403 848
2 814 459
2 233 726
2 444 653
2 806 361
2 64 149
2 437 753
2 342 562
2 884 967
2 622 743
2 39 131
2 328 630
2 620 603
2 344 619
2 483 15
2 274 193
2 755 613
2 878 781
2 768 998
2 575 936
2 754 456
2 258 496
2 817 342
2 515 955
2 409 772
2 712 375
2 494 699
2 451 550
2 986 332
2 699 511
2 582 84
2 99 950
2 19 757
2 745 501
2 715 191
2 850 581
2 749 784
2 908 645
2 806 758
2 496 852
2 900 911
2 90 33
2 143 201
2 403 744
2 723 571
2 331 299
2 531 837
2 583 930
2 462 161
2 599 528
2 970 363
2 910 421
2 635 131
2 484 441
2 852 197
2 256 601
2 768 637
2 222 1
2 792 26
2 672 708
2 55 161
2 247 771
2 973 142
2 775 185
2 813 257
2 494 842
2 786 824
2 192 477
2 627 295
2 19 142
2 690 447
2 769 960
2 91 106
2 344 194
2 187 127
2 967 688
2 618 838
2 694 492
2 262 506
2 779 615
2 52 614
2 7 106
2 525 657
2 126 628
2 874 927
2 545 833
2 270 312
2 586 304
2 921 846
2 444 780
2 919 848
2 739 147
2 446 18
2 653 72
2 502 884
2 70 49
2 8 628
2 304 191
2 793 598
2 623 972
2 189 709
2 417 371
2 919 402
2 163 10
2 330 495
2 199 816
2 641 759
2 929 104
2 99 871
2 273 553
2 810 600
2 283 282
2 584 807
2 919 979
2 587 286
2 564 965
2 146 384
2 673 722
2 277 151
2 675 850
2 730 170
2 424 72
2 583 770
2 902 514
2 947 819
2 795 539
2 613 869
2 920 346
2 13 656
2 274 102
2 566 560
2 343 679
2 617 326
2 876 999
2 643 880
2 161 24
2 934 651
2 991 332
2 922 8
2 855 937
2 419 845
2 344 515
2 498 242
2 353 882
2 818 64
2 814 711
2 106 740
2 451 518
2 143 419
2 101 721
2 502 634
2 297 74
2 73 224
2 591 801
2 866 896
2 753 458
2 637 201
2 810 866
2 232 14
2 561 241
2 784 283
2 93 741
2 947 707
2 27 477
2 582 14
2 136 165
2 868 833
2 116 375
2 587 499
2 551 52
2 186 961
2 643 573
2 854 476
2 829 426
2 541 506
2 635 668
2 665 825
2 258 709
2 617 152
2 906 563
2 617 608
2 237 18
2 971 268
2 236 758
2 313 555
2 303 372
2 547 207
2 930 638
2 363 628
2 67 804
2 484 317
2 380 437
2 118 235
2 293 295
2 843 463
2 556 710
2 541 568
2 8 215
2 50 961
2 101 72
2 990 922
2 867 500
2 672 107
2 13 560
2 15 241
2 366 86
2 476 153
2 521 664
2 56 717
2 159 243
2 930 305
2 825 632
2 701 231
2 716 216
2 588 787
2 810 828
2 756 875
2 767 983
2 523 94
2 693 738
2 975 107
2 955 159
2 793 924
2 872 999
2 66 199
2 308 423
2 391 840
2 391 656
2 694 994
2 303 28
2 618 709
2 70 591
2 382 965
2 189 842
2 617 715
2 484 373
2 671 179
2 8 720
2 223 683
2 176 914
2 692 64
2 379 107
2 789 670
2 303 997
2 116 372
2 425 18
2 187 489
2 789 428
2 463 173
2 6 982
2 329 344
2 918 527
2 19 33
2 537 828
2 641 489
2 898 498
2 638 207
2 651 474
2 879 283
2 143 988
2 589 972
2 591 347
2 895 135
2 834 372
2 651 979
2 72 576
2 725 272
2 872 235
2 407 680
2 868 199
2 547 916
2 707 528
2 711 885
2 679 164
2 830 234
2 380 651
2 148 161
2 661 603
2 506 746
2 113 2
2 107 339
2 583 717
2 223 515
2 783 647
2 510 1
2 917 470
2 756 758
2 549 171
2 689 652
2 290 645
2 710 166
2 822 645
2 620 728
2 851 455
2 958 11
2 285 45
2 465 719
2 930 193
2 62 621
2 627 157
2 556 412
2 648 96
2 257 733
2 197 268
2 273 286
2 931 584
2 732 557
2 386 24
2 164 568
2 875 543
2 897 471
2 566 183
2 399 503
2 387 94
2 929 930
2 934 75
2 77 96
2 623 603
2 653 166
2 963 276
2 712 371
2 51 986
2 153 397
2 161 753
2 825 133
2 1000 701
2 612 763
2 131 812
2 724 742
2 713 871
2 39 669
2 425 233
2 653 435
2 778 41
2 33 369
2 779 646
2 85 471
2 819 117
2 678 352
2 765 107
2 75 826
2 218 666
2 577 193
2 956 665
2 789 971
2 45 79
2 345 693
2 745 395
2 249 862
2 247 415
2 121 119
2 940 129
2 160 500
2 72 959
2 532 17
2 259 238
2 967 358
2 660 662
2 36 366
2 348 317
2 113 867
2 873 866
2 102 107
2 59 104
2 909 180
2 393 494
2 138 954
2 369 766
2 121 104
2 981 261
2 724 196
2 745 40
2 586 180
2 504 81
2 425 819
2 49 490
2 904 118
2 362 960
2 453 52
2 318 330
2 1000 954
2 973 63
2 1000 55
2 588 298
2 725 602
2 990 143
2 280 83
2 977 783
2 694 395
2 592 181
2 56 5
2 869 557
2 451 1
2 688 301
2 558 506
2 31 790
2 796 690
2 72 781
2 907 354
2 417 194
2 684 26
2 765 789
2 53 243
2 32 920
2 502 137
2 48 28
2 712 924
2 977 929
2 355 60
2 224 886
2 393 442
2 820 698
2 345 496
2 526 740
2 129 590
2 873 208
2 297 240
2 786 960
2 239 650
2 821 169
2 702 857
2 607 292
2 682 669
2 482 820
2 311 372
2 759 674
2 867 813
2 572 790
2 569 942
2 654 132
2 537 562
2 498 157
2 495 71
2 379 714
2 776 1
2 753 868
2 752 963
2 887 762
2 863 977
2 273 131
2 711 128
2 863 64
2 757 781
2 105 257
2 903 952
2 206 431
2 512 994
2 490 809
2 783 522
2 754 68
2 785 330
2 915 201
2 971 151
2 590 299
2 461 160
2 391 760
2 476 954
2 747 612
2 155 931
2 133 353
2 589 697
2 141 143
2 821 1
2 687 673
2 813 105
2 297 142
2 229 405
2 159 100
2 425 805
2 916 777
2 371 434
2 274 93
2 709 618
2 431 97
2 876 553
2 221 392
2 294 162
2 463 381
2 25 744
2 457 34
2 404 502
2 971 413
2 388 703
2 325 494
2 635 397
2 101 146
2 304 998
2 422 762
2 57 505
2 451 345
2 844 326
2 324 18
2 126 171
2 873 36
2 424 479
2 422 512
2 481 280
2 663 112
2 314 952
2 189 441
2 894 782
2 387 676
2 155 608
2 935 897
2 395 746
2 135 751
2 795 580
2 288 875
2 206 522
2 364 608
2 418 572
2 716 40
2 254 915
2 462 451
2 396 670
2 289 244
2 563 719
2 653 536
2 616 882
2 387 384
2 852 90
2 208 937
2 179 959
2 228 791
2 655 32
2 104 422
2 592 803
2 291 381
2 449 447
2 409 137
2 407 803
2 208 488
2 890 351
2 578 191
2 276 123
2 961 520
2 202 891
2 365 519
2 884 194
2 116 771
2 469 117
2 293 87
2 39 509
2 3 507
2 978 576
2 764 929
2 475 837
2 232 506
2 25 549
2 405 932
2 682 836
2 550 308
2 588 538
2 917 489
2 369 949
2 4 931
2 361 953
2 104 811
2 816 920
2 996 346
2 443 472
2 36 382
2 972 640
2 609 112
2 653 648
2 923 925
2 407 373
2 673 384
2 573 20
2 883 261
2 759 423
2 73 729
2 403 716
2 68 296
2 491 43
2 399 290
2 906 161
2 1000 968
2 90 139
2 425 724
2 516 36
2 906 335
2 730 291
2 57 883
2 297 116
2 920 614
2 755 400
2 919 297
2 547 21
2 477 820
2 542 743
2 960 591
2 874 689
2 275 120
2 835 796
2 164 769
2 868 326
2 873 222
2 891 525
2 655 767
2 31 674
2 712 547
2 908 146
2 381 796
2 740 910
2 669 801
2 452 472
2 297 883
2 879 252
2 858 299
2 22 263
2 628 747
2 494 382
2 676 785
2 72 205
2 124 1
2 458 854
2 853 951
2 458 244
2 412 292
2 559 707
2 217 166
2 365 599
2 921 136
2 940 838
2 126 367
2 563 499
2 845 757
2 122 915
2 546 392
2 113 135
2 300 525
2 137 959
2 974 875
2 279 556
2 99 158
2 778 923
2 604 173
2 435 985
2 536 630
2 139 138
2 754 715
2 649 242
2 907 547
2 986 192
2 765 894
2 271 594
2 723 801
2 650 222
2 70 808
2 592 170
2 396 937
2 525 110
2 206 954
2 99 959
2 565 916
2 134 615
2 553 11
2 776 381
2 681 443
2 388 317
2 403 364
2 332 500
2 989 732
2 493 107
2 815 375
2 76 353
2 210 942
2 153 737
2 269 80
2 378 304
2 416 829
2 908 121
2 907 310
2 894 763
2 650 342
2 323 992
2 945 708
2 541 14
2 273 913
2 690 514
2 862 543
2 248 296
2 424 19
2 403 46
2 554 777
2 898 634
2 154 107
2 564 486
2 82 534
2 260 554
2 496 509
2 611 971
2 218 939
2 155 972
2 6 536
2 226 237
2 633 781
2 282 306
2 149 727
2 285 629
2 20 701
2 813 138
2 948 178
2 778 244
2 186 394
2 715 590
2 873 691
2 737 255
2 269 228
2 687 463
2 27 426
2 940 405
2 222 656
2 70 18
2 415 30
2 210 795
2 929 53
2 747 832
2 991 34
2 35 972
2 414 652
2 999 215
2 547 875
2 152 176
2 287 27
2 533 987
2 871 215
2 371 629
2 643 827
2 75 184
2 990 557
2 741 383
2 159 338
2 596 923
2 961 371
2 607 840
2 35 798
2 79 193
2 51 354
2 954 43
2 256 860
2 727 508
2 354 287
2 187 100
2 101 953
2 643 143
2 464 217
2 473 944
2 606 166
2 373 767
2 872 592
2 933 508
2 778 496
2 629 539
2 443 250
2 700 426
2 942 656
2 949 376
2 128 881
2 181 554
2 812 1
2 806 31
2 239 530
2 177 725
2 779 512
2 876 162
2 954 298
2 736 801
2 528 878
2 357 260
2 947 322
2 12 221
2 998 649
2 498 16
2 365 303
2 684 343
2 854 841
2 273 696
2 272 11
2 131 936
2 541 431
2 789 773
2 566 962
2 865 549
2 607 911
2 759 158
2 210 543
2 741 951
2 196 584
2 417 961
2 55 384
2 611 742
2 905 291
2 35 793
2 996 692
2 150 692
2 560 296
2 905 622
2 434 999
2 47 455
2 582 809
2 235 700
2 575 617
2 177 978
2 227 322
2 53 213
2 560 822
2 70 773
2 495 479
2 240 434
2 400 66
2 93 944
2 770 758
2 449 71
2 8 250
2 748 376
2 337 410
2 990 597
2 617 74
2 864 238
2 976 327
2 249 113
2 5 188
2 310 686
2 532 427
2 378 416
2 502 188
2 362 855
2 321 719
2 387 322
2 801 423
2 151 784
2 203 557
2 469 704
2 934 380
2 950 385
2 690 507
2 570 160
2 256 310
2 582 788
2 168 922
2 713 80
2 679 351
2 685 689
2 414 986
2 974 300
2 413 51
2 843 66
2 764 209
2 908 293
2 873 670
2 542 511
2 679 291
2 617 154
2 934 618
2 63 981
2 998 827
2 338 472
2 355 841
2 73 812
2 706 792
2 269 395
2 425 142
2 218 203
2 452 472
2 93 406
2 275 62
2 703 665
2 19 540
2 919 108
2 3 517
2 383 7
2 751 992
2 876 110
2 871 478
2 905 804
2 704 270
2 596 759
2 521 171
2 385 705
2 264 283
2 321 641
2 183 554
2 98 602
2 742 639
2 497 724
2 469 277
2 209 23
2 210 355
2 143 49
2 113 375
2 355 880
2 411 711
2 213 559
2 397 61
2 407 144
2 591 775
2 639 864
2 161 591
2 226 351
2 438 951
2 596 563
2 219 295
2 254 274
2 10 917
2 314 174
2 900 183
2 994 401
2 262 755
2 374 193
2 629 671
2 41 367
2 598 135
2 575 570
2 974 821
2 131 669
2 690 128
2 473 507
2 715 28
2 279 704
2 884 7
2 35 452
2 719 944
2 558 281
2 303 1000
2 677 540
2 727 88
2 995 61
2 864 944
2 221 244
2 918 145
2 374 819
2 278 226
2 853 185
2 969 927
2 713 699
2 56 130
2 668 943
2 793 351
2 850 238
2 273 76
2 563 478
2 213 859
2 647 102
2 424 916
2 260 370
2 269 76
2 541 738
2 566 158
2 37 820
2 360 338
2 843 470
2 928 326
2 537 542
2 403 82
2 169 719
2 984 659
2 35 859
2 454 678
2 956 208
2 375 683
2 907 189
2 830 314
2 249 350
2 365 259
2 860 202
2 104 980
2 249 652
2 13 720
2 840 167
2 513 91
2 46 40
2 333 823
2 255 882
2 885 97
2 457 448
2 934 129
2 285 912
2 593 503
2 562 135
2 755 632
2 94 504
2 89 720
2 428 192
2 64 952
2 706 848
2 765 265
2 267 143
2 346 844
2 779 901
2 114 847
2 487 213
2 582 166
2 294 436
2 738 60
2 172 375
2 973 120
2 177 815
2 886 531
2 489 449
2 479 353
2 775 84
2 620 511
2 605 870
2 924 724
2 743 937
2 474 949
2 4 238
2 285 573
2 843 493
2 175 592
2 756 290
2 251 734
2 930 137
2 57 352
2 839 685
2 175 645
2 342 813
2 524 245
2 189 93
2 789 507
2 962 149
2 481 465
2 375 792
2 126 583
2 974 742
2 451 364
2 622 145
2 729 591
2 204 270
2 465 147
2 552 6
2 901 594
2 26 361
2 260 888
2 973 323
2 702 714
2 141 3
2 208 288
2 172 953
2 393 822
2 918 601
2 249 196
2 51 946
2 405 496
2 196 32
2 807 599
2 593 77
2 947 964
2 919 928
2 451 794
2 842 182
2 214 645
2 742 649
2 265 602
2 420 33
2 604 506
2 839 735
2 607 877
2 629 272
2 246 997
2 803 509
2 570 800
2 620 669
2 742 972
2 380 880
2 977 959
2 105 472
2 248 739
2 398 100
2 474 170
2 290 913
2 289 703
2 775 831
2 959 943
2 391 397
2 364 935
2 628 988
2 263 696
2 513 118
2 542 805
2 817 80
2 104 965
2 636 64
2 395 792
2 625 224
2 484 117
2 658 644
2 114 873
2 800 302
2 451 163
2 388 261
2 935 592
2 962 889
2 664 925
2 130 852
2 113 921
2 223 286
2 333 996
2 747 498
2 9 679
2 535 29
2 653 609
2 821 417
2 519 961
2 831 335
2 521 530
2 681 238
2 900 125
2 634 836
2 285 961
2 58 380
2 705 698
2 967 432
2 659 530
2 921 167
2 357 169
2 264 253
2 917 576
2 341 719
2 354 841
2 498 434
2 934 267
2 126 90
2 920 293
2 57 326
2 653 245
2 333 96
2 404 480
2 429 512
2 620 205
2 916 381
2 130 128
2 72 193
2 401 826
2 695 367
2 557 79
2 248 410
2 374 543
2 575 693
2 650 585
2 847 115
2 358 756
2 974 418
2 210 604
2 773 520
2 769 727
2 947 489
2 12 477
2 675 423
2 561 287
2 895 195
2 336 274
2 868 434
2 644 411
2 557 857
2 809 253
2 248 60
2 77 360
2 323 535
2 457 259
2 131 984
2 485 975
2 908 375
2 562 178
2 217 188
2 68 107
2 9 328
2 675 580
2 586 25
2 329 641
2 98 29
2 817 3
2 996 882
2 118 960
2 277 509
2 5 195
2 485 362
2 650 815
2 554 848
2 513 552
2 429 955
2 70 441
2 520 161
2 248 727
2 357 969
2 101 845
2 627 963
2 161 552
2 492 296
2 918 844
2 778 373
2 422 211
2 414 231
2 453 362
2 575 140
2 343 341
2 410 612
2 898 736
2 153 834
2 774 503
2 182 133
2 392 558
2 591 679
2 252 37
2 690 7
2 22 851
2 278 35
2 386 274
2 161 656
2 835 457
2 894 466
2 990 980
2 606 742
2 168 960
2 59 411
2 649 738
2 705 153
2 125 77
2 56 170
2 355 252
2 104 948
2 812 828
2 892 423
2 831 591
2 329 145
2 589 773
2 541 28
2 947 464
2 485 451
2 804 1
2 735 5
2 881 142
2 745 704
2 247 725
2 824 436
2 217 293
2 578 671
2 423 509
2 399 300
2 217 79
2 983 259
2 113 134
2 906 800
2 380 368
2 457 220
2 831 53
2 846 278
2 307 745
2 210 590
2 631 149
2 160 227
2 684 658
2 465 773
2 706 13
2 603 381
2 502 935
2 898 278
2 320 857
2 446 86
2 607 668
2 940 760
2 950 455
2 95 786
2 650 904
2 854 233
2 908 658
2 62 506
2 292 69
2 787 813
2 325 305
2 325 685
2 679 430
2 820 757
2 568 576
2 237 41
2 352 520
2 230 229
2 926 207
2 443 57
2 280 86
2 861 500
2 398 802
2 879 479
2 422 376
2 769 900
2 779 922
2 591 878
2 751 165
2 70 217
2 473 242
2 272 669
2 759 264
2 803 224
2 116 915
2 627 495
2 702 834
2 989 755
2 614 311
2 854 178
2 84 214
2 837 472
2 546 233
2 50 226
2 800 765
2 859 142
2 794 244
2 67 581
2 457 93
2 875 792
2 918 720
2 843 152
2 174 11
2 316 373
2 599 84
2 343 711
2 535 469
2 122 630
2 598 196
2 126 733
2 463 453
2 101 996
2 918 29
2 408 508
2 747 26
2 745 910
2 917 455
2 548 328
2 643 503
2 114 26
2 388 588
2 465 321
2 189 521
2 603 114
2 908 797
2 159 555
2 550 949
2 655 600
2 419 971
2 438 158
2 99 520
2 90 772
2 395 5
2 777 857
2 391 798
2 956 128
2 141 550
2 338 352
2 526 697
2 414 645
2 667 912
2 393 404
2 213 220
2 686 417
2 239 943
2 65 317
2 898 130
2 939 771
2 302 419
2 136 30
2 641 460
2 65 469
2 337 190
2 340 235
2 939 201
2 218 778
2 244 689
2 493 121
2 742 191
2 355 184
2 226 784
2 249 847
2 507 763
2 199 492
2 388 136
2 712 196
2 148 900
2 436 199
2 124 952
2 899 626
2 378 17
2 415 495
2 755 516
2 607 259
2 732 914
2 990 226
2 139 416
2 823 308
2 131 790
2 122 856
2 861 66
2 688 84
2 101 520
2 62 8
2 148 963
2 712 300
2 595 494
2 821 914
2 895 648
2 987 620
2 447 11
2 830 134
2 219 954
2 175 504
2 963 204
2 665 571
2 242 649
2 422 957
2 821 723
2 333 728
2 465 936
2 462 130
2 874 123
2 998 649
2 89 23
2 101 241
2 533 34
2 621 384
2 357 694
2 806 225
2 723 195
2 338 946
2 605 667
2 50 551
2 70 993
2 935 299
2 401 943
2 639 551
2 449 771
2 956 849
2 555 796
2 239 7
2 10 654
2 702 421
2 442 212
2 409 751
2 289 822
2 521 648
2 358 787
2 912 420
2 267 500
2 779 286
2 839 193
2 712 890
2 609 261
2 801 381
2 374 97
2 706 592
2 624 453
2 367 686
2 355 697
2 886 108
2 398 13
2 24 880
2 844 490
2 407 771
2 403 475
2 431 841
2 765 703
2 483 888
2 600 509
2 402 34
2 878 714
2 756 993
2 496 295
2 921 987
2 703 763
2 262 312
2 972 30
2 473 134
2 340 308
2 947 679
2 659 749
2 90 615
2 367 48
2 637 920
2 418 294
2 323 84
2 777 519
2 433 369
2 935 922
2 523 682
2 819 290
2 157 809
2 253 185
2 417 438
2 884 657
2 589 979
2 787 516
2 770 188
2 343 436
2 153 637
2 485 656
2 469 48
2 241 370
2 653 897
2 27 119
2 828 785
2 710 68
2 480 18
2 705 620
2 440 274
2 177 637
2 610 33
2 900 934
2 95 563
2 663 556
2 743 781
2 755 766
2 619 88
2 422 777
2 651 692
2 597 346
2 20 540
2 723 749
2 302 416
2 411 386
2 306 13
2 232 197
2 593 649
2 279 349
2 835 236
2 348 187
2 961 644
2 194 952
2 884 675
2 785 983
2 586 290
2 908 595
2 647 631
2 272 170
2 325 829
2 355 96
2 650 574
2 94 801
2 39 37
2 964 601
2 810 318
2 27 988
2 934 468
2 640 475
2 455 527
2 570 37
2 435 500
2 607 452
2 101 205
2 663 472
2 55 739
2 693 758
2 886 825
2 734 944
2 396 176
2 643 574
2 605 696
2 966 363
2 113 735
2 364 909
2 612 727
2 236 205
2 908 459
2 657 652
2 2 943
2 39 574
2 175 36
2 897 778
2 766 937
2 152 428
2 555 66
2 139 851
2 222 368
2 455 29
2 343 744
2 872 980
2 506 281
2 742 128
2 291 222
2 738 983
2 647 140
2 237 312
2 887 554
2 249 750
2 418 689
2 636 625
2 285 239
2 72 381
2 870 511
2 653 292
2 149 286
2 977 87
2 814 975
2 504 841
2 354 36
2 895 832
2 606 23
2 155 297
2 382 356
2 233 686
2 476 347
2 350 870
2 451 205
2 116 522
2 941 480
2 402 732
2 180 372
2 823 147
2 996 193
2 840 749
2 905 638
2 414 763
2 249 255
2 95 351
2 104 884
2 303 513
2 165 312
2 413 690
2 204 968
2 680 138
2 318 790
2 109 741
2 597 891
2 736 253
2 652 690
2 276 880
2 588 731
2 577 344
2 997 509
2 497 641
2 135 145
2 32 317
2 908 349
2 550 441
2 444 791
2 921 533
2 60 34
2 729 271
2 633 232
2 670 257
2 370 459
2 821 607
2 247 266
2 360 932
2 65 339
2 697 492
2 501 838
2 299 859
2 363 387
2 307 952
2 773 644
2 839 666
2 331 769
2 371 50
2 685 860
2 217 460
2 351 848
2 884 170
2 366 437
2 10 207
2 890 809
2 664 602
2 169 545
2 940 296
2 814 7
2 995 714
2 239 581
2 757 807
2 175 266
2 879 468
2 752 342
2 661 703
2 607 537
2 693 207
2 62 903
2 79 335
2 8 726
2 954 615
2 19 36
2 587 492
2 948 708
2 574 214
2 563 359
2 467 240
2 966 436
2 98 421
2 721 404
2 583 856
2 470 760
2 921 40
2 485 345
2 860 232
2 803 384
2 624 754
2 407 757
2 694 902
2 338 769
2 853 17
2 323 650
2 673 32
2 759 550
2 424 79
2 877 277
2 135 797
2 569 686
2 57 747
2 620 849
2 162 952
2 150 980
2 631 100
2 853 109
2 977 611
2 248 520
2 794 385
2 428 406
2 473 707
2 814 714
2 345 42
2 307 472
2 964 531
2 157 883
2 150 2
2 40 910
2 419 619
2 972 343
2 414 527
2 310 768
2 774 984
2 658 278
2 613 327
2 180 456
2 309 377
2 749 81
2 591 49
2 984 925
2 116 734
2 47 447
2 400 714
2 202 822
2 336 787
2 681 794
2 421 844
2 518 619
2 978 176
2 800 285
2 643 834
2 191 784
2 113 875
2 989 920
2 34 100
2 806 834
2 596 269
2 637 144
2 41 949
2 152 250
2 272 50
2 927 363
2 721 868
2 950 422
2 185 60
2 611 212
2 66 86
2 369 972
2 450 571
2 843 791
2 45 721
2 906 301
2 988 309
2 887 847
2 28 191
2 18 671
2 221 959
2 883 757
2 566 442
2 121 478
2 678 199
2 843 858
2 983 71
2 928 182
2 815 351
2 972 889
2 951 598
2 163 304
2 288 27
2 553 746
2 160 442
2 868 245
2 617 859
2 143 668
2 333 478
2 268 987
2 816 603
2 31 691
2 446 297
2 8 667
2 895 769
2 234 687
2 825 952
2 548 50
2 730 943
2 633 97
2 447 997
2 839 130
2 963 398
2 678 832
2 660 483
2 398 243
2 413 411
2 451 427
2 428 962
2 634 217
2 369 897
2 164 670
2 901 854
2 163 112
2 794 253
2 95 427
2 946 698
2 350 858
2 776 616
2 28 355
2 291 444
2 447 75
2 278 829
2 181 826
2 13 914
2 341 434
2 550 458
2 422 888
2 263 428
2 122 998
2 680 777
2 681 617
2 783 493
2 890 648
2 927 276
2 555 293
2 247 333
2 524 129
2 211 486
2 469 881
2 897 206
2 499 154
2 435 478
2 623 468
2 791 30
2 340 759
2 856 460
2 673 404
2 114 583
2 803 852
2 954 472
2 411 386
2 999 902
2 186 985
2 891 296
2 258 242
2 802 531
2 424 48
2 966 296
2 385 480
2 811 983
2 484 26
2 475 373
2 663 849
2 258 669
2 803 859
2 735 42
2 713 378
2 900 152
2 423 238
2 396 28
2 947 176
2 739 579
2 293 437
2 378 928
2 205 826
2 627 658
2 779 220
2 555 149
2 227 959
2 374 667
2 4 675
2 778 432
2 429 785
2 570 686
2 362 146
2 303 506
2 663 64
2 413 138
2 150 61
2 374 68
2 497 165
2 234 708
2 610 949
2 973 227
2 698 80
2 436 941
2 561 763
2 945 444
2 290 603
2 424 808
2 696 884
2 313 932
2 284 503
2 114 25
2 462 221
2 639 510
2 729 320
2 570 816
2 882 88
2 301 270
2 514 512
2 302 856
2 391 88
2 669 24
2 392 15
2 64 406
2 627 123
2 357 29
2 85 732
2 510 151
2 611 937
2 278 781
2 157 914
2 566 860
2 270 96
2 977 534
2 321 802
2 974 295
2 815 944
2 211 719
2 990 177
2 55 400
2 465 322
2 820 28
2 47 193
2 121 406
2 516 292
2 226 137
2 650 492
2 467 310
2 802 529
2 985 795
2 917 163
2 452 291
2 570 571
2 102 136
2 428 759
2 149 8
2 405 714
2 861 528
2 256 189
2 790 496
2 779 937
2 566 133
2 864 138
2 874 609
2 669 240
2 481 751
2 42 61
2 118 178
2 587 988
2 561 15
2 319 657
2 71 584
2 624 764
2 815 142
2 364 476
2 775 804
2 241 198
2 252 97
2 178 250
2 278 516
2 159 127
2 132 652
2 397 349
2 758 938
2 986 786
2 189 132
2 589 904
2 471 216
2 342 400
2 114 889
2 297 310
2 901 71
2 301 459
2 183 215
2 899 406
2 235 896
2 393 736
2 945 87
2 17 323
2 808 493
2 537 937
2 319 15
2 650 741
2 961 16
2 546 480
2 582 704
2 844 274
2 955 119
2 264 805
2 409 599
2 350 355
2 956 11
2 603 278
2 120 486
2 967 460
2 712 889
2 674 637
2 284 357
2 3 409
2 451 970
2 350 701
2 743 453
2 643 888
2 816 601
2 826 215
2 150 111
2 887 59
2 947 129
2 365 831
2 501 174
2 743 174
2 319 444
2 989 878
2 276 486
2 116 356
2 179 269
2 161 940
2 134 739
2 397 78
2 868 291
2 182 193
2 137 960
2 453 458
2 12 145
2 948 200
2 271 17
2 737 2
2 933 18
2 737 134
2 219 239
2 166 132
2 793 167
2 837 144
2 959 266
2 304 484
2 605 637
2 341 848
2 420 137
2 839 99
2 561 61
2 947 53
2 252 584
2 806 217
2 124 990
2 621 389
2 306 189
2 638 274
2 41 506
2 671 584
2 32 942
2 896 5
2 984 559
2 662 215
2 453 134
2 162 393
2 643 355
2 711 540
2 309 377
2 183 995
2 431 391
2 556 158
2 10 86
2 233 951
2 355 361
2 670 468
2 269 474
2 506 560
2 168 156
2 537 58
2 15 477
2 272 721
2 945 490
2 341 713
2 869 444
2 481 421
2 443 583
2 621 540
2 70 201
2 273 480
2 941 751
2 787 224
2 78 335
2 993 427
2 947 810
2 393 931
2 669 76
2 999 917
2 82 891
2 420 504
2 275 145
2 325 634
2 659 226
2 997 160
2 789 877
2 843 594
2 767 878
2 390 615
2 920 881
2 136 914
2 287 151
2 476 481
2 276 442
2 747 490
2 671 690
2 264 352
2 446 962
2 47 310
2 838 937
2 170 567
2 237 461
2 365 482
2 570 160
2 6 934
2 983 618
2 537 211
2 183 613
2 481 550
2 941 762
2 761 971
2 124 910
2 322 402
2 679 658
2 76 780
2 556 336
2 57 536
2 252 336
2 145 746
2 47 653
2 38 707
2 778 645
2 279 274
2 465 969
2 299 775
2 252 945
2 795 328
2 967 473
2 903 117
2 488 142
2 521 988
2 945 649
2 518 299
2 888 115
2 263 519
2 910 909
2 920 162
2 512 13
2 386 651
2 196 420
2 247 827
2 781 683
2 341 294
2 741 822
2 925 804
2 392 74
2 457 628
2 331 659
2 770 180
2 796 128
2 723 35
2 665 766
2 36 147
2 692 292
2 324 815
2 785 385
2 419 496
2 840 852
2 604 384
2 397 208
2 806 116
2 611 209
2 194 825
2 51 62
2 806 284
2 363 321
2 986 629
2 873 555
2 761 347
2 73 289
2 366 791
2 307 861
2 577 473
2 582 629
2 974 700
2 386 385
2 848 194
2 370 440
2 715 386
2 344 281
2 221 461
2 626 879
2 973 823
2 663 927
2 526 963
2 856 525
2 604 179
2 670 576
2 918 471
2 664 81
2 452 747
2 566 952
2 253 732
2 399 183
2 703 490
2 210 870
2 762 914
2 800 614
2 875 942
2 27 982
2 329 837
2 728 469
2 277 423
2 192 613
2 776 395
2 974 215
2 150 744
2 854 208
2 803 86
2 654 803
2 70 479
2 27 430
2 364 412
2 327 166
2 513 931
2 903 320
2 279 414
2 222 925
2 562 553
2 345 41
2 669 944
2 258 580
2 844 224
2 916 837
2 860 671
2 185 775
2 531 134
2 854 102
2 44 352
2 687 562
2 908 364
2 810 161
2 541 197
2 733 53
2 753 986
2 85 547
2 288 658
2 461 960
2 423 479
2 584 757
2 563 938
2 971 60
2 382 528
2 578 969
2 676 668
2 162 736
2 906 665
2 210 602
2 894 808
2 617 62
2 274 71
2 329 383
2 19 157
2 653 726
2 304 543
2 260 49
2 183 117
2 438 916
2 422 150
2 420 925
2 744 241
2 881 609
2 713 386
2 853 16
2 305 427
2 844 2
2 755 98
2 724 409
2 37 136
2 76 184
2 541 877
2 528 585
2 510 921
2 753 372
2 218 672
2 642 206
2 72 26
2 555 946
2 300 866
2 843 836
2 34 737
2 230 648
2 370 676
2 793 966
2 399 661
2 736 349
2 369 649
2 632 881
2 767 768
2 493 105
2 160 291
2 625 662
2 521 609
2 535 866
2 531 52
2 449 372
2 416 602
2 282 872
2 344 306
2 52 682
2 893 694
2 307 704
2 425 85
2 404 994
2 940 24
2 824 375
2 753 928
2 947 26
2 610 27
2 454 613
2 631 13
2 705 412
2 315 66
2 165 409
2 988 557
2 182 433
2 1000 269
2 386 468
2 573 228
2 388 507
2 750 713
2 980 529
2 40 971
2 1000 613
2 841 280
2 3 833
2 367 417
2 445 82
2 747 144
2 269 302
2 310 545
2 347 176
2 634 160
2 390 491
2 89 61
2 223 621
2 962 2
2 876 913
2 172 362
2 802 1
2 831 708
2 244 107
2 172 169
2 961 71
2 268 751
2 367 486
2 635 995
2 303 719
2 637 179
2 437 656
2 506 652
2 497 889
2 761 135
2 476 876
2 633 707
2 516 185
2 394 64
2 711 729
2 701 646
2 445 390
2 366 93
2 597 604
2 514 594
2 482 372
2 273 860
2 779 359
2 297 188
2 681 312
2 134 376
2 613 918
2 587 106
2 257 840
2 947 689
2 881 932
2 199 649
2 854 768
2 821 225
2 835 255
2 125 533
2 699 312
2 368 937
2 300 889
2 237 637
2 468 705
2 378 233
2 82 326
2 621 102
2 159 6
2 715 118
2 262 475
2 963 773
2 226 46
2 214 77
2 429 767
2 643 517
2 163 878
2 512 784
2 126 586
2 365 373
2 217 299
2 807 479
2 388 369
2 545 580
2 44 110
2 92 50
2 499 494
2 483 63
2 275 469
2 664 971
2 733 427
2 141 850
2 431 458
2 535 439
2 683 394
2 319 868
2 397 619
2 852 151
2 962 796
2 32 711
2 595 420
2 866 572
2 597 503
2 231 567
2 566 738
2 712 157
2 789 80
2 867 424
2 781 696
2 908 819
2 691 421
2 218 611
2 137 160
2 104 756
2 68 817
2 565 859
2 624 172
2 297 832
2 135 914
2 392 999
2 899 690
2 254 610
2 357 459
2 410 871
2 644 115
2 365 521
2 393 529
2 157 833
2 104 435
2 325 127
2 592 593
2 99 559
2 982 112
2 529 661
2 466 97
2 153 211
2 569 387
2 254 18
2 84 632
2 873 94
2 98 488
2 884 133
2 279 472
2 650 16
2 731 142
2 357 515
2 259 988
2 655 939
2 346 356
2 693 19
2 675 509
2 572 147
2 995 463
2 65 498
2 787 703
2 742 248
2 605 57
2 133 523
2 816 496
2 189 121
2 759 890
2 574 490
2 389 312
2 500 202
2 544 75
2 421 1
2 673 59
2 20 862
2 289 178
2 570 539
2 282 225
2 670 246
2 886 304
2 605 914
2 879 89
2 126 866
2 79 375
2 8 789
2 243 857
2 989 881
2 597 925
2 228 996
2 689 377
2 907 89
2 327 23
2 396 136
2 774 13
2 712 64
2 61 990
2 895 206
2 911 317
2 68 1
2 456 781
2 7 798
2 221 771
2 636 650
2 803 118
2 879 685
2 507 225
2 538 477
2 824 883
2 996 985
2 57 740
2 129 572
2 529 807
2 917 689
2 629 376
2 572 472
2 380 324
2 545 556
2 21 477
2 35 34
2 617 353
2 191 181
2 8 308
2 57 267
2 302 632
2 368 584
2 717 766
2 278 505
2 401 113
2 699 659
2 551 146
2 674 932
2 695 553
2 501 509
2 821 734
2 902 771
2 986 435
2 155 733
2 297 919
2 4 497
2 391 242
2 82 666
2 294 25
2 638 137
2 483 847
2 805 880
2 228 204
2 871 568
2 16 692
2 749 795
2 680 229
2 539 922
2 903 781
2 406 708
2 825 166
2 961 335
2 783 952
2 564 312
2 37 522
2 315 298
2 622 826
2 871 317
2 966 261
2 744 669
2 53 599
2 204 567
2 846 835
2 789 133
2 268 212
2 915 188
2 588 8
2 221 634
2 514 519
2 967 982
2 153 93
2 132 300
2 635 716
2 47 689
2 503 444
2 356 553
2 336 711
2 169 250
2 931 25
2 167 222
2 224 53
2 748 353
2 343 811
2 276 222
2 367 987
2 260 344
2 605 951
2 615 25
2 703 91
2 209 553
2 942 143
2 122 21
2 291 158
2 755 490
2 20 987
2 78 496
2 397 60
2 966 622
2 521 243
2 440 320
2 572 266
2 52 565
2 523 310
2 861 360
2 45 711
2 566 33
2 424 625
2 567 127
2 43 941
2 607 314
2 873 650
2 263 328
2 360 66
2 256 71
2 565 922
2 25 872
2 412 714
2 106 110
2 824 402
2 546 787
2 984 657
2 892 792
2 838 75
2 154 837
2 73 42
2 923 996
2 265 389
2 360 280
2 672 420
2 552 190
2 697 473
2 396 489
2 809 722
2 365 51
2 350 896
2 846 466
2 329 385
2 374 237
2 958 368
2 70 370
2 321 901
2 965 719
2 172 527
2 660 932
2 382 54
2 113 782
2 252 516
2 453 711
2 779 855
2 667 118
2 578 334
2 544 287
2 549 448
2 207 358
2 101 270
2 588 94
2 55 406
2 259 137
2 82 360
2 364 671
2 570 51
2 70 14
2 934 428
2 111 259
2 872 753
2 398 786
2 755 400
2 192 111
2 455 667
2 946 306
2 976 386
2 548 679
2 633 661
2 337 438
2 731 668
2 980 71
2 122 411
2 605 884
2 863 92
2 765 31
2 63 567
2 853 376
2 942 165
2 364 76
2 619 53
2 363 975
2 38 634
2 14 338
2 823 458
2 265 138
2 435 716
2 770 495
2 799 473
2 433 298
2 308 217
2 242 584
2 355 875
2 858 615
2 399 411
2 699 904
2 581 170
2 809 446
2 73 822
2 13 855
2 517 486
2 299 115
2 356 226
2 457 242
2 3 512
2 544 751
2 347 147
2 399 968
2 854 135
2 543 389
2 884 441
2 168 203
2 935 241
2 340 892
2 128 100
2 58 180
2 210 901
2 813 619
2 643 646
2 632 185
2 311 703
2 252 383
2 915 971
2 586 328
2 744 372
2 529 762
2 782 11
2 633 810
2 514 960
2 988 80
2 731 115
2 626 478
2 477 703
2 388 942
2 6 380
2 547 317
2 888 96
2 385 626
2 603 925
2 64 628
2 695 887
2 873 24
2 131 11
2 529 110
2 981 377
2 769 996
2 255 531
2 608 777
2 313 435
2 98 307
2 288 115
2 229 914
2 401 580
2 417 667
2 528 328
2 194 880
2 465 800
2 68 585
2 665 662
2 959 222
2 252 21
2 86 423
2 709 23
2 361 914
2 143 912
2 149 40
2 903 190
2 873 768
2 617 204
2 387 344
2 393 892
2 907 811
2 186 744
2 169 649
2 996 447
2 3 849
2 202 688
2 22 560
2 72 159
2 939 349
2 846 699
2 222 813
2 815 6
2 9 914
2 279 54
2 39 598
2 523 130
2 906 607
2 599 123
2 39 649
2 864 225
2 686 645
2 675 838
2 678 625
2 883 952
2 216 142
2 930 7
2 294 678
2 340 530
2 551 225
2 904 826
2 834 527
2 680 741
2 429 832
2 718 532
2 729 71
2 233 259
2 985 1
2 724 511
2 578 730
2 545 494
2 132 553
2 808 525
2 156 696
2 162 838
2 930 117
2 752 553
2 412 298
2 959 885
2 317 852
2 904 441
2 445 206
2 194 948
2 480 652
2 179 188
2 133 273
2 677 240
2 12 26
2 950 972
2 971 665
2 164 327
2 506 543
2 511 584
2 482 692
2 950 680
2 321 724
2 895 58
2 643 518
2 640 808
2 208 796
2 913 544
2 199 80
2 367 698
2 104 141
2 877 220
2 763 844
2 146 609
2 409 179
2 563 768
2 256 831
2 122 299
2 790 943
2 289 341
2 319 200
2 986 40
2 777 697
2 841 572
2 809 430
2 705 69
2 760 558
2 363 352
2 451 402
2 904 116
2 463 477
2 660 531
2 606 759
2 535 243
2 71 993
2 476 602
2 926 47
2 328 423
2 440 332
2 578 4
2 139 906
2 247 957
2 143 554
2 778 50
2 563 927
2 859 170
2 816 134
2 909 11
2 278 897
2 487 34
2 365 443
2 131 104
2 865 928
2 945 516
2 453 444
2 813 392
2 623 853
2 364 870
2 48 884
2 933 814
2 417 511
2 550 309
2 99 844
2 329 814
2 365 745
2 119 899
2 813 720
2 559 194
2 600 170
2 404 468
2 348 988
2 896 250
2 582 291
2 407 669
2 257 829
2 350 995
2 10 641
2 501 891
2 731 796
2 765 314
2 276 278
2 747 194
2 325 584
2 141 185
2 921 754
2 679 743
2 806 620
2 830 975
2 752 703
2 450 333
2 73 557
2 64 838
2 484 857
2 883 165
2 71 469
2 643 613
2 466 776
2 793 914
2 882 428
2 185 959
2 72 328
2 337 158
2 171 709
2 569 460
2 801 568
2 467 757
2 764 504
2 737 619
2 885 956
2 122 176
2 263 330
2 703 941
2 583 291
2 683 309
2 311 339
2 892 416
2 966 603
2 906 400
2 4 809
2 393 160
2 62 439
2 897 652
2 224 992
2 728 104
2 369 338
2 940 757
2 755 612
2 548 110
2 843 135
2 730 668
2 227 185
2 31 667
2 941 352
2 433 221
2 503 644
2 963 976
2 378 268
2 579 577
2 741 770
2 592 602
2 648 692
2 655 812
2 702 235
2 707 335
2 122 356
2 674 2
2 16 684
2 233 573
2 301 212
2 275 553
2 523 192
2 779 600
2 664 171
2 728 107
2 611 659
2 660 231
2 625 758
2 898 466
2 483 914
2 574 375
2 69 979
2 255 592
2 686 887
2 423 345
2 680 353
2 441 80
2 596 799
2 399 269
2 15 584
2 116 564
2 68 932
2 604 795
2 797 298
2 566 951
2 581 316
2 823 312
2 25 207
2 450 411
2 485 328
2 995 832
2 288 603
2 710 119
2 799 742
2 961 200
2 847 80
2 664 738
2 622 944
2 537 516
2 872 608
2 934 17
2 684 261
2 734 230
2 863 919
2 677 796
2 12 885
2 958 153
2 613 778
2 718 604
2 422 659
2 555 43
2 391 538
2 439 826
2 611 981
2 863 239
2 8 500
2 794 138
2 655 891
2 870 581
2 712 899
2 209 997
2 69 946
2 706 273
2 226 996
2 966 106
2 730 952
2 538 85
2 697 193
2 570 554
2 248 418
2 422 493
2 859 430
2 85 872
2 502 714
2 255 311
2 400 892
2 650 862
2 182 869
2 22 546
2 111 136
2 517 43
2 417 356
2 526 666
2 407 382
2 977 845
2 524 189
2 355 381
2 949 545
2 991 339
2 82 401
2 134 995
2 625 728
2 679 520
2 101 688
2 741 497
2 461 776
2 623 631
2 920 579
2 586 242
2 794 160
2 956 775
2 534 640
2 834 705
2 369 627
2 460 66
2 306 80
2 460 729
2 56 94
2 899 925
2 407 482
2 919 488
2 895 889
2 107 477
2 921 370
2 372 156
2 713 368
2 334 862
2 986 504
2 698 894
2 371 300
2 366 774
2 935 100
2 659 529
2 795 127
2 424 801
2 164 741
2 465 770
2 218 864
2 873 417
2 631 809
2 59 773
2 885 473
2 794 798
2 680 943
2 71 746
2 360 352
2 564 363
2 673 736
2 706 206
2 348 162
2 250 151
2 976 184
2 159 330
2 586 164
2 575 973
2 169 781
2 855 720
2 953 205
2 803 62
2 854 217
2 3 997
2 785 786
2 939 717
2 211 198
2 364 9
2 699 926
2 793 253
2 566 122
2 311 952
2 519 849
2 880 798
2 692 915
2 302 254
2 284 463
2 537 891
2 418 178
2 463 724
2 521 173
2 587 986
2 395 560
2 905 294
2 288 619
2 189 228
2 45 129
2 777 170
2 75 500
2 502 18
2 288 161
2 610 271
2 445 525
2 169 48
2 390 878
2 282 169
2 597 392
2 896 242
2 505 706
2 209 939
2 440 540
2 743 471
2 546 932
2 266 825
2 665 392
2 810 646
2 849 79
2 218 810
2 111 143
2 168 660
2 719 173
2 891 649
2 476 354
2 614 352
2 593 458
2 841 274
2 680 920
2 872 173
2 271 84
2 34 112
2 541 784
2 151 813
2 573 861
2 4 917
2 626 252
2 682 412
2 623 320
2 639 679
2 641 111
2 824 923
2 126 343
2 97 172
2 978 375
2 688 190
2 972 227
2 165 299
2 928 738
2 933 714
2 121 814
2 932 296
2 135 985
2 623 824
2 919 13
2 900 347
2 499 631
2 168 144
2 98 277
2 266 529
2 313 142
2 191 435
2 279 788
2 280 414
2 307 655
2 470 107
2 693 703
2 579 347
2 422 850
2 850 349
2 135 788
2 516 988
2 323 306
2 366 134
2 510 6
2 24 795
2 813 284
2 418 988
2 597 775
2 192 180
2 757 993
2 148 939
2 700 634
2 538 565
2 479 353
2 274 25
2 164 956
2 146 477
2 429 950
2 816 472
2 217 795
2 124 450
2 20 181
2 712 482
2 894 866
2 911 81
2 546 249
2 591 775
2 181 652
2 91 725
2 897 37
2 827 416
2 546 754
2 8 515
2 44 943
2 243 669
2 401 375
2 379 986
2 715 309
2 364 493
2 7 123
2 299 37
2 743 309
2 409 784
2 72 39
2 862 353
2 61 600
2 438 233
2 272 369
2 766 694
2 344 630
2 386 536
2 642 568
2 128 588
2 354 942
2 206 838
2 617 508
2 599 88
2 484 970
2 596 392
2 187 424
2 255 186
2 229 57
2 572 280
2 851 198
2 276 838
2 813 877
2 601 21
2 282 250
2 895 203
2 109 860
2 202 870
2 830 151
2 108 466
2 980 924
2 134 833
2 662 775
2 179 254
2 499 907
2 140 978
2 334 26
2 930 803
2 307 87
2 883 807
2 830 143
2 819 610
2 187 644
2 750 770
2 396 584
2 989 261
2 210 118
2 711 66
2 204 620
2 16 58
2 16 707
2 147 700
2 189 652
2 334 889
2 550 816
2 752 704
2 731 858
2 109 441
2 725 337
2 538 402
2 483 376
2 775 738
2 623 220
2 675 114
2 361 163
2 247 924
2 893 212
2 47 962
2 538 154
2 265 999
2 269 423
2 661 48
2 856 250
2 49 584
2 596 11
2 463 580
2 616 671
2 134 495
2 1000 281
2 326 602
2 614 103
2 761 791
2 884 437
2 387 34
2 628 698
2 379 259
2 645 943
2 773 362
2 146 872
2 551 796
2 657 334
2 114 253
2 524 736
2 236 15
2 137 706
2 495 486
2 824 66
2 49 190
2 944 27
2 756 131
2 871 727
2 869 498
2 956 474
2 204 745
2 918 678
2 876 344
2 641 878
2 174 708
2 109 363
2 498 929
2 991 671
2 325 281
2 282 349
2 307 292
2 883 714
2 220 565
2 862 792
2 572 82
2 738 58
2 680 585
2 973 299
2 744 195
2 876 846
2 411 427
2 494 899
2 824 188
2 324 234
2 774 238
2 101 424
2 350 242
2 532 858
2 75 286
2 77 78
2 752 490
2 852 705
2 321 916
2 875 119
2 531 645
2 266 545
2 735 539
2 377 736
2 575 647
2 313 917
2 385 798
2 570 201
2 103 703
2 75 869
2 863 374
2 536 698
2 933 247
2 934 33
2 841 720
2 1000 624
2 12 670
2 548 752
2 33 326
2 417 112
2 413 756
2 947 381
2 699 448
2 153 608
2 195 360
2 696 614
2 318 995
2 86 5
2 979 317
2 745 496
2 69 923
2 354 371
2 934 609
2 550 771
2 367 749
2 515 993
2 481 626
2 408 360
2 950 662
2 433 474
2 506 646
2 895 668
2 696 6
2 467 817
2 515 400
2 765 505
2 549 574
2 358 687
2 431 434
2 485 142
2 726 137
2 90 10
2 390 572
2 810 173
2 422 878
2 179 183
2 237 242
2 854 851
2 670 297
2 837 511
2 48 503
2 329 450
2 621 296
2 235 999
2 275 640
2 10 316
2 431 655
2 574 382
2 779 320
2 468 137
2 913 270
2 770 549
2 89 420
2 785 194
2 745 458
2 684 769
2 848 899
2 814 60
2 904 710
2 794 103
2 926 572
2 559 204
2 294 377
2 824 166
2 8 612
2 345 214
2 249 924
2 192 746
2 929 412
2 795 669
2 62 497
2 411 733
2 513 981
2 722 768
2 948 393
2 419 649
2 70 48
2 633 924
2 684 741
2 476 726
2 770 16
2 466 565
2 745 773
2 470 536
2 431 1
2 818 97
2 930 226
2 213 398
2 855 135
2 589 363
2 974 935
2 547 380
2 441 352
2 942 473
2 372 600
2 134 296
2 495 829
2 547 263
2 78 172
2 940 116
2 236 391
2 90 68
2 996 102
2 305 847
2 561 216
2 728 914
2 709 554
2 957 322
2 393 636
2 678 286
2 455 140
2 452 698
2 323 432
2 490 397
2 988 44
2 122 191
2 114 511
2 633 13
2 940 295
2 622 775
2 498 33
2 653 686
2 614 406
2 771 556
2 92 25
2 274 724
2 865 659
2 93 268
2 854 492
2 89 925
2 108 761
2 742 438
2 418 852
2 288 503
2 577 230
2 761 826
2 987 687
2 723 288
2 397 167
2 120 684
2 639 145
2 65 176
2 726 123
2 419 527
2 755 674
2 395 838
2 790 84
2 918 170
2 405 562
2 775 568
2 163 994
2 243 376
2 118 493
2 624 442
2 333 757
2 281 339
2 550 480
2 378 366
2 751 962
2 853 266
2 470 661
2 815 151
2 901 592
2 772 138
2 378 511
2 85 96
2 647 196
2 950 544
2 672 248
2 618 65
2 642 385
2 974 247
2 388 185
2 137 212
2 989 468
2 85 59
2 990 71
2 547 534
2 747 89
2 86 414
2 226 770
2 87 941
2 986 437
2 399 736
2 125 84
2 609 115
2 583 356
2 526 591
2 325 192
2 219 176
2 787 644
2 695 152
2 122 697
2 233 293
2 925 37
2 538 64
2 946 693
2 249 176
2 417 159
2 22 265
2 313 193
2 333 328
2 908 994
2 406 512
2 814 944
2 161 17
2 388 235
2 318 135
2 391 530
2 130 353
2 903 531
2 332 214
2 715 292
2 144 207
2 285 753
2 631 572
2 137 694
2 140 341
2 963 505
2 327 976
2 478 368
2 617 908
2 208 105
2 13 657
2 181 490
2 855 740
2 912 240
2 390 13
2 125 182
2 744 35
2 546 243
2 722 313
2 6 687
2 44 196
2 341 77
2 148 480
2 921 343
2 338 839
2 672 553
2 752 581
2 800 647
2 325 358
2 413 67
2 357 270
2 390 568
2 681 848
2 842 316
2 135 778
2 963 857
2 114 703
2 422 586
2 89 888
2 940 414
2 276 817
2 168 552
2 853 205
2 771 416
2 138 635
2 336 21
2 730 313
2 257 78
2 376 580
2 710 479
2 731 667
2 723 208
2 617 739
2 109 725
2 323 244
2 4 434
2 399 210
2 524 402
2 713 568
2 866 584
2 104 264
2 449 829
2 33 817
2 235 66
2 843 794
2 35 61
2 362 21
2 573 692
2 613 138
2 123 999
2 638 408
2 858 344
2 513 760
2 104 540
2 690 12
2 693 290
2 338 961
2 695 14
2 442 509
2 688 525
2 950 44
2 576 468
2 699 693
2 643 849
2 405 632
2 435 914
2 955 456
2 325 406
2 244 190
2 824 42
2 957 448
2 44 10
2 604 197
2 144 740
2 230 827
2 357 643
2 324 224
2 739 515
2 672 251
2 82 291
2 548 118
2 6 427
2 627 277
2 890 780
2 133 928
2 19 584
2 527 492
2 618 564
2 330 727
2 798 602
2 830 193
2 685 251
2 588 463
2 31 947
2 257 697
2 109 351
2 139 448
2 285 350
2 407 220
2 737 728
2 362 152
2 740 158
2 301 135
2 403 936
2 787 645
2 886 26
2 876 28
2 354 300
2 517 798
2 589 466
2 405 83
2 935 197
2 283 312
2 484 62
2 449 769
2 937 650
2 783 106
2 239 761
2 514 945
2 415 812
2 135 648
2 989 98
2 393 501
2 102 789
2 633 406
2 589 30
2 410 700
2 896 844
2 324 736
2 324 107
2 323 747
2 105 53
2 538 805
2 809 171
2 228 584
2 297 697
2 849 472
2 640 615
2 462 130
2 585 798
2 907 221
2 425 782
2 595 825
2 842 882
2 189 968
2 196 330
2 824 423
2 586 142
2 846 635
2 160 110
2 237 666
2 237 136
2 985 847
2 744 30
2 807 719
2 595 487
2 498 215
2 396 520
2 709 567
2 767 272
2 220 34
2 895 388
2 653 215
2 51 572
2 627 212
2 462 555
2 546 246
2 283 866
2 75 630
2 372 24
2 444 339
2 297 859
2 143 556
2 956 941
2 755 134
2 988 112
2 378 64
2 122 945
2 627 573
2 789 994
2 462 704
2 547 434
2 792 327
2 26 439
2 407 834
2 44 753
2 39 205
2 743 71
2 256 59
2 695 412
2 928 475
2 872 42
2 164 105
2 465 68
2 633 851
2 774 992
2 499 559
2 87 208
2 281 869
2 674 189
2 790 822
2 648 216
2 455 264
2 510 958
2 75 508
2 755 333
2 239 668
2 275 224
2 345 648
2 900 795
2 118 645
2 449 661
2 262 519
2 879 242
2 696 993
2 83 81
2 885 532
2 905 151
2 323 318
2 779 744
2 827 619
2 296 668
2 252 747
2 332 862
2 19 382
2 694 788
2 61 932
2 417 837
2 855 711
2 872 564
2 197 940
2 901 728
2 7 405
2 218 80
2 846 23
2 989 670
2 226 677
2 821 780
2 872 698
2 647 791
2 413 712
2 278 39
2 329 11
2 731 803
2 325 873
2 416 242
2 526 802
2 155 848
2 267 200
2 403 21
2 759 395
2 452 739
2 790 557
2 595 212
2 499 261
2 95 594
2 787 505
2 365 710
2 418 914
2 30 740
2 209 472
2 713 441
2 827 198
2 65 725
2 214 410
2 874 684
2 713 766
2 751 67
2 43 651
2 287 438
2 862 833
2 901 796
2 782 183
2 7 717
2 882 460
2 407 580
2 396 814
2 631 751
2 323 837
2 688 492
2 355 507
2 462 908
2 447 48
2 422 19
2 636 232
2 140 908
2 933 251
2 59 888
2 365 459
2 876 200
2 132 376
2 622 94
2 315 227
2 531 242
2 503 632
2 74 203
2 901 626
2 709 184
2 204 960
2 418 328
2 75 412
2 109 99
2 696 61
2 518 977
2 374 650
2 619 96
2 378 383
2 13 100
2 640 79
2 633 663
2 130 621
2 750 513
2 835 99
2 501 600
2 128 889
2 583 460
2 692 95
2 420 532
2 994 506
2 854 80
2 244 657
2 633 818
2 56 797
2 973 604
2 519 890
2 610 382
2 819 549
2 775 961
2 515 201
2 770 762
2 226 292
2 576 117
2 816 917
2 172 330
2 831 668
2 953 732
2 203 736
2 494 234
2 416 301
2 795 343
2 572 97
2 484 17
2 662 478
2 814 458
2 954 540
2 350 444
2 365 131
2 462 632
2 627 788
2 234 87
2 44 369
2 621 861
2 395 690
2 614 828
2 586 444
2 834 829
2 50 282
2 635 785
2 82 144
2 908 154
2 111 81
2 655 513
2 38 35
2 428 472
2 391 625
2 712 432
2 502 807
2 380 49
2 825 13
2 31 6
2 635 768
2 380 915
2 141 44
2 549 788
2 770 382
2 265 67
2 58 477
2 258 760
2 307 440
2 579 412
2 777 295
2 463 132
2 313 441
2 962 382
2 681 16
2 197 347
2 56 815
2 782 802
2 672 882
2 963 632
2 174 904
2 325 666
2 230 567
2 77 311
2 693 328
2 955 412
2 413 358
2 25 801
2 249 814
2 205 283
2 6 330
2 65 751
2 906 142
2 753 223
2 34 494
2 607 676
2 169 66
2 963 415
2 329 630
2 966 112
2 126 116
2 995 896
2 929 182
2 991 62
2 397 760
2 293 42
2 935 154
2 635 270
2 755 94
2 220 960
2 199 600
2 22 625
2 231 418
2 611 459
2 424 19
2 989 654
2 919 143
2 803 62
2 401 87
2 480 718
2 573 850
2 126 772
2 811 117
2 754 295
2 589 350
2 407 274
2 78 993
2 152 150
2 443 31
2 17 426
2 425 693
2 307 947
2 294 961
2 360 478
2 441 673
2 422 360
2 948 434
2 555 902
2 224 790
2 189 181
2 752 991
2 223 515
2 581 291
2 694 488
2 500 805
2 452 256
2 276 502
2 910 672
2 589 213
2 808 796
2 695 641
2 733 919
2 872 92
2 957 558
2 297 462
2 845 891
2 868 386
2 674 173
2 213 311
2 789 645
2 129 35
2 411 653
2 799 372
2 942 38
2 903 478
2 785 708
2 279 102
2 271 197
2 241 936
2 457 816
2 114 478
2 39 763
2 861 152
2 534 975
2 505 522
2 998 542
2 908 548
2 745 427
2 396 757
2 922 54
2 987 567
2 549 490
2 285 712
2 269 768
2 428 68
2 15 545
2 938 729
2 85 59
2 866 870
2 457 638
2 658 231
2 862 9
2 865 170
2 597 392
2 309 408
2 789 227
2 446 318
2 947 209
2 950 25
2 738 427
2 989 925
2 961 78
2 510 20
2 550 870
2 667 464
2 357 641
2 474 309
2 303 925
2 141 140
2 380 14
2 364 201
2 929 67
2 18 428
2 61 338
2 632 383
2 510 484
2 188 115
2 448 871
2 268 714
2 8 801
2 510 160
2 917 766
2 892 405
2 741 455
2 449 115
2 331 467
2 197 128
2 70 650
2 330 218
2 249 283
2 679 978
2 696 420
2 973 887
2 481 611
2 767 594
2 369 993
2 993 277
2 869 763
2 818 60
2 90 267
2 787 389
2 831 309
2 287 813
2 32 649
2 521 288
2 314 431
2 948 707
2 869 186
2 790 559
2 588 937
2 307 238
2 841 944
2 262 108
2 134 11
2 686 320
2 433 945
2 621 35
2 647 398
2 549 458
2 176 306
2 830 293
2 880 992
2 412 857
2 754 53
2 796 519
2 539 619
2 605 123
2 207 648
2 247 611
2 505 272
2 498 300
2 551 490
2 529 927
2 958 297
2 483 313
2 446 861
2 14 343
2 562 914
2 304 305
2 139 64
2 547 803
2 271 891
2 338 917
2 523 918
2 94 193
2 175 60
2 710 552
2 533 372
2 704 600
2 764 710
2 753 762
2 359 707
2 183 76
2 748 274
2 459 683
2 69 557
2 614 819
2 908 400
2 969 254
2 318 392
2 945 728
2 635 474
2 143 469
2 539 464
2 343 962
2 731 198
2 343 693
2 598 460
2 197 328
2 79 347
2 236 310
2 902 599
2 906 358
2 251 687
2 593 438
2 444 694
2 762 430
2 6 652
2 51 818
2 853 81
2 562 434
2 803 165
2 343 919
2 851 277
2 22 512
2 223 245
2 559 123
2 726 727
2 561 813
2 465 109
2 685 295
2 131 436
2 564 190
2 521 554
2 345 13
2 362 215
2 752 21
2 397 7
2 964 786
2 494 559
2 683 184
2 249 271
2 325 638
2 12 142
2 435 192
2 12 828
2 733 107
2 683 941
2 504 850
2 748 69
2 784 212
