1 1.0494502513520378
2 1.2700493571568527
3 0.4338514949907072
4 0.12033494293613246
5 0.1093442638964481
6 4.758216667659894
7 8.934414666542132
8 0.1601936387987722
9 0.9467923359338687
10 0.39017391567126025
11 0.6293452477988783
12 0.10245637507663374
13 0.7749232702938963
14 0.10729469424276501
15 2.201011408997667
16 4.4819354782803
17 1.6153695997130033
18 0.17964688904848197
19 0.8837677421525357
20 0.919978190094763
21 0.581196479698369
22 6.694268095951079
23 0.31685994799672124
24 1.690801993309444
25 0.20206961269775908
26 0.14686538566897872
27 9.619493491231529
28 0.020472112440644903
29 0.5396963288269186
30 0.03129958391922876
31 0.30826253578421225
32 3.236440952497919
33 0.4257301932688734
34 0.16379298209221885
35 5.768821415955247
36 0.30581503206707467
37 1.5844421865416058
38 0.3911535734616852
39 2.1171440478481887
40 0.36312898433276064
41 0.14805758428226343
42 3.3088252619414207
43 3.1668348169854466
44 2.627023788051421
45 6.946471326728251
46 4.77060191960818
47 3.384995648551095
48 0.6946355826167849
49 0.2368045701548845
50 1.1763196031731007
51 0.15115156704591395
52 1.6091439493495332
53 2.3940324745096286
54 0.5454539783014231
55 65.79335691102924
56 16.518182925031493
57 1.6511924948651955
58 8.380209448893956
59 1.3207665680905847
60 21.3910221153139
61 1.7400751493444337
62 3.5701339344368006
63 0.3696897534569976
64 3.3991931292060893
65 1.8919924310264564
66 1.0833167790443226
67 160.17356434610636
68 7.014383694692496
69 0.48057678613150595
70 1.8443302307385772
71 0.2202527260332471
72 1.1248903765045235
73 0.8136003065630446
74 3.459412875545643
75 0.041802137324150924
76 3.2808473220018355
77 2.59070869689019
78 3.127211339140256
79 2.05801462475791
80 0.7792756640958283
81 0.645964299591084
82 0.5027889261161126
83 0.5812023686487462
84 0.11017974728967922
85 0.4411052524707921
86 1.0699485848500578
87 1.0060521831629854
88 5.95208734725827
89 2.6121268470526147
90 0.21404736808013633
91 3.9953937350957793
92 19.054211016258964
93 3.0025303546512014
94 0.08637846408025777
95 3.5714141072946
96 1.7811603500840383
97 0.6102540692606886
98 0.4496652620228924
99 2.7572581259115103
100 0.47174525339011486
101 9.254920284769607
102 0.31976631390714966
103 0.07839193346487917
104 3.7788217306786813
105 0.1446626960322087
106 0.2737092022012198
107 2.2868220771938956
108 0.07724057867552796
109 0.18910625181140583
110 4.51910849714797
111 0.2585740269802472
112 1.357397331402775
113 0.4441396457566328
114 161.19252038574598
115 2.2392451348262385
116 1.1803486034274975
117 0.6214582125553392
118 2.7119948922926684
119 0.5862065941173049
120 0.14062922687233262
121 0.0047773336263046895
122 9.688295573232077
123 0.053763665078070434
124 10.049999479187484
125 0.7279993013120529
126 168.9275927056244
127 0.9741213134649868
128 3.7408077587715987
129 2.9514605167699313
130 0.06938129976478564
131 1.1722964127093627
132 3.858658505451307
133 0.3409965031422359
134 0.43783648892036153
135 1.5847955145319255
136 10.578400983781483
137 0.11089688100447641
138 0.6766990614472559
139 0.2319109346912891
140 2.120592356235505
141 0.7433888340799668
142 15.728924411261172
143 1.6871917847591558
144 0.35366212487152593
145 3.3441897072732676
146 1.9511421795599428
147 1.1166909582416618
148 0.3809835382348059
149 0.37210761318641034
150 0.5777936225733011
151 0.6895075833073131
152 0.1498143756269095
153 0.4929995657703614
154 0.42415891136092027
155 0.43805790968888714
156 0.07806874363985339
157 2.6209546990909476
158 0.3796617334861639
159 0.30305152553684345
160 8.751149878798742
161 300.928696422506
162 1.811301601832073
163 2766.4283990170698
164 3.4917288544588385
165 0.4889377946744812
166 0.6944564876261635
167 0.6021951222302422
168 1.1483034682279725
169 0.005574120302122009
170 3.110751234589674
171 0.3631742363593231
172 0.2973115970974593
173 0.31192406826641467
174 5.944634546257823
175 3.146780956898321
176 6.912179762334068
177 0.057251234136390286
178 20.29327325031114
179 2.9996648086914233
180 6.621141863276791
181 0.2444089406667766
182 0.9157043843980002
183 1.4209287945359677
184 0.11594145318522095
185 0.4950234828052925
186 0.35989478898934557
187 2.5694673674814315
188 0.25537379944727584
189 1.469636798813368
190 5.020187910894135
191 10.299145277842527
192 0.27436147489707546
193 0.3424770184620524
194 0.4180999003938434
195 0.6776699875040281
196 48.735447681333305
197 4.570117210136291
198 1.527594735249817
199 0.7285501267845023
200 1.0693007897794797
201 0.00033272430777148414
202 0.08083309726000819
203 12.499730557758294
204 0.5792249169386136
205 1.0436095799967495
206 1.0073679375474034
207 1.0224584383157542
208 1.3266945901037894
209 0.8378727760224057
210 0.1625739872092822
211 0.05384951521954611
212 13.342353923873272
213 15.256680832454846
214 1.291703575342374
215 0.45690318954383335
216 0.0831030933110467
217 0.08571552613173708
218 0.05627517708292611
219 0.42351435427454276
220 0.02574385530014839
221 1.1684525491485707
222 6.162078269241507
223 1.0146663306885857
224 0.8925459653589748
225 2.8012867595786664
226 2.6497923171241404
227 0.47060643698420446
228 0.22337568913216627
229 0.626092603354569
230 2.516052811979602
231 0.5143234826242051
232 0.6590356506706297
233 0.24328670418467455
234 3.205816517491728
235 0.80931315482067
236 0.19468036449946122
237 39.96519150701112
238 2.852456561423707
239 2.174570774068899
240 0.5936103608103476
241 0.1832739611035123
242 39.62154625794868
243 4.4593862635935615
244 42.26920557824583
245 0.08742985305798862
246 11.712952106325407
247 0.4945690087159541
248 5.558243887965473
249 0.17349810242557107
250 0.8104157442900062
251 0.9191282832317871
252 1.994530116802802
253 0.03531382110963688
254 27.726556098473992
255 3.0691214290847593
256 0.45904395921337054
257 7.021510972171206
258 0.36300683253764876
259 0.9831769619926656
260 0.022441997257433698
261 0.7545522983105359
262 1.877659350841578
263 0.6546301482558694
264 0.22848404858323507
265 0.6380812829538761
266 5.12034180982039
267 3.6447289037570947
268 0.22447151024481482
269 9.063040375365045
270 0.1455495084186914
271 2.6035510919825087
272 2.5437589102699154
273 1.2348540601110054
274 4.357600862195044
275 1.783156589679862
276 2.8231874659672216
277 1.7690975252665744
278 1.1330924910255586
279 1.6433611544217557
280 0.015373908429720777
281 0.01705981329804109
282 1.400274835259351
283 0.02085823425474129
284 0.395930871464717
285 6.845468942148776
286 0.07328394335171642
287 0.2625333399825002
288 1.7226118765216532
289 0.21932070560400455
290 0.8898462091103436
291 0.13071089436705102
292 6.88856472926851
293 3.1670439690662304
294 3.8570503795774354
295 3.0348842848653876
296 0.1850868229121709
297 3.327477975301848
298 11.325708089012844
299 81.54422055814553
300 1.0543135684575244
301 3.5388013273985415
302 23.52268326237348
303 0.43212398794101015
304 0.23965940081975232
305 1.9695988401352154
306 0.23252320366359897
307 1.1193478603857965
308 6.204897070546058
309 0.8829887393543102
310 1.5616920027380479
311 0.25627283241682985
312 3.074940847401437
313 22.426628142652657
314 6.9361042184409065
315 9.904311349095822
316 0.8364080353083172
317 0.27267696121265944
318 0.7679926644473772
319 0.4602850858181072
320 1.89572871485916
321 0.8881159793490381
322 3.9940118922962844
323 2.6436123090305723
324 2.6146821008197407
325 0.04558222234086237
326 12.102186478694314
327 2.083342061979933
328 1.7011540581036169
329 0.16793028882212754
330 0.15336881938383579
331 0.25057021806259305
332 0.6359765381237307
333 128.56129741688744
334 1.8926883282153684
335 1.1190862182627705
336 0.017783810313526615
337 0.5418991386469978
338 7.4128007661169155
339 13.691711820068141
340 0.03511654073878844
341 0.23571583594030454
342 0.11344612067969566
343 1.2972039432904559
344 375.9406589911273
345 1.1964805558726521
346 0.49757444608835855
347 0.5910849063804112
348 2.0915641829659557
349 4.441777014059764
350 0.5241989884721859
351 2.313835148118276
352 0.46389107261999046
353 0.18468203420480692
354 7.641607668387687
355 0.23070065207174792
356 1.2001254300064323
357 3.491859981485048
358 0.34024763224797133
359 156.99059820192704
360 0.042509725553343106
361 0.009798721806272948
362 6.018969040457578
363 146.95364888299522
364 0.24021383011180142
365 0.26875231539225014
366 0.05573482116825082
367 17.447106457528317
368 4.429368488326187
369 0.04157833411144987
370 0.606536778533965
371 101.84783500008635
372 0.15110571284570115
373 4.3342216102624205
374 0.567771459933449
375 14.348200190711513
376 2.8724865904037404
377 0.8644204112566282
378 0.7175554629642197
379 9.268414383564279
380 0.11048806563500489
381 2.678577565541549
382 0.5043040645525004
383 1.4818201577430319
384 0.21898185708499676
385 0.46753494275311774
386 0.9712659015381451
387 0.8676173240286243
388 1.0782168928562106
389 2.1357168356681053
390 1.4475842722878998
391 1.9085771865097547
392 8.127262198466955
393 0.10468498356408905
394 14.526377058294496
395 0.5126164297041499
396 0.0555335132253912
397 0.29265278585076515
398 0.9222242631380679
399 1.0981582313041283
400 2.234574452292638
401 2.7180416146498305
402 0.2111262413550182
403 0.5257663295179789
404 2.528868770273369
405 7.458880382774939
406 0.012469532765705683
407 2.2871290946257576
408 1.8948278833291574
409 8.215368637305023
410 0.8946834320759506
411 0.6869505382433426
412 0.2393947249755459
413 5.01661503183275
414 50.0822823762773
415 0.2725123180511076
416 0.04601758879585547
417 4.589444252671795
418 0.346289298642295
419 0.7611541967040811
420 1.967459277036221
421 0.2475802272237679
422 0.08880581186360759
423 1.094495959703913
424 11.06684372226278
425 6.552806397141919
426 0.5591578996414126
427 0.05063070272909137
428 2.865592424505688
429 2.6932988235863458
430 2.132608044776356
431 0.5409615197900421
432 1.040205403144208
433 6.09407352386449
434 1.3611228835908813
435 0.3346125563389451
436 0.13288568557915342
437 1.0800773537959163
438 9.1609129975654
439 3.323507437783056
440 1.2557344896679776
441 2.3323835186980832
442 1.24612423311609
443 0.6008196725373681
444 8.194737330455721
445 6.111285440672734
446 0.0026164233640006526
447 2.0834964174547532
448 0.25473109432730623
449 0.22139370641580602
450 0.48073435782454293
451 1.3808184135858073
452 0.8144151214247186
453 0.2443763972218766
454 5.688823604026648
455 52.6452929602617
456 3.818484125479245
457 6.4964871325154565
458 0.8379149461207971
459 4.280599874137455
460 8.791016120194055
461 16.438536100301867
462 3.1200390571227805
463 0.17164397181313454
464 12.526558687970708
465 1.862485345435871
466 1.0123066171155304
467 1.5588191657049386
468 1.0974881914377599
469 0.25829241096805594
470 1.4570739610268766
471 72.04617176809688
472 0.2493264129137461
473 0.24943737566373858
474 1.5276551892256218
475 1.4967324739243097
476 1.1689070863946258
477 0.0660672325463252
478 0.24238700795809992
479 2.464643084050513
480 0.008956692330889476
481 0.5299121526739408
482 5.650074173842858
483 8.566294535998367
484 0.21220281681002148
485 5.214821826664797
486 2.0582867756544165
487 0.08094932570873585
488 0.4733090735912256
489 8.846969854850773
490 0.11107632654415696
491 2.816193324281235
492 0.8910750151538548
493 2.351573976586662
494 1.9475262526983086
495 1.4957440543242566
496 0.06421396863227145
497 2.3848943463532697
498 0.39947418932233086
499 18.422998402650627
500 0.015486932745915456
501 0.1524979434795994
502 0.0758422952791387
503 2.642656040923125
504 0.3832887786377516
505 1.8301850314553645
506 0.5398929896386145
507 0.24238586495116451
508 0.09332792528978606
509 0.11871552838407197
510 0.19666604551681538
511 0.14307010529477857
512 4.2655425377489
513 1.4176357483090687
514 3.896372380293911
515 0.379509665871348
516 2.7421679980363862
517 2.3989180143463447
518 0.5062052337047146
519 0.10338125238795973
520 21.016331131979992
521 72.89025073091612
522 0.4665358752164995
523 1.1205585727486052
524 2.00268435789322
525 0.9422050191137338
526 5.8403237691399115
527 0.9315666206433744
528 0.25224876024888365
529 3.738910910953803
530 0.02873315646504807
531 1.2071612129930984
532 7.057382360937368
533 0.01688239295622587
534 0.2220157595645312
535 12.456688919678282
536 0.3432412791789501
537 0.19002022642513264
538 0.4126650259710644
539 2.6119110199992557
540 0.4386130952638458
541 1.6097635483900135
542 0.30549298440264394
543 0.8136939982700586
544 2.8835459602116176
545 1.7962041908743271
546 0.193663459771402
547 0.5827065972814969
548 2.639868166191735
549 0.621118527356362
550 1.4774427427759704
551 0.7721538195857156
552 0.564709454488821
553 1.0629446463826362
554 0.07715825229985007
555 0.6941716680657097
556 23.832101156988546
557 9.610139313357562
558 4.886523247883409
559 0.26508790264507004
560 0.3295912523075331
561 0.1875027112454241
562 27.165637324985145
563 0.07965219431788532
564 100.45038058157476
565 0.10128134666108973
566 7.699309585521633
567 0.015525547227501341
568 0.6155644428480863
569 10.430440925956663
570 21.952735230888543
571 2.1135742275884346
572 1.124673469975027
573 1.9005549404406838
574 0.21336400255238575
575 5.668859817991616
576 16.27202986302673
577 0.5912267946396179
578 19.560311177742502
579 0.4793709164204077
580 0.41924933968649014
581 0.10787433371124748
582 0.9155940380879823
583 0.6048440876807983
584 0.35103103292692645
585 2.4059709667030607
586 1.9079771813211095
587 0.04643239013900601
588 2.9430646415992667
589 1.5511349448437348
590 22.5449000946301
591 4.947538360498844
592 0.7295084668012052
593 0.18211201912815014
594 0.7554889402607488
595 0.5831519243715376
596 0.7934265125366696
597 0.5314959837728652
598 0.22525277113836045
599 0.19569741883526
600 0.4837501543206449
601 0.1871998592928047
602 2.0222803944637335
603 0.8973025400492483
604 0.39232246449656377
605 3.244598073844582
606 2.6654204319997667
607 0.23522890777329813
608 1.8906734828340603
609 0.15511497329746055
610 0.05383876200147802
611 2.058577328452218
612 17.51657621138232
613 2.9683562391847973
614 0.5452858358064485
615 0.6565556219102129
616 1.8791697393877032
617 0.42710856698651717
618 18.349111339245248
619 0.7772988418529337
620 0.2939094881587067
621 0.2007788645133214
622 2.578138809879729
623 0.48577991313760793
624 0.5248959906335339
625 27.01902748521888
626 0.3390485918005096
627 0.003898757812322178
628 2.091134854165381
629 0.1702692274179311
630 0.21128597854491676
631 0.9153015219106249
632 0.42590077761656525
633 1.0575241664925794
634 0.18095061529530743
635 0.10686872243653035
636 0.20399474299243675
637 0.8322137666559489
638 4.294598875763674
639 2.946695740636419
640 0.16978645637043877
641 0.4728722139417663
642 1.4996584870842353
643 1.0487821710850347
644 15.119966626185102
645 0.47444235897850945
646 0.3419349950368363
647 2.5264457917788166
648 1.5674231221387944
649 0.5615839197293215
650 0.53388518038717
651 0.8866445662988812
652 0.8204147476603089
653 1.6556590292554814
654 0.8399995895800926
655 5.596632248331155
656 4.315447080886005
657 1.9189260407047344
658 15.118053523976947
659 2.2909807888526053
660 0.3751428361674473
661 3.099325640294795
662 1.4596371792131084
663 1.2591550088412167
664 0.22821802442204187
665 0.4145224437909653
666 3.6189540460271674
667 0.6205986507835437
668 0.2281799773968608
669 1416.4968783590266
670 0.47480966355283477
671 0.9550042425124997
672 1.2130559739662283
673 0.12927998021405712
674 0.12713404818900492
675 0.04398210541979195
676 1.008958389137089
677 0.8305110465234368
678 1.0002391922616323
679 0.47354386708757074
680 1.5861786466179173
681 1.0358677692327696
682 0.966276910274585
683 0.2235530670439991
684 7.358944835126747
685 0.7141262402430324
686 0.39876107839770436
687 2.022456831058047
688 0.3909327755920854
689 0.5303186526811793
690 0.032393459899484174
691 0.7387944507748542
692 0.10851733921570762
693 14.866109502862672
694 1.3002208323893933
695 0.22569152185413746
696 6.444991165437411
697 0.3318542783237803
698 1.5670327939850237
699 0.08471100911846942
700 2.602182389901016
701 0.8698613226449786
702 0.375443143284518
703 11.743087342032513
704 0.3726589700554067
705 4.756666657956592
706 6.933906164521437
707 5.674936797214581
708 1.8636989734338718
709 1.6997752313187071
710 0.38788250905495997
711 0.14665556278904693
712 0.7811374731099859
713 0.025903657199955563
714 6.48456755262585
715 1.2723088438267351
716 4.265897505168261
717 0.05613253805212424
718 1.6434708430223015
719 0.8846566232418561
720 1.6958073281295307
721 2.1413646194309846
722 0.33373615543994345
723 0.07695493816932583
724 3.1762350639062786
725 1.1579251314752665
726 0.03026044168357437
727 0.23483662685193166
728 0.6414893408356623
729 1.3052725492071797
730 0.7222622116065469
731 0.17054709808784205
732 2.339353032524878
733 0.12894326530164077
734 1.3320504207782082
735 3.228090642343585
736 0.8373502122520782
737 6.185427660182322
738 0.12209094337605593
739 1.3494644184832243
740 0.09126123754184742
741 1.151618494428821
742 0.740215573782308
743 0.3408564938546458
744 0.16269749723269156
745 0.3017887937561448
746 0.3312688988937727
747 1.242753463702352
748 0.8533992705590795
749 3.613895444159408
750 1.796651001030066
751 0.18170423993887633
752 1.9932971882127688
753 0.023746270824512514
754 0.6583676601926667
755 0.2753454479305454
756 0.8599580505036772
757 0.08333700581524388
758 0.303809795830318
759 0.15391341904354286
760 0.01421480034070432
761 10.01300954536552
762 0.11185285823117298
763 0.14674204018482018
764 0.8491671728884174
765 0.04780952495450094
766 0.12681765158511918
767 0.28066452664236197
768 3.8416914994702855
769 0.03166459996642177
770 0.16141330401211068
771 0.6414002662569034
772 0.4642553863787345
773 0.1292836674560987
774 1.3098032867992042
775 0.7414510046736689
776 0.5806751400970814
777 1.2047318188167686
778 0.36458927276673814
779 0.03508124042612225
780 5.4084024800478305
781 3.007225694353107
782 0.7900577065503899
783 1.417672905334885
784 11.088773502739414
785 1.4500415017527029
786 1.3000116191581232
787 10.064473640324794
788 1.8521700629027062
789 0.5394782035467369
790 14.394746567046303
791 1.6240069725752198
792 0.9352610664715078
793 0.154012209188947
794 5.76769291127976
795 3.629609833976069
796 0.5146747155523135
797 0.31733867611211214
798 0.19582208671607215
799 2.7120655650053633
800 0.229130042767015
801 0.44095492252976726
802 0.24359310480984842
803 1.69422723485036
804 3.4180043679980185
805 1.3061974975021413
806 0.6750853317605757
807 1.5965588732871951
808 18.176148487856285
809 0.05875953179262473
810 0.10974293186353594
811 0.6361479274648595
812 5.314720616579279
813 0.5547637032276872
814 0.71147003589028
815 0.6525146740258393
816 2.2833753597941415
817 1.1087928922928354
818 2.890755674990708
819 1.5112197054508092
820 0.18556726740146098
821 0.8034664690769298
822 0.22010576902811896
823 1.088781515316405
824 0.05352633729382649
825 1.1249297143952206
826 0.7715218567663753
827 0.3043806831310789
828 0.18382693929532332
829 0.12581372487553713
830 22.333507357840954
831 0.1304883597344215
832 0.2420820191932994
833 0.01682278837198222
834 1.056832902890271
835 4.204903088211123
836 0.19444176372041355
837 12.507285982457525
838 0.36984268149226357
839 0.5954024183239816
840 1.0378761292279
841 28.290428231467416
842 0.01740826869275508
843 0.46585834589907593
844 9.188196330224098
845 2.138104509376699
846 5.824358914944164
847 1.1249128899665923
848 11.090703458594271
849 1.01073273809981
850 0.2640284144691311
851 2.778388284443212
852 0.1469088525233427
853 0.7811392337695438
854 1.1080221131012442
855 0.16991225812636662
856 0.5997246829479714
857 1.0721638617996576
858 70.2547893583142
859 0.32847722589685996
860 27.972558946065746
861 0.7122044939946889
862 0.20964718701435645
863 2.7385035649155336
864 0.34830750134690996
865 6.308958943581944
866 0.3431229592019132
867 0.24743079969567308
868 2.172991695102786
869 0.6370679643475275
870 1.1510911423632297
871 4.158639968174613
872 0.14228390887333792
873 1.3976086653995081
874 1.5692294582520223
875 0.498118912887612
876 0.9144767772410206
877 1.4122550446768471
878 2.5417153112959308
879 0.01211425033866459
880 0.04892372092239793
881 0.8684278204927893
882 1.1331622906478942
883 1.724279756948449
884 11.093829250665037
885 1.5832495031411955
886 0.10629122248962188
887 0.28818330910266043
888 0.05136281849816306
889 1.2598910807211623
890 0.810823634221044
891 0.08857459135204335
892 0.9745188104426764
893 0.21244024197697492
894 100.61573716082086
895 8.506054569600158
896 0.7312285687593275
897 0.8777563521178309
898 0.4187838376610711
899 16.3441417602123
900 5.414663921386127
901 0.588282086410154
902 0.42711817203422814
903 0.3597817411653303
904 3.298806528446225
905 33.958197002575496
906 0.6408604356772709
907 1.2781825274306196
908 0.7177620719335231
909 82.88324711475576
910 1.0859462582272204
911 1.0862631127550684
912 46.24660714828231
913 176.4705402796371
914 0.12644065690341744
915 2.254049350432337
916 0.14036780364586826
917 0.08003023217584446
918 0.562413753654604
919 0.6533458741768687
920 2.2238414874652235
921 3.7946520796183183
922 0.4992859862463342
923 1.7377040106036123
924 0.9899833717144292
925 1.4704526541971767
926 0.740820923370205
927 0.30529025181568276
928 279.0566908512336
929 0.2662357639523926
930 2.3009807942094693
931 0.5200390232445785
932 0.12238001893533147
933 1.0001505799998005
934 24.995366546888366
935 0.2967475765451235
936 0.03250190883091081
937 5.039779924886655
938 3.9920132985850674
939 243.76234279547336
940 1.5877479371765655
941 1.1243402752731386
942 11.632618563608853
943 0.4723758538757104
944 0.6615586981007869
945 2.5119239002679308
946 0.8338103298986917
947 2.5954166177357636
948 1.2079244716699247
949 4.222222797636259
950 0.6219438267817818
951 0.783560172591555
952 1.1899384337699885
953 0.3814981996794248
954 4.893076984459983
955 0.41157764208455927
956 1.6823281931079284
957 3.877332652453363
958 4.664663147086495
959 54.89272658454794
960 0.725499924367918
961 0.7218108844328869
962 1.3669324920340744
963 3.7685853341758384
964 3.928539111402849
965 29.797583694674156
966 1.336388917428098
967 0.12259062443478332
968 7.53993800112058
969 0.22260433612758274
970 0.4934204607118361
971 4.123326995159321
972 0.2316775949778835
973 9.572117698474159
974 0.38591577447448616
975 0.24017101435620233
976 0.5173571084876187
977 6.141238431407864
978 0.8170262450185201
979 0.7104138966329272
980 13.51856258895984
981 0.29114116998859413
982 10.403397445426457
983 51.77924162647543
984 0.08708508731102049
985 5.668614062936086
986 0.24721205784672104
987 1.4678409082718085
988 4.157155930853581
989 0.7780313768256998
990 0.07206037237615141
991 0.2746733105877654
992 35.58955838000757
993 0.22987585663302734
994 2.873603154751838
995 6.080376777012097
996 4.200825623065261
997 13.62022487440833
998 5.085419428970974
999 20.889375929989438
1000 0.6173060018776488
