1 1.3194396168596838
2 27.07046900858764
3 0.8465889427917389
4 0.513953534001287
5 6.970525394965483
6 1.1794099643601839
7 1.2979161068938398
8 0.6856877657888062
9 2.357897758430244
10 0.012472907283252854
11 1.7451537420370309
12 0.18416890466458807
13 6.599609789931987
14 9.022549793723265
15 0.01755462287255297
16 0.051200446839744215
17 0.9992982371451891
18 1.556933881507296
19 6.3591164876999136
20 0.6770793645341787
21 2.060249177489176
22 0.07428969365795991
23 0.3200228647673853
24 3.382910988075628
25 3.113300472191864
26 4.229749978545547
27 2.8058162247925034
28 0.37159836036597416
29 1.3420354042217426
30 1.5258578087386054
31 2.3534106980487244
32 3.9144024765616416
33 9.081159467215851
34 0.07254518151046588
35 5.088511457984148
36 7.010451858753174
37 9.287475661473163
38 0.6841294756424839
39 0.00877287181191052
40 3.5924934252013188
41 0.30035743908481666
42 9.464756389342488
43 0.7843654361900203
44 1.4957656724631803
45 0.12258435198667643
46 8.838657630292536
47 1.3184823283701919
48 0.2581346533331232
49 0.1405883400793846
50 161.4766876700645
51 0.31623138073138213
52 0.07282527920736236
53 3.307071501131615
54 0.2762879734255993
55 1.3029565453724747
56 6.368847231202534
57 0.2754169254742985
58 0.05982457273488244
59 0.695967095445157
60 1.6607527873445227
61 3.9938793680431264
62 157.61264049622596
63 14.712125817941104
64 2.9259295115308817
65 0.38589653594998724
66 0.2462633323031939
67 0.21995482491753232
68 4.94106063522345
69 0.25135302152858596
70 0.2890742683684476
71 0.4115481757630838
72 2.6132265733558846
73 7.3981458685709525
74 0.38243049102852755
75 7.221347394199273
76 0.09392046415725626
77 0.15137012478864129
78 4.337927967732188
79 0.00953048634199405
80 44.94225211461804
81 0.5417372256090454
82 0.46254539015774193
83 3.2078308990475386
84 0.27110235039174907
85 0.4131046597030607
86 0.24169742806760136
87 0.6081221693694328
88 0.04553516765404668
89 1.9171075403799
90 0.22114153130170364
91 2.081184641346728
92 0.48440498329470727
93 1.2111253322997058
94 10.346369922121854
95 4.574577638288405
96 1.24152345767034
97 0.21215452135695312
98 0.4958927375096255
99 0.23683215210303513
100 0.6094540880691407
101 11.868015270131677
102 0.9514917281317138
103 0.188841143513141
104 1.0135844118839485
105 15.715098351769624
106 0.012014412821091345
107 0.26345394968163977
108 0.4801447307349819
109 1.5078434535991143
110 7.118178450509115
111 1.1617022685528406
112 0.7961463212701683
113 0.3723181508524906
114 0.8259688440778075
115 0.9198373255140776
116 74.27264418090171
117 3.1686905801928194
118 5.416709069344746
119 2.311916332720006
120 0.6542937416684688
121 0.027846027099335584
122 0.2650876533036029
123 4.421987175673457
124 2.191578316235537
125 4.742134889150004
126 1.2411518395699566
127 0.9050093606428584
128 0.6650354370269862
129 0.58853665706804
130 0.9245447968814998
131 0.5583439458690258
132 0.7397717056390338
133 5.846089212806517
134 0.007362202477388176
135 788.9811869620788
136 0.2404448719612815
137 3.634932206033535
138 1.9807802705821111
139 0.13072681223340737
140 2.009662609054883
141 4.3124653864318905
142 2.6423828273890915
143 1.0628120290906347
144 3.0109625923256185
145 116.57403456128804
146 1.850764704588234
147 0.6285557488585545
148 0.01255424104083136
149 1.9189111088416546
150 1.3031032808399188
151 1.3653859837457136
152 0.7869654867309834
153 0.14005859192910716
154 0.7030779896954682
155 0.9160856175293589
156 0.007157200249433843
157 0.1442714032244101
158 12.279218058424881
159 3.720990159703699
160 14.362515742044621
161 0.3712792583698376
162 40.225070665988035
163 1.9812291518311853
164 1.4910023445536749
165 0.3152734634310514
166 7.682066578741328
167 0.1936522995385375
168 1.173693488678478
169 0.00528244869633237
170 0.25807547224766975
171 1.1316800893487318
172 0.36883145931308203
173 0.5234108027561886
174 0.03947360600636241
175 0.09074298518777678
176 1.1901203747877211
177 0.3568547050378616
178 1.21727771265254
179 11.315423273553229
180 2.05874391141362
181 2.585380223897831
182 0.43513377263723463
183 0.06799042118190123
184 4.001530174459767
185 4.536666570524537
186 0.30936290610950057
187 0.22876647445662468
188 4.56355385340269
189 2.060489268988204
190 0.5279273115621436
191 7.623316506850086
192 1.0538569809635445
193 0.6733109274595893
194 0.1616063529677127
195 0.2707880172421912
196 0.4558623356932634
197 1.02242579961339
198 5.32405681691596
199 0.3944924983136131
200 0.09104475052191423
201 7.026801153545453
202 21.159073866146894
203 1.956836291041103
204 5.990817591102456
205 0.1011856592736393
206 4.892462514246938
207 0.9726856631806378
208 0.24264946998790732
209 0.3691030790816279
210 1.1943957022976706
211 4.468781186125064
212 0.6547495550209504
213 1.8672203051556495
214 2.55228453657199
215 0.15098385952606067
216 4.578178416384528
217 1.2864752526817298
218 2.0936475547582014
219 0.8810013330149953
220 0.8127986702096052
221 1.392317210662589
222 0.10577077068167258
223 0.9691508686572005
224 0.5645075447711569
225 0.35069852678325725
226 0.5744284411862479
227 0.3702527954703923
228 12.695718554158619
229 0.946520255738382
230 0.04690087151407478
231 8.622396684617115
232 0.0484791890916786
233 0.644429335256972
234 0.27961635073892394
235 0.2791179547665179
236 1.7206401990870324
237 11.770145694919846
238 0.09276115453498589
239 0.01126665265264956
240 0.22178792815486964
241 0.5557890957361777
242 0.6013439128726396
243 1.460783672796941
244 0.41565364027311674
245 2.637403545812491
246 2.7147267457788433
247 4.779489319661246
248 2.1836527973809665
249 2.291756684573171
250 0.010415958711722692
251 0.021413488719032554
252 0.04822605299404872
253 0.19052743881487205
254 0.4444857434044481
255 1.3022524256918906
256 0.3089311613444664
257 1.6424455251062582
258 0.805161954439307
259 0.8495602431017428
260 1.7115913006707641
261 2.015889616393068
262 1.8480416359599836
263 0.39342570886916123
264 0.35625255838498787
265 0.4359206482206315
266 6.309368619063781
267 0.24138851883338328
268 0.23219529440199743
269 4.468745851673955
270 0.42554127312019174
271 0.874484731005239
272 0.2520609203749629
273 1.3521132652688588
274 0.8106763525369393
275 1.8239244688473157
276 2.1393465272171075
277 0.5937074456301363
278 0.5157297209638065
279 2.7483133118942904
280 1.0574523195765997
281 0.9928418109505663
282 2.9209370434949404
283 74.4145511940066
284 1.1177776540857451
285 1.120415725554012
286 0.7593667177176302
287 4.198255977389411
288 3.441312138427766
289 0.42504522283792184
290 1.2680988980996284
291 2.1440439526373183
292 0.5844972430593115
293 5.101682732952285
294 4.392482623753605
295 82.23005437686317
296 0.32838739420994395
297 5.927592988454465
298 1.2167891266927713
299 1.8122590248126942
300 1.1595718701270374
301 0.29756243069962063
302 0.8122889305247885
303 0.5837276847338753
304 1.2986489038129811
305 0.2690849917230642
306 3.3913529882607767
307 0.19711245782644726
308 0.7592375709676601
309 0.3068238884404151
310 0.24104208100231597
311 13.087000002303594
312 1.0413942431763563
313 23.412101881522428
314 0.7531421032863767
315 1.8791119540055667
316 6.815792392440063
317 3.610820619972116
318 0.7924864615683747
319 0.2582801420523173
320 5.652672825767537
321 4.096767881402887
322 11.210691714170103
323 0.24088238012406357
324 3.354892875879028
325 0.41626970363916427
326 0.014284116570167654
327 9.04955145698715
328 5.409602624886925
329 0.15482923018013034
330 0.4307857774271617
331 6.860405437442485
332 9.391441851486373
333 0.31438057581576845
334 6.193428483815105
335 0.3182351807561807
336 8.950279647169035
337 2.190025355054767
338 8.376210792993726
339 0.30919793106921817
340 3.0449851260022642
341 0.6929162290135592
342 1.4499219732716846
343 0.2078720205481216
344 0.10751392927846605
345 0.0018299485590352114
346 2.1421266303377933
347 38.42864602977079
348 5.101477024415373
349 0.09387129471930594
350 8.463839677072674
351 0.4790219619372996
352 2.6244449840377464
353 1.1470615781160622
354 6.24849600439197
355 0.29756136912637154
356 0.09265569946137722
357 0.8212898984817391
358 1.1474816191219437
359 30.954386242695097
360 0.7382558598984194
361 1.352465524551528
362 0.9100573607743088
363 3.385258442994186
364 0.6235013250046548
365 0.9216488041120958
366 3.2596126539324137
367 0.5085205275352219
368 2.4669288904204953
369 1.6692012083515715
370 2.5769531927915605
371 7.726825792864621
372 2.790696676646847
373 0.21827830455805192
374 22.49267588982168
375 0.20542189475334313
376 24.99904880466894
377 1.2947637305520183
378 0.05645960530637613
379 1.6289969030254
380 24.287624492063507
381 1.7554519133353708
382 1.066180191718134
383 3.5658895925835945
384 0.18299402924900693
385 3.7529329753612677
386 0.9553321279826132
387 4.244050917327775
388 4.992325295665607
389 7.842265035777328
390 3.272810507933016
391 1.5144609982690949
392 0.7216628930481161
393 0.09913268287402804
394 0.6961697604391801
395 0.1733666586689605
396 1.7592169342400534
397 0.7519973892059341
398 0.11631122735022216
399 1.771123411415698
400 6.415494329781896
401 0.28261191833758975
402 2.2476814740520714
403 1.1233594879612776
404 0.11183085899486225
405 0.4355100319255901
406 0.5380548789998288
407 0.39174195183571614
408 0.21037120922034896
409 0.5182726152220022
410 0.7645053475898206
411 7.149980488017638
412 2.8645749317362768
413 0.7274214438867176
414 1.7855653808448166
415 1.9012848940100682
416 1.2184636081344447
417 1.4271566522441905
418 0.9113704340173796
419 2.0198976511136975
420 2.523422525688886
421 0.9763412227554517
422 0.5011645819335391
423 0.9800149040066202
424 1.7174391556349855
425 6.695349559974208
426 0.6339111262692637
427 5.163999964506042
428 0.23034396915438007
429 0.027223763415612126
430 0.2047590234243835
431 1.0551439590957825
432 3.2426411810772238
433 3.215078132846667
434 14.868848732799181
435 0.25984197122055325
436 1.265560885908626
437 0.7104312841428094
438 1.1738904665082435
439 2.477314819518159
440 0.1162207365755663
441 0.5958401723906556
442 0.13326850548110755
443 0.14707337637657333
444 436.3436879528441
445 0.18200175799968993
446 0.9887062597154798
447 0.3856881674279786
448 1.0989918550051003
449 1.16275670923481
450 1.2358036153511556
451 0.2734014544926515
452 0.022403856394839463
453 0.0255955928921636
454 0.16564681770936981
455 1.1687310770617667
456 1.7160136857555348
457 0.15953195133724773
458 1.1871877056838214
459 2.0986146777061063
460 1.4851556765262313
461 3.3434150307095982
462 2.348548720649337
463 8.155623314953571
464 0.05787204353179154
465 0.4465422746780902
466 0.47548333062585607
467 0.16942862479120566
468 56.93333138427061
469 0.3306343085647299
470 0.20874141664995355
471 2.341591180519593
472 0.2679546030548034
473 0.1257700039525383
474 1.5728111991745442
475 3.9261218028018035
476 0.5131671488744854
477 0.44658395566384745
478 0.03426778947925849
479 0.012655367579891963
480 0.022963500195001277
481 2.193607993454041
482 1.2771772138339677
483 0.9334768912599002
484 0.17557723535590303
485 9.944132411501537
486 0.04991147068569556
487 0.19384403213870066
488 0.12964352499691376
489 0.44579618113692615
490 0.02078456895537957
491 0.6446218963143354
492 0.671180650001106
493 0.26709213130157167
494 30.04148309621191
495 0.8625549748396178
496 0.31597672918971353
497 2.5966607216453395
498 0.10605807570359972
499 3.7257937122453457
500 7.266810150901796
501 1.4108795674929928
502 0.9930814315917668
503 0.4237033328782824
504 0.18252475439626195
505 0.7482594599078611
506 0.26553255221475663
507 34.066375314299286
508 5.372549289435784
509 1.292464765682019
510 0.5162269382284165
511 2.4804005998739456
512 1.2162858648568375
513 0.06161162686547385
514 0.2827757331357845
515 0.0755712854624646
516 1.3986573654995895
517 1.5614507481620699
518 4.90507967838187
519 4.297290056486125
520 0.43768943683792094
521 0.9337695904480738
522 5.383553054745734
523 1.148847831482899
524 13.264819519292574
525 0.5731064512151155
526 2.4657094699243784
527 8.170398906222282
528 2.2097686711013
529 0.36307999388637213
530 0.1505038483301332
531 187.33650425393498
532 1.9534329377437714
533 0.11685404038094695
534 0.2329185443960204
535 0.05139681345031527
536 1.7227507017845824
537 23.65933287951861
538 1.211353425564034
539 0.279538162478588
540 14.068339065872388
541 0.13592678099715524
542 1.0353697607942647
543 0.36326021751181575
544 0.00098163001217092
545 0.5380928309754089
546 0.9110443209033152
547 62.27090436941329
548 0.9482681084368396
549 0.5982035453401752
550 3.2584141124548585
551 1.2004955677161087
552 1.815239476973837
553 0.26729236610890916
554 0.22422282471902558
555 0.8190478413637461
556 0.46298195529721686
557 0.4996991858811139
558 1.373502428984734
559 0.2392366471550876
560 6.916585570932722
561 0.46919888392959724
562 0.15440127946596094
563 1.6955524502070374
564 1.6133613517758552
565 0.4613868551693419
566 7.104097675141554
567 1.231111947370202
568 0.8620038270079147
569 0.6436654392264406
570 1.786069542859375
571 12.465176216382668
572 0.5099152054080546
573 7.150367275876702
574 1.150826581475424
575 0.442615829478014
576 1.8662783238282057
577 0.289603180524467
578 2.3356875462784084
579 0.7122685753582071
580 0.4289087614008032
581 1.309296584776145
582 0.1876355064267085
583 1.0267502099855357
584 0.18970806660604195
585 424.36547418976994
586 2.0948960527434597
587 0.007809457821302466
588 3.246064960186055
589 0.27710404082038914
590 0.06962281572604903
591 0.9288213178852677
592 1.2903670363393887
593 5.265144565571625
594 0.1990004648540921
595 5.350180493707687
596 138.551085739048
597 0.43381246911418064
598 3.432633891860611
599 1.216229835455669
600 10.146340439500808
601 1.8098597700634238
602 68.38260599823923
603 0.4556111105519762
604 0.10097002849477589
605 0.00215310474590189
606 2.9258676441268676
607 0.3329188767158647
608 2.563776826558796
609 9.290992288842622
610 3.6250818140929657
611 30.446422335460074
612 2.558450321574213
613 0.4265681835825653
614 1.9856384555205846
615 5.862684638929915
616 0.031195554045320758
617 0.7557338210420782
618 0.456370367543533
619 2.3014450526176744
620 0.10122890706357357
621 0.48481306578605093
622 0.11403123126988267
623 1.2259348823447467
624 34.63282328838135
625 8.440951845499768
626 0.6998043339481472
627 2.9272605737028115
628 0.29982603491919263
629 4.960504922600404
630 9.295974573188033
631 0.014396645698122717
632 2.9805807083478824
633 6.03269722899711
634 0.02985600818040885
635 4.491285014597614
636 208.04400640392672
637 1.7712786781233743
638 0.023713233787851333
639 19.333792371010325
640 2.1072948734977035
641 0.7635220103807838
642 7.473741040415949
643 6.693662551287522
644 0.9584631838395911
645 0.06959953771464684
646 15.134093153557313
647 2.554772310676463
648 2.4732368630554875
649 0.4645626962755845
650 0.1856396803870349
651 17.412274142008638
652 1.6391593346891193
653 6.340690308434189
654 0.09947583933707708
655 0.8611728586682242
656 0.17237562944267645
657 0.2409637028241299
658 6.789329081275613
659 2.735488440429134
660 2.087471146142674
661 0.10126823276232738
662 0.05788889764804515
663 0.12572313377831637
664 3.9457354597530863
665 0.49021853569495644
666 0.49562561251677356
667 5.977875454652881
668 1.7639787456466656
669 0.9916468959312896
670 0.28200249464465227
671 14.485378738892287
672 0.29835057285881417
673 4.146607870903724
674 3.4241801312346776
675 0.13938442007877788
676 4.29056906567899
677 0.5179303937611044
678 6.492731431028344
679 0.11829521934856203
680 0.48702764913335567
681 1.0674547764249536
682 0.2684646971299147
683 0.5472245970336898
684 4.59755059630341
685 2.1352999270969577
686 0.25268141920307347
687 0.11449399894363635
688 0.09762900077576009
689 1.462862758748586
690 2.804776013734072
691 1.1771350195437276
692 4.245307055863062
693 1.122974643044095
694 0.04871732975493839
695 1.883420615200828
696 0.6167766433170647
697 0.19460873467151535
698 0.14620176524291947
699 4.251433640076015
700 0.2694664354406012
701 5.0768917354041525
702 0.6506040933947795
703 1.8766716813687359
704 0.4534739900211522
705 0.020869155694284824
706 1.8597533863243598
707 1.9868751395550552
708 0.4724778467443091
709 1.5543603596670061
710 4.608447691839689
711 0.24121677837662733
712 2.9785115634685835
713 0.6561419082204275
714 0.37874059782414915
715 15.854380658764923
716 1.7699069756138703
717 3.609672056000115
718 0.7022673864006395
719 0.9979368616515144
720 0.29522008595606974
721 0.8629461109239137
722 0.6137030576331902
723 3.566171063236168
724 0.338619040551932
725 0.19987355985707303
726 476.0401057791749
727 20.185330899116423
728 1.9476570937332836
729 0.3971031162867965
730 16.824238047841117
731 0.6255984717805857
732 0.9596546207583165
733 0.9527098022593251
734 2.8090703340626386
735 0.16500774056540632
736 20.068285439246306
737 3.023795417492652
738 0.5476688797733433
739 13.78924681812191
740 0.04113583849266361
741 0.2357884463815956
742 0.006441270746882971
743 0.42098865333036417
744 2.578797347429344
745 64.51715747916828
746 0.6280555107724276
747 0.2569881472662026
748 2.5735146343190043
749 1.3330337700721875
750 0.10837183808990815
751 33.929531254156664
752 3.4978617783731503
753 2.000352872324045
754 0.4708693014453716
755 1.2458008076473732
756 7.628842350808815
757 1.4325348813186791
758 6.298343502429473
759 7.013045913415103
760 0.008175259077295842
761 9.425734852275818
762 0.143527447350211
763 0.09639456822576402
764 0.31090893892718513
765 0.6698914121316825
766 3.476249559661901
767 3.723747269911892
768 12.82819948908687
769 29.865678923499363
770 8.503490903986032
771 0.19520449066041745
772 1.1414342636538997
773 0.42471857598362917
774 0.48983159789312203
775 150.8616805551055
776 0.3868896685212405
777 1.1628168740108933
778 0.2539142962505724
779 1.071814835691902
780 2.3247695895073783
781 1.0469988952037559
782 0.029985821974761042
783 2.3398404303678997
784 2.9647550633001845
785 2.844343877777708
786 0.034391817482957596
787 501.57009068247726
788 1.3785691160722418
789 0.3835849798311769
790 0.472119358471456
791 2.55349385950772
792 0.1650498681737302
793 9.69758875009421
794 0.16073277382291745
795 1.5335744512483376
796 1.8550203243691763
797 3.113777645828393
798 1.7666321533768152
799 1.6551901364052597
800 0.9390017132386727
801 0.42399780589664815
802 0.36113345769065514
803 6.026423654353671
804 0.699222641420382
805 2.6798705748323672
806 0.10687604569760296
807 0.07777033662966303
808 0.11934065847773875
809 0.31826510379731837
810 0.568893697521007
811 0.04170912492941621
812 0.0673194545414988
813 1.2012086009591847
814 2.670019850678668
815 1.172520607305229
816 0.17312118909232962
817 1.7513247799389808
818 1.1939139371872323
819 0.30009425878141793
820 1.3754175486221112
821 1.3736066933028002
822 0.08949354726258965
823 0.40605808524122167
824 0.6001063690863451
825 1.7539714751299353
826 6.652327801619086
827 0.7933621280955371
828 0.3716841512806417
829 1.7921433377632823
830 0.022978922290703665
831 0.10312738690728335
832 0.7711177845215028
833 3.4474415154540385
834 0.7203699166530322
835 0.3444017825538434
836 0.0791508001938272
837 1.5628145500545674
838 0.3634926501133857
839 0.2524178977726889
840 0.1837893229182282
841 2.0772453372645496
842 1.3230487583859702
843 0.2276222867122664
844 0.6342016093452305
845 0.8180335097734136
846 190.44604320004908
847 3.6623848508399783
848 0.39889661041467056
849 0.27235432897190953
850 2.011434313470584
851 0.01874148190542518
852 39.19480851526279
853 1.2764327658111854
854 0.5949567790766488
855 9.172132452819385
856 1.2241158986757885
857 18.361098851939165
858 1.6439897159092447
859 2.0148358179022505
860 4.1837084111600245
861 0.12401416274191139
862 7.997652574568588
863 13.68621021385847
864 0.8272258600055541
865 5.481769065212675
866 5.990907300216731
867 0.2929210134947315
868 2.7731828541591543
869 1.4812420848750294
870 1.6932507693206744
871 26.217429673924972
872 1.7253589395548823
873 1.2547908909638152
874 1.072547298642006
875 0.08146815392355382
876 3.5369391697917467
877 2.7674901238234386
878 0.15865967163396447
879 2.1808502900794453
880 1.7137917225512094
881 0.17344505088369788
882 0.2509951934594517
883 1.4249330628209815
884 0.5561387516386469
885 1.163942474726746
886 1.2590064076898344
887 5.509790641257196
888 1.7015474129474542
889 5.259186480229715
890 2.062084532139186
891 0.0989799555280415
892 10.516801226449932
893 0.23360314108377944
894 1.7550183066414438
895 0.5116200334925329
896 6.102720391856081
897 1.599783844863443
898 7.837816688816187
899 0.3488895951431424
900 0.44954747105694526
901 9.167636245952378
902 0.42776621472796955
903 1.1232917432989353
904 32.299855918580036
905 1.2586914709660304
906 0.10757525452379203
907 0.009635173221485828
908 11.107383358365265
909 2.3054255100194108
910 1.991155286686171
911 6.475314970952438
912 0.0490721708925471
913 1.3966838318362422
914 4.196463784486831
915 0.9787978987415417
916 2.5824966192601586
917 18.158053498219445
918 3.2229098888328034
919 1.952062003472671
920 0.41908975238967316
921 0.05514765295897865
922 5.8966577024005655
923 5.929074675490316
924 2.8923261049813838
925 3.4942780012324905
926 0.2941887299626838
927 5.561869177386931
928 0.5423681935255313
929 1.0902249852248627
930 0.24402553056352877
931 0.29393269157729485
932 0.41924954144549686
933 0.25263141818510565
934 3.873519726293304
935 3.2828363956225397
936 0.10541424727164962
937 0.05642278307468735
938 4.1479286041900245
939 0.4195424839971358
940 22.34174734909947
941 2.324699741124421
942 1.21570914741531
943 0.8115311071217587
944 11.73378227849817
945 2.62356391016225
946 0.016696049444319617
947 3.991500477183038
948 0.8398193974338624
949 0.3378325482823306
950 0.07523087797123591
951 15.248250335731212
952 0.12886517150717902
953 0.4351931634525004
954 0.2238399797943767
955 3.2718092488601807
956 1.0594518087228413
957 7.418567819956342
958 0.6808810102966517
959 0.7357519652570473
960 3.2074640983891203
961 1.613017147498315
962 1.625587648220991
963 1.4301119889936786
964 0.38829412526747875
965 0.9926056876800481
966 0.06224055320115533
967 0.3893417225899438
968 0.7556464467919485
969 0.37508064594149576
970 8.38981147010072
971 0.3315359556577389
972 0.9669588172720827
973 0.8137403455372665
974 0.058834794481172806
975 1.4360049307674114
976 0.45579772753411607
977 0.17390301300049701
978 0.3139138971997314
979 0.2773251474339863
980 0.3044795805040214
981 0.9857731135327972
982 1.4897316307364556
983 1.0491291115253132
984 8.695490284628647
985 1.2054120063994704
986 0.025278660912319055
987 0.6391922163291346
988 8.003945077328444
989 1.068389746316175
990 0.31564090605114514
991 23.215224832163173
992 1.066084033561381
993 0.1305104813022054
994 0.43853035014779007
995 2.4606323672170376
996 0.06109327947773814
997 1.5950011193151545
998 0.2967796380697514
999 1.3036215991710771
1000 1.8037569712400983
