4 68 735 21 659
4 275 716 544 432
4 83 714 723 215
4 711 175 833 992
4 842 38 870 606
4 530 213 885 144
4 859 10 19 174
4 5 934 358 495
4 993 180 867 444
4 791 24 336 66
4 645 704 575 312
4 211 571 685 133
4 925 286 836 724
4 644 276 158 667
4 676 234 861 852
4 844 211 937 939
4 487 782 450 453
4 981 388 135 823
4 707 748 156 320
4 50 85 799 901
4 217 932 965 992
4 834 236 996 296
4 92 216 978 715
4 117 200 520 772
4 332 248 79 219
4 597 904 813 671
4 431 870 687 110
4 841 700 334 528
4 652 904 797 813
4 333 206 549 755
4 794 731 988 239
4 693 81 346 611
4 520 419 485 11
4 521 871 512 121
4 455 79 361 992
4 754 930 763 938
4 767 725 375 699
4 291 671 640 523
4 476 629 325 877
4 982 717 941 820
4 449 320 92 787
4 105 440 67 712
4 632 327 517 492
4 329 499 383 633
4 774 388 25 745
4 711 531 768 579
4 511 603 139 798
4 136 511 25 951
4 134 436 834 746
4 597 164 296 545
4 763 977 270 629
4 418 545 216 99
4 29 137 625 31
4 154 356 219 761
4 900 548 531 67
4 259 666 812 55
4 648 903 527 131
4 619 219 204 493
4 877 727 488 989
4 379 751 853 79
4 744 62 419 264
4 514 343 518 968
4 265 802 270 878
4 811 480 429 337
4 858 185 922 856
4 181 239 870 418
4 860 837 171 970
4 763 552 474 419
4 540 636 662 921
4 600 264 16 928
4 837 930 230 212
4 87 57 957 642
4 332 721 804 56
4 1000 928 342 898
4 675 155 965 660
4 387 557 652 882
4 644 63 801 211
4 994 721 769 855
4 261 751 318 23
4 691 284 414 636
4 99 331 782 25
4 605 382 655 306
4 668 214 702 275
4 512 656 613 913
4 548 159 353 509
4 374 42 932 816
4 720 730 307 798
4 581 385 232 696
4 854 391 441 514
4 784 982 174 823
4 103 884 242 340
4 844 67 650 17
4 733 761 413 199
4 390 371 659 526
4 660 898 444 449
4 841 385 893 731
4 558 34 191 117
4 478 827 14 62
4 852 2 582 331
4 409 344 926 931
4 750 800 433 153
4 480 916 732 898
4 918 815 931 987
4 912 60 756 254
4 646 326 111 966
4 574 32 882 383
4 491 64 33 116
4 635 765 215 663
4 237 28 885 931
4 774 326 989 527
4 46 358 696 868
4 390 342 580 191
4 557 740 356 980
4 36 823 522 63
4 345 298 987 549
4 430 520 265 120
4 36 708 169 696
4 377 16 251 17
4 1 558 81 511
4 660 419 898 653
4 960 76 236 681
4 654 925 548 951
4 180 544 71 253
4 640 381 699 613
4 98 511 885 236
4 362 5 41 443
4 802 16 40 533
4 944 495 849 401
4 571 533 683 827
4 206 673 832 766
4 98 728 936 726
4 132 546 472 507
4 424 506 341 168
4 772 124 93 665
4 134 688 318 798
4 18 744 575 76
4 137 961 242 207
4 350 506 454 650
4 18 625 642 213
4 734 456 214 726
4 466 258 567 278
4 969 808 759 177
4 493 179 701 877
4 856 180 15 525
4 690 919 405 936
4 604 559 974 759
4 865 351 545 79
4 97 54 285 615
4 850 8 668 924
4 422 717 424 509
4 636 592 760 264
4 7 80 567 700
4 716 269 480 129
4 393 996 861 472
4 473 796 274 492
4 573 876 249 36
4 552 898 188 379
4 557 249 65 177
4 682 380 30 96
4 910 536 79 340
4 837 525 443 168
4 774 745 865 781
4 324 898 768 781
4 706 70 959 822
4 590 602 156 801
4 429 146 506 502
4 539 378 794 547
4 981 828 248 462
4 781 76 876 194
4 394 769 75 13
4 711 355 976 180
4 994 65 289 799
4 224 771 42 292
4 525 371 905 33
4 162 773 57 600
4 444 502 806 207
4 677 519 380 909
4 335 442 179 217
4 822 256 447 781
4 46 161 314 23
4 354 502 827 538
4 821 164 882 721
4 125 459 30 837
4 822 377 340 493
4 401 719 831 700
4 304 219 299 363
4 604 454 346 590
4 415 787 656 925
4 703 112 547 74
4 723 139 637 736
4 408 96 157 89
4 436 752 688 285
4 986 567 75 985
4 289 398 886 463
4 152 77 247 469
4 138 843 610 124
4 121 656 346 758
4 319 361 533 831
4 246 634 549 89
4 48 80 194 89
4 496 417 582 981
4 324 23 275 696
4 591 590 333 636
4 335 806 739 386
4 269 784 826 829
4 350 244 949 913
4 647 744 209 260
4 654 413 992 600
4 630 890 70 642
4 270 562 951 219
4 403 910 707 46
4 820 139 4 172
4 364 326 425 950
4 847 878 455 844
4 182 172 103 176
4 142 525 567 385
4 344 978 13 552
4 780 121 813 419
4 980 11 836 556
4 821 912 42 221
4 879 780 320 420
4 859 897 233 833
4 526 509 126 114
4 317 472 239 151
4 933 174 116 28
4 481 813 636 630
4 698 580 168 876
4 624 486 586 293
4 669 645 526 71
4 939 41 505 627
4 979 457 856 753
4 597 678 368 899
4 859 54 594 461
4 267 496 691 340
4 838 270 120 38
4 403 699 838 136
4 246 524 303 561
4 757 632 629 976
4 412 594 621 443
4 722 437 44 360
4 559 340 574 982
4 167 683 582 62
4 983 5 256 113
4 772 907 389 234
4 562 632 510 534
4 523 632 868 120
4 273 531 634 22
4 811 301 231 828
4 11 499 625 756
4 113 930 173 455
4 793 57 676 610
4 973 830 898 318
4 309 339 788 73
4 80 921 746 340
4 530 889 998 730
4 18 436 247 696
4 672 424 89 336
4 584 645 262 553
4 309 597 687 40
4 431 178 292 449
4 59 986 460 426
4 647 331 336 597
4 785 292 608 45
4 964 2 271 695
4 803 22 380 268
4 90 815 943 831
4 492 189 867 320
4 261 700 388 670
4 906 836 425 331
4 257 125 477 281
4 375 853 282 490
4 836 866 349 286
4 584 156 742 676
4 872 816 866 44
4 952 452 761 720
4 113 263 880 234
4 438 789 518 130
4 145 887 657 755
4 444 869 53 553
4 644 142 803 936
4 19 855 794 60
4 251 951 116 808
4 436 824 168 317
4 487 24 326 94
4 850 786 232 685
4 247 713 191 221
4 176 228 726 707
4 45 891 560 368
4 711 381 546 232
4 820 90 241 430
4 903 326 678 198
4 136 278 740 953
4 11 5 111 310
4 847 318 51 980
4 71 918 678 916
4 510 858 207 775
4 52 496 32 893
4 273 410 561 535
4 605 764 521 366
4 534 531 598 311
4 20 796 953 940
4 162 361 67 175
4 690 995 985 913
4 927 735 96 988
4 534 610 407 458
4 294 699 840 683
4 234 800 166 74
4 588 448 644 164
4 96 248 684 598
4 478 871 409 499
4 880 280 522 486
4 981 549 504 652
4 398 293 932 551
4 645 938 931 58
4 754 99 376 193
4 136 511 566 23
4 860 333 996 955
4 11 752 633 220
4 307 832 174 29
4 452 640 992 976
4 829 990 489 196
4 542 576 873 256
4 624 893 254 352
4 430 321 521 879
4 423 296 627 830
4 30 756 463 650
4 52 175 399 139
4 992 499 546 69
4 666 567 525 216
4 948 423 771 200
4 711 118 25 636
4 792 328 631 289
4 558 524 588 935
4 788 530 138 35
4 324 519 69 869
4 894 909 746 164
4 811 77 831 787
4 384 639 373 908
4 564 95 685 381
4 592 176 658 373
4 269 462 415 779
4 207 619 120 428
4 294 953 89 630
4 718 952 710 781
4 962 342 953 389
4 220 508 178 13
4 758 70 659 80
4 375 912 180 778
4 99 657 306 684
4 434 182 396 689
4 103 764 926 367
4 623 921 51 776
4 668 492 376 920
4 478 22 518 737
4 114 987 973 269
4 224 648 2 537
4 993 189 290 594
4 791 285 344 707
4 152 8 712 491
4 183 695 21 38
4 695 317 98 16
4 532 554 931 219
4 675 739 317 815
4 480 586 116 359
4 979 462 551 573
4 395 99 932 514
4 562 199 322 74
4 811 773 354 216
4 516 17 953 306
4 391 81 741 50
4 208 532 99 233
4 94 936 489 211
4 694 848 648 607
4 616 272 61 874
4 210 187 417 883
4 111 656 989 814
4 902 488 769 804
4 719 464 678 759
4 727 642 522 20
4 27 44 678 906
4 259 781 586 325
4 732 258 827 713
4 45 665 57 708
4 791 385 788 117
4 903 998 740 133
4 500 434 306 454
4 665 135 270 620
4 866 67 343 229
4 487 634 499 348
4 431 177 719 100
4 251 361 133 807
4 87 497 500 213
4 261 32 292 976
4 956 399 829 115
4 458 400 263 540
4 500 970 927 454
4 666 796 53 794
4 967 108 17 884
4 868 249 959 453
4 535 747 389 143
4 413 487 347 723
4 512 286 10 968
4 666 89 603 472
4 257 171 924 48
4 979 454 297 629
4 25 452 120 389
4 94 190 54 400
4 137 41 961 708
4 204 59 656 672
4 597 636 820 158
4 625 897 79 99
4 143 726 160 627
4 722 702 319 399
4 518 530 471 317
4 74 475 952 950
4 693 298 40 314
4 431 789 533 35
4 324 540 19 885
4 857 256 890 305
4 740 493 499 750
4 487 627 342 361
4 121 620 36 32
4 30 762 949 684
4 632 466 927 828
4 692 265 643 986
4 424 725 406 67
4 581 786 823 53
4 441 481 891 853
4 574 139 466 889
4 881 149 9 769
4 158 461 959 771
4 578 968 155 719
4 923 617 110 160
4 923 543 70 632
4 791 96 541 133
4 663 896 652 421
4 158 331 965 612
4 357 638 776 773
4 111 971 816 905
4 317 445 108 965
4 235 415 493 878
4 711 475 817 803
4 450 100 541 845
4 709 195 132 770
4 951 199 843 261
4 706 91 349 523
4 362 106 605 381
4 676 22 681 590
4 237 221 533 25
4 12 415 588 602
4 443 568 126 60
4 944 429 498 327
4 918 663 498 349
4 128 76 691 528
4 203 717 6 467
4 909 318 777 974
4 582 159 968 990
4 578 608 100 58
4 137 861 868 193
4 602 877 132 228
4 187 121 962 951
4 105 911 26 515
4 389 759 639 234
4 45 584 828 94
4 606 73 544 338
4 134 69 573 448
4 708 915 914 762
4 746 896 759 159
4 462 882 23 367
4 986 870 237 124
4 726 24 957 947
4 312 190 300 310
4 97 78 207 252
4 204 370 996 122
4 591 158 234 826
4 857 351 523 547
4 837 882 441 965
4 593 100 424 41
4 350 562 365 564
4 412 898 104 928
4 510 490 946 629
4 562 843 615 756
4 2 868 215 648
4 445 23 104 704
4 1000 239 38 51
4 666 689 792 337
4 536 849 221 380
4 718 760 531 296
4 836 762 627 376
4 545 479 816 495
4 169 182 24 33
4 980 144 974 794
4 476 246 271 320
4 640 116 301 259
4 628 192 322 316
4 875 56 689 983
4 331 611 624 718
4 606 613 617 318
4 312 9 938 678
4 374 544 889 977
4 56 801 462 905
4 205 425 571 368
4 845 289 626 21
4 867 653 625 179
4 170 361 423 973
4 195 760 359 400
4 404 239 664 961
4 246 840 454 180
4 157 569 735 696
4 415 46 740 251
4 713 908 476 152
4 793 986 658 536
4 21 966 94 225
4 67 638 868 864
4 153 125 779 216
4 994 246 456 328
4 521 247 483 856
4 145 231 885 301
4 173 978 692 392
4 967 735 264 894
4 494 397 42 456
4 890 239 187 989
4 393 634 493 137
4 605 878 352 618
4 624 684 444 582
4 329 847 594 567
4 774 265 473 30
4 496 916 513 974
4 27 327 513 378
4 772 61 487 974
4 719 505 117 207
4 127 613 10 214
4 450 400 389 936
4 487 236 877 133
4 818 858 544 884
4 9 425 341 644
4 393 522 966 200
4 36 511 279 254
4 858 459 827 407
4 504 470 191 128
4 372 434 564 735
4 960 755 657 231
4 297 349 477 425
4 743 862 913 376
4 582 654 879 556
4 205 249 804 336
4 785 686 624 562
4 825 54 347 37
4 210 363 256 428
4 435 565 183 665
4 669 648 151 48
4 839 11 113 378
4 122 668 681 300
4 2 425 29 951
4 162 445 329 920
4 945 823 585 236
4 85 387 380 185
4 902 493 311 608
4 441 101 714 188
4 972 508 638 929
4 399 448 456 954
4 590 497 439 963
4 945 332 357 488
4 538 498 34 439
4 813 614 196 560
4 733 102 86 764
4 449 721 372 851
4 9 192 654 954
4 269 4 972 859
4 587 897 841 665
4 942 862 119 927
4 391 274 215 551
4 230 337 826 764
4 574 444 497 877
4 691 265 815 152
4 702 502 308 474
4 391 903 887 417
4 554 729 607 250
4 860 73 3 606
4 5 367 695 674
4 566 466 306 982
4 324 233 698 189
4 210 909 779 230
4 707 901 678 10
4 429 533 977 458
4 9 176 808 108
4 387 228 995 762
4 659 662 917 568
4 677 474 178 230
4 172 100 882 194
4 730 977 353 799
4 480 523 777 305
4 162 192 69 654
4 7 278 133 344
4 422 159 977 537
4 572 35 755 276
4 255 283 125 731
4 156 240 682 238
4 790 515 141 15
4 944 217 996 249
4 674 786 546 430
4 925 336 953 801
4 675 307 22 811
4 559 191 777 880
4 275 876 212 885
4 858 461 117 498
4 159 333 762 858
4 646 15 89 162
4 666 291 680 701
4 587 691 282 500
4 246 729 654 936
4 240 569 83 696
4 229 697 984 356
4 737 48 702 537
4 719 346 174 902
4 969 550 509 420
4 587 28 35 500
4 379 471 323 677
4 204 898 335 412
4 1000 580 864 122
4 857 413 559 489
4 839 600 774 779
4 609 507 444 328
4 848 550 805 119
4 157 860 326 225
4 953 100 547 732
4 676 427 700 815
4 426 599 116 698
4 125 658 282 773
4 587 678 447 571
4 261 600 151 243
4 196 493 341 882
4 466 806 778 461
4 314 905 518 432
4 165 514 767 556
4 374 599 278 271
4 534 400 617 141
4 836 636 517 594
4 1 747 876 59
4 672 358 896 506
4 649 995 782 914
4 570 351 300 433
4 754 464 513 283
4 647 705 118 93
4 646 932 987 403
4 693 221 424 168
4 338 596 54 215
4 259 886 885 119
4 500 791 961 523
4 727 732 40 424
4 170 259 559 13
4 712 772 870 429
4 310 29 93 716
4 444 415 215 370
4 243 305 563 417
4 727 262 458 921
4 325 601 420 242
4 56 219 814 274
4 406 941 777 704
4 13 505 589 268
4 309 544 217 427
4 435 535 568 753
4 138 964 437 562
4 675 916 167 758
4 647 827 897 653
4 754 756 691 492
4 793 879 82 521
4 821 193 931 997
4 568 303 679 199
4 466 140 223 262
4 672 89 21 132
4 132 546 191 366
4 335 907 756 269
4 553 707 103 899
4 291 186 831 882
4 117 549 776 777
4 68 947 607 197
4 60 987 370 580
4 859 842 33 622
4 772 423 808 51
4 875 843 581 652
4 863 678 321 251
4 213 638 399 824
4 884 900 154 957
4 282 855 339 488
4 743 578 951 683
4 735 96 207 783
4 312 935 694 322
4 860 416 63 226
4 989 142 544 776
4 860 117 218 240
4 961 386 296 957
4 261 142 620 203
4 284 323 92 856
4 693 879 353 705
4 381 798 871 652
4 741 995 692 592
4 187 951 551 574
4 495 68 730 819
4 682 679 691 264
4 669 448 941 198
4 955 472 608 314
4 124 845 21 637
4 952 984 298 686
4 890 381 826 827
4 604 844 770 326
4 899 502 698 764
4 170 154 825 688
4 433 490 138 996
4 584 970 461 957
4 631 135 530 66
4 210 710 487 738
4 635 784 98 507
4 921 306 100 749
4 820 339 962 928
4 183 547 952 701
4 235 650 323 242
4 787 482 353 88
4 390 842 28 840
4 947 337 488 773
4 95 990 887 968
4 980 342 376 509
4 960 660 761 607
4 771 161 367 260
4 647 989 504 21
4 152 524 506 281
4 105 683 919 383
4 56 861 799 599
4 821 865 206 328
4 184 131 791 956
4 568 363 290 936
4 506 684 789 215
4 357 592 871 829
4 704 17 868 902
4 985 471 93 607
4 820 584 836 641
4 36 329 471 246
4 381 152 79 392
4 336 49 287 29
4 983 842 998 918
4 743 153 805 703
4 467 270 988 39
4 875 772 606 219
4 218 644 184 706
4 406 107 609 46
4 69 469 948 946
4 659 257 798 399
4 11 645 777 194
4 465 513 42 176
4 408 778 222 147
4 52 803 707 644
4 156 212 95 578
4 170 449 508 650
4 818 153 63 296
4 650 850 571 25
4 333 280 123 926
4 501 574 356 627
4 437 819 525 129
4 208 468 756 320
4 822 76 908 651
4 968 615 10 618
4 353 694 477 547
4 557 68 354 749
4 999 899 593 624
4 535 10 410 480
4 177 950 68 736
4 114 485 452 98
4 449 560 58 844
4 624 10 796 720
4 919 302 863 306
4 858 848 815 776
4 98 905 399 99
4 343 387 141 219
4 190 954 653 46
4 188 194 856 803
4 929 984 194 328
4 829 578 774 623
4 431 184 508 457
4 126 898 297 954
4 651 381 565 893
4 879 229 196 708
4 512 909 547 780
4 857 480 602 781
4 429 560 169 447
4 176 428 345 154
4 39 161 89 26
4 844 902 650 371
4 48 568 880 406
4 422 631 328 302
4 113 164 26 3
4 7 942 673 80
4 157 754 377 97
4 332 574 959 177
4 994 561 616 603
4 433 220 73 39
4 165 203 80 867
4 418 738 707 794
4 1000 706 306 242
4 605 493 933 789
4 85 589 73 7
4 939 65 957 287
4 384 479 289 345
4 734 984 21 48
4 972 800 988 401
4 655 125 224 504
4 886 293 897 129
4 619 702 816 698
4 484 920 747 348
4 402 593 905 119
4 256 268 859 632
4 753 601 760 531
4 899 799 451 515
4 251 250 40 518
4 412 946 930 283
4 45 72 481 520
4 138 548 871 66
4 293 457 488 876
4 281 444 245 835
4 245 718 89 81
4 587 600 932 637
4 647 648 935 111
4 502 547 151 110
4 408 63 529 660
4 681 736 538 484
4 410 562 326 214
4 894 814 681 871
4 282 250 64 462
4 261 398 806 218
4 529 15 704 945
4 526 184 651 685
4 325 615 466 398
4 530 680 495 714
4 387 588 507 107
4 457 423 143 755
4 693 413 899 332
4 528 154 191 938
4 27 103 48 582
4 150 66 702 19
4 465 191 145 723
4 516 991 215 302
4 646 292 518 302
4 251 935 264 695
4 9 549 354 886
4 397 426 870 347
4 904 732 314 750
4 418 81 600 276
4 420 798 848 96
4 669 924 981 230
4 854 24 286 263
4 125 968 102 77
4 1000 624 131 86
4 263 274 983 184
4 859 64 807 63
4 71 320 81 877
4 233 652 799 21
4 510 927 930 759
4 415 824 752 511
4 147 388 184 307
4 180 195 683 231
4 716 970 746 721
4 654 998 392 89
4 422 884 300 174
4 123 370 13 398
4 754 369 988 908
4 241 900 76 594
4 223 359 49 660
4 830 14 866 938
4 415 372 886 770
4 136 831 272 274
4 852 470 551 615
4 232 921 507 385
4 751 729 309 714
4 52 925 738 900
4 982 777 507 724
4 626 355 83 536
4 105 744 166 960
4 699 889 957 742
4 929 720 155 73
4 624 53 712 930
4 375 26 784 915
4 431 951 581 400
4 758 36 106 308
4 653 13 419 667
4 554 758 913 491
4 7 578 753 931
4 953 706 388 570
4 966 24 339 292
4 793 701 126 950
4 773 57 907 895
4 516 461 38 41
4 791 650 942 937
4 269 835 772 616
4 699 673 909 486
4 889 901 576 541
4 691 907 794 31
4 46 676 262 642
4 859 665 412 56
4 850 890 73 427
4 218 554 915 143
4 923 609 15 263
4 765 846 610 356
4 315 311 935 637
4 672 330 380 609
4 75 350 625 774
4 739 882 731 563
4 277 17 524 643
4 98 303 900 775
4 889 939 207 667
4 884 570 930 749
4 897 911 608 788
4 671 483 432 948
4 225 39 821 143
4 45 459 772 823
4 646 202 586 677
4 935 494 922 242
4 158 996 414 94
4 833 214 767 485
4 434 816 219 149
4 668 415 618 607
4 122 539 495 21
4 538 160 120 98
4 690 737 795 125
4 802 695 845 337
4 639 86 903 574
4 986 382 298 694
4 255 760 326 710
4 699 42 615 808
4 32 221 33 518
4 979 678 438 849
4 810 554 571 544
4 570 753 820 745
4 127 221 739 593
4 375 399 460 710
4 297 68 205 671
4 285 566 922 298
4 467 239 232 915
4 79 255 697 643
4 292 155 813 725
4 729 56 462 651
4 875 650 305 545
4 975 290 420 902
4 416 706 876 920
4 194 912 30 34
4 206 702 619 182
4 997 505 346 165
4 327 605 902 148
4 963 913 973 488
4 892 751 461 846
4 550 210 925 452
4 812 363 693 891
4 825 54 320 920
4 98 985 773 568
4 780 400 333 227
4 3 920 252 461
4 855 49 667 331
4 570 660 629 618
4 383 284 877 411
4 820 784 889 507
4 620 730 663 399
4 913 179 759 329
4 467 791 524 160
4 807 457 380 956
4 735 310 585 353
4 66 346 867 513
4 79 370 258 511
4 873 724 522 446
4 173 118 941 29
4 564 644 493 11
4 264 511 254 660
4 785 513 517 315
4 811 959 855 551
4 810 468 484 377
4 511 866 122 163
4 206 505 703 21
4 139 61 910 554
4 676 255 360 504
4 291 906 584 290
4 95 607 747 501
4 168 574 581 36
4 960 305 223 588
4 204 965 519 471
4 625 94 10 482
4 11 829 142 968
4 620 476 28 83
4 273 256 731 315
4 373 313 721 492
4 856 680 667 650
4 390 928 790 816
4 918 652 594 328
4 237 86 638 110
4 725 163 544 211
4 204 872 442 898
4 55 120 960 538
4 958 23 799 342
4 605 323 414 97
4 755 571 103 897
4 516 356 506 952
4 423 100 769 825
4 45 546 621 934
4 52 953 528 602
4 408 548 782 564
4 368 154 863 302
4 873 22 951 532
4 706 133 213 396
4 55 381 871 820
4 459 521 706 209
4 355 255 873 797
4 751 486 800 577
4 977 258 842 550
4 802 3 60 521
4 135 286 804 15
4 542 737 746 714
4 948 956 239 387
4 500 371 72 66
4 150 171 600 697
4 646 94 710 743
4 604 466 458 56
4 412 93 217 501
4 124 222 93 327
4 413 768 31 316
4 43 917 366 108
4 691 659 887 896
4 432 331 91 323
4 412 658 119 950
4 564 815 784 956
4 866 338 793 39
4 711 195 529 796
4 76 391 733 630
4 846 247 939 741
4 504 560 440 125
4 691 507 638 144
4 645 46 289 298
4 911 602 827 271
4 431 723 832 6
4 328 612 323 888
4 19 590 904 881
4 244 589 6 417
4 4 275 474 227
4 243 342 137 11
4 416 950 169 135
4 534 493 39 221
4 279 165 959 215
4 638 119 400 174
4 838 594 186 827
4 864 835 176 371
4 577 942 954 806
4 945 380 38 612
4 779 113 150 493
4 993 417 605 177
4 114 639 264 910
4 754 345 686 605
4 189 462 874 213
4 183 520 477 899
4 532 763 880 802
4 210 599 457 145
4 55 53 190 420
4 814 196 167 80
4 201 100 937 778
4 597 690 107 949
4 626 936 552 294
4 608 238 376 834
4 206 253 904 869
4 97 949 11 969
4 317 625 257 928
4 729 898 343 418
4 763 267 378 950
4 903 200 42 908
4 680 891 17 477
4 7 41 879 594
4 741 102 623 465
4 129 593 872 665
4 94 618 820 47
4 323 611 901 815
4 78 809 621 239
4 453 678 428 373
4 334 331 62 713
4 495 80 461 408
4 292 416 114 987
4 574 28 254 856
4 652 813 76 975
4 983 92 918 960
4 183 971 251 57
4 827 486 485 707
4 977 983 193 859
4 898 709 567 747
4 690 217 749 797
4 552 736 777 340
4 111 708 768 22
4 668 40 773 163
4 45 396 958 699
4 842 326 258 905
4 319 942 438 712
4 329 535 537 684
4 727 316 473 583
4 354 230 85 701
4 151 826 596 938
4 203 468 437 222
4 359 433 764 224
4 3 410 37 397
4 492 750 35 825
4 817 809 155 849
4 785 476 653 764
4 210 687 442 598
4 668 883 813 561
4 310 682 958 144
4 173 177 80 94
4 447 87 791 431
4 820 713 912 433
4 871 211 154 475
4 422 879 270 497
4 944 441 935 536
4 279 247 339 73
4 653 515 595 35
4 365 954 710 778
4 535 286 761 239
4 401 99 589 295
4 401 383 387 961
4 837 732 825 738
4 208 25 441 39
4 881 599 306 701
4 960 101 996 565
4 747 598 618 209
4 944 759 744 940
4 43 124 961 343
4 285 232 747 850
4 389 768 968 875
4 620 940 298 697
4 780 674 226 159
4 171 750 792 587
4 616 462 563 658
4 862 286 736 330
4 850 525 209 753
4 335 861 942 92
4 717 656 735 352
4 65 180 81 905
4 469 731 948 116
4 756 28 135 336
4 431 72 676 506
4 332 972 341 522
4 338 486 258 910
4 693 342 907 633
4 434 617 427 209
4 568 466 228 251
4 573 262 300 463
4 1 874 652 729
4 557 471 333 798
4 587 225 553 201
4 290 661 905 719
4 60 459 73 185
4 413 983 579 719
4 55 762 155 992
4 204 954 659 725
4 117 415 167 181
4 850 887 712 833
4 190 672 629 323
4 280 37 320 221
4 277 839 468 307
4 791 757 661 732
4 19 188 823 545
4 552 643 705 487
4 344 439 221 566
4 675 927 498 737
4 539 380 639 147
4 481 565 622 492
4 646 950 76 953
4 124 125 172 192
4 403 569 268 781
4 645 93 164 155
4 1 982 310 309
4 165 381 419 158
4 693 44 82 960
4 305 106 132 787
4 966 75 207 218
4 818 521 806 865
4 122 554 506 250
4 635 941 195 372
4 98 268 149 975
4 255 247 329 269
4 512 549 20 538
4 355 123 494 100
4 90 747 878 889
4 945 104 791 708
4 188 689 33 561
4 967 153 936 926
4 844 838 930 370
4 512 202 516 843
4 876 936 760 118
4 753 670 596 884
4 813 18 177 281
4 606 448 997 489
4 866 884 82 73
4 608 19 971 655
4 846 876 466 717
4 147 388 97 36
4 624 236 13 163
4 65 555 424 984
4 237 387 66 659
4 184 920 533 103
4 797 120 178 57
4 398 199 411 648
4 711 532 204 844
4 797 89 887 662
4 391 629 228 214
4 450 439 531 73
4 529 313 710 120
4 475 75 511 974
4 22 585 48 687
4 651 737 387 196
4 889 471 13 293
4 312 177 833 443
4 590 177 789 511
4 635 457 537 452
4 538 627 761 47
4 112 242 648 372
4 398 729 663 684
4 499 664 16 426
4 273 174 659 115
4 851 781 259 155
4 811 293 490 626
4 564 541 318 856
4 401 375 126 705
4 227 605 330 837
4 704 28 370 537
4 449 524 461 951
4 334 125 337 40
4 769 48 932 303
4 423 401 622 927
4 203 240 179 140
4 263 73 338 100
4 118 605 598 231
4 259 586 871 432
4 395 282 532 383
4 820 821 373 788
4 604 28 84 253
4 999 454 580 505
4 919 962 370 871
4 837 441 179 839
4 854 883 823 618
4 455 137 677 839
4 574 88 993 697
4 734 987 168 264
4 925 631 424 988
4 52 336 580 74
4 831 602 702 155
4 346 15 179 965
4 277 971 303 345
4 186 970 987 701
4 921 917 964 956
4 1 371 740 667
4 109 809 44 149
4 557 661 119 93
4 993 217 831 962
4 516 635 636 145
4 512 737 716 383
4 829 724 707 428
4 754 42 850 670
4 824 670 253 480
4 308 59 758 915
4 426 806 658 385
4 899 984 689 599
4 157 138 740 19
4 840 304 242 458
4 389 108 936 238
4 136 443 516 436
4 774 123 307 679
4 178 868 161 303
4 55 360 689 353
4 918 774 878 862
4 253 999 791 896
4 319 696 29 770
4 187 385 503 504
4 857 671 497 151
4 500 531 276 451
4 675 137 897 202
4 222 53 996 745
4 952 987 889 700
4 641 134 10 110
4 736 207 62 85
4 538 673 371 566
4 360 198 258 31
4 780 662 148 983
4 797 175 533 864
4 831 517 874 120
4 393 38 61 813
4 173 327 904 247
4 412 472 505 396
4 854 642 859 123
4 223 827 662 801
4 963 382 451 97
4 889 706 569 655
4 734 77 905 312
4 917 509 488 983
4 952 125 282 65
4 651 714 241 452
4 4 784 521 266
4 850 551 618 700
4 838 912 335 698
4 875 57 374 701
4 514 797 397 565
4 389 373 427 519
4 390 178 493 503
4 597 734 750 845
4 872 487 919 213
4 872 718 40 88
4 284 361 884 901
4 963 411 519 407
4 575 679 464 196
4 511 962 110 199
4 837 555 972 878
4 404 13 918 198
4 404 137 978 103
4 770 335 995 30
4 406 467 310 836
4 852 405 787 62
4 604 868 108 84
4 636 386 629 882
4 727 562 621 623
4 316 944 476 259
4 159 618 22 999
4 651 681 341 143
4 814 584 988 41
4 572 258 137 301
4 456 672 742 254
4 127 796 917 901
4 979 680 679 7
4 97 271 900 109
4 539 831 263 979
4 52 412 380 972
4 97 470 158 593
4 985 59 415 460
4 947 22 219 364
4 539 454 681 520
4 165 235 645 650
4 999 349 280 912
4 691 604 689 873
4 631 229 937 928
4 1 761 903 883
4 645 610 145 542
4 173 522 841 388
4 205 325 318 176
4 587 434 743 667
4 466 807 76 264
4 163 616 522 400
4 299 298 899 420
4 738 970 521 67
4 486 196 310 161
4 371 965 767 186
4 109 458 762 821
4 542 419 876 433
4 362 456 556 421
4 673 460 724 596
4 875 129 945 53
4 654 871 56 276
4 772 29 5 696
4 210 322 532 679
4 495 844 325 414
4 818 451 209 696
4 1 984 551 77
4 838 628 724 47
4 966 670 38 555
4 302 790 223 500
4 175 497 462 219
4 210 177 764 164
4 659 958 385 903
4 203 492 131 365
4 865 98 132 619
4 557 363 844 314
4 82 956 280 353
4 713 101 871 810
4 569 311 512 598
4 375 566 269 583
4 555 245 683 440
4 160 826 125 621
4 170 671 59 151
4 195 304 12 48
4 565 352 673 131
4 839 420 119 279
4 203 613 863 930
4 750 745 882 275
4 263 386 934 313
4 682 593 271 268
4 155 596 993 470
4 309 203 4 51
4 205 609 482 792
4 867 47 658 569
4 891 19 531 187
4 404 917 806 976
4 535 525 362 739
4 208 101 292 629
4 170 20 921 817
4 70 643 352 849
4 813 274 489 962
4 112 728 608 633
4 729 209 469 919
4 497 12 370 198
4 892 636 855 90
4 450 572 176 285
4 720 63 609 965
4 900 281 943 163
4 892 39 605 757
4 340 608 789 328
4 172 602 209 869
4 639 189 396 947
4 371 65 663 703
4 902 639 176 833
4 494 388 864 837
4 793 380 471 653
4 447 161 111 615
4 775 519 339 373
4 572 411 494 376
4 450 486 948 319
4 175 192 795 698
4 449 689 239 557
4 494 180 941 599
4 718 912 416 792
4 305 38 87 128
4 892 501 532 203
4 297 155 517 523
4 672 926 369 642
4 49 773 165 580
4 193 444 11 439
4 814 777 823 484
4 640 465 485 692
4 364 657 70 999
4 645 886 598 420
4 831 839 721 461
4 686 546 254 918
4 635 616 549 748
4 188 698 269 62
4 966 554 423 15
4 162 719 179 779
4 655 562 125 524
4 693 819 111 429
4 205 854 381 810
4 401 452 573 952
4 606 510 448 368
4 675 562 444 697
4 820 996 752 22
4 894 978 986 153
4 779 223 617 433
4 786 242 5 906
4 747 520 773 602
4 693 725 966 44
4 534 773 599 250
4 374 970 71 352
4 894 137 521 251
4 786 519 648 520
4 150 31 772 51
4 827 566 381 399
4 538 899 546 766
4 294 968 279 587
4 560 720 111 732
4 503 457 396 17
4 616 116 890 204
4 175 264 540 88
4 583 748 111 996
4 48 845 298 40
4 772 620 166 237
4 663 465 318 551
4 540 336 257 445
4 255 607 662 216
4 559 570 707 477
4 616 975 383 837
4 338 336 150 317
4 867 357 33 929
4 983 318 469 248
4 344 561 485 154
4 401 769 280 607
4 325 712 27 242
4 966 119 909 323
4 807 343 987 753
4 232 111 661 659
4 183 133 802 960
4 927 30 626 951
4 630 370 836 656
4 929 543 969 450
4 156 247 248 274
4 734 338 197 730
4 205 397 526 396
4 445 251 504 856
4 362 155 648 471
4 452 322 641 48
4 582 525 26 482
4 948 786 704 264
4 802 26 849 580
4 450 283 725 696
4 632 876 64 356
4 406 171 919 978
4 654 637 462 142
4 654 419 558 306
4 821 777 601 460
4 59 334 437 79
4 743 876 164 300
4 271 417 975 391
4 279 314 901 177
4 420 837 820 692
4 559 730 974 546
4 810 197 207 806
4 462 146 107 930
4 779 677 104 189
4 666 203 419 824
4 582 590 587 515
4 189 419 756 321
4 84 679 946 905
4 223 156 984 973
4 539 708 992 638
4 985 477 342 695
4 180 256 827 600
4 442 67 548 817
4 872 912 557 54
4 912 124 916 936
4 162 452 226 419
4 953 858 764 984
4 128 398 57 714
4 690 662 29 931
4 825 589 969 527
4 785 964 114 342
4 404 787 726 129
4 604 792 419 251
4 167 250 737 968
4 892 558 42 421
4 532 521 708 322
4 403 271 431 995
4 699 206 302 446
4 292 775 556 774
4 727 452 42 709
4 873 910 209 490
4 790 381 135 654
4 171 245 228 110
4 579 878 704 648
4 297 274 216 54
4 830 833 836 635
4 389 356 974 28
4 841 429 448 460
4 11 164 101 219
4 867 609 194 227
4 986 163 883 562
4 568 332 903 477
4 251 293 256 527
4 994 167 615 750
4 118 149 5 300
4 760 37 981 173
4 450 988 326 649
4 774 361 367 679
4 46 53 848 913
4 252 806 701 566
4 559 359 839 254
4 456 345 529 241
4 299 300 762 387
4 722 265 527 507
4 422 321 71 673
4 875 816 670 975
4 200 298 339 806
4 501 730 428 270
4 952 144 326 62
4 505 482 35 365
4 371 179 456 790
4 326 934 968 805
4 626 231 909 339
4 583 814 102 349
4 784 550 480 957
4 229 716 67 152
4 291 248 551 680
4 605 730 849 756
4 693 144 141 758
4 665 966 279 301
4 344 247 284 413
4 743 551 472 361
4 240 746 75 238
4 651 509 868 495
4 7 764 110 275
4 114 811 477 816
4 765 531 461 426
4 349 936 274 115
4 423 298 912 989
4 675 511 344 886
4 52 824 484 223
4 710 679 188 784
4 398 188 367 937
4 415 551 704 370
4 859 112 617 284
4 453 100 563 996
4 790 239 397 620
4 418 322 284 32
4 32 81 477 391
4 68 40 698 233
4 786 118 834 86
4 285 10 896 723
4 871 310 70 386
4 574 786 760 862
4 993 81 897 883
4 43 222 996 385
4 20 278 585 144
4 86 707 387 578
4 62 488 253 129
4 364 760 426 171
4 373 55 853 588
4 402 669 227 180
4 181 65 904 349
4 850 426 731 347
4 397 133 58 361
4 314 989 452 472
4 466 750 481 763
4 892 949 51 562
4 205 238 369 551
4 456 910 116 866
4 431 297 934 40
4 802 222 748 687
4 558 599 612 680
4 188 766 515 88
4 973 650 848 771
4 379 577 106 849
4 569 600 113 971
4 645 299 25 301
4 734 524 575 441
4 205 498 9 595
4 143 505 77 146
4 441 799 3 181
4 162 807 572 209
4 675 936 615 174
4 857 514 462 577
4 115 156 506 176
4 864 990 202 497
4 122 254 971 161
4 280 590 924 745
4 986 149 223 524
4 502 301 38 845
4 653 657 219 327
4 344 502 870 384
4 571 757 765 856
4 444 580 627 114
4 117 721 172 528
4 624 519 296 315
4 729 250 355 416
4 722 468 840 569
4 495 51 208 773
4 779 38 652 361
4 699 456 209 986
4 52 54 802 898
4 552 965 997 266
4 891 692 626 846
4 443 369 140 782
4 187 388 168 41
4 952 366 528 141
4 597 231 240 21
4 354 151 132 511
4 52 901 673 689
4 925 499 924 348
4 253 145 121 661
4 13 446 71 300
4 453 424 962 520
4 324 870 856 152
4 805 64 538 376
4 9 992 835 537
4 19 255 176 302
4 952 115 562 799
4 496 689 42 509
4 971 870 314 87
4 751 269 550 925
4 982 382 760 601
4 327 302 455 990
4 467 440 954 667
4 703 386 44 859
4 663 40 637 469
4 947 271 525 74
4 61 684 463 987
4 205 484 209 291
4 564 174 329 321
4 699 512 684 903
4 637 576 509 471
4 171 621 941 116
4 646 562 976 360
4 743 385 488 118
4 403 765 976 722
4 850 50 922 310
4 572 879 498 644
4 360 584 108 462
4 960 741 895 408
4 711 260 523 508
4 669 427 422 627
4 894 141 542 716
4 793 849 64 498
4 802 382 796 315
4 26 75 850 997
4 115 606 254 988
4 604 400 561 193
4 591 924 880 265
4 836 95 177 548
4 640 596 897 884
4 210 537 412 816
4 690 286 159 692
4 109 887 876 834
4 952 168 935 549
4 890 888 637 439
4 860 482 271 702
4 624 816 789 140
4 905 22 685 228
4 402 350 479 59
4 161 647 853 153
4 822 679 133 761
4 626 601 932 671
4 929 247 26 768
4 604 410 938 75
4 173 938 254 962
4 939 801 345 617
4 291 560 216 765
4 257 859 2 365
4 973 380 398 637
4 273 292 716 666
4 688 391 957 335
4 640 81 544 612
4 7 687 438 45
4 167 676 575 912
4 675 552 193 114
4 362 246 889 479
4 365 525 377 482
4 862 271 718 459
4 889 382 133 235
4 280 396 564 742
4 928 6 315 896
4 521 798 958 463
4 626 710 948 171
4 288 893 63 938
4 792 356 313 694
4 980 305 582 118
4 130 744 661 85
4 291 938 770 104
4 90 537 343 123
4 284 921 335 27
4 944 707 40 548
4 592 76 525 15
4 943 988 70 907
4 614 881 472 679
4 1 786 349 258
4 363 270 216 252
4 237 81 165 71
4 104 398 73 881
4 726 528 11 887
4 43 506 774 330
4 113 941 233 789
4 535 622 66 440
4 1000 703 978 695
4 203 972 259 817
4 950 576 145 414
4 132 612 574 577
4 811 123 28 682
4 61 490 763 173
4 151 973 699 118
4 859 747 609 975
4 553 129 934 852
4 382 707 44 471
4 595 59 758 886
4 972 139 407 871
4 2 635 885 113
4 691 984 114 797
4 395 383 508 714
4 254 242 766 326
4 732 427 112 343
4 475 102 348 767
4 183 575 466 420
4 467 130 555 700
4 134 78 338 349
4 664 287 296 186
4 478 664 264 827
4 920 538 502 163
4 873 416 224 114
4 206 638 491 835
4 932 372 294 317
4 32 279 285 456
4 434 23 106 702
4 183 586 51 104
4 402 733 809 253
4 923 456 634 87
4 960 933 851 3
4 312 309 617 343
4 839 315 971 635
4 110 796 715 600
4 122 935 766 510
4 155 86 88 421
4 786 824 336 81
4 624 479 463 316
4 706 135 168 975
4 420 865 189 121
4 866 454 254 156
4 645 370 111 613
4 237 249 487 396
4 56 443 725 197
4 857 24 781 730
4 105 695 341 487
4 663 173 490 955
4 162 44 831 538
4 820 748 966 428
4 281 970 446 524
4 967 311 116 904
4 97 466 276 107
4 394 464 605 814
4 974 706 615 499
4 686 735 179 749
4 1 439 519 731
4 335 221 954 215
4 147 17 732 852
4 559 97 567 191
4 785 575 550 117
4 402 357 342 670
4 754 679 140 71
4 535 411 965 488
4 291 361 368 833
4 608 877 511 871
4 222 172 578 581
4 312 81 463 147
4 253 85 913 499
4 52 234 800 425
4 788 35 530 307
4 558 216 961 924
4 641 423 334 786
4 903 367 738 178
4 236 60 757 943
4 43 540 683 450
4 675 648 5 499
4 575 231 845 407
4 240 671 783 528
4 929 873 798 175
4 324 180 770 905
4 645 795 612 820
4 292 862 451 191
4 369 321 33 877
4 591 927 821 485
4 441 225 729 135
4 501 671 984 947
4 495 798 524 257
4 474 807 187 650
4 540 446 854 994
4 675 878 983 421
4 743 44 696 781
4 507 382 21 489
4 633 896 35 370
4 218 253 159 482
4 309 314 639 100
4 858 251 384 633
4 633 371 578 650
4 516 943 92 206
4 840 692 575 143
4 1000 122 291 19
4 60 898 71 465
4 979 253 999 565
4 85 22 519 679
4 117 549 519 992
4 691 148 601 567
4 707 253 952 417
4 986 889 251 759
4 668 481 505 464
4 11 865 632 523
4 500 551 103 34
4 821 488 212 315
4 362 200 12 583
4 844 419 312 706
4 593 834 703 392
4 315 145 988 575
4 668 540 706 361
4 618 487 563 656
4 56 631 722 732
4 291 559 266 474
4 152 919 272 421
4 463 608 943 826
4 353 260 77 231
4 478 282 425 948
4 999 479 215 946
4 597 53 888 836
4 597 396 126 353
4 9 629 301 812
4 333 287 392 938
4 532 207 834 180
4 18 691 232 788
4 399 795 752 631
4 825 41 595 254
4 334 541 973 298
4 96 749 837 50
4 167 282 581 644
4 381 546 160 752
4 786 231 345 406
4 727 533 378 386
4 34 347 678 771
4 674 685 267 870
4 82 603 726 363
4 542 757 867 660
4 162 102 308 285
4 750 987 283 123
4 162 117 970 741
4 864 10 19 648
4 409 100 987 914
4 587 866 802 933
4 852 565 902 840
4 271 907 107 429
4 286 253 6 949
4 711 507 612 25
4 362 239 3 212
4 69 244 775 482
4 114 254 898 642
4 117 961 523 248
4 455 887 70 343
4 573 851 308 194
4 848 977 923 713
4 449 347 823 219
4 540 193 74 777
4 827 29 457 288
4 848 302 2 5
4 725 290 814 658
4 241 897 794 698
4 619 976 233 771
4 999 335 561 662
4 501 154 771 536
4 570 187 171 708
4 479 89 396 781
4 679 19 787 363
4 81 747 809 740
4 727 49 571 644
4 36 141 547 420
4 81 969 57 562
4 180 949 549 757
4 395 362 923 556
4 645 404 346 798
4 173 294 858 163
4 637 480 103 306
4 652 774 845 60
4 572 715 250 370
4 46 858 124 490
4 150 554 366 642
4 431 58 839 900
4 256 163 10 779
4 802 320 982 674
4 948 202 652 805
4 395 627 377 507
4 651 742 898 259
4 60 691 75 125
4 750 574 658 939
4 375 47 538 479
4 516 449 191 119
4 403 375 142 589
4 446 101 698 215
4 323 413 718 129
4 802 642 346 877
4 859 405 910 159
4 437 146 840 91
4 573 837 904 839
4 691 860 776 828
4 309 653 570 535
4 921 798 934 932
4 9 412 408 539
4 161 35 135 614
4 508 177 958 174
4 825 958 308 347
4 966 800 565 952
4 372 873 166 771
4 390 933 667 177
4 686 475 839 974
4 542 205 639 59
4 847 340 549 880
4 945 88 32 536
4 780 744 909 983
4 394 575 967 270
4 979 6 914 448
4 277 892 282 885
4 261 244 165 92
4 76 774 957 679
4 552 637 317 823
4 847 686 57 776
4 61 471 45 975
4 564 549 947 623
4 930 492 503 934
4 466 607 774 575
4 408 492 631 363
4 357 121 935 901
4 900 721 451 320
4 650 220 963 730
4 711 168 400 688
4 394 801 342 446
4 875 153 73 520
4 343 284 626 978
4 555 354 967 458
4 986 84 20 820
4 892 985 937 934
4 866 876 567 657
4 184 964 884 338
4 872 744 326 293
4 854 127 313 417
4 588 399 164 93
4 69 940 610 20
4 911 593 292 106
4 266 589 601 818
4 184 485 976 852
4 669 979 837 628
4 883 766 689 189
4 181 454 724 29
4 124 685 245 360
4 408 884 209 760
4 654 342 757 72
4 324 935 239 251
4 437 689 804 288
4 22 101 469 57
4 323 532 787 153
4 591 768 960 702
4 963 317 434 907
4 228 803 127 800
4 895 164 586 613
4 818 171 282 350
4 379 816 716 575
4 22 158 244 917
4 772 681 746 48
4 409 499 189 601
4 889 328 376 228
4 993 542 27 466
4 711 351 62 686
4 33 101 679 750
4 334 46 92 921
4 651 612 380 441
4 65 943 876 714
4 299 63 453 743
4 188 990 163 924
4 741 143 585 399
4 422 379 446 832
4 84 21 296 511
4 96 549 831 231
4 162 928 96 147
4 453 777 967 70
4 535 581 919 173
4 515 536 528 533
4 964 700 629 143
4 312 494 886 89
4 707 695 281 96
4 372 735 123 301
4 80 771 879 271
4 822 234 232 159
4 722 143 267 580
4 193 861 932 336
4 606 257 513 903
4 786 946 82 716
4 238 321 698 955
4 991 829 737 953
4 669 264 813 905
4 863 701 594 407
4 432 742 618 882
4 872 624 359 478
4 210 528 765 280
4 927 408 541 207
4 817 118 897 526
4 403 621 129 734
4 980 132 234 168
4 802 426 831 795
4 799 476 710 51
4 455 214 254 258
4 334 723 576 707
4 226 524 156 778
4 880 816 599 58
4 125 560 524 204
4 34 373 242 129
4 350 248 40 240
4 717 258 678 639
4 844 252 614 451
4 666 393 759 629
4 404 466 178 45
4 713 169 368 465
4 871 22 888 609
4 886 142 830 612
4 453 141 608 341
4 322 949 865 32
4 269 863 612 877
4 596 222 691 37
4 294 447 536 475
4 481 40 10 425
4 422 703 104 827
4 325 350 583 681
4 904 179 617 733
4 560 682 648 909
4 949 547 767 388
4 467 125 299 325
4 694 59 420 194
4 635 497 615 724
4 230 764 950 753
4 563 633 940 23
4 581 23 961 126
4 404 550 475 655
4 423 679 380 67
4 65 294 407 825
4 119 981 442 186
4 743 852 144 337
4 830 697 642 182
4 204 809 387 590
4 820 342 778 195
4 846 515 788 704
4 665 154 884 10
4 938 915 322 916
4 181 428 171 960
4 630 718 784 317
4 446 426 415 696
4 975 25 341 200
4 223 274 586 51
4 533 374 100 62
4 285 281 870 442
4 555 310 278 136
4 587 814 444 876
4 440 144 445 556
4 413 527 712 674
4 846 890 180 131
4 3 148 629 567
4 186 820 7 925
4 377 813 679 107
4 820 27 478 400
4 944 577 824 364
4 429 670 213 513
4 98 569 414 182
4 711 107 399 854
4 382 893 367 543
4 569 922 749 415
4 894 91 967 68
4 94 617 519 821
4 646 292 636 587
4 605 119 4 684
4 55 83 546 706
4 98 424 895 967
4 688 160 645 506
4 818 152 242 893
4 785 984 934 108
4 269 523 530 118
4 568 358 551 804
4 966 910 66 60
4 157 435 761 874
4 740 337 189 920
4 172 799 177 931
4 646 872 244 804
4 228 706 907 896
4 422 805 247 257
4 903 180 248 40
4 333 561 475 388
4 26 356 144 505
4 897 928 67 938
4 360 490 702 452
4 588 419 797 766
4 639 989 413 567
4 312 264 197 576
4 822 254 282 987
4 114 745 386 478
4 722 808 791 888
4 15 508 865 248
4 433 625 849 824
4 851 32 685 869
4 201 742 355 716
4 682 532 831 677
4 942 432 262 638
4 55 905 490 160
4 786 481 890 898
4 31 726 386 845
4 402 284 893 164
4 584 419 567 785
4 422 288 97 994
4 552 847 448 725
4 469 220 209 778
4 232 53 307 24
4 779 251 295 479
4 927 105 245 73
4 399 502 939 910
4 142 653 637 966
4 45 486 186 383
4 646 768 170 312
4 396 298 603 880
4 470 451 909 759
4 948 178 782 221
4 872 834 856 377
4 165 761 726 764
4 6 131 525 10
4 241 172 996 992
4 393 959 505 148
4 778 253 27 594
4 299 595 709 219
4 944 757 687 339
4 1 425 638 272
4 608 474 522 76
4 677 846 361 34
4 947 625 957 179
4 541 769 902 221
4 293 426 35 629
4 652 438 274 19
4 90 476 722 487
4 36 40 149 69
4 918 234 656 13
4 875 158 908 989
4 205 155 694 858
4 551 453 408 83
4 297 934 958 343
4 183 431 613 824
4 184 935 392 544
4 950 178 331 776
4 852 256 341 376
4 181 793 605 35
4 551 72 14 547
4 758 287 103 968
4 358 651 921 511
4 840 14 294 843
4 378 365 965 803
4 807 705 465 765
4 1 549 370 382
4 719 791 853 961
4 334 129 418 224
4 167 432 535 887
4 628 455 164 317
4 346 900 111 679
4 269 477 53 165
4 514 952 22 457
4 354 438 262 214
4 729 318 917 724
4 201 340 932 370
4 550 491 179 499
4 390 949 772 297
4 376 889 856 548
4 636 578 83 99
4 723 856 823 459
4 31 653 897 530
4 963 573 461 448
4 854 985 990 663
4 985 222 173 159
4 217 331 987 451
4 857 862 766 535
4 11 909 905 105
4 948 773 940 618
4 499 70 257 569
4 655 339 440 14
4 237 551 841 525
4 552 114 736 65
4 641 708 778 317
4 597 96 316 652
4 27 363 976 255
4 802 550 616 208
4 43 520 993 940
4 103 636 190 642
4 791 777 432 858
4 573 477 913 910
4 402 990 396 681
4 846 551 489 930
4 574 236 561 154
4 699 218 520 625
4 880 382 445 505
4 393 105 416 861
4 447 272 535 311
4 539 506 513 100
4 709 658 340 109
4 515 856 796 632
4 783 804 75 103
4 229 371 188 631
4 351 94 255 11
4 960 411 799 749
4 204 223 389 325
4 464 363 232 486
4 283 152 696 773
4 216 339 468 874
4 817 419 647 711
4 201 118 685 848
4 650 49 364 719
4 743 331 764 806
4 796 951 397 780
4 579 431 953 272
4 56 158 36 856
4 855 568 993 458
4 690 236 16 624
4 810 611 522 433
4 901 716 560 824
4 299 116 401 176
4 360 863 406 410
4 784 31 227 233
4 840 751 836 607
4 796 725 838 289
4 103 305 378 432
4 368 229 523 226
4 373 909 472 221
4 5 761 827 4
4 831 547 659 655
4 362 848 609 534
4 908 524 588 202
4 447 490 68 990
4 925 790 911 369
4 812 607 461 201
4 597 680 724 268
4 630 444 924 432
4 963 948 98 752
4 929 891 245 100
4 89 299 918 882
4 322 772 146 272
4 233 116 458 282
4 11 104 408 971
4 860 249 370 777
4 773 361 41 769
4 838 275 64 595
4 635 715 682 536
4 309 198 942 745
4 447 69 816 649
4 162 772 235 799
4 228 871 158 2
4 594 849 168 321
4 494 232 969 760
4 722 980 217 63
4 167 866 345 764
4 466 420 399 349
4 402 730 107 137
4 875 277 337 171
4 785 239 275 567
4 663 211 900 912
4 945 383 905 271
4 55 91 113 169
4 609 525 308 674
4 309 439 962 424
4 847 318 414 288
4 150 260 151 579
4 772 513 428 806
4 332 22 291 984
4 529 914 358 821
4 295 773 656 158
4 309 59 466 708
4 441 914 629 972
4 208 968 228 247
4 822 418 991 190
4 541 588 707 452
4 579 578 469 132
4 360 423 940 274
4 723 410 418 713
4 942 171 873 272
4 518 520 837 475
4 362 965 439 160
4 214 356 484 541
4 786 221 62 577
4 277 121 753 162
4 402 951 527 545
4 433 969 761 89
4 449 95 512 285
4 275 877 363 102
4 628 952 49 169
4 890 705 898 513
4 134 407 12 853
4 619 284 829 586
4 802 372 653 125
4 435 717 898 514
4 441 964 482 329
4 693 618 592 513
4 422 416 565 47
4 774 159 35 176
4 149 444 772 620
4 344 800 899 805
4 157 783 568 53
4 535 99 209 885
4 450 554 396 488
4 393 157 870 678
4 665 567 161 952
4 181 959 27 45
4 45 388 287 737
4 246 726 723 132
4 850 445 145 75
4 832 163 13 36
4 8 492 781 970
4 305 66 238 544
4 713 132 73 455
4 148 922 726 193
4 474 300 937 934
4 402 866 800 691
4 807 668 57 602
4 350 578 796 685
4 294 250 694 521
4 676 682 35 196
4 938 989 345 50
4 583 747 200 865
4 857 973 395 315
4 208 22 491 545
4 436 902 557 356
4 443 260 987 320
4 287 829 40 569
4 988 834 705 83
4 323 420 512 557
4 994 956 28 567
4 675 836 248 974
4 431 351 370 899
4 600 458 880 957
4 929 301 302 544
4 162 469 218 802
4 156 383 605 821
4 994 41 923 701
4 557 420 849 875
4 635 98 178 871
4 1000 548 699 57
4 837 331 116 887
4 925 512 182 423
4 437 784 493 915
4 875 266 146 277
4 637 698 667 510
4 999 668 451 903
4 972 963 724 478
4 738 163 399 29
4 397 698 341 499
4 651 22 226 585
4 291 732 549 956
4 744 369 484 315
4 994 589 465 131
4 377 711 863 136
4 532 42 22 715
4 810 685 8 283
4 683 886 338 350
4 854 407 608 167
4 223 380 17 765
4 859 523 238 366
4 402 782 461 718
4 850 154 782 494
4 832 905 10 363
4 98 294 432 85
4 970 54 928 522
4 179 766 865 474
4 187 949 565 480
4 591 251 298 24
4 55 382 692 811
4 966 274 430 176
4 190 76 588 901
4 711 516 408 42
4 418 962 726 263
4 713 245 457 96
4 31 681 131 150
4 691 371 672 973
4 933 248 363 653
4 850 222 879 702
4 431 895 710 969
4 431 224 451 425
4 68 589 812 850
4 805 761 154 815
4 784 781 282 276
4 434 244 421 525
4 688 390 26 714
4 734 884 391 105
4 850 931 867 61
4 984 742 10 131
4 45 488 187 367
4 393 355 177 995
4 977 870 946 649
4 860 593 108 358
4 755 806 342 258
4 864 623 242 537
4 903 313 766 131
4 655 447 486 886
4 257 327 650 279
4 616 643 477 278
4 406 93 610 99
4 543 69 656 367
4 157 97 215 481
4 377 428 386 922
4 412 139 350 456
4 686 125 995 895
4 986 592 550 293
4 847 779 835 591
4 558 185 59 656
4 166 200 676 250
4 751 843 517 668
4 559 670 920 213
4 646 954 949 691
4 583 370 187 702
4 66 499 524 328
4 675 347 954 625
4 953 217 341 823
4 654 632 565 575
4 623 73 575 23
4 870 13 653 369
4 883 653 335 32
4 155 314 372 991
4 635 828 10 948
4 963 276 764 872
4 737 356 489 681
4 785 736 317 514
4 957 23 920 435
4 814 153 439 981
4 256 522 557 552
4 979 672 595 226
4 511 169 401 158
4 114 5 473 177
4 157 166 202 131
4 581 652 505 734
4 919 432 451 569
4 560 531 605 464
4 553 31 323 835
4 496 113 350 599
4 647 323 140 55
4 205 777 381 475
4 812 969 18 496
4 151 446 196 76
4 20 748 274 198
4 872 758 309 930
4 952 653 440 735
4 857 505 665 894
4 829 547 685 500
4 694 244 29 286
4 265 164 350 542
4 150 297 450 667
4 564 985 687 407
4 573 349 338 672
4 710 54 715 336
4 354 369 829 866
4 680 869 465 12
4 507 681 581 329
4 433 151 491 479
4 862 298 968 701
4 579 219 730 494
4 678 10 845 47
4 660 88 782 745
4 369 199 948 901
4 7 733 81 826
4 711 512 383 222
4 466 929 732 378
4 462 990 391 757
4 165 906 605 618
4 635 367 432 414
4 458 519 109 552
4 45 442 99 823
4 693 702 64 851
4 94 392 188 853
4 441 519 84 842
4 840 233 550 703
4 95 570 495 795
4 542 559 597 837
4 552 360 9 257
4 251 498 913 285
4 93 748 815 560
4 64 341 374 794
4 597 512 544 815
4 375 953 537 705
4 134 451 92 544
4 676 529 856 633
4 984 427 871 907
4 45 770 98 296
4 420 244 632 985
4 131 22 121 823
4 395 692 257 955
4 854 105 571 802
4 372 790 72 206
4 705 176 262 692
4 36 204 749 641
4 6 692 573 63
4 415 669 195 885
4 263 910 337 625
4 969 316 879 124
4 190 794 618 951
4 728 846 879 435
4 309 877 369 669
4 779 876 648 885
4 581 638 607 891
4 285 685 489 286
4 666 160 338 24
4 438 454 78 804
4 384 526 660 196
4 324 807 425 774
4 793 668 206 679
4 312 102 511 311
4 3 619 628 96
4 865 543 784 337
4 422 882 74 213
4 338 108 60 955
4 441 247 61 797
4 566 356 509 962
4 404 293 171 558
4 319 398 503 523
4 291 248 789 893
4 261 499 727 466
4 569 311 724 561
4 136 316 131 560
4 269 590 702 791
4 230 194 781 206
4 171 752 912 396
4 997 694 861 601
4 24 322 737 196
4 325 419 881 98
4 850 382 5 442
4 251 263 74 756
4 260 459 334 841
4 666 116 997 85
4 446 118 904 438
4 557 149 223 825
4 151 21 898 102
4 832 687 563 887
4 669 375 957 843
4 194 971 545 985
4 512 430 196 26
4 147 101 964 602
4 492 804 497 615
4 774 80 109 491
4 182 570 113 244
4 674 215 454 70
4 665 278 516 109
4 996 149 715 934
4 994 704 975 388
4 727 272 703 283
4 840 330 306 541
4 190 427 558 181
4 926 68 876 581
4 389 919 134 930
4 854 354 104 549
4 616 114 238 63
4 166 219 993 591
4 449 149 759 216
4 906 346 592 742
4 526 472 48 213
4 465 244 303 742
4 906 518 272 288
4 918 96 681 286
4 130 840 257 895
4 113 419 562 910
4 192 382 254 940
4 56 491 508 801
4 430 88 8 938
4 38 19 296 427
4 924 602 506 75
4 415 586 809 258
4 500 343 140 335
4 846 698 479 708
4 791 809 802 20
4 259 213 715 137
4 128 445 380 595
4 237 613 576 866
4 411 842 789 424
4 582 808 621 581
4 91 448 68 470
4 223 995 337 656
4 243 740 318 672
4 540 742 413 390
4 653 612 975 120
4 975 151 178 731
4 850 26 862 309
4 165 321 868 883
4 671 426 411 919
4 368 358 48 366
4 8 233 772 327
4 391 260 341 504
4 641 448 919 698
4 212 25 493 116
4 944 438 66 503
4 165 389 848 343
4 832 23 947 357
4 673 24 990 787
4 875 928 258 505
4 606 633 586 883
4 687 460 116 805
4 844 819 108 726
4 332 56 116 737
4 350 417 29 406
4 150 927 363 605
4 915 328 345 268
4 317 927 973 763
4 422 297 232 573
4 415 16 520 895
4 956 21 265 517
4 375 62 934 237
4 267 351 441 301
4 190 186 768 175
4 347 958 550 153
4 590 73 474 564
4 817 386 67 870
4 624 96 881 528
4 4 294 125 112
4 98 71 970 292
4 848 578 160 12
4 822 849 148 444
4 801 515 190 141
4 726 937 826 786
4 35 246 212 75
4 595 768 28 99
4 422 824 478 977
4 145 809 418 657
4 338 836 281 251
4 744 633 440 490
4 535 341 320 346
4 947 716 400 687
4 393 278 728 334
4 325 231 941 455
4 59 239 411 24
4 398 974 629 828
4 122 948 321 433
4 8 50 102 787
4 423 231 270 736
4 836 495 91 190
4 686 145 891 664
4 750 478 5 292
4 670 447 900 710
4 738 657 625 939
4 103 427 971 14
4 505 987 474 720
4 859 630 305 580
4 854 189 316 200
4 45 95 405 296
4 495 256 686 731
4 583 642 27 36
4 43 100 555 308
4 657 40 84 272
4 177 399 377 967
4 889 182 107 916
4 831 887 329 725
4 415 760 56 510
4 387 168 328 392
4 324 663 664 781
4 113 484 311 316
4 41 250 981 274
4 655 226 956 828
4 203 470 238 635
4 852 732 666 467
4 362 283 302 761
4 350 760 946 738
4 500 607 671 769
4 455 257 875 915
4 722 357 629 419
4 847 74 275 798
4 32 108 10 543
4 659 194 466 324
4 170 576 351 633
4 516 569 411 782
4 69 620 828 236
4 237 359 695 951
4 376 34 221 298
4 590 759 507 47
4 360 371 883 451
4 640 722 12 115
4 130 224 940 211
4 401 705 669 610
4 280 773 96 927
4 395 196 731 741
4 151 118 361 294
4 279 637 285 35
4 596 873 215 118
4 325 851 888 182
4 409 501 151 448
4 445 615 447 798
4 478 310 414 946
4 866 336 687 973
4 360 777 617 803
4 655 554 537 842
4 603 919 941 143
4 105 531 831 150
4 553 774 851 622
4 305 908 654 386
4 924 998 482 281
4 413 63 883 86
4 383 49 45 922
4 640 702 17 803
4 9 118 773 80
4 945 844 662 210
4 762 828 846 444
4 631 145 163 313
4 754 940 138 196
4 68 20 442 14
4 618 476 416 357
4 838 239 630 326
4 640 224 301 396
4 555 127 527 635
4 175 707 904 999
4 500 346 178 982
4 640 367 855 674
4 659 637 852 296
4 675 491 425 850
4 690 249 988 627
4 201 794 947 731
4 465 105 862 356
4 932 517 209 935
4 912 932 787 827
4 389 336 459 970
4 636 773 12 707
4 902 291 475 445
4 276 329 174 496
4 219 740 848 128
4 985 934 313 22
4 860 744 10 565
4 935 599 921 327
4 334 680 472 296
4 72 48 322 936
4 430 339 650 256
4 710 129 704 689
4 496 369 230 183
4 669 12 347 158
4 452 300 632 808
4 631 221 211 238
4 395 773 347 394
4 429 384 115 912
4 952 622 54 556
4 309 533 689 623
4 56 739 508 972
4 429 300 956 714
4 960 98 550 323
