6 543 455 239 77 595 462
6 319 139 656 443 570 762
6 635 693 198 368 510 153
6 619 584 123 898 178 581
6 110 799 273 16 211 892
6 576 805 361 233 242 227
6 285 342 103 810 267 941
6 987 865 41 228 223 838
6 42 468 219 338 620 167
6 129 981 112 712 521 464
6 844 840 863 283 901 275
6 124 171 956 682 438 808
6 832 478 321 983 861 212
6 981 361 747 91 736 497
6 635 769 744 121 571 849
6 270 734 285 988 955 386
6 141 893 686 497 925 955
6 241 233 873 698 180 467
6 247 507 550 812 988 462
6 563 61 399 214 794 835
6 763 898 891 179 801 614
6 654 536 801 519 44 633
6 793 373 533 424 163 225
6 312 222 294 539 948 858
6 527 190 414 364 166 489
6 311 652 691 43 42 984
6 579 960 285 4 679 600
6 628 91 743 737 458 401
6 454 999 749 449 121 500
6 960 338 481 775 230 203
6 237 960 885 163 406 640
6 831 878 610 917 690 682
6 85 491 899 426 591 725
6 463 148 674 839 112 866
6 534 108 111 460 19 605
6 337 645 893 60 819 718
6 792 660 12 707 919 649
6 878 797 242 742 516 488
6 750 459 192 952 780 218
6 538 888 449 487 850 173
6 269 311 674 149 917 766
6 709 685 656 700 771 634
6 455 483 463 758 126 816
6 814 451 342 479 678 258
6 261 107 844 68 591 280
6 774 613 216 486 75 529
6 563 440 287 163 574 868
6 478 241 708 185 859 332
6 686 85 979 486 832 897
6 531 206 874 768 395 984
6 864 922 590 669 290 558
6 752 745 628 171 270 127
6 56 268 227 384 829 407
6 441 4 690 164 444 940
6 497 660 229 733 77 520
6 151 507 442 700 978 838
6 803 732 25 693 120 560
6 954 665 373 63 998 560
6 807 864 863 432 731 569
6 265 126 792 734 47 918
6 767 219 165 326 544 710
6 742 111 77 542 371 408
6 712 61 438 911 868 649
6 650 898 803 776 118 343
6 31 104 126 617 998 446
6 62 312 377 219 143 771
6 759 568 208 403 943 391
6 372 820 577 345 419 556
6 166 534 58 706 106 710
6 69 965 906 330 832 808
6 925 369 561 235 633 195
6 261 494 735 302 916 409
6 831 175 447 167 638 450
6 583 871 69 509 454 723
6 192 954 752 802 269 322
6 545 469 884 77 833 84
6 932 823 292 781 393 724
6 746 805 250 724 419 740
6 623 950 45 599 859 690
6 213 452 436 336 636 343
6 831 272 327 871 403 146
6 29 291 242 97 120 401
6 882 993 873 443 322 806
6 568 567 673 256 22 492
6 190 793 236 453 285 28
6 752 85 922 591 678 43
6 545 875 357 364 693 212
6 530 967 130 302 77 370
6 599 646 801 917 146 568
6 830 712 438 294 477 386
6 499 354 123 460 548 700
6 750 997 214 395 84 234
6 819 79 848 363 439 492
6 376 345 906 524 757 275
6 760 976 58 208 918 164
6 585 726 972 833 512 982
6 545 525 41 104 773 417
6 815 158 952 356 36 838
6 2 651 202 879 544 366
6 133 486 447 581 166 234
6 485 9 664 418 760 133
6 950 226 835 221 303 422
6 635 750 369 602 133 558
6 685 797 493 787 939 389
6 862 782 986 973 718 370
6 696 903 629 83 265 894
6 543 632 64 616 462 322
6 646 567 809 308 725 324
6 385 214 205 253 409 21
6 604 336 221 75 286 120
6 862 912 712 774 483 564
6 777 334 607 898 773 48
6 9 341 121 655 536 287
6 945 929 958 917 668 849
6 612 960 735 647 296 743
6 184 777 886 121 472 963
6 906 360 56 432 571 627
6 801 347 377 586 117 295
6 515 162 229 46 798 146
6 170 733 430 542 217 409
6 66 915 945 816 614 157
6 107 52 69 980 748 345
6 924 646 617 902 395 977
6 336 966 32 354 439 687
6 131 275 664 433 1000 314
6 2 205 856 289 474 397
6 309 461 356 263 439 20
6 563 788 848 900 33 858
6 109 650 260 215 457 38
6 71 744 815 589 62 308
6 643 699 837 634 849 838
6 261 685 93 78 867 609
6 491 172 994 594 465 528
6 767 97 472 632 430 554
6 983 443 720 164 89 897
6 62 325 299 419 546 984
6 213 644 655 562 681 50
6 145 525 726 869 462 577
6 550 111 247 88 759 781
6 478 459 263 943 571 568
6 138 423 517 841 437 435
6 658 613 21 79 362 259
6 680 835 367 994 110 640
6 247 248 126 537 910 927
6 145 854 786 163 276 940
6 179 313 110 888 347 489
6 147 369 250 503 368 944
6 714 414 317 821 679 255
6 686 261 854 227 329 417
6 307 975 708 671 417 560
6 885 416 285 350 99 664
6 71 771 297 14 212 286
6 282 854 171 587 616 139
6 216 550 769 488 267 295
6 747 614 389 508 191 125
6 440 376 596 305 691 314
6 398 352 701 163 950 87
6 258 924 81 588 199 955
6 367 449 483 371 399 509
6 711 339 77 515 198 982
6 11 14 906 433 710 919
6 283 57 399 681 238 473
6 831 670 705 352 642 437
6 831 311 666 50 757 846
6 129 246 578 656 950 520
6 578 388 551 403 423 872
6 767 221 99 610 417 295
6 617 11 799 1000 890 435
6 579 438 932 24 13 104
6 602 882 758 921 560 220
6 413 9 922 837 104 173
6 1 770 36 632 199 64
6 185 128 332 940 473 422
6 887 595 444 513 720 234
6 29 881 933 571 105 838
6 937 342 447 436 350 969
6 109 916 362 48 498 401
6 190 133 339 652 837 20
6 525 364 376 544 569 740
6 197 415 11 903 851 506
6 289 298 484 956 973 727
6 275 559 399 306 842 672
6 504 575 78 593 173 383
6 405 795 185 975 894 622
6 739 673 538 573 529 378
6 91 339 347 989 588 605
6 109 18 130 254 778 933
6 206 67 769 444 462 290
6 683 444 862 693 881 177
6 714 770 606 391 42 951
6 239 774 305 419 286 8
6 532 326 462 948 430 581
6 15 876 172 757 749 437
6 835 375 740 708 70 988
6 693 627 548 382 257 481
6 147 154 394 414 143 356
6 878 83 129 322 331 289
6 873 63 857 413 747 988
6 57 452 810 549 117 376
6 886 589 713 265 737 47
6 190 309 148 471 544 984
6 654 715 595 302 593 771
6 673 255 437 104 828 181
6 138 773 431 830 789 588
6 862 745 961 544 403 927
6 453 765 571 288 795 542
6 862 732 798 315 928 977
6 538 918 805 769 775 617
6 328 215 826 757 352 939
6 327 443 513 180 423 982
6 1 74 430 12 930 295
6 251 966 520 918 60 211
6 818 126 778 867 168 574
6 138 544 748 193 288 556
6 222 249 910 59 153 816
6 321 481 142 758 816 234
6 791 704 520 296 193 974
6 834 595 443 906 30 67
6 37 728 156 146 956 988
6 637 82 882 761 997 546
6 353 975 835 798 995 829
6 165 197 587 550 231 840
6 183 466 419 895 675 255
6 360 908 857 466 523 880
6 16 320 901 852 289 704
6 309 877 518 813 924 720
6 302 631 247 532 268 378
6 628 688 909 859 930 450
6 559 358 9 411 555 969
6 974 381 338 414 437 446
6 440 526 531 770 601 725
6 260 693 102 655 353 10
6 599 701 204 321 667 501
6 141 402 789 408 359 816
6 736 637 662 379 706 76
6 359 421 249 971 502 450
6 538 661 236 479 280 980
6 533 439 866 924 888 872
6 540 957 619 322 610 861
6 29 937 74 244 498 471
6 436 826 454 467 446 173
6 45 273 46 889 854 723
6 542 26 861 93 344 300
6 515 447 459 703 654 940
6 29 712 584 517 893 580
6 555 927 643 842 707 340
6 309 456 66 199 600 87
6 888 721 881 419 135 580
6 134 148 30 206 488 630
6 547 372 313 314 302 458
6 573 433 74 327 339 913
6 981 683 570 639 731 295
6 472 877 996 102 968 919
6 102 274 561 901 982 870
6 136 624 476 643 782 622
6 251 602 636 421 343 838
6 130 834 68 191 978 195
6 100 419 22 361 258 947
6 954 170 680 68 263 687
6 136 852 81 45 651 287
6 90 505 320 37 7 955
6 373 710 311 867 181 157
6 926 853 427 531 653 477
6 887 709 136 351 584 210
6 661 120 283 248 648 627
6 975 466 835 693 426 614
6 920 856 57 243 430 344
6 355 170 628 310 159 276
6 539 484 840 432 847 428
6 692 453 891 654 219 984
6 239 519 77 482 627 315
6 124 373 877 536 582 787
6 524 481 388 42 82 60
6 484 172 880 615 503 35
6 357 965 434 135 265 322
6 109 13 768 122 146 620
6 878 656 245 150 634 406
6 92 542 884 519 971 695
6 960 100 898 739 754 806
6 865 641 713 574 700 740
6 355 925 563 97 243 817
6 891 718 730 359 903 518
6 333 551 763 198 991 758
6 393 512 307 911 39 157
6 702 381 88 594 964 220
6 477 737 812 748 564 442
6 436 183 542 325 199 667
6 6 515 420 518 651 245
6 857 822 990 270 548 622
6 449 56 119 699 588 235
6 613 706 271 286 529 794
6 767 282 119 931 532 395
6 107 657 305 330 470 520
6 491 519 787 859 868 383
6 415 554 21 669 971 950
6 798 789 421 657 280 945
6 309 683 520 382 123 204
6 807 106 91 111 488 562
6 663 445 752 302 693 289
6 263 388 101 92 298 890
6 92 263 593 858 488 838
6 351 194 146 280 902 703
6 559 516 820 346 890 758
6 547 37 552 162 791 881
6 260 873 496 392 495 601
6 49 117 959 642 947 500
6 291 254 72 32 100 242
6 843 453 356 835 748 717
6 320 495 321 592 710 299
6 559 904 296 575 375 181
6 803 68 788 335 813 32
6 660 511 522 725 153 806
6 57 965 263 161 909 365
6 319 342 949 210 11 284
6 793 565 398 900 380 386
6 793 65 91 937 202 659
6 264 684 644 15 531 290
6 635 91 824 466 242 626
6 261 150 843 292 874 888
6 744 782 942 168 847 741
6 921 284 768 666 405 535
6 631 431 906 853 162 982
6 512 183 62 604 852 759
6 709 430 177 117 383 574
6 860 559 342 858 694 324
6 9 34 479 265 879 627
6 145 511 291 126 812 600
6 587 119 206 208 962 204
6 987 466 837 902 301 560
6 858 915 674 265 63 881
6 735 457 929 411 639 567
6 696 282 652 869 681 847
6 432 748 290 232 614 300
6 885 64 724 370 252 982
6 374 263 731 548 439 4
6 990 852 240 80 254 260
6 78 904 795 961 943 560
6 524 146 161 539 718 23
6 419 635 192 384 128 677
6 369 431 759 595 20 967
6 925 453 679 500 230 669
6 180 11 175 364 470 383
6 9 482 47 96 120 758
6 899 18 695 601 117 401
6 124 846 250 502 426 386
6 809 256 676 659 888 782
6 416 123 872 995 295 958
6 698 947 432 884 571 806
6 887 687 636 466 597 405
6 676 899 730 52 942 770
6 994 337 975 392 44 322
6 54 168 349 375 989 845
6 436 531 707 974 137 252
6 184 943 603 426 918 963
6 111 349 18 274 829 627
6 355 744 585 104 313 10
6 118 831 487 65 248 423
6 821 357 846 751 952 861
6 29 744 796 83 572 593
6 665 815 297 168 998 314
6 171 263 899 679 421 672
6 184 566 172 48 928 51
6 216 957 893 218 808 446
6 676 68 351 307 960 883
6 293 441 581 810 569 365
6 635 932 52 645 691 519
6 738 84 891 888 287 872
6 641 610 994 733 211 827
6 213 469 403 91 464 520
6 468 619 499 206 725 833
6 131 248 823 985 409 840
6 168 110 786 921 5 174
6 565 733 109 933 25 917
6 835 405 128 537 314 304
6 272 249 476 113 796 341
6 78 834 651 521 781 488
6 197 911 749 611 910 719
6 361 464 902 289 836 958
6 830 93 135 817 630 157
6 213 925 787 41 747 586
6 445 831 298 970 375 306
6 865 591 46 859 718 991
6 58 959 773 999 264 314
6 770 616 797 938 684 560
6 293 457 283 424 591 449
6 804 879 32 449 310 158
6 960 684 444 371 152 588
6 387 530 247 393 206 348
6 56 319 437 704 386 158
6 141 791 134 487 554 520
6 184 525 546 844 568 50
6 334 968 938 707 382 59
6 583 327 130 4 182 10
6 637 302 789 669 944 32
6 834 841 901 504 380 614
6 251 319 12 575 101 513
6 65 441 885 664 500 326
6 400 352 350 971 51 508
6 644 659 310 756 200 158
6 804 747 748 775 517 391
6 981 652 137 542 638 741
6 496 911 950 162 698 16
6 997 271 964 871 161 404
6 273 49 884 694 739 296
6 179 744 361 72 664 302
6 807 937 759 135 763 615
6 453 509 423 929 180 684
6 27 162 179 917 391 89
6 686 588 729 168 258 252
6 957 494 2 123 983 670
6 363 552 9 112 484 409
6 491 592 200 726 820 544
6 496 777 254 328 687 541
6 916 579 594 350 108 346
6 793 425 904 812 21 450
6 63 272 842 499 675 630
6 975 794 209 10 471 963
6 448 869 630 99 34 176
6 906 228 818 570 775 508
6 11 375 462 379 187 99
6 309 832 514 404 853 667
6 485 62 356 466 544 640
6 878 342 570 183 40 265
6 31 503 424 108 272 458
6 618 539 324 681 118 488
6 686 197 770 423 363 667
6 877 618 257 787 177 727
6 249 750 761 9 836 206
6 588 120 717 564 178 393
6 893 115 567 980 773 776
6 793 49 305 374 114 596
6 877 95 599 916 487 263
6 954 412 950 314 488 931
6 550 348 760 708 42 754
6 692 615 702 108 593 926
6 559 283 26 977 476 640
6 566 221 560 160 741 304
6 121 641 113 21 142 382
6 884 357 619 483 400 842
6 552 57 826 78 362 771
6 791 280 620 267 605 535
6 416 805 247 222 453 100
6 115 602 908 922 9 393
6 760 893 659 399 73 178
6 750 901 906 841 247 695
6 573 106 219 971 832 386
6 235 129 994 839 717 446
6 637 699 839 758 94 672
6 522 788 716 705 122 419
6 513 797 300 286 703 605
6 95 233 397 947 25 839
6 454 926 924 463 649 817
6 653 616 776 501 868 697
6 510 138 121 728 28 87
6 504 165 214 636 179 591
6 416 836 221 588 763 500
6 298 328 156 522 945 212
6 863 855 920 191 43 329
6 186 937 291 97 83 779
6 360 245 110 465 853 667
6 809 413 571 265 238 324
6 733 31 728 274 835 363
6 637 908 519 84 99 697
6 487 989 123 238 998 945
6 57 730 823 12 306 849
6 960 784 119 564 726 947
6 937 260 598 465 674 436
6 656 629 788 299 500 112
6 19 571 919 544 993 152
6 589 424 233 918 350 397
6 655 248 53 343 859 697
6 934 841 498 979 638 727
6 910 993 226 951 945 548
6 413 882 820 480 439 682
6 530 814 202 768 361 609
6 449 338 825 924 19 130
6 485 807 352 499 84 39
6 206 474 335 581 81 467
6 184 136 809 1000 587 735
6 925 809 742 948 304 55
6 283 742 208 371 395 191
6 684 72 682 42 636 403
6 292 495 470 701 703 560
6 559 907 284 521 39 383
6 436 863 809 641 992 519
6 387 733 233 347 638 580
6 251 598 240 204 576 181
6 631 843 297 168 219 629
6 27 340 419 810 581 659
6 232 1 889 770 437 921
6 188 374 795 780 487 731
6 804 254 604 607 637 833
6 804 900 834 521 102 556
6 307 222 431 704 260 366
6 550 256 951 969 103 984
6 282 805 449 63 820 927
6 987 423 619 117 968 35
6 254 952 656 515 406 845
6 184 65 31 147 152 173
6 896 614 352 654 301 564
6 502 31 620 303 149 383
6 253 345 123 829 235 955
6 101 201 916 187 267 105
6 31 432 484 239 326 428
6 643 780 689 361 470 506
6 935 757 226 286 267 386
6 475 293 996 924 137 732
6 37 663 950 611 114 76
6 798 976 940 294 112 267
6 19 467 564 606 391 227
6 129 802 921 716 163 143
6 735 631 691 839 916 982
6 572 226 608 264 276 717
6 280 527 24 596 893 963
6 364 713 109 518 833 152
6 499 345 482 975 516 502
6 851 595 281 995 930 397
6 635 482 205 753 690 45
6 372 67 691 728 750 264
6 587 229 898 633 292 588
6 129 875 980 350 927 252
6 138 192 698 858 808 779
6 567 460 659 496 725 167
6 472 439 625 968 326 672
6 102 415 37 297 442 810
6 732 352 929 527 208 217
6 877 599 171 952 956 211
6 1 454 16 204 146 842
6 936 667 426 576 647 76
6 334 604 217 128 39 488
6 527 538 769 952 34 172
6 966 694 643 169 471 120
6 77 159 90 813 881 267
6 943 337 723 620 235 277
6 398 837 274 800 172 845
6 647 551 333 31 203 386
6 52 726 38 322 50 978
6 184 795 903 859 198 271
6 346 260 950 852 497 26
6 331 537 106 625 66 276
6 336 502 639 701 459 675
6 384 540 102 772 401 492
6 815 981 759 229 285 518
6 863 922 464 312 379 715
6 478 658 311 846 19 296
6 404 119 75 38 286 140
6 351 19 642 324 694 105
6 540 959 13 595 837 931
6 659 583 27 882 219 818
6 551 216 555 644 788 264
6 755 400 766 389 995 842
6 455 175 578 910 13 942
6 248 398 357 300 477 125
6 930 458 859 488 881 535
6 790 707 254 106 17 230
6 860 399 267 438 121 896
6 9 854 818 699 250 371
6 56 607 925 201 356 446
6 875 552 317 576 985 187
6 379 864 12 330 903 762
6 261 559 566 734 199 401
6 907 146 508 423 718 76
6 13 877 527 513 314 329
6 918 167 948 114 176 127
6 691 510 517 687 267 520
6 705 557 901 879 872 176
6 680 784 110 211 492 229
6 936 347 892 634 866 748
6 472 430 88 839 230 76
6 320 538 427 828 931 697
6 219 538 418 516 158 276
6 146 299 198 572 230 695
6 547 505 328 64 782 286
6 124 533 136 521 338 109
6 342 361 593 430 855 740
6 809 299 247 810 201 25
6 455 229 692 590 754 700
6 175 826 24 263 167 464
6 54 635 632 6 510 187
6 114 40 86 356 412 193
6 249 780 146 749 295 76
6 97 37 291 22 303 229
6 865 880 560 265 395 474
6 696 966 721 542 584 982
6 730 62 735 776 564 601
6 205 359 188 352 971 756
6 527 563 62 615 329 212
6 376 713 3 665 546 408
6 147 996 414 648 335 422
6 336 385 56 637 149 399
6 531 415 431 846 330 301
6 659 624 603 409 340 422
6 283 278 364 159 895 931
6 777 379 655 202 292 474
6 333 456 380 907 588 501
6 565 934 86 459 737 93
6 815 402 691 942 586 295
6 711 224 557 939 888 727
6 260 843 811 837 384 127
6 539 738 75 331 741 988
6 933 611 621 773 226 446
6 599 317 137 44 467 740
6 654 863 16 103 113 324
6 936 392 400 873 160 258
6 250 349 929 154 1000 203
6 376 915 708 433 465 234
6 512 753 992 593 764 516
6 992 303 606 382 153 720
6 755 360 908 330 839 928
6 711 729 171 481 648 870
6 886 832 910 588 152 173
6 807 805 537 870 588 849
6 875 699 991 382 324 858
6 466 133 749 780 939 553
6 957 72 441 414 345 616
6 369 661 793 83 42 310
6 149 976 654 993 91 343
6 151 863 308 617 211 181
6 834 737 426 418 603 142
6 621 110 739 109 497 89
6 920 186 772 770 287 506
6 205 559 583 781 73 94
6 685 613 351 34 74 83
6 46 132 421 789 446 294
6 799 571 75 219 944 727
6 274 24 857 137 948 913
6 147 873 683 82 32 820
6 436 9 788 45 267 329
6 108 373 820 817 953 304
6 889 809 674 994 331 176
6 293 318 994 223 615 435
6 228 326 946 666 433 532
6 499 80 303 235 407 958
6 831 466 924 977 913 558
6 971 721 986 522 921 326
6 862 433 349 484 123 717
6 476 336 79 825 34 501
6 318 312 821 873 770 595
6 147 804 460 574 490 806
6 909 270 180 308 5 605
6 686 563 566 895 768 225
6 279 474 537 705 443 577
6 767 49 765 920 876 386
6 192 432 599 291 126 771
6 317 937 412 536 988 506
6 247 839 564 152 199 606
6 461 585 162 613 513 989
6 91 337 171 942 465 774
6 110 643 374 894 684 528
6 545 138 538 853 780 626
6 654 6 899 938 895 38
6 141 179 585 582 846 118
6 824 704 554 848 464 890
6 705 915 792 223 756 633
6 864 810 853 132 502 329
6 108 906 617 645 890 195
6 281 394 635 652 800 556
6 261 830 468 362 290 135
6 56 696 993 137 218 370
6 138 810 11 664 717 630
6 120 747 594 357 756 387
6 373 496 742 73 634 304
6 369 783 976 279 497 847
6 283 688 415 80 870 303
6 131 925 614 333 734 625
6 545 65 843 127 615 22
6 889 887 136 285 885 898
6 124 830 149 87 153 806
6 493 769 945 629 539 535
6 654 707 824 871 542 698
6 853 263 523 948 690 315
6 453 166 126 801 370 535
6 804 299 432 354 874 73
6 155 308 369 961 704 983
6 319 519 512 700 139 498
6 747 891 614 126 546 60
6 552 313 729 549 5 105
6 748 975 512 821 928 955
6 711 905 664 829 137 59
6 358 415 706 670 96 751
6 29 155 557 662 308 611
6 835 937 32 314 969 176
6 455 194 709 652 739 379
6 936 165 547 113 464 589
6 448 643 585 909 876 479
6 761 515 792 910 620 871
6 826 147 45 994 839 203
6 722 999 774 229 104 152
6 86 75 19 286 836 344
6 83 823 544 410 380 963
6 761 297 632 364 304 428
6 785 188 193 979 962 609
6 352 548 841 942 980 150
6 547 607 782 95 653 930
6 534 863 15 619 616 483
6 736 691 787 541 73 861
6 291 42 938 257 378 492
6 882 520 884 439 142 208
6 686 413 787 853 775 938
6 190 93 830 783 707 558
6 831 263 403 585 953 167
6 479 95 642 508 853 632
6 782 812 621 728 858 386
6 937 783 622 904 800 409
6 131 36 434 973 234 626
6 837 216 682 208 670 110
6 784 878 376 671 498 253
6 284 218 114 419 26 890
6 237 580 504 481 238 749
6 788 42 405 946 993 817
6 61 12 725 284 442 808
6 141 373 568 288 397 173
6 711 628 41 19 890 492
6 689 992 664 509 651 227
6 559 232 648 759 120 382
6 52 687 945 20 152 176
6 777 826 42 436 391 754
6 507 423 757 144 76 978
6 891 247 782 614 556 984
6 658 419 805 395 911 968
6 783 830 274 827 787 59
6 865 879 847 428 306 947
6 67 742 639 74 199 983
6 85 965 673 917 284 118
6 744 151 222 479 811 500
6 106 674 449 956 516 296
6 147 530 251 527 314 232
6 354 425 170 758 851 234
6 509 761 996 654 820 73
6 934 147 949 740 989 535
6 599 644 432 86 528 329
6 864 591 402 339 127 195
6 663 822 413 388 223 519
6 751 183 399 4 567 229
6 273 62 223 1 434 386
6 184 663 996 482 769 483
6 704 459 514 473 422 969
6 861 829 272 694 614 529
6 898 989 778 832 670 601
6 744 747 98 948 70 234
6 510 768 735 852 78 916
6 877 122 405 156 668 417
6 784 730 871 382 576 401
6 485 653 758 754 508 947
6 527 224 382 655 591 117
6 427 502 691 68 104 128
6 934 281 692 98 99 331
6 936 937 437 97 118 890
6 369 674 544 28 801 839
6 121 787 171 198 55 779
6 936 814 480 719 36 344
6 115 807 312 729 614 697
6 102 105 399 956 603 45
6 831 869 440 418 284 649
6 1 570 172 928 903 978
6 349 207 971 574 601 19
6 886 622 494 739 902 322
6 948 850 635 717 32 817
6 538 740 858 288 969 148
6 317 15 586 782 456 574
6 714 656 367 51 516 488
6 131 46 376 973 48 913
6 744 460 926 99 474 741
6 328 38 775 803 639 8
6 323 351 948 527 589 277
6 416 449 874 432 292 907
6 563 811 613 945 218 506
6 438 431 101 14 220 429
6 249 307 493 80 374 464
6 233 795 268 546 549 650
6 215 774 119 579 36 625
6 151 292 598 384 687 572
6 356 172 762 449 470 220
6 744 241 682 414 98 998
6 607 99 69 16 588 817
6 934 374 264 433 855 829
6 683 273 79 412 776 105
6 88 453 232 417 528 577
6 702 357 301 821 254 786
6 534 136 469 762 672 435
6 607 887 527 41 754 930
6 448 673 273 968 894 58
6 887 961 113 624 794 682
6 180 531 329 892 773 758
6 909 842 574 209 703 112
6 531 857 602 996 953 118
6 293 137 3 451 117 849
6 381 549 619 951 818 350
6 822 784 765 110 789 400
6 621 367 297 280 199 490
6 79 207 237 332 614 404
6 565 91 728 371 225 697
6 357 355 495 90 244 508
6 411 542 459 47 766 508
6 985 238 51 667 199 20
6 40 906 863 582 32 894
6 454 347 210 721 980 669
6 732 689 24 96 846 146
6 115 67 168 472 911 833
6 835 262 224 359 229 983
6 155 795 611 167 913 849
6 421 59 737 426 100 638
6 937 293 259 213 388 678
6 726 257 748 429 500 838
6 11 972 398 687 132 523
6 293 42 40 884 272 903
6 566 275 572 120 228 529
6 674 548 949 810 748 634
6 608 201 895 90 76 304
6 837 550 80 217 694 347
6 532 671 996 739 326 480
6 895 151 681 789 682 697
6 124 786 837 465 438 666
6 865 369 480 198 14 498
6 148 77 591 158 773 620
6 867 813 88 158 655 697
6 899 822 905 493 803 770
6 297 360 839 749 300 806
6 376 886 912 651 74 191
6 127 396 15 224 608 203
6 491 232 939 43 694 195
6 283 65 145 724 523 872
6 713 812 351 726 742 94
6 663 430 432 655 939 187
6 674 761 183 327 338 383
6 116 857 449 175 781 287
6 961 628 257 325 976 554
6 594 77 158 70 501 105
6 811 735 812 893 449 439
6 496 279 149 102 672 749
6 106 424 201 449 484 295
6 190 770 753 699 210 460
6 719 443 241 69 999 728
6 485 431 337 320 946 930
6 337 366 92 521 268 813
6 612 481 738 891 952 310
6 624 800 567 746 417 78
6 970 134 644 86 596 130
6 131 912 209 884 130 296
6 959 534 983 288 591 906
6 124 312 332 209 39 428
6 573 854 317 746 159 648
6 171 732 71 829 470 418
6 646 563 31 42 140 389
6 711 332 264 708 40 781
6 12 576 33 999 988 849
6 635 389 784 636 379 884
6 60 799 920 156 514 195
6 358 856 623 938 570 200
6 526 43 541 260 79 304
6 800 778 449 537 159 940
6 445 915 860 507 667 510
6 454 342 352 571 177 474
6 770 274 733 172 798 387
6 596 585 496 118 207 87
6 869 342 42 653 81 330
6 369 456 857 550 622 616
6 969 558 28 669 125 391
6 48 38 591 430 87 982
6 18 565 340 855 225 593
6 627 879 577 262 580 294
6 865 835 263 198 188 501
6 774 971 939 780 391 727
6 15 487 259 510 457 146
6 846 805 871 554 315 758
6 159 552 567 222 123 227
6 144 405 854 276 438 556
6 110 594 215 855 265 722
6 44 798 483 335 641 642
6 711 466 379 294 984 10
6 652 37 870 269 877 326
6 819 682 876 962 700 498
6 415 792 584 332 703 740
6 415 661 367 995 817 276
6 273 494 544 633 382 407
6 210 567 154 110 206 578
6 889 832 924 201 202 983
6 599 146 480 192 83 50
6 192 746 484 437 553 695
6 797 354 926 303 849 741
6 865 319 844 88 4 245
6 197 496 445 787 900 164
6 583 709 18 434 103 770
6 186 543 811 252 728 284
6 260 218 30 1000 187 64
6 971 211 568 470 953 949
6 147 188 885 773 301 833
6 41 993 928 789 947 174
6 964 694 58 536 921 492
6 509 351 856 218 855 8
6 448 760 413 497 770 640
6 708 392 802 481 774 672
6 455 661 273 795 301 26
6 831 959 742 694 928 984
6 726 106 96 245 275 43
6 455 628 781 754 286 255
6 124 493 367 852 402 191
6 317 472 207 172 715 120
6 121 673 477 842 794 779
6 342 598 123 639 255 479
6 752 319 682 490 66 740
6 702 437 629 828 625 228
6 170 509 229 848 548 407
6 354 409 23 874 280 958
6 976 616 381 649 634 845
6 552 261 608 301 383 883
6 807 633 637 78 850 592
6 709 273 575 886 462 245
6 385 936 431 350 52 48
6 1000 875 68 156 212 939
6 291 734 132 117 529 553
6 736 401 758 43 316 234
6 987 873 783 46 456 520
6 863 334 623 206 483 289
6 646 436 317 810 211 316
6 95 420 522 76 895 615
6 406 688 516 509 973 508
6 745 894 841 173 829 125
6 769 430 16 4 846 492
6 228 536 785 653 521 581
6 357 746 549 833 885 393
6 71 79 540 877 150 195
6 9 799 914 770 308 46
6 791 967 139 900 570 193
6 496 137 221 973 405 866
6 713 266 237 436 595 270
6 974 178 479 892 902 467
6 702 206 968 343 340 209
6 659 292 305 464 940 503
6 777 78 301 353 724 322
6 809 670 786 819 998 560
6 455 62 9 594 70 389
6 6 357 180 737 581 76
6 223 896 792 456 941 192
6 573 908 615 463 909 973
6 566 95 856 307 919 725
6 257 265 840 731 68 694
6 696 683 691 90 483 492
6 920 138 437 308 84 753
6 455 164 130 176 204 638
6 147 197 990 392 426 532
6 572 547 106 257 977 933
6 729 465 890 456 716 832
6 768 189 281 747 390 204
6 882 45 46 620 510 422
6 685 728 221 914 444 365
6 424 263 265 590 719 973
6 226 718 761 970 324 758
6 336 372 933 365 480 560
6 138 590 53 719 201 944
6 65 863 673 965 339 343
6 80 63 461 396 333 408
6 54 878 527 197 915 189
6 851 430 250 952 403 286
6 132 427 15 134 788 723
6 29 274 490 412 999 47
6 851 645 188 952 277 988
6 448 914 183 160 133 839
6 792 839 914 716 515 329
6 438 357 239 272 736 560
6 124 814 247 269 845 697
6 57 812 589 852 741 195
6 266 584 302 832 414 955
6 515 100 960 106 722 158
6 744 793 542 879 973 849
6 124 129 805 542 103 292
6 511 319 646 682 895 330
6 688 425 986 789 245 120
6 696 357 667 34 450 435
6 216 790 932 886 4 207
6 637 811 146 462 725 48
6 172 399 517 68 907 35
6 563 129 178 3 470 558
6 901 336 271 327 715 535
6 857 933 75 280 30 560
6 131 797 749 618 698 234
6 804 359 148 594 207 123
6 552 852 313 591 977 245
6 607 224 377 771 734 489
6 334 427 805 966 939 649
6 197 342 11 509 669 209
6 318 676 678 753 895 501
6 801 67 332 301 703 489
6 934 311 445 710 201 330
6 607 265 277 403 322 725
6 461 688 587 356 160 78
6 583 494 572 551 98 564
6 999 104 328 477 19 879
6 207 680 394 281 144 588
6 791 565 685 652 812 311
6 431 449 330 522 363 204
6 447 45 330 168 849 560
6 512 200 691 811 952 344
6 635 363 769 211 83 703
6 29 932 877 377 404 35
6 392 4 526 180 900 127
6 286 686 402 51 294 228
6 205 126 979 957 284 322
6 475 666 399 715 442 492
6 515 863 68 871 788 211
6 790 880 898 181 262 159
6 526 396 948 943 557 633
6 952 746 957 615 294 578
6 129 2 776 395 321 806
6 696 710 357 268 149 892
6 88 960 157 63 101 302
6 709 747 710 35 474 295
6 674 800 509 639 632 945
6 682 123 733 505 661 667
6 1000 485 72 499 378 763
6 57 928 373 350 611 500
6 745 743 704 522 289 391
6 641 625 224 373 321 668
6 205 719 299 499 64 286
6 475 946 226 281 91 695
6 218 722 515 794 406 535
6 767 631 433 866 919 503
6 282 761 288 16 939 998
6 686 362 342 716 655 48
6 60 748 668 167 578 506
6 705 367 1000 770 126 739
6 814 720 97 454 810 870
6 767 286 953 378 687 8
6 545 107 994 735 729 33
6 455 29 684 907 93 295
6 107 111 968 296 529 868
6 244 652 262 363 196 338
6 809 368 12 918 881 401
6 455 905 309 509 606 916
6 599 21 616 956 291 486
6 942 71 785 971 492 697
6 825 342 522 353 765 277
6 420 392 151 664 516 201
6 985 83 993 871 386 989
6 4 961 586 383 234 838
6 238 58 483 900 958 117
6 49 934 11 685 850 488
6 894 721 725 896 757 715
6 210 219 721 260 409 727
6 515 791 831 248 365 836
6 40 859 960 618 314 300
6 665 976 441 348 569 978
6 309 57 707 556 191 506
6 56 906 538 171 332 35
6 809 392 99 568 143 508
6 264 863 16 482 576 532
6 511 404 620 406 329 105
6 857 479 702 997 964 570
6 686 613 615 996 672 978
6 293 322 550 969 178 651
6 440 399 117 178 163 671
6 699 844 302 760 569 328
6 837 193 72 608 480 580
6 416 760 694 434 562 331
6 814 406 123 846 39 638
6 755 663 117 993 668 157
6 475 534 523 222 306 845
6 654 473 84 16 329 181
6 319 145 629 926 648 234
6 750 911 434 208 715 12
6 550 568 681 796 664 5
6 792 253 548 335 906 633
6 472 240 367 985 913 435
6 744 77 84 994 839 939
6 836 783 914 641 749 554
6 565 851 268 199 684 181
6 352 954 966 328 362 64
6 932 273 96 614 795 140
6 525 588 846 576 940 614
6 312 485 374 995 401 501
6 702 793 888 264 654 87
6 631 595 657 855 22 592
6 731 573 786 328 657 400
6 515 729 769 432 487 152
6 966 493 647 20 228 554
6 319 261 621 219 603 548
6 136 118 903 588 758 923
6 937 652 521 442 580 474
6 364 723 655 418 720 306
6 300 148 192 252 343 693
6 30 999 658 836 794 989
6 147 155 660 249 128 724
6 17 253 773 241 564 492
6 768 192 554 722 606 911
6 826 232 171 967 476 528
6 620 928 773 737 891 220
6 477 447 590 717 498 634
6 138 793 710 811 598 498
6 17 379 192 288 265 578
6 767 321 645 555 928 194
6 226 141 436 548 326 50
6 97 733 566 524 436 222
6 619 835 993 68 855 677
6 385 116 863 805 740 941
6 652 936 204 214 522 212
6 867 662 209 558 55 316
6 341 601 330 14 16 340
6 41 297 360 509 178 50
6 543 496 120 464 276 868
6 307 811 698 30 918 243
6 708 597 787 39 490 867
6 793 92 222 356 202 489
6 24 200 120 762 546 917
6 599 337 830 894 142 87
6 886 960 902 338 625 808
6 897 411 882 477 823 667
6 1 189 72 466 161 581
6 56 939 564 555 458 304
6 336 411 486 289 55 931
6 131 643 648 627 419 174
6 336 805 2 602 50 132
6 376 878 899 9 70 178
6 436 171 724 653 852 217
6 527 514 271 632 562 258
6 565 452 81 458 174 560
6 131 27 754 254 285 365
6 319 844 72 487 275 870
6 332 352 170 317 749 874
6 337 798 979 341 528 142
6 469 106 837 221 632 460
6 758 9 324 781 421 913
6 565 42 882 287 604 383
6 987 210 976 4 414 945
6 550 133 271 664 471 295
6 116 472 833 816 820 601
6 72 943 81 240 386 275
6 826 431 324 627 10 203
6 498 951 316 816 280 387
6 525 769 964 645 52 508
6 445 972 52 911 837 105
6 757 71 558 907 281 884
6 768 97 660 469 189 542
6 339 830 408 146 34 5
6 423 403 792 386 741 435
6 767 565 229 485 965 489
6 793 69 232 977 112 690
6 71 583 309 294 291 489
6 540 90 629 775 732 779
6 415 507 115 531 715 717
6 385 65 595 223 421 999
6 738 587 873 823 219 315
6 815 974 713 628 168 286
6 761 116 724 26 30 105
6 334 975 933 569 723 609
6 385 226 321 718 44 546
6 661 943 419 67 672 294
6 531 358 723 704 68 604
6 992 792 325 722 268 177
6 131 543 425 728 904 817
6 981 575 405 653 564 287
6 826 202 340 201 218 907
6 778 613 284 684 395 580
6 129 24 197 536 769 791
6 583 56 731 466 470 329
6 146 564 881 474 817 528
6 610 118 255 81 23 383
6 65 599 654 726 810 93
6 330 518 704 356 30 322
6 686 985 327 519 998 492
6 85 129 432 339 876 945
6 115 865 313 874 191 198
6 288 263 550 269 818 422
6 398 598 280 613 215 706
6 525 974 223 622 13 227
6 27 942 705 42 188 94
6 71 926 997 115 270 503
6 451 197 260 672 26 817
6 635 673 935 929 801 21
6 661 623 746 682 735 931
6 9 934 484 74 36 601
6 260 328 375 332 737 314
6 145 661 557 633 85 173
6 130 544 858 459 182 81
6 532 884 143 655 312 483
6 261 214 166 495 134 943
6 854 133 905 204 267 277
6 525 905 463 570 907 956
6 527 47 406 608 150 153
6 674 478 101 121 566 302
6 523 35 872 83 120 868
6 448 45 617 463 411 194
6 338 701 557 666 641 553
6 402 460 514 379 430 257
6 302 889 42 999 898 209
6 864 307 189 689 973 803
6 834 818 939 208 601 5
6 886 274 74 901 34 428
6 623 115 726 271 504 152
6 244 999 733 162 677 817
6 296 424 554 32 949 748
6 200 313 647 89 51 657
6 260 288 347 235 379 105
6 391 143 762 694 288 625
6 946 515 1 412 221 564
6 453 149 641 178 489 554
6 959 799 910 215 921 633
6 131 709 299 889 484 893
6 954 549 993 168 371 457
6 420 133 481 53 681 139
6 353 80 532 359 988 335
6 530 398 623 251 791 314
6 422 357 589 998 842 614
6 655 551 416 946 816 303
6 351 613 673 994 924 126
6 455 639 645 198 444 234
6 584 860 695 705 935 50
6 596 348 75 516 471 255
6 739 305 658 256 550 361
6 85 124 737 114 558 407
6 283 362 243 47 316 600
6 736 599 396 923 962 76
6 750 717 874 14 610 827
6 534 318 951 770 757 634
6 791 664 821 34 169 234
6 415 807 219 909 391 957
6 899 515 830 738 481 556
6 328 263 433 914 551 553
6 308 750 226 527 169 919
6 538 158 876 89 386 508
6 652 484 618 411 615 662
6 138 821 999 819 373 379
6 404 864 258 738 89 235
6 65 24 254 977 743 76
6 784 327 790 31 163 421
6 524 760 222 249 634 429
6 571 485 810 59 706 433
6 336 904 662 820 617 284
6 790 578 115 787 650 811
6 475 895 696 403 59 177
6 246 385 911 891 957 630
6 678 637 723 848 743 103
6 819 223 664 983 902 180
6 759 892 43 528 421 173
6 138 814 300 844 830 127
6 283 579 168 942 187 407
6 595 752 713 659 921 234
6 85 202 775 264 516 44
6 413 551 552 785 162 939
6 447 505 6 844 715 701
6 750 436 904 665 881 829
6 733 847 787 44 243 277
6 761 358 260 146 125 560
6 972 608 748 871 537 913
6 237 61 950 532 556 849
6 824 891 719 514 426 741
6 752 207 769 890 609 301
6 565 12 384 928 144 76
6 515 979 565 16 201 866
6 318 37 642 842 771 173
6 573 145 893 735 330 120
6 760 224 207 189 844 903
6 783 906 655 666 902 187
6 730 586 119 914 687 51
6 646 864 511 709 353 425
6 914 233 458 28 456 407
6 602 436 350 12 295 303
6 822 330 936 452 756 510
6 448 680 362 902 650 587
6 131 413 634 632 117 429
6 680 551 770 765 727 55
6 342 975 585 659 869 881
6 453 787 577 207 245 633
6 475 619 719 516 289 114
6 791 188 149 465 669 751
6 663 846 115 640 555 371
6 981 679 693 407 720 743
6 934 124 646 685 742 98
6 358 419 713 82 851 481
6 559 807 391 550 238 405
6 54 57 573 297 301 20
6 993 744 441 775 212 50
6 98 906 933 542 671 401
6 556 248 694 35 389 120
6 532 873 716 248 503 405
6 310 434 68 36 819 977
6 686 905 728 354 818 823
6 85 477 592 484 888 292
6 831 675 45 564 73 128
6 696 916 372 165 516 759
6 804 583 15 889 76 633
6 54 313 587 568 373 474
6 809 946 689 522 384 310
6 369 83 351 526 73 672
6 799 192 977 585 325 286
6 269 249 283 590 445 562
6 657 36 786 970 993 8
6 830 625 689 277 728 697
6 644 685 189 86 288 267
6 100 240 214 198 146 224
6 278 349 156 521 182 103
6 750 145 633 434 903 888
6 360 335 42 302 890 10
6 511 313 605 703 557 33
6 788 411 954 986 407 225
6 16 583 616 726 312 506
6 583 680 229 904 446 314
6 514 497 90 852 667 55
6 631 724 827 237 256 940
6 455 735 946 598 668 634
6 453 835 966 523 474 329
6 750 644 959 146 630 203
6 915 534 992 811 311 23
6 281 468 820 951 789 546
6 325 809 976 367 363 446
6 341 293 406 457 32 8
6 145 41 353 707 490 982
6 352 628 695 538 880 152
6 308 746 335 180 348 630
6 619 138 324 957 288 461
6 237 646 803 456 14 26
6 721 466 81 724 569 59
6 1 65 795 452 258 939
6 240 392 643 962 995 243
6 860 433 516 724 130 258
6 355 349 776 580 103 940
6 637 290 877 848 425 314
6 826 739 138 970 202 325
6 121 339 550 710 988 955
6 946 592 222 277 276 286
6 210 699 616 46 551 164
6 757 399 257 451 265 187
6 530 938 496 603 560 779
6 851 716 494 456 757 44
6 563 786 512 938 303 48
6 72 710 499 504 908 35
6 804 413 996 590 27 675
6 716 537 128 303 715 140
6 493 1000 167 331 125 25
6 972 959 223 73 99 508
6 107 887 798 272 267 838
6 434 69 31 888 291 763
6 256 737 411 622 464 48
6 262 281 67 100 989 84
6 129 264 168 79 253 955
6 472 246 539 755 456 294
6 386 897 330 219 280 100
6 121 405 812 285 104 288
6 831 563 882 943 971 715
6 461 392 221 1000 977 940
6 95 922 262 327 706 808
6 180 750 504 976 359 78
6 830 114 524 590 925 687
6 369 438 818 303 671 370
6 71 743 361 110 766 779
6 53 57 339 393 829 817
6 737 994 283 531 896 605
6 24 657 430 378 872 103
6 233 992 651 929 437 506
6 801 917 606 473 978 76
6 854 549 399 742 359 344
6 673 509 205 654 354 339
6 987 499 948 667 112 314
6 206 394 67 2 591 703
6 552 359 548 608 409 10
6 71 954 729 287 20 220
6 477 279 873 570 3 164
6 761 621 404 100 122 539
6 619 350 30 776 725 672
6 487 376 730 587 758 429
6 77 29 735 326 248 329
6 676 834 284 564 127 963
6 364 348 274 426 703 808
6 71 104 180 906 76 417
6 485 282 635 101 251 778
6 37 72 384 938 244 379
6 676 527 842 671 144 963
6 750 1 356 929 995 698
6 207 64 662 367 913 174
6 631 680 243 70 226 234
6 761 990 40 853 23 697
6 792 862 381 207 12 212
6 637 759 536 188 430 845
6 804 728 223 459 641 949
6 646 816 249 531 452 785
6 297 249 585 46 740 5
6 484 56 651 704 174 300
6 937 232 264 812 536 350
6 266 607 453 265 300 984
6 113 725 745 518 733 772
6 777 293 373 826 644 324
6 540 475 594 785 638 120
6 27 663 996 922 840 894
6 249 377 572 362 949 300
6 748 855 874 34 1000 470
6 44 357 159 855 620 177
6 767 202 557 214 952 983
6 317 232 275 711 171 110
6 533 256 271 921 556 838
6 822 297 155 975 281 219
6 141 671 91 83 365 391
6 538 414 148 215 965 605
6 837 746 156 81 169 847
6 652 113 644 18 536 35
6 623 67 453 430 210 156
6 273 726 169 202 554 966
6 814 361 486 508 829 173
6 85 43 957 700 950 140
6 987 138 350 324 242 888
6 533 529 841 108 436 926
6 659 7 751 55 817 25
6 251 567 384 354 381 959
6 777 629 844 587 895 581
6 841 179 734 476 588 313
6 232 162 146 1000 715 160
6 887 498 610 788 216 968
6 367 149 265 222 801 816
6 11 39 374 349 46 151
6 54 698 249 222 674 501
6 496 115 643 899 400 806
6 453 412 810 991 895 401
6 799 508 567 737 477 532
6 278 792 89 408 816 845
6 369 209 549 524 681 989
6 804 473 431 212 254 642
6 213 425 632 999 201 451
6 363 753 683 297 466 847
6 602 385 668 996 518 506
6 431 242 898 341 103 407
6 161 101 272 294 25 845
6 134 959 49 906 280 762
6 663 3 273 985 885 812
6 483 17 4 443 252 118
6 533 899 313 576 858 173
6 711 261 482 296 81 306
6 190 440 530 841 782 995
6 189 213 791 58 215 615
6 683 424 116 499 484 962
6 184 154 613 137 977 198
6 619 130 201 648 670 697
6 213 303 129 690 494 409
6 830 752 330 768 79 142
6 412 333 510 728 832 498
6 540 869 321 746 80 943
6 175 9 86 951 603 492
6 27 543 652 81 548 402
6 887 30 326 888 881 953
6 599 908 42 848 199 128
6 351 738 111 166 164 740
6 952 141 478 975 642 387
6 997 133 945 772 305 940
6 100 91 688 456 919 167
6 25 973 915 182 747 295
6 583 965 86 15 140 94
6 987 573 517 510 592 55
6 412 170 278 202 554 860
6 793 856 69 362 950 553
6 997 687 444 577 304 428
6 254 396 718 736 419 866
6 200 244 215 100 180 265
6 452 83 95 299 249 555
6 559 453 2 431 466 968
6 282 836 985 803 363 132
6 254 222 338 598 467 535
6 348 711 454 70 835 143
6 623 80 332 419 289 930
6 335 226 348 161 785 374
6 229 855 515 438 450 164
6 351 572 123 389 59 634
6 309 502 219 621 443 537
6 815 323 961 480 200 816
6 27 730 904 893 555 157
6 246 885 526 950 204 492
6 904 175 483 620 98 176
6 877 543 812 181 748 370
6 583 517 743 193 949 471
6 61 736 59 817 48 888
6 145 430 464 690 955 76
6 54 702 371 522 901 41
6 745 237 689 768 64 489
6 223 882 901 719 426 235
6 904 929 798 365 523 225
6 793 251 13 902 855 963
6 95 65 699 993 597 10
6 131 606 394 454 962 535
6 943 419 720 816 177 55
6 619 915 515 257 719 285
6 696 261 356 284 859 38
6 738 874 227 675 294 408
6 370 744 6 156 103 35
6 31 769 327 112 229 720
6 256 760 589 694 601 383
6 85 13 834 542 477 519
6 815 62 3 433 348 697
6 711 639 37 49 925 597
6 933 647 986 621 695 340
6 744 785 635 171 248 962
6 237 573 997 663 793 842
6 875 78 590 857 512 211
6 530 308 846 539 483 806
6 122 635 653 659 32 838
6 61 136 390 736 364 592
6 138 790 448 608 268 973
6 273 113 283 874 342 230
6 145 772 265 260 347 391
6 802 213 170 412 513 632
6 455 478 566 269 597 846
6 336 732 686 392 168 917
6 266 101 811 339 771 556
6 938 413 499 980 225 76
6 3 74 924 654 118 458
6 631 783 142 803 682 81
6 843 882 56 16 434 848
6 559 388 215 262 800 626
6 71 138 439 882 742 586
6 284 305 37 436 866 645
6 561 578 61 83 74 889
6 196 607 60 434 76 492
6 46 651 206 164 614 325
6 890 884 869 150 723 479
6 897 279 364 487 137 225
6 216 155 364 291 481 314
6 619 269 933 916 881 498
6 658 149 449 785 621 495
6 226 863 310 617 508 626
6 6 856 578 473 260 667
6 115 49 226 23 442 977
6 71 13 596 185 218 890
6 24 452 200 390 894 174
6 857 208 389 11 38 378
6 297 841 217 90 287 127
6 516 418 185 725 615 321
6 636 933 753 46 600 677
6 293 966 373 618 490 290
6 45 976 80 733 310 514
6 373 395 641 38 434 727
6 583 491 480 871 32 326
6 2 67 867 762 609 195
6 882 240 92 999 848 139
6 261 907 25 414 528 442
6 807 19 179 589 84 851
6 447 713 945 726 707 316
6 690 319 557 299 698 38
6 155 208 346 690 615 506
6 347 425 480 500 380 401
6 767 604 820 995 258 879
6 787 347 86 308 481 304
6 37 760 629 608 159 677
6 309 279 68 938 51 488
6 205 136 708 753 446 492
6 184 6 469 260 596 231
6 644 88 894 698 370 647
6 822 599 465 243 16 178
6 261 472 41 644 434 417
6 265 566 275 588 829 535
6 202 699 645 769 192 173
6 282 877 855 521 858 958
6 278 977 516 60 736 978
6 875 445 74 894 465 827
6 37 526 815 642 668 883
6 830 991 359 118 105 640
6 830 360 285 213 321 806
6 835 241 964 524 112 958
6 124 576 372 910 647 858
6 85 111 590 399 137 535
6 622 363 202 140 218 838
6 908 440 167 989 501 203
6 190 685 830 793 13 935
6 205 283 564 339 894 580
6 213 657 180 442 498 33
6 475 223 667 32 756 740
6 485 9 16 192 457 467
6 98 901 67 354 459 218
6 336 756 599 152 513 715
6 987 493 980 135 418 808
6 52 373 453 30 501 227
6 374 662 265 269 816 173
6 583 326 16 361 489 429
6 375 735 659 541 8 850
6 822 493 102 208 113 335
6 619 505 285 935 296 245
6 172 505 281 775 417 419
6 538 349 68 25 669 458
6 714 815 997 178 378 523
6 665 598 591 178 642 479
6 767 104 607 830 340 235
6 714 898 342 960 552 969
6 432 687 268 20 941 304
6 641 102 388 434 733 513
6 761 459 672 653 693 500
6 29 131 901 113 679 234
6 317 927 943 876 201 304
6 729 248 784 167 163 989
6 628 680 930 505 917 35
6 686 342 551 818 624 594
6 579 449 207 653 991 695
6 3 65 774 359 5 884
6 637 691 632 271 650 382
6 239 463 251 716 620 459
6 830 291 186 93 837 280
6 358 759 683 298 84 978
6 129 162 101 649 277 132
6 797 860 97 526 322 459
6 398 469 18 188 770 408
6 317 337 992 825 997 267
6 54 639 339 406 222 234
6 685 394 317 165 896 187
6 190 413 799 618 219 647
6 992 62 373 866 700 735
6 282 590 330 133 747 32
6 317 533 756 629 39 670
6 750 583 357 924 434 379
6 826 427 40 430 520 287
6 680 711 329 507 76 748
6 309 533 39 14 671 302
6 472 956 364 996 375 634
6 119 108 159 675 817 407
6 663 548 403 134 664 200
6 976 891 768 405 641 978
6 661 351 409 719 403 212
6 475 959 814 908 898 876
6 696 873 759 172 170 710
6 404 875 183 280 186 295
6 761 334 431 150 945 675
6 266 69 6 243 890 989
6 420 840 940 756 836 870
6 452 821 585 158 89 817
6 307 133 533 595 413 378
6 534 636 493 320 580 76
6 291 30 734 773 775 23
6 819 164 362 572 876 958
6 244 690 28 427 667 101
6 752 814 543 619 749 833
6 236 142 698 780 981 329
6 873 388 80 604 365 294
6 830 812 657 489 453 548
6 475 669 772 301 176 978
6 767 968 623 264 329 193
6 249 364 788 343 294 945
6 711 414 905 113 923 191
6 264 909 617 778 593 963
6 678 715 489 180 219 838
6 822 451 78 123 928 553
6 860 430 354 520 541 25
6 801 83 753 414 871 892
6 792 186 674 384 17 450
6 686 17 491 217 168 836
6 133 502 358 404 422 528
6 124 635 134 841 310 794
6 878 770 679 836 536 754
6 216 933 787 480 268 23
6 101 229 550 354 11 942
6 599 925 551 247 204 232
6 711 372 898 333 437 467
6 415 575 359 571 378 303
6 145 379 341 45 391 371
6 826 451 517 180 310 723
6 696 307 74 400 194 397
6 665 384 371 826 517 70
6 873 705 265 687 630 556
6 739 768 787 421 633 177
6 41 771 187 98 467 944
6 113 485 522 819 679 258
6 851 151 992 63 312 235
6 12 954 999 841 340 667
6 865 887 509 985 499 516
6 583 479 544 219 941 34
6 863 645 453 598 238 678
6 352 663 522 364 379 212
6 837 247 584 871 120 930
6 213 914 189 610 403 977
6 997 202 84 616 598 725
6 732 53 536 604 952 650
6 415 219 724 508 578 574
6 972 100 466 809 47 231
6 539 542 297 880 820 118
6 381 62 668 603 896 303
6 767 534 875 656 953 622
6 762 894 670 589 422 574
6 773 215 493 850 638 592
6 331 183 815 92 616 614
6 448 505 502 976 407 715
6 430 624 571 215 105 407
6 72 71 372 461 125 817
6 761 57 946 89 321 501
6 427 799 361 821 235 306
6 91 391 268 330 500 748
6 607 852 182 408 850 368
6 72 320 547 180 235 8
6 138 533 749 366 642 99
6 711 563 453 915 399 287
6 104 814 487 13 78 310
6 480 275 968 496 715 883
6 783 613 669 105 103 194
6 747 732 403 302 958 690
6 767 873 336 837 371 329
6 427 749 162 91 801 401
6 693 737 582 769 939 419
6 433 363 408 657 817 838
6 249 860 769 330 5 339
6 269 247 686 223 470 481
6 542 810 571 432 903 387
6 533 966 970 324 298 984
6 131 129 875 913 79 408
6 240 398 28 180 528 808
6 612 579 339 738 692 913
6 351 472 96 407 985 817
6 239 165 24 671 12 758
6 420 353 185 281 979 169
6 52 873 406 888 446 779
6 937 496 277 328 991 758
6 107 637 619 249 381 956
6 997 844 783 688 911 127
6 765 162 766 35 577 386
6 540 606 110 737 26 471
6 652 674 336 999 237 609
6 972 823 392 839 874 435
6 85 29 815 623 400 460
6 130 587 301 608 670 300
6 355 701 695 64 516 383
6 865 802 65 499 902 47
6 241 831 970 735 411 529
6 57 769 820 466 523 672
6 207 827 554 968 546 687
6 946 901 656 32 704 787
6 243 913 248 632 106 871
6 570 296 169 606 489 378
6 342 357 856 371 382 198
6 504 116 605 643 112 55
6 307 755 899 486 948 226
6 783 360 807 390 540 872
6 803 800 862 348 949 827
6 985 197 449 590 118 983
6 278 333 431 79 473 609
6 107 814 398 356 81 923
6 475 273 673 636 604 234
6 966 248 512 868 322 556
6 796 486 320 243 110 852
6 325 148 364 973 751 808
6 744 202 795 405 280 892
6 924 539 200 498 764 98
6 114 623 342 780 330 564
6 744 615 308 894 32 762
6 873 279 703 150 568 38
6 604 965 285 919 458 84
6 511 92 267 201 944 638
6 685 469 643 130 820 794
6 583 352 639 175 743 546
6 686 183 628 618 300 199
6 309 358 14 414 929 162
6 472 814 473 902 633 73
6 964 850 839 898 43 627
6 29 349 658 757 348 560
6 88 915 728 253 928 193
6 972 134 254 83 735 666
6 755 691 977 519 181 209
6 865 787 307 664 211 397
6 13 221 392 662 456 558
6 525 74 867 795 338 8
6 207 798 763 919 408 849
6 767 826 308 745 703 720
6 404 653 121 300 546 894
6 425 386 508 321 894 23
6 886 702 412 579 631 516
6 663 134 156 659 929 225
6 713 468 970 67 104 443
6 27 628 967 314 212 806
6 213 349 171 911 721 948
6 171 559 3 40 634 808
6 266 249 231 549 891 556
6 88 384 178 152 164 988
6 9 814 902 348 142 76
6 17 855 327 606 715 235
6 475 897 664 55 225 220
6 139 781 785 903 698 220
6 530 223 726 590 410 257
6 752 884 522 321 521 55
6 543 547 171 523 723 779
6 800 914 230 339 740 605
6 56 1 602 121 942 346
6 351 374 753 781 177 963
6 886 11 784 163 110 87
6 559 785 570 106 154 779
6 668 583 145 661 577 301
6 996 404 766 473 34 316
6 826 144 715 45 995 840
6 73 221 568 891 984 462
6 13 964 43 123 764 763
6 711 805 513 129 921 546
6 830 663 961 2 43 542
6 635 336 665 411 457 670
6 120 674 598 898 214 41
6 297 570 794 26 98 881
6 121 691 992 512 913 700
6 124 777 340 493 150 467
6 676 597 162 933 393 560
6 738 273 997 916 12 21
6 800 443 180 995 733 255
6 213 905 716 447 825 958
6 102 281 24 490 300 700
6 661 777 291 890 418 870
6 714 585 719 721 419 638
6 65 733 843 502 836 794
6 305 660 177 421 167 135
6 216 937 482 423 707 84
6 815 729 270 597 564 48
6 534 237 37 812 974 850
6 990 987 980 876 985 348
6 961 933 618 240 860 384
6 825 57 869 324 22 428
6 381 9 431 82 442 209
6 216 41 994 644 118 288
6 505 795 568 948 51 697
6 124 189 746 558 173 739
6 273 156 355 114 34 43
6 619 783 340 329 451 882
6 385 831 929 392 719 669
6 138 47 732 710 558 59
6 358 768 749 262 287 622
6 617 358 876 89 209 668
6 335 887 918 991 651 405
6 596 747 302 585 154 117
6 57 785 995 623 968 59
6 954 111 421 704 167 35
6 250 573 594 82 672 295
6 412 261 641 854 341 435
6 547 100 602 784 224 564
6 85 389 505 403 201 458
6 862 976 437 571 586 290
6 607 836 541 765 606 386
6 538 434 2 832 627 331
6 208 826 769 4 400 220
6 873 635 352 440 290 580
6 559 24 957 204 842 220
6 97 161 21 986 648 758
6 129 530 392 914 935 418
6 784 914 910 916 578 576
6 75 155 505 202 215 895
6 282 926 361 862 154 395
6 830 57 636 481 489 727
6 908 502 746 594 764 827
6 251 61 657 263 44 766
6 297 867 22 424 118 503
6 596 537 187 426 698 344
6 595 337 168 326 33 370
6 239 811 642 706 930 649
6 455 559 944 402 971 328
6 934 351 674 664 737 366
6 72 829 820 962 896 208
6 814 644 302 818 988 778
6 113 320 312 122 287 32
6 200 100 236 225 619 913
6 360 746 368 158 643 322
6 755 702 882 548 503 368
6 283 62 538 79 296 940
6 71 646 837 285 463 600
6 452 996 332 776 662 721
6 525 607 72 956 983 984
6 278 943 10 574 34 626
6 915 692 363 219 267 191
6 138 148 676 424 895 158
6 31 970 780 148 343 140
6 526 210 62 81 329 528
6 126 441 236 731 436 471
6 192 196 352 969 361 368
6 119 974 898 923 211 23
6 732 522 872 87 450 838
6 655 954 41 641 495 754
6 71 534 264 922 139 708
6 308 201 434 597 670 26
6 42 746 700 763 39 727
6 138 807 602 185 73 94
6 205 873 800 781 458 300
6 705 519 641 742 120 866
6 712 109 566 800 427 615
6 237 702 831 889 210 460
6 635 721 730 571 815 633
6 879 979 58 125 962 693
6 29 475 933 587 666 373
6 24 338 92 568 572 187
6 612 124 899 932 660 51
6 804 512 776 196 201 33
6 133 589 824 280 829 87
6 538 525 836 519 979 464
6 540 355 11 653 96 998
6 564 312 156 884 532 520
6 96 893 608 179 209 191
6 730 333 97 269 707 252
6 878 233 526 170 719 847
6 184 136 812 151 2 180
6 750 663 240 715 508 535
6 567 583 344 699 949 700
6 559 512 811 937 983 404
6 619 223 433 272 980 103
6 878 563 902 402 363 544
6 155 1 529 408 590 894
6 960 942 607 185 968 347
6 753 586 710 898 316 845
6 399 203 252 881 715 883
6 783 708 337 272 776 471
6 651 340 805 88 15 836
6 760 369 402 788 625 181
6 416 9 139 775 772 918
6 102 470 380 346 462 288
6 263 129 144 623 841 808
6 538 671 296 177 677 506
6 358 534 320 985 257 8
6 708 49 144 903 332 4
6 865 680 760 387 953 315
6 107 912 242 826 299 963
6 932 95 964 704 272 672
6 505 223 420 998 109 707
6 224 445 548 272 816 684
6 121 43 457 270 832 335
6 924 602 862 591 643 842
6 525 249 550 253 956 394
6 920 377 990 233 335 300
6 214 791 524 596 30 535
6 54 154 673 679 669 26
6 906 810 604 1 821 486
6 550 337 561 642 762 969
6 599 248 517 164 890 76
6 149 519 654 906 377 700
6 583 178 497 782 664 700
6 744 635 867 7 42 117
6 691 277 122 800 459 188
6 777 109 885 151 188 314
6 884 613 168 78 397 157
6 97 716 881 623 641 76
6 54 525 712 299 921 87
6 420 61 564 834 452 528
6 873 988 194 119 375 103
6 279 573 513 284 286 868
6 686 547 680 469 497 273
6 237 299 410 705 739 846
6 814 721 801 370 326 225
6 705 238 975 308 892 682
6 330 367 27 341 268 983
6 809 798 674 289 748 135
6 119 345 578 91 393 201
6 315 342 722 351 115 839
6 246 102 271 811 460 586
6 29 451 427 51 643 414
6 683 24 497 430 172 668
6 12 18 126 352 853 434
6 814 136 374 707 617 940
6 701 783 780 980 737 754
6 242 159 536 995 18 426
6 509 348 271 308 546 503
6 202 830 509 916 94 406
6 184 319 876 859 998 22
6 865 920 465 46 796 650
6 296 461 32 572 387 776
6 716 165 980 907 668 245
6 745 299 979 933 14 706
6 699 892 713 366 489 43
6 337 77 456 749 770 866
6 141 411 216 79 690 462
6 115 69 455 219 762 177
6 587 308 510 948 198 157
6 878 713 990 728 485 627
6 783 864 409 622 950 893
6 285 712 266 166 879 391
6 702 548 166 645 758 174
6 175 72 462 238 343 304
6 334 742 312 154 203 763
6 88 513 487 560 98 740
6 415 679 379 852 146 695
6 905 282 805 97 866 258
6 676 23 894 715 630 626
6 448 519 357 7 924 450
6 679 981 882 973 339 301
6 936 369 337 449 348 424
6 416 133 865 702 312 130
6 17 821 213 751 470 162
6 886 280 841 104 824 939
6 702 587 4 694 260 331
6 170 348 514 894 774 399
6 979 111 67 592 577 232
6 475 156 655 263 310 926
6 309 476 170 163 305 489
6 124 436 511 238 381 417
6 777 124 646 129 812 359
6 335 632 568 286 191 397
6 814 40 565 171 165 796
6 830 479 621 579 921 209
6 221 24 872 446 927 600
6 27 790 205 263 895 446
6 646 843 570 257 930 703
6 656 570 114 317 284 941
6 468 709 999 825 295 146
6 96 415 908 115 228 365
6 760 954 531 484 902 817
6 607 852 148 821 816 897
6 139 971 833 259 220 556
6 875 81 753 79 374 941
6 37 355 484 453 916 647
6 899 3 178 516 70 429
6 262 623 911 300 827 847
6 793 246 228 15 407 949
6 504 385 283 778 120 568
6 440 976 688 419 303 692
6 980 249 687 148 781 437
6 455 321 749 211 142 389
6 906 760 876 989 378 640
6 349 678 128 152 429 633
6 916 590 655 632 276 252
6 239 194 893 811 127 627
6 85 865 869 990 7 780
6 637 499 431 454 452 993
6 959 13 9 825 716 467
6 500 146 811 957 2 489
6 709 133 739 643 34 252
6 591 226 389 693 64 284
6 976 571 541 26 173 87
6 351 943 555 820 806 435
6 482 103 898 81 340 48
6 56 554 936 712 159 560
6 761 976 897 324 931 535
6 95 545 297 434 669 667
6 632 555 724 763 451 743
6 454 660 933 938 675 10
6 631 686 875 500 434 763
6 40 42 447 445 81 600
6 676 247 83 12 748 838
6 261 790 733 331 25 304
6 705 484 43 643 177 117
6 97 884 381 576 347 174
6 77 445 948 511 622 395
6 784 710 164 962 12 252
6 937 903 662 582 25 290
6 623 736 470 286 569 645
6 136 478 959 257 443 642
6 61 676 515 80 159 891
6 914 459 337 139 89 859
6 80 631 749 592 362 66
6 293 292 665 16 570 50
6 673 206 388 3 640 557
6 685 599 920 971 776 675
6 863 716 13 733 787 407
6 708 381 421 132 434 316
6 711 852 261 31 169 98
6 631 604 618 973 596 77
6 864 534 357 179 5 157
6 184 857 107 197 529 132
6 283 138 702 67 647 760
6 282 810 800 879 816 394
6 497 643 658 63 98 627
6 319 875 674 692 816 140
6 215 651 287 893 929 419
6 61 745 540 373 577 794
6 307 705 78 577 135 176
6 358 519 352 238 888 386
6 807 869 946 647 22 560
6 834 445 726 468 250 220
6 569 796 222 186 553 41
6 877 922 87 633 225 779
6 825 494 341 182 531 60
6 855 239 119 718 298 33
6 505 607 943 429 634 890
6 976 776 800 89 259 662
6 549 95 664 529 99 838
6 190 711 80 599 839 963
6 82 711 716 875 348 194
6 318 559 148 777 769 434
6 681 669 578 829 142 558
6 776 130 610 473 21 605
6 565 702 623 927 417 173
6 534 946 730 973 308 286
6 342 336 904 199 139 963
6 12 148 359 223 669 638
6 882 793 563 42 610 974
6 960 744 208 519 765 449
6 972 15 508 298 724 167
6 843 519 72 17 427 34
6 239 793 993 146 747 345
6 937 25 275 707 379 395
6 418 943 951 689 590 855
6 629 499 862 300 794 322
6 972 789 57 367 374 779
6 491 524 621 270 657 277
6 71 284 391 592 574 720
6 563 354 163 939 720 33
6 543 972 495 285 617 114
6 72 12 486 62 550 553
6 594 536 392 679 109 257
6 705 526 593 578 195 176
6 37 493 879 112 55 490
6 807 628 207 34 941 740
6 246 367 839 113 553 640
6 864 439 393 111 590 519
6 31 454 258 801 795 926
6 797 585 120 846 139 174
6 16 88 773 157 832 428
6 259 522 636 499 193 629
6 822 543 462 11 941 757
6 436 364 16 45 845 553
6 54 876 281 485 214 629
6 534 964 375 734 876 978
6 875 538 445 792 456 707
6 415 689 445 720 561 326
6 926 318 140 823 162 516
6 282 661 395 916 7 235
6 230 819 910 277 506 105
6 777 707 592 419 152 817
6 213 826 456 604 313 209
6 607 807 354 743 953 94
6 814 13 338 216 373 753
6 328 226 585 794 548 634
6 289 325 95 902 103 609
6 799 32 46 167 611 560
6 71 41 844 517 294 23
6 879 943 966 362 536 806
6 636 453 218 436 690 182
6 966 24 248 566 962 417
6 595 480 570 569 751 294
6 147 635 358 399 743 157
6 637 360 235 566 839 800
6 307 387 772 457 450 5
6 909 812 519 204 762 845
6 360 702 938 381 57 978
6 738 912 59 762 375 331
6 68 846 908 836 684 894
6 65 909 150 152 50 806
6 756 482 784 380 823 59
6 120 437 340 125 684 267
6 792 124 648 139 646 986
6 65 724 792 657 59 225
6 502 885 809 800 919 326
6 484 291 781 606 467 881
6 752 643 701 436 153 649
6 534 129 56 642 861 754
6 24 327 802 180 536 687
6 685 360 786 72 564 203
6 824 451 24 775 780 605
6 325 9 204 669 677 731
6 349 701 339 960 100 391
6 30 95 945 340 4 503
6 791 102 330 166 694 203
6 755 660 798 197 555 457
6 790 937 788 778 86 406
6 922 425 912 663 148 210
6 837 107 515 16 861 492
6 213 647 781 245 50 149
6 311 272 590 255 549 677
6 445 659 529 591 419 978
6 922 915 77 380 365 774
6 297 477 22 670 5 276
6 863 708 265 666 782 806
6 113 108 251 162 41 548
6 155 571 540 578 178 163
6 879 625 718 962 707 10
6 530 279 659 214 881 687
6 54 134 132 861 480 203
6 190 402 57 12 727 808
6 394 701 494 687 374 605
6 834 198 536 785 626 73
6 563 472 922 494 986 582
6 147 729 454 86 884 58
6 957 2 465 409 393 314
6 280 730 904 480 391 640
6 759 17 898 653 53 277
6 184 673 599 9 423 60
6 448 793 325 497 725 532
6 335 645 230 300 893 813
6 663 353 235 10 939 779
6 171 658 315 964 529 849
6 22 447 396 550 412 728
6 431 730 892 508 421 120
6 547 88 686 41 281 541
6 69 186 728 21 778 700
6 176 801 240 902 350 400
6 787 436 738 986 64 460
6 175 628 110 917 338 430
6 463 822 151 769 793 325
6 440 559 158 77 829 720
6 494 352 652 383 578 725
6 190 178 759 694 498 707
6 62 264 325 122 682 120
6 936 282 202 92 529 30
6 976 799 500 270 735 622
6 843 116 1 207 985 503
6 54 797 310 991 477 931
6 878 881 775 833 949 694
6 369 85 962 374 89 858
6 480 375 263 853 185 627
6 100 310 893 773 501 516
6 154 277 960 156 160 59
6 935 439 154 835 521 574
6 13 631 182 424 33 81
6 863 115 451 725 871 173
6 61 857 668 422 444 536
6 877 318 170 408 383 600
6 590 551 572 19 884 921
6 612 307 569 434 986 110
6 646 386 372 632 146 609
6 60 923 575 436 916 126
6 297 373 639 787 82 230
6 483 266 613 525 328 779
6 664 58 14 242 872 386
6 493 689 333 174 923 219
6 307 929 346 167 816 382
6 416 536 655 766 60 169
6 656 551 324 973 81 35
6 696 815 692 902 313 557
6 377 742 355 590 938 808
6 651 891 687 34 314 304
6 589 197 759 267 706 408
6 337 644 193 407 83 763
6 738 690 194 569 196 757
6 729 598 388 890 314 287
6 431 959 15 305 64 271
6 416 792 873 860 949 917
6 283 673 621 120 67 19
6 878 145 441 119 485 870
6 468 172 484 926 666 913
6 421 260 879 220 939 764
6 772 24 376 238 160 59
6 15 875 369 909 185 969
6 736 12 181 921 675 779
6 706 916 433 772 771 1000
6 223 865 390 313 907 897
6 552 335 799 634 998 553
6 71 579 783 995 389 625
6 585 201 587 324 46 255
6 822 240 315 909 234 955
6 334 567 241 895 493 376
6 901 262 632 529 581 284
6 307 965 69 382 693 20
6 607 468 89 165 264 185
6 107 147 505 658 629 842
6 109 867 215 624 185 35
6 646 804 911 385 271 232
6 898 115 891 657 639 700
6 29 420 570 516 185 125
6 624 899 956 428 846 195
6 85 293 504 291 681 185
6 792 863 672 746 118 26
6 571 785 14 58 212 76
6 251 356 308 964 382 383
6 170 914 156 458 650 5
6 461 623 1 563 532 973
6 888 42 489 885 953 446
6 165 899 643 259 146 176
6 808 272 249 202 739 386
6 68 311 757 217 949 127
6 385 735 268 730 642 718
6 606 478 263 589 766 770
6 705 992 336 816 61 291
6 661 908 847 395 982 50
6 455 95 218 810 983 397
6 183 248 381 791 909 397
6 545 623 804 760 521 378
6 525 107 412 971 771 626
6 455 595 648 724 960 103
6 52 463 552 772 326 586
6 309 709 900 472 426 851
6 273 148 80 505 161 973
6 96 537 340 738 860 580
6 108 493 776 754 723 597
6 696 539 19 287 473 322
6 478 642 378 438 362 35
6 571 744 768 114 199 221
6 864 127 246 565 447 243
6 891 402 537 170 988 464
6 205 101 869 43 387 460
6 972 2 589 546 669 476
6 165 169 276 238 154 160
6 289 354 299 876 263 672
6 63 603 596 502 255 23
6 467 769 202 51 458 630
6 166 151 567 347 968 895
6 826 540 205 457 55 883
6 807 661 748 96 289 953
6 485 15 362 967 218 489
6 937 880 957 423 557 913
6 216 319 453 961 756 772
6 886 799 752 645 701 253
6 636 298 280 898 845 5
6 663 49 21 782 654 303
6 621 210 419 949 486 849
6 783 37 831 52 130 163
6 479 373 671 421 897 501
6 205 525 908 194 503 149
6 95 108 380 508 763 626
6 759 742 884 359 859 383
6 971 246 266 243 662 203
6 68 61 374 738 47 117
6 335 40 575 857 391 625
6 27 359 654 949 123 231
6 661 530 920 178 948 700
6 664 887 589 975 187 393
6 922 783 79 406 226 754
6 282 123 966 47 308 267
6 97 627 247 888 592 174
6 636 288 940 852 103 258
6 307 595 246 427 271 438
6 415 864 762 393 212 99
6 430 832 758 105 921 697
6 483 402 292 681 930 931
6 27 712 903 800 164 872
6 24 967 587 723 20 76
6 534 882 279 169 405 697
6 244 737 64 589 300 5
6 71 581 204 307 625 506
6 886 680 86 193 67 721
6 901 659 566 832 331 370
6 661 802 957 341 503 73
6 440 172 331 994 105 146
6 800 992 117 505 642 870
6 325 253 510 302 615 450
6 37 109 599 36 587 838
6 696 1 86 512 853 580
6 359 493 515 256 490 60
6 280 278 18 67 715 868
6 179 702 273 42 811 490
6 77 713 922 924 633 112
6 660 664 896 84 675 5
6 538 652 240 308 562 294
6 653 922 144 516 727 913
6 259 936 851 287 568 99
6 454 533 411 537 332 611
6 526 329 92 64 55 160
6 519 550 816 772 303 940
6 904 73 290 810 303 417
6 460 334 837 885 290 383
6 610 596 251 123 774 506
6 134 805 884 859 570 26
6 887 737 579 449 605 422
6 873 970 510 880 168 927
6 713 926 899 424 347 422
6 324 248 265 149 677 137
6 496 716 264 666 20 177
6 337 934 251 858 909 47
6 680 387 678 193 521 535
6 119 823 721 44 167 284
6 480 342 151 459 7 800
6 629 174 780 444 163 695
6 56 665 241 857 275 93
6 1 253 862 749 459 503
6 651 430 102 531 347 881
6 210 606 119 465 523 373
6 897 110 747 159 235 982
6 155 650 175 34 470 771
6 183 815 463 664 609 977
6 934 404 951 380 173 973
6 221 42 650 858 243 340
6 527 461 92 403 148 698
6 637 680 531 134 332 617
6 527 791 719 265 450 883
6 531 901 288 537 993 194
6 455 395 465 68 375 292
6 788 249 172 352 286 146
6 733 742 92 265 296 323
6 680 486 431 434 361 649
6 702 74 795 106 92 866
6 992 971 781 284 300 127
6 543 527 886 28 353 442
6 62 66 82 914 682 740
6 347 376 895 90 721 292
6 777 567 18 31 874 955
6 702 869 44 372 460 444
6 511 42 862 927 221 629
6 147 696 355 833 896 775
6 685 636 376 80 890 114
6 475 996 44 874 684 284
6 587 372 456 64 140 555
6 545 880 701 541 859 722
6 394 683 356 299 928 76
6 800 461 312 122 726 549
6 579 549 495 687 781 316
6 320 61 576 766 406 586
6 527 512 452 840 548 720
6 900 97 465 255 927 60
6 381 61 760 948 155 576
6 654 249 178 47 684 770
6 21 682 689 22 276 235
6 184 313 646 27 165 326
6 54 310 557 180 627 845
6 265 976 495 333 235 99
6 631 449 219 549 267 650
6 823 811 616 959 466 14
6 582 4 690 110 871 287
6 729 129 898 437 966 417
6 694 285 223 231 958 991
6 844 247 274 93 158 295
6 2 712 775 84 245 157
6 31 342 486 780 168 401
6 809 579 935 625 35 442
6 798 795 895 517 642 252
6 166 650 345 692 277 630
6 709 251 825 710 348 252
6 571 443 871 500 684 700
6 533 453 758 812 839 365
6 513 708 211 350 277 173
6 756 61 26 314 490 806
6 807 901 914 704 219 300
6 141 303 163 99 474 508
6 420 1 632 709 4 242
6 730 739 819 693 586 675
6 504 805 372 660 826 322
6 342 427 688 414 548 855
6 222 402 968 544 630 859
6 14 133 303 182 910 758
6 696 280 390 974 156 405
6 825 648 862 133 945 435
6 888 468 713 561 199 421
6 783 246 455 340 83 59
6 811 601 510 43 99 649
6 674 136 995 756 720 290
6 434 691 308 161 179 70
6 745 327 105 15 480 553
6 730 975 737 160 719 383
6 920 661 561 311 851 446
6 907 691 721 150 833 301
6 141 241 691 439 227 529
6 57 134 904 192 203 725
6 976 550 669 339 64 87
6 186 648 778 773 245 370
6 312 15 812 627 978 304
6 56 665 597 835 438 23
6 447 856 354 568 754 428
6 491 800 671 688 47 315
6 807 660 705 965 542 751
6 735 256 515 933 118 43
6 250 273 753 850 370 177
6 319 451 660 80 517 667
6 351 701 326 995 426 501
6 385 61 676 862 544 870
6 2 647 307 666 422 622
6 874 287 480 766 64 365
6 901 646 354 877 537 916
6 702 985 957 609 195 838
6 957 809 356 785 862 476
6 835 254 977 687 945 20
6 920 258 869 975 701 484
6 994 584 151 561 657 48
6 559 52 658 708 615 87
6 733 595 367 134 947 4
6 130 742 540 551 564 437
6 525 709 421 294 553 535
6 787 520 2 12 230 417
6 744 7 391 521 314 290
6 799 925 551 502 780 87
6 910 111 658 294 400 25
6 512 56 126 476 84 392
6 143 618 879 998 153 94
6 88 180 890 989 897 838
6 335 202 31 321 12 962
6 325 425 354 223 501 193
6 899 951 187 568 397 35
6 635 933 549 897 527 620
6 701 377 326 181 135 672
6 145 873 56 399 708 773
6 597 394 688 582 961 572
6 960 996 345 370 519 105
6 822 793 351 642 227 439
6 149 823 21 128 953 764
6 246 777 985 599 436 230
6 273 454 15 144 541 203
6 641 820 82 561 585 201
6 752 632 432 335 941 849
6 610 802 993 28 279 743
6 367 704 648 786 201 104
6 398 427 250 460 228 144
6 475 197 479 178 866 581
6 121 373 291 275 84 174
6 583 969 976 275 655 850
6 814 194 642 114 173 806
6 530 759 692 993 78 668
6 704 56 718 735 889 839
6 869 317 189 885 80 368
6 970 285 634 785 896 667
6 57 773 580 405 816 963
6 746 61 593 202 903 383
6 381 579 14 409 776 952
6 394 63 481 400 70 203
6 240 214 269 413 859 220
6 628 706 613 775 917 152
6 975 631 75 356 474 836
6 644 384 469 203 603 675
6 336 359 53 952 32 230
6 714 356 251 974 259 546
6 27 427 836 544 765 973
6 254 487 731 6 209 670
6 689 608 389 747 118 120
6 74 661 830 820 165 224
6 848 663 709 639 818 963
6 138 309 819 795 720 220
6 821 961 78 917 944 228
6 790 877 486 204 335 295
6 148 63 217 44 740 718
6 395 571 885 713 187 838
6 571 53 781 285 173 600
6 31 448 623 253 573 553
6 335 798 888 662 125 700
6 475 421 151 863 640 304
6 323 338 402 296 506 838
6 948 824 665 733 296 47
6 445 729 390 387 566 290
6 693 134 552 133 555 33
6 680 187 959 742 941 346
6 274 430 507 40 260 895
6 308 909 618 34 888 939
6 814 922 361 926 870 762
6 798 539 738 746 67 153
6 155 976 876 947 895 703
6 491 743 971 288 265 102
6 613 496 249 549 238 850
6 519 643 135 754 479 528
6 805 997 37 897 199 277
6 37 420 118 321 68 609
6 337 64 364 500 943 23
6 3 673 919 89 474 560
6 309 793 540 82 243 890
6 711 138 478 745 411 1000
6 878 6 551 315 944 766
6 193 986 275 467 881 322
6 801 214 46 341 192 326
6 565 495 794 404 425 302
6 107 815 104 437 117 143
6 81 380 749 836 139 187
6 552 82 877 762 667 48
6 602 92 892 166 982 492
6 878 586 273 194 577 725
6 899 421 625 988 614 212
6 93 860 676 490 457 528
6 131 298 137 92 919 861
6 318 583 280 110 443 718
6 790 965 110 513 743 528
6 714 615 785 238 424 718
6 912 996 355 834 923 489
6 887 799 357 481 912 26
6 266 468 37 472 749 993
6 374 724 586 351 774 490
6 164 579 170 181 606 167
6 62 155 581 721 299 603
6 901 708 679 983 693 858
6 819 732 477 430 227 295
6 909 240 114 330 423 883
6 432 541 194 704 187 827
6 139 25 862 897 200 26
6 800 285 86 146 945 827
6 482 991 302 982 740 173
6 266 207 893 481 218 850
6 20 79 242 465 490 535
6 345 748 227 670 672 84
6 455 46 3 522 499 245
6 273 926 312 498 757 963
6 170 202 371 323 389 39
6 429 725 132 117 275 125
6 711 239 598 731 132 847
6 305 315 629 633 382 8
6 320 37 691 619 858 120
6 603 742 170 156 181 600
6 860 139 80 75 879 993
6 651 815 9 719 962 808
6 155 674 915 2 45 232
6 461 524 869 271 842 671
6 148 188 657 292 884 641
6 57 680 557 602 896 858
6 373 732 906 694 387 518
6 85 619 719 238 332 467
6 730 341 204 502 494 408
6 504 393 77 112 492 203
6 652 235 957 402 582 953
6 982 540 327 313 202 292
6 683 37 44 18 188 586
6 646 273 934 587 876 605
6 433 496 621 852 330 168
6 809 525 904 374 105 546
6 761 802 665 322 84 512
6 256 248 310 490 715 883
6 541 977 943 890 76 633
6 752 13 582 330 310 492
6 507 515 896 493 580 277
6 579 293 604 457 949 23
6 54 595 373 848 117 560
6 85 976 914 981 974 245
6 440 198 394 555 292 940
6 402 433 290 339 881 605
6 887 972 425 469 742 842
6 853 77 636 161 495 611
6 807 877 388 182 737 34
6 936 631 192 80 544 164
6 541 700 944 22 945 771
6 557 469 586 544 163 488
6 293 755 919 946 375 347
6 182 619 160 589 157 740
6 737 16 444 12 679 289
6 811 81 497 950 477 897
6 512 987 776 259 177 304
6 712 362 343 523 10 741
6 525 540 2 766 480 648
6 814 519 757 447 168 408
6 494 595 507 882 482 185
6 575 490 999 498 150 26
6 13 854 452 796 294 127
6 976 735 182 255 741 383
6 573 31 109 389 120 858
6 190 835 433 539 357 361
6 777 792 795 660 923 407
6 744 415 540 439 569 99
6 731 797 395 43 782 581
6 475 382 40 968 8 225
6 797 328 27 411 979 62
6 413 922 557 568 596 271
6 783 613 639 512 449 209
6 389 410 965 257 655 955
6 71 403 247 275 570 295
6 394 132 197 243 421 489
6 334 851 291 305 380 501
6 612 216 4 376 340 605
6 534 356 621 271 960 818
6 654 231 437 4 727 10
6 318 909 345 747 796 668
6 455 470 906 365 444 104
6 131 367 812 357 670 234
6 696 878 543 784 874 984
6 319 17 307 579 465 910
6 979 733 96 546 682 128
6 920 874 381 394 217 87
6 814 599 462 629 307 229
6 526 678 329 98 160 417
6 131 792 803 681 68 437
6 238 784 798 483 585 393
6 668 393 447 625 405 662
6 337 991 543 115 109 490
6 554 752 189 382 529 422
6 839 880 103 679 480 1000
6 954 58 159 30 630 450
6 226 106 825 312 353 198
6 342 226 610 844 178 262
6 49 783 44 426 446 289
6 504 805 832 182 79 331
6 686 714 68 746 359 345
6 912 9 353 274 930 153
6 825 775 947 407 667 984
6 520 686 710 114 479 734
6 126 674 405 810 481 842
6 566 111 828 584 473 174
6 711 214 937 777 891 30
6 831 660 816 423 137 510
6 246 283 656 313 347 350
6 744 182 797 667 219 694
6 469 24 644 103 813 556
6 297 607 63 698 447 611
6 83 509 245 627 20 741
6 661 273 601 938 271 998
6 107 851 959 518 792 135
6 179 652 880 264 208 657
6 637 363 21 156 847 842
6 445 462 512 350 255 290
6 769 987 1 37 233 532
6 282 876 718 320 572 741
6 498 694 739 594 721 135
6 525 797 720 210 188 626
6 182 307 929 288 558 847
6 864 659 459 736 601 489
6 372 830 424 584 169 178
6 610 280 156 953 774 781
6 951 770 888 703 403 140
6 602 663 618 133 400 913
6 444 200 752 30 888 772
6 15 3 842 202 741 301
6 545 49 798 729 510 93
6 189 862 258 742 869 958
6 334 97 537 72 851 806
6 792 407 365 622 314 722
6 330 776 256 263 667 827
6 972 929 117 143 290 849
6 385 53 456 347 156 391
6 466 241 578 893 808 984
6 415 170 354 736 269 120
6 53 134 159 228 10 383
6 653 201 396 988 51 501
6 29 965 345 274 487 603
6 799 517 491 529 617 931
6 541 13 101 846 966 387
6 36 934 987 500 695 817
6 823 543 439 375 765 717
6 522 993 381 751 672 553
6 544 774 186 567 588 923
6 688 928 862 325 888 383
6 559 421 477 648 490 474
6 777 847 571 768 49 984
6 46 249 544 692 940 51
6 714 468 950 188 499 600
6 811 493 624 833 955 157
6 278 374 472 118 897 520
6 80 520 338 575 409 314
6 709 482 21 401 90 668
6 702 213 210 756 754 963
6 130 575 327 26 818 8
6 517 445 363 394 537 449
6 822 261 659 188 442 191
6 184 430 623 389 659 697
6 937 820 394 67 903 389
6 937 334 518 79 918 22
6 475 260 797 363 902 388
6 814 369 784 116 982 140
6 352 126 240 382 301 842
6 170 104 786 110 310 77
6 661 837 862 721 587 350
6 54 540 709 354 34 289
6 102 533 86 367 574 782
6 290 179 299 605 924 314
6 966 24 72 322 217 697
6 822 147 295 528 243 225
6 345 298 384 967 390 462
6 646 671 968 929 305 193
6 808 2 163 566 754 963
6 834 204 774 77 927 51
6 37 509 352 857 536 199
6 345 796 208 862 786 857
6 865 643 31 262 586 401
6 326 800 736 836 958 26
6 42 360 69 86 34 779
6 266 349 206 623 157 198
6 908 824 926 18 285 38
6 880 810 117 844 703 98
6 496 769 564 700 776 667
6 755 130 502 223 556 195
6 197 739 222 995 690 395
6 790 30 154 33 417 1000
6 71 602 11 237 487 407
6 714 216 223 24 408 780
6 482 443 648 861 231 199
6 837 90 16 707 727 199
6 119 357 688 22 366 193
6 54 660 904 182 467 684
6 476 929 795 561 391 600
6 975 844 463 403 209 605
6 799 561 593 536 168 306
6 141 769 547 67 820 754
6 513 255 217 93 675 984
6 822 891 226 867 240 387
6 355 680 895 431 298 564
6 323 197 427 355 940 941
6 343 63 757 456 137 73
6 31 936 754 939 199 928
6 865 312 707 853 528 209
6 210 899 787 22 284 446
6 502 39 294 923 350 677
6 396 819 462 503 576 963
6 750 985 352 339 255 204
6 124 449 146 698 837 585
6 147 399 936 834 655 568
6 379 95 24 909 795 22
6 934 466 873 551 893 968
6 897 504 394 331 382 820
6 456 619 965 857 46 30
6 575 40 516 463 891 473
6 455 119 14 460 50 203
6 286 305 903 153 923 489
6 189 657 332 340 382 923
6 745 342 233 137 182 629
6 563 653 593 83 292 458
6 239 92 130 694 721 198
6 550 515 112 633 649 813
6 398 414 694 378 379 295
6 990 753 301 780 500 212
6 738 395 774 476 820 672
6 413 454 351 396 693 535
6 717 499 687 340 407 153
6 6 738 221 665 247 444
6 852 302 303 87 329 30
6 663 802 46 63 198 225
6 119 658 295 284 407 650
6 46 534 802 604 572 962
6 822 900 746 572 988 128
6 825 683 93 172 910 322
6 530 487 373 454 164 287
6 111 660 899 796 231 267
6 825 432 132 794 405 913
6 744 882 456 743 303 203
6 889 354 229 762 467 883
6 380 332 611 897 284 951
6 863 412 149 479 409 220
6 555 742 753 681 836 520
6 281 494 717 610 99 329
6 136 93 238 135 157 191
6 809 305 12 137 32 176
6 221 879 295 296 694 117
6 541 613 836 419 406 397
6 405 402 13 964 204 616
6 240 260 271 546 548 428
6 661 604 253 232 437 153
6 190 494 680 864 77 78
6 237 444 632 425 836 316
6 83 68 503 212 638 697
6 493 656 617 604 177 450
6 440 956 598 417 868 600
