1 1.1909753541760837
2 3.7310729120048105
3 0.8864982304685439
4 12.945856693329658
5 0.8855514857564976
6 0.38607776252649345
7 0.09291550087692065
8 1.347109572208477
9 0.25228354998339253
10 2.3492760837405995
11 1.1179062477922224
12 0.8957093630011342
13 2.3233281957823335
14 0.14289460483418967
15 0.14586715679981538
16 792.2806653993429
17 1.384242127120811
18 0.4550597726371076
19 0.16302238315979325
20 0.11167714446205809
21 0.6328538500119298
22 0.25326497331077286
23 2.166052616549269
24 0.5032328333436151
25 5.388980551989005
26 2.3906362685661873
27 1.0006981892438624
28 0.31617055526935883
29 0.03468992096155541
30 0.3583045081853772
31 0.2125430076998386
32 8.286533579781118
33 0.07314823147618033
34 0.6936832407179144
35 1.005626599679668
36 1.1083380208566034
37 1.2719646146535648
38 0.7086606385725495
39 1.371835476219317
40 1.9650441704956367
41 0.19070725878197306
42 0.3715189728486131
43 0.49672273206217726
44 0.7583985233747252
45 0.707312853201041
46 12.710344814436018
47 1.5543590328773336
48 1.1547383507370292
49 2.501857643979292
50 2.727329692018895
51 7.371907490346269
52 0.24160667452169068
53 0.011921701127998547
54 0.20404325693891526
55 2.6588643357578725
56 2.699635603722716
57 0.8472658816855066
58 0.22592893345221177
59 78.29007711982324
60 77.56074651597679
61 0.40270508026041507
62 0.4227823701298703
63 1.1441738422667598
64 1.0617783845341338
65 0.7056406761533417
66 0.6028226054878372
67 4.084952551391689
68 7.07412159580571
69 1.3125284518201703
70 1.041865479344102
71 4.9125521489699135
72 0.18519254392347506
73 0.4940618166891697
74 11.020194230121964
75 0.7048711385711383
76 0.258100326141383
77 2.629657667810029
78 1.8805920316419993
79 1.7956542633442747
80 9.848225596964827
81 0.7631177371709303
82 0.08219418686014347
83 0.608308466044803
84 1.5522332932920015
85 2.327165931192496
86 0.6274904892574558
87 0.04303010339247083
88 0.6902849741269207
89 0.04884757608180448
90 9.31065538328834
91 2.420971453481375
92 1.8875084848305927
93 2.320023953352206
94 2.571733405791777
95 2.1898735550274067
96 4.691555807877203
97 0.5289449229844141
98 0.7283903258453044
99 3.674892793262941
100 0.1550654597142745
101 0.1540999307987397
102 1.4641358782402079
103 0.2251280284754651
104 0.12199694221042873
105 0.9156854737776161
106 1.347655803682478
107 1.6914251364893305
108 1.0321280333800111
109 0.3982955284420335
110 1.5254905417378013
111 0.04656498564529936
112 0.30123935440209454
113 0.12755648107434836
114 0.4532825263328791
115 0.03983067667615233
116 0.05755457938159586
117 0.4966629456561254
118 1.4363260472262183
119 2.700666843071205
120 2.408419046143069
121 0.9963857880976483
122 30.509066899325436
123 1.6989780846635822
124 0.6900404989168029
125 2.1691557469401306
126 0.35576573513143345
127 0.2963947798626095
128 1.553824827227372
129 0.08745244107090384
130 0.8004093073974818
131 1.656768531458071
132 6.2173941451164225
133 3.535569212743491
134 0.4990451113743791
135 5.692747787410022
136 6.117213420471063
137 141.17104670898863
138 1.2291428488497236
139 1.0963985324790988
140 0.16672050681365863
141 0.7091850492547064
142 1.6891487355281614
143 12.418598922020252
144 0.781994061995912
145 1.977916535495497
146 11.602363931523842
147 5.209609905940163
148 0.004918950374667615
149 9.820851957945433
150 1.058937428285218
151 0.12035024823805698
152 0.07528229045384906
153 7.7836783456798155
154 69.72833244489867
155 0.9920090518521337
156 0.714755790852078
157 6.022374364245436
158 0.061844519767531615
159 2.2421265406726594
160 6.956290894236818
161 0.47681033667687445
162 15.26006084387206
163 0.08159078095839847
164 2.963035775065088
165 1.4004598484197892
166 0.3273964586551477
167 4.114653930001531
168 0.14490784955564107
169 0.10931229636259315
170 0.14550068801841612
171 2.2545241770783204
172 15.072689967626902
173 6.244275424460326
174 0.3616264271685318
175 3.326374766395979
176 0.994677416573243
177 0.923843852077645
178 1.2883817707852923
179 1.70624450177137
180 1.8387512695802803
181 6.474174678075922
182 0.3072488630839597
183 1.284687498995848
184 0.0598743013019776
185 0.4576757778840372
186 5.3723357335100985
187 1.0169320290963837
188 0.04668126277980536
189 0.46812777676640555
190 3.4210747533735364
191 3.060298547873135
192 0.44350182711592323
193 4.623132941608252
194 3.3763718367575577
195 0.2761550341866096
196 0.7881518427315349
197 1.0194529999165967
198 2.7036579959070233
199 1.3626122974944244
200 1.8821929897180019
201 0.004092372870991063
202 0.2529265105108327
203 0.6193342570291211
204 2.333628177808623
205 0.10283947412210827
206 0.05680666558814299
207 0.14259347091019248
208 0.5701831958679179
209 0.42058846171869485
210 20.899199126979042
211 1.4682395331210165
212 1.2266706815847377
213 4.834664586765569
214 0.13489115042966962
215 1.3698393878016482
216 2.0403173679652826
217 0.8002564282395332
218 1.2933821079271022
219 0.28967100254754896
220 0.5178154893209095
221 2.6210362486483962
222 0.8215685178290826
223 0.5101736198242418
224 0.213738828444513
225 1.8872414160887756
226 1.1745967518421545
227 0.18721110399840862
228 2.256023842448824
229 0.4778736678227996
230 1.317948606431868
231 8.011083913227239
232 0.5367167963656133
233 0.1519073072322557
234 0.5716217721181972
235 0.6235311587448861
236 20.737757915525062
237 0.06498856206693293
238 0.25059967604543765
239 0.01130499037095661
240 3.6190874401387196
241 15.07344251999896
242 1.7746698786566888
243 0.13092103598115604
244 0.0837298359111469
245 5.04053310551067
246 0.08406807627010796
247 0.1855903153971181
248 0.09584067490875449
249 4.00116152972672
250 0.3472486149536529
251 17.374578716780846
252 0.32147009091806145
253 0.023947742730377666
254 0.18021306910957569
255 0.19884137872102928
256 0.05827034214706163
257 1.335551235887321
258 0.20358410232005403
259 0.427605775327786
260 11.077602683935627
261 1.8324987409190912
262 4.124484814235632
263 0.3700461844370345
264 0.03241233472426363
265 0.01933640763048175
266 32.41279667238506
267 0.27019621357931994
268 0.34408582343787864
269 15.18189351545748
270 2.0116734993699428
271 1.718062829946312
272 5.29499823571859
273 0.2235984982118728
274 7.165981481529148
275 0.8824694056197228
276 13.357511394333397
277 0.5561543073702289
278 0.27279420093327433
279 1.1284578404895929
280 10.551850140303607
281 4.75327681347129
282 0.20398364228527724
283 0.32760216010497945
284 0.020459784893760588
285 0.0741688322747408
286 8.865064140404847
287 0.948485326517919
288 2.857183266508324
289 4.555335262623599
290 2.15919381293196
291 0.05400875115282094
292 5.664572376463537
293 1.2817734044192322
294 0.19034882730966332
295 0.42534806864235697
296 3.3653684010046625
297 4.866150856134065
298 14.074012491069958
299 1.4515019376345528
300 0.43753261526811393
301 0.4813305310104191
302 0.6064700878160746
303 4.120269658433708
304 5.726677816731901
305 13.635615790135004
306 1.1172578384760616
307 10.542238014787538
308 1.81941230354427
309 0.2585481377779648
310 0.5915207759716588
311 0.5497906722350656
312 1.5519293807245123
313 1.5897174766674556
314 9.171546586238435
315 2.2068455838826164
316 128.7631598375071
317 2.2953040926641646
318 0.13378326806027505
319 5.109217798557729
320 0.20863618075604018
321 0.06314061280341632
322 0.0976444482471762
323 1.6022399688487738
324 4.2598347328575805
325 0.05774407508670315
326 1.7025765177709538
327 0.31743911764056204
328 0.040937127281947906
329 9.735693450749025
330 0.3016386115887314
331 0.28991007453827833
332 42.376090190383074
333 0.8439497526064804
334 0.35593423592006523
335 0.06569323130351816
336 11.028813286258586
337 0.8538628229131929
338 1.4093733221208684
339 0.12732859565196064
340 0.04144459381982361
341 8.981468733995564
342 2.095012971885216
343 0.6804588894337696
344 0.1511072356895513
345 0.07032605075911298
346 0.45341295449615987
347 0.1695846742633191
348 0.7781160156201162
349 9.045624982868382
350 0.26480899918852546
351 0.5417906908070194
352 2.2989244508527245
353 0.9878860694580107
354 0.3239824088942224
355 2.678338695209347
356 1.9791472115043571
357 0.973521678147532
358 4.313089310789885
359 0.08840192515653447
360 1.0010840815679074
361 0.8633646051154513
362 0.19675583347202769
363 4.067564524193894
364 0.12018599313611299
365 2.6857965463861153
366 0.6013323558102391
367 10.218289102232397
368 0.36211532635773813
369 0.7157643232315197
370 0.32715053229235785
371 7.737786581731804
372 3.0527724992617715
373 1.0877593237848893
374 0.9910220838706936
375 0.12998022388548322
376 14.543208401863893
377 0.6082416760666681
378 1.2289156943588633
379 0.7747641419610002
380 0.19378347267401133
381 2.338136879658591
382 19.113380785656634
383 0.3369646944295641
384 1.1795628078123184
385 1.7880862916572846
386 0.3782190229520062
387 1.1861037756721167
388 1.029694175729461
389 0.30100372920994306
390 0.985317755496731
391 2.0617136480802007
392 1.424164578136704
393 4.517021634501238
394 2.9746536212527883
395 1.2062305991517588
396 0.27169253372455665
397 0.06918074852038485
398 0.2564292950074821
399 7.356066612970629
400 8.420952229131458
401 0.15864744900407768
402 3.3883979416509864
403 2.2448775250606245
404 0.48189934740721035
405 0.44113804958782266
406 0.15435708608578175
407 26.658626058147867
408 0.2712023570597714
409 0.4341481604856697
410 0.09931004901155914
411 0.9277844881086665
412 0.3302476515055479
413 2.1332682461291586
414 0.9536068713026452
415 1.589151366517724
416 1.5991386575693125
417 0.5299808492119146
418 0.9123037285734962
419 0.3097620884956042
420 0.6427596235964157
421 0.39619653297856733
422 0.38258716715734353
423 1.1494252854512514
424 1.5783753164235195
425 0.24313151297724156
426 0.6267963154601739
427 1.0625089005551611
428 0.3141400902442375
429 1.1395651026250073
430 1.0867615350190043
431 0.050851162147349575
432 7.165120011769039
433 0.17531427459640714
434 0.7656951956886326
435 0.23270723095119297
436 0.27547568575506615
437 73.45119353309322
438 0.10954219572276445
439 0.8560923548389348
440 25.72023593668232
441 0.21986425757424585
442 0.1717838512913009
443 0.7172234185389185
444 1.7334345742321282
445 0.07618082655216823
446 37.739858843441
447 0.5054395096627937
448 3.6971238736788488
449 2.154477088528619
450 3.5724015200545884
451 0.1489782469259458
452 32.790205183629716
453 1.0721549540055306
454 0.5490251348651034
455 6.2402430198030485
456 2.4161242565836103
457 5.934787198417581
458 1.9960088809495455
459 0.9905347118460642
460 0.22035434682116245
461 0.3259506345308376
462 0.13312025563866248
463 0.14443501440801845
464 0.5104254790674845
465 5.081835721995633
466 11.422057823007721
467 1.5689738237353277
468 0.16253719997519087
469 0.7533153915422439
470 0.03320944211577673
471 0.5209178149808417
472 1.1378632130941515
473 0.12459532416864821
474 2.1755483844367127
475 0.644396425448043
476 1.8290645508886585
477 0.953890129546587
478 1.0408507202245179
479 1.0471895652070389
480 0.2208423626878419
481 0.42798319613141944
482 0.10511999649168996
483 8.374159254032179
484 0.7617639969346998
485 0.03368987147432065
486 15.8185411964438
487 0.33341165367596093
488 3.329707195801564
489 0.16252676423803308
490 2.5778722566388486
491 1.8764385763215445
492 1.4920258717424724
493 1.2093471336934234
494 5.0525121065742535
495 0.8576780339626338
496 1.524243077206553
497 8.484815082538741
498 0.4021660279542002
499 0.8926774340929108
500 0.38618008772887125
501 0.4745190191787151
502 0.5896500851711579
503 0.24651313943623576
504 0.01675035074005335
505 0.9438201573058487
506 0.5204086867546003
507 10.643446016501246
508 22.422005910069977
509 1.1130552448222084
510 1.7528543050211371
511 0.4141873088726184
512 4.282951766112392
513 0.688315870653013
514 0.2876595826132337
515 0.23075597271654621
516 0.5808966019331109
517 0.5106960397314456
518 0.4127760149543032
519 1.2359593587414595
520 0.13928122677732593
521 0.026660152326980664
522 2.405033900485796
523 0.7122693202718524
524 12.789202557085522
525 0.40305313614527444
526 2.361141746535244
527 0.40620608850202156
528 3.021824622189166
529 0.13154492036006651
530 0.07212705692236901
531 92.07138266337114
532 0.7307760623277438
533 0.6246383476199409
534 0.0011622281232086303
535 1.8024669216550449
536 16.113051333017953
537 4.616379722908073
538 0.8973409077098501
539 8.106432972062354
540 0.804873449419599
541 2.975750151752604
542 2.3223373003970402
543 2.8451506347442894
544 7.830787468078597
545 1.1851698297198137
546 2.307994816938636
547 0.12372535603932755
548 0.7600767681511673
549 4.1946194834903965
550 22.8252299931604
551 4.94739016707846
552 0.17294805851367842
553 0.06435063603919128
554 17.984080044386488
555 3.364308674990197
556 1.1263676588849794
557 1.0613474143267405
558 0.11441776198499014
559 0.1811585984365181
560 0.9043281935208329
561 34.231655094814
562 6.792593914308227
563 1.5018779134312443
564 0.49421552049775297
565 0.36644360344952975
566 0.24551084077868107
567 2.353220227433993
568 4.063832452110808
569 0.007111845883764141
570 1.235036455831978
571 33.44323700407476
572 0.033210130686725334
573 1.4894372070254498
574 19.47730164365335
575 0.31893415531359404
576 1.5417132280235852
577 1.8146605890326877
578 2.4440835739979287
579 4.257220908913479
580 0.0029145211753311825
581 34.34909353256091
582 0.47617038912290566
583 0.12795527473164764
584 1.506985179785254
585 0.6924543096093874
586 10.05572658350908
587 0.11823813427980817
588 0.7887674567062122
589 0.5852139325347295
590 1.416508959889153
591 3.0495821966014485
592 1.224741380529042
593 0.8466360836220721
594 3.895469674899646
595 2.8020059606388545
596 3.113779495239123
597 1.053757504630424
598 4.572064933894264
599 0.4497415477371471
600 0.007486073901398048
601 1.857908507205741
602 1.797556210938043
603 1.5177889177079082
604 0.2538501534487936
605 0.515439916044015
606 107.55935580267803
607 1.1426292184164708
608 3.1251342097533534
609 0.11620739230383292
610 4.398538945395581
611 0.5080111498042282
612 0.3841421940376284
613 0.9813337412372235
614 0.8779499840263256
615 1.787238738616405
616 0.5675719364375945
617 0.21823356255560547
618 0.9595849690057815
619 13.555453062821027
620 0.23782000267557035
621 0.4932672916450787
622 3.1045263443353104
623 0.12333863562314237
624 169.8069921538789
625 104.72431327685534
626 2.248293456270129
627 0.2469791001120654
628 0.4732597730635321
629 5.333745950036282
630 0.14704729219814827
631 1.4154717129421444
632 3.796821129679022
633 0.3139564451062015
634 6.930945304551169
635 1.6130379497352543
636 3.147677604403789
637 0.41552779116531785
638 2.845198573133552
639 0.6460540926632456
640 5.555610370543704
641 1.423164825373332
642 0.832038600885486
643 1.3736247083656252
644 0.29668061829250625
645 2.354261162472652
646 0.3751769575833737
647 0.9000160199019693
648 1.0473307139330053
649 0.34268804275396764
650 0.6425078006297468
651 3.205356791014795
652 0.1038556707354772
653 0.09780063649806096
654 0.25780040799451753
655 7.746420518705468
656 0.40220623877046763
657 3.9849780305895104
658 0.571326418877205
659 9.38719846448459
660 0.291504394230487
661 6.13238424311182
662 1.045278807239282
663 8.034386926180314
664 0.8508467290901379
665 0.27762343724316807
666 0.656903142909976
667 2.1165123204086522
668 0.9208749920526783
669 0.06643864565758913
670 0.622154212318978
671 1.2167969201038846
672 0.7065359645192925
673 0.6885655840998166
674 0.7223978451141084
675 10.198935572400302
676 1.9529947218653654
677 6.604031252568942
678 0.4152324563187191
679 0.30802349954736896
680 0.9046130499224494
681 1.22381812978229
682 0.45069356474060074
683 0.04711407718355537
684 0.21454142386453445
685 20.086816342969602
686 4.087436144381926
687 0.7444693551004792
688 0.9128465247909224
689 0.17006965336169952
690 0.13404864377798992
691 3.5865115886479284
692 31.13439533762485
693 68.9771429322192
694 0.05422872923831184
695 7.350941532125771
696 1.3713634664089842
697 0.07812091559778014
698 0.7877920555449233
699 1.093529639905503
700 2.064628562318791
701 27.89898794834892
702 3.0906050103872262
703 0.05055762781758882
704 0.7670207607028088
705 1.5704617419071825
706 0.18205858559524318
707 9.051034422821761
708 0.40818461364038144
709 0.8469575815594917
710 2.4316144524841223
711 8.45302349602744
712 0.3029754658677771
713 0.1850763177449057
714 0.025142336936435954
715 0.4960163776504795
716 1.2173384963366969
717 1.2344748448891794
718 0.033451731762029965
719 0.4414038161018751
720 2.043776574772482
721 1.1292913203117478
722 1.062838643972254
723 0.01964842494925984
724 1.3823250672633862
725 3.6666564322879145
726 3.0598004673415535
727 3.078554108337272
728 4.154010487501406
729 19.296963374086097
730 0.20502558997930936
731 0.6829504236377762
732 10.977078953440433
733 4.06544205945706
734 0.18027229436880476
735 1.2446544406966331
736 3.1352672079947363
737 0.4858636203227679
738 2.810385535018848
739 0.05236868605829811
740 9.692060526403427
741 4.444315326041205
742 8.767566767155722
743 0.1358904878780038
744 2.5740625413807208
745 1.2345143776434873
746 1.2362279901872746
747 2.825967369551837
748 1.2080094014266352
749 1.3007249663983291
750 0.19957483546731375
751 0.05579111655596629
752 0.3712182334920267
753 3.6972232715557043
754 1.6753848269861027
755 4.364160562243511
756 16.020517324082586
757 3.077650604263675
758 0.7613901309121412
759 2.8242194497765745
760 1.0086935491276874
761 4.129612629917201
762 0.18427609376663326
763 0.43774441553363885
764 0.18007812227402348
765 88.07856931566718
766 0.16447840270087638
767 4.107412837454489
768 5.784672327903092
769 4.863238870370502
770 1.0131445291418786
771 2.5032507732764455
772 0.08869124850963371
773 0.31909831032240704
774 13.009020319121404
775 0.15640555575373588
776 0.9879635766405409
777 6.402201784642484
778 1.5829064006807487
779 0.40682345262512964
780 1.3400799991140164
781 3.809368943983224
782 32.37633658038656
783 0.4701956949013662
784 4.815900007570029
785 0.5621354486978908
786 5.492894501871234
787 0.20302625643261063
788 0.7126605918750178
789 0.1806074690906919
790 0.23753428531119278
791 0.42213853278619284
792 17.52813044393172
793 0.8970794525515817
794 8.498409071271432
795 0.6610304929756693
796 0.5503588155554548
797 7.608255606609229
798 0.182054272385785
799 2.2057612856173114
800 0.24307357437837984
801 0.49907728506674354
802 0.26498027659674234
803 0.37090677653744564
804 0.13986192410275466
805 0.7908613149638839
806 1.5654660361887784
807 7.298587321148761
808 9.04175276322083
809 0.191639579560568
810 2.2254117268379963
811 7.219444233536174
812 1.6660295242649181
813 2.504680622018207
814 5.079508808870036
815 6.17875240351603
816 0.8676888955704671
817 7.334348573252656
818 0.9426469461108061
819 0.7923919692371547
820 2.680323163595272
821 0.641831119452933
822 12.804777748188231
823 1.2932784424321706
824 23.075471187183947
825 1.5148830455184787
826 1.3231213913891806
827 0.9615752708296343
828 2.724312002912034
829 6.341466764702197
830 2.7288371977813437
831 109.52343145553878
832 3.9783399386967604
833 1.9008344607860936
834 1.2728985703996365
835 27.922369100435134
836 1.7418725572082447
837 96.99670461282422
838 0.6796745560258937
839 0.5452563135017315
840 1.7657372309923156
841 1.7006834703623879
842 0.39323841733745624
843 1.5330045800781382
844 1.7293632587369636
845 0.3536124493815782
846 0.058344962961034315
847 28.75257000741127
848 7.6026681375602445
849 3.438222241446833
850 2.878001589244423
851 6.161186656181472
852 0.18619864576304196
853 0.11651811032832259
854 1.8744725064642198
855 0.03632449988186011
856 15.852275651663033
857 0.21189357044650603
858 0.5534194775877278
859 0.09141021191447589
860 3.8888836937697704
861 5.54449721021069
862 9.811995937043854
863 0.9872876815541861
864 1.68686622643469
865 1.0755762023812807
866 1.6236138565805196
867 0.8035433363220418
868 1.6706457241924482
869 3.7982388636401496
870 1.3883842821364751
871 0.4889025602740199
872 17.396119140188
873 8.265839752224235
874 0.911477392920783
875 0.7720757290133091
876 0.20760311493369027
877 17.019070560574153
878 0.0002473917767379653
879 2.4170626935804047
880 1.112334214990827
881 0.9876163215684999
882 0.5643132540529703
883 2.8378889986082143
884 0.17683668806137176
885 0.2652636615750014
886 1.1812306738104386
887 0.21141666035070752
888 0.36756755031421257
889 6.472890174009978
890 0.09218350620969325
891 1.2614047318197066
892 1.4991355679699998
893 0.3155878509803217
894 3.168601826494312
895 0.6968866595671175
896 3.5490283442726995
897 1.3157759272430398
898 1.2582411348774973
899 2.0361654517968018
900 3.241739857821945
901 0.5612931323366339
902 0.5480015739319906
903 2.47164294439908
904 1.5154763241904952
905 9.023734179615174
906 1.1207594695605272
907 1.9715371849772099
908 51.79091044529016
909 0.09802472234207728
910 0.37449628962029635
911 0.12408345621923711
912 16.277965018363126
913 0.8655111153543827
914 2.5227490330081856
915 1.890042909990316
916 0.6880630580090714
917 2.7986113224164386
918 1.7068427304146192
919 58.59661199735122
920 0.0966193568169447
921 0.17637232883167359
922 0.10348224540818045
923 4.013676621262742
924 0.01927052198088522
925 1.0851852523543237
926 9.835171466174067
927 1.6113503662368165
928 0.6602077996966128
929 0.2044936441101339
930 3.2662542952153295
931 0.1827633233808003
932 5.439939615296434
933 0.570588584940507
934 0.4417539762087746
935 0.6190363550636492
936 0.022699682561881325
937 0.4787697015704429
938 0.09385616371811444
939 5.61806453996184
940 0.21553736773998441
941 0.2869514591979567
942 0.17135618138734787
943 4.25173784844527
944 0.306323950487418
945 0.18761197452173586
946 5.660532935506108
947 0.8439325963786639
948 0.8920275188932955
949 3.661296646661284
950 17.214169999921108
951 69.82426729259102
952 1.9177717723274958
953 3.5932835563882817
954 1.1276923494568982
955 3.3185009107702563
956 0.0776399855800664
957 3.958583129418582
958 0.4354739445578422
959 4.206529581099081
960 0.8027748163177818
961 0.34564061673200386
962 0.09779059027583523
963 6.347708686443523
964 10.91251456508366
965 0.12256173472637497
966 2.176160875754962
967 0.7557491246956606
968 0.28426581702633946
969 0.4465832460981738
970 0.11912150811340123
971 170.67916610379675
972 0.3165574682107676
973 0.31823617458203446
974 0.9955095637031296
975 0.10959027800077846
976 0.08912225468941251
977 1.8208972113708877
978 0.5627138225267243
979 0.2819194557005123
980 2.588709039517577
981 3.816648898620683
982 0.31656711682003397
983 1.4787202997564188
984 1.7254542358780154
985 1.250187623066059
986 0.429978130340281
987 0.44232654259868087
988 1.6367800193983402
989 0.27800653448710927
990 0.020602844605728313
991 0.008136801121407206
992 1.3522353130463174
993 2.184010442295831
994 0.7874094389749722
995 0.12290032175922302
996 0.17244383004055147
997 0.1126917281324423
998 0.0810031652216101
999 3.060897705761874
1000 1.9789163028686623
