2 426 780
2 523 869
2 233 800
2 359 531
2 862 184
2 55 484
2 399 182
2 335 738
2 890 461
2 554 549
2 264 153
2 543 675
2 177 431
2 111 590
2 95 807
2 109 420
2 129 138
2 553 343
2 901 935
2 243 30
2 223 834
2 316 289
2 597 864
2 526 909
2 268 388
2 569 416
2 760 60
2 514 531
2 239 279
2 902 445
2 452 151
2 925 92
2 415 151
2 413 650
2 29 582
2 563 903
2 942 740
2 84 711
2 213 930
2 219 6
2 607 166
2 853 77
2 767 805
2 261 211
2 978 88
2 845 519
2 626 529
2 520 880
2 1 207
2 528 568
2 228 819
2 143 209
2 905 648
2 622 14
2 102 951
2 408 312
2 654 868
2 979 174
2 277 108
2 472 638
2 361 910
2 925 80
2 701 152
2 916 597
2 628 776
2 969 739
2 326 969
2 918 453
2 552 138
2 477 528
2 595 496
2 917 839
2 76 136
2 164 404
2 217 302
2 56 131
2 982 713
2 237 998
2 366 924
2 84 289
2 705 547
2 599 940
2 109 179
2 720 102
2 710 507
2 635 757
2 472 888
2 543 590
2 889 405
2 800 704
2 213 597
2 126 667
2 57 396
2 148 11
2 740 313
2 361 653
2 418 397
2 557 228
2 101 584
2 506 3
2 369 340
2 24 610
2 887 896
2 845 596
2 970 281
2 299 209
2 712 949
2 408 20
2 325 697
2 851 238
2 326 243
2 505 548
2 41 308
2 808 603
2 37 296
2 374 466
2 581 191
2 803 659
2 472 446
2 405 669
2 871 603
2 387 349
2 899 688
2 970 564
2 60 953
2 219 255
2 293 284
2 143 420
2 108 774
2 136 767
2 532 330
2 95 254
2 181 520
2 11 609
2 622 63
2 326 582
2 172 235
2 807 689
2 250 738
2 76 614
2 933 542
2 964 638
2 951 501
2 680 703
2 67 220
2 758 117
2 39 400
2 292 126
2 185 924
2 231 902
2 605 465
2 192 838
2 274 597
2 54 640
2 881 532
2 628 509
2 860 482
2 55 333
2 164 536
2 820 525
2 325 620
2 484 819
2 417 360
2 811 975
2 40 420
2 956 474
2 276 445
2 573 809
2 44 634
2 677 826
2 202 655
2 785 659
2 196 116
2 940 875
2 744 531
2 770 190
2 731 708
2 615 108
2 534 948
2 865 445
2 121 672
2 640 577
2 490 880
2 62 52
2 535 144
2 961 724
2 221 220
2 499 881
2 235 199
2 450 822
2 822 696
2 241 242
2 402 587
2 697 686
2 311 286
2 819 868
2 896 760
2 131 163
2 483 436
2 720 601
2 42 679
2 143 66
2 262 378
2 483 431
2 599 596
2 872 310
2 606 440
2 600 863
2 900 418
2 518 789
2 272 330
2 198 666
2 819 761
2 749 119
2 88 138
2 983 585
2 476 623
2 190 574
2 550 211
2 892 753
2 838 817
2 655 570
2 745 502
2 557 649
2 83 808
2 968 443
2 837 859
2 351 265
2 7 923
2 760 32
2 115 765
2 156 448
2 650 648
2 303 568
2 185 857
2 40 636
2 504 920
2 854 63
2 403 184
2 489 636
2 567 148
2 418 520
2 671 358
2 446 384
2 992 101
2 132 540
2 208 404
2 546 1
2 726 24
2 899 539
2 375 122
2 403 673
2 691 186
2 53 409
2 209 761
2 354 592
2 235 852
2 98 151
2 127 900
2 862 666
2 918 691
2 680 340
2 200 893
2 47 133
2 887 335
2 705 372
2 915 951
2 499 605
2 382 924
2 386 859
2 690 998
2 930 691
2 632 80
2 318 725
2 642 418
2 780 189
2 296 931
2 199 212
2 724 275
2 563 304
2 176 592
2 209 650
2 965 725
2 592 73
2 867 935
2 496 682
2 92 540
2 362 7
2 683 233
2 158 513
2 877 136
2 778 376
2 292 548
2 527 216
2 584 844
2 288 393
2 221 96
2 771 228
2 64 409
2 546 6
2 859 279
2 932 347
2 802 575
2 25 935
2 172 582
2 787 384
2 594 539
2 506 186
2 227 312
2 386 299
2 320 978
2 277 265
2 733 897
2 474 951
2 412 429
2 256 532
2 960 747
2 340 525
2 354 410
2 982 510
2 989 563
2 183 640
2 536 751
2 921 203
2 627 581
2 610 61
2 330 367
2 978 658
2 566 186
2 531 841
2 192 732
2 676 551
2 505 30
2 845 462
2 272 591
2 749 283
2 68 975
2 322 933
2 983 126
2 499 982
2 679 720
2 900 838
2 527 900
2 104 346
2 19 158
2 750 900
2 385 459
2 937 449
2 719 884
2 650 602
2 208 905
2 665 219
2 21 884
2 962 685
2 433 292
2 504 699
2 90 938
2 223 179
2 804 71
2 295 869
2 594 536
2 363 98
2 42 52
2 877 690
2 183 480
2 635 924
2 800 205
2 256 591
2 86 341
2 760 518
2 949 177
2 482 165
2 611 498
2 201 494
2 866 154
2 437 212
2 93 220
2 964 633
2 379 142
2 884 222
2 942 358
2 400 335
2 310 193
2 934 582
2 517 699
2 396 341
2 814 535
2 652 350
2 322 647
2 489 562
2 965 584
2 625 549
2 713 873
2 333 935
2 507 572
2 316 737
2 604 556
2 344 282
2 843 518
2 554 138
2 441 630
2 111 278
2 679 527
2 368 121
2 125 448
2 604 519
2 827 445
2 480 915
2 387 448
2 743 322
2 36 248
2 993 612
2 646 665
2 28 416
2 278 14
2 843 476
2 701 401
2 900 972
2 148 635
2 856 116
2 569 593
2 9 937
2 97 718
2 651 703
2 306 134
2 623 841
2 109 923
2 779 119
2 853 606
2 142 703
2 415 862
2 12 827
2 167 825
2 463 390
2 297 191
2 712 920
2 231 825
2 418 142
2 201 971
2 179 910
2 142 124
2 535 357
2 594 183
2 671 974
2 796 805
2 771 6
2 916 85
2 660 245
2 601 360
2 162 147
2 116 693
2 17 808
2 216 694
2 307 863
2 833 29
2 658 934
2 687 726
2 470 812
2 794 110
2 484 210
2 499 206
2 987 916
2 173 362
2 3 78
2 98 728
2 955 662
2 28 18
2 42 404
2 701 953
2 53 316
2 194 64
2 173 222
2 845 416
2 384 228
2 817 478
2 176 588
2 895 304
2 47 10
2 604 287
2 390 570
2 156 835
2 894 134
2 921 419
2 296 722
2 687 991
2 599 216
2 306 323
2 475 262
2 132 52
2 534 697
2 851 477
2 210 648
2 537 122
2 233 410
2 235 432
2 546 644
2 843 675
2 27 76
2 263 330
2 851 325
2 733 273
2 386 791
2 240 968
2 459 966
2 600 590
2 746 473
2 97 296
2 299 835
2 565 149
2 673 596
2 8 773
2 90 720
2 799 80
2 361 226
2 393 910
2 826 592
2 514 603
2 228 28
2 169 370
2 598 162
2 940 862
2 503 309
2 814 674
2 213 329
2 752 238
2 39 174
2 253 189
2 427 983
2 968 782
2 537 615
2 965 729
2 176 873
2 972 470
2 432 865
2 68 588
2 30 80
2 781 944
2 750 424
2 377 270
2 70 118
2 21 765
2 982 576
2 759 100
2 156 639
2 573 977
2 727 137
2 291 91
2 739 706
2 552 33
2 815 468
2 475 13
2 233 737
2 510 636
2 466 367
2 514 837
2 434 864
2 383 478
2 750 376
2 770 14
2 851 312
2 794 144
2 89 699
2 419 360
2 652 603
2 579 7
2 129 824
2 83 69
2 752 906
2 474 244
2 627 684
2 777 541
2 432 703
2 43 671
2 970 145
2 298 769
2 360 718
2 631 75
2 849 635
2 27 989
2 65 185
2 770 371
2 242 630
2 814 323
2 74 28
2 132 520
2 530 382
2 726 164
2 700 751
2 761 187
2 863 695
2 630 964
2 965 690
2 112 693
2 584 808
2 890 836
2 601 179
2 733 824
2 880 668
2 426 668
2 27 68
2 256 958
2 418 950
2 280 947
2 105 389
2 85 923
2 55 383
2 774 10
2 940 954
2 787 899
2 302 388
2 935 116
2 832 816
2 573 505
2 807 663
2 86 966
2 787 58
2 358 709
2 22 856
2 764 504
2 525 28
2 764 47
2 803 773
2 469 624
2 866 6
2 22 784
2 866 430
2 338 116
2 884 995
2 64 544
2 197 686
2 255 559
2 681 226
2 881 165
2 244 975
2 23 730
2 771 70
2 854 906
2 914 184
2 553 134
2 76 243
2 665 562
2 501 148
2 915 493
2 446 30
2 413 582
2 649 704
2 73 431
2 537 267
2 275 244
2 118 509
2 546 450
2 843 259
2 194 377
2 956 926
2 563 158
2 18 282
2 236 923
2 248 568
2 869 984
2 612 458
2 247 405
2 933 670
2 244 104
2 744 177
2 744 741
2 697 529
2 122 857
2 413 957
2 772 205
2 532 543
2 262 542
2 824 340
2 826 850
2 79 586
2 966 688
2 807 784
2 776 52
2 196 795
2 721 695
2 290 317
2 88 66
2 911 84
2 333 178
2 218 928
2 523 848
2 998 339
2 362 447
2 115 482
2 514 988
2 47 747
2 922 758
2 286 137
2 177 405
2 609 166
2 776 348
2 877 75
2 235 959
2 344 625
2 72 513
2 201 229
2 304 931
2 602 344
2 396 341
2 631 659
2 954 713
2 861 808
2 131 771
2 256 96
2 532 410
2 50 118
2 957 265
2 192 279
2 915 489
2 246 627
2 409 609
2 913 820
2 452 446
2 688 113
2 226 570
2 361 318
2 473 340
2 965 700
2 561 341
2 939 833
2 259 448
2 235 150
2 412 511
2 397 282
2 338 68
2 596 187
2 579 629
2 804 566
2 487 722
2 889 451
2 849 997
2 758 998
2 605 903
2 927 442
2 731 458
2 497 184
2 476 353
2 231 330
2 26 446
2 53 222
2 120 587
2 967 788
2 605 179
2 331 966
2 925 184
2 253 872
2 455 653
2 21 154
2 950 836
2 870 340
2 196 436
2 55 751
2 671 71
2 491 788
2 26 990
2 727 840
2 892 196
2 579 904
2 774 358
2 594 374
2 507 720
2 889 713
2 449 242
2 43 87
2 474 50
2 654 498
2 48 282
2 329 442
2 882 879
2 679 271
2 499 37
2 690 812
2 530 694
2 280 955
2 362 10
2 579 483
2 545 290
2 229 530
2 989 555
2 101 560
2 657 603
2 200 659
2 980 108
2 321 849
2 299 923
2 584 163
2 745 427
2 863 968
2 403 656
2 705 985
2 851 925
2 466 348
2 396 688
2 280 383
2 464 140
2 974 844
2 777 273
2 255 877
2 362 842
2 438 505
2 115 281
2 346 14
2 209 263
2 544 1
2 291 20
2 504 988
2 454 630
2 758 933
2 753 408
2 483 207
2 760 729
2 10 295
2 744 347
2 409 147
2 696 275
2 876 458
2 48 207
2 870 866
2 618 519
2 369 174
2 597 364
2 192 724
2 104 442
2 77 404
2 272 359
2 845 470
2 932 42
2 435 760
2 97 598
2 433 140
2 385 933
2 290 227
2 273 434
2 467 878
2 264 247
2 794 987
2 643 659
2 608 501
2 883 593
2 3 286
2 948 161
2 510 812
2 202 103
2 833 572
2 606 284
2 777 411
2 563 181
2 503 772
2 410 151
2 166 582
2 311 453
2 413 567
2 474 532
2 427 117
2 912 190
2 151 134
2 32 891
2 679 33
2 92 25
2 770 321
2 810 760
2 270 640
2 53 746
2 85 768
2 667 292
2 902 430
2 47 934
2 508 358
2 996 482
2 4 181
2 676 988
2 556 550
2 846 773
2 693 346
2 602 981
2 573 720
2 163 553
2 498 884
2 87 448
2 102 297
2 636 18
2 249 973
2 557 154
2 526 417
2 866 868
2 196 304
2 125 323
2 609 211
2 303 920
2 638 393
2 935 73
2 837 220
2 935 753
2 322 30
2 8 657
2 263 291
2 611 774
2 741 582
2 163 973
2 470 504
2 956 415
2 47 803
2 170 772
2 758 837
2 24 899
2 899 328
2 938 178
2 391 552
2 274 38
2 170 920
2 185 387
2 927 82
2 729 73
2 201 172
2 104 166
2 359 950
2 396 836
2 762 841
2 250 522
2 782 600
2 867 379
2 928 986
2 744 719
2 743 137
2 109 664
2 300 14
2 262 614
2 428 493
2 473 895
2 604 234
2 1 686
2 197 315
2 913 860
2 58 686
2 777 741
2 95 812
2 775 259
2 432 486
2 215 339
2 955 790
2 411 224
2 803 177
2 96 830
2 781 985
2 334 900
2 827 699
2 24 568
2 145 961
2 687 350
2 745 441
2 968 566
2 175 453
2 901 350
2 534 518
2 425 534
2 477 445
2 313 322
2 457 552
2 70 390
2 870 984
2 967 596
2 843 74
2 555 493
2 268 973
2 300 596
2 96 126
2 687 815
2 292 415
2 76 61
2 396 11
2 717 364
2 674 10
2 717 278
2 284 64
2 392 810
2 803 788
2 314 470
2 318 433
2 575 59
2 907 994
2 77 781
2 683 314
2 846 513
2 890 725
2 216 694
2 316 897
2 43 161
2 252 637
2 939 967
2 524 517
2 49 391
2 558 151
2 722 566
2 161 165
2 209 951
2 303 968
2 625 976
2 54 894
2 974 766
2 687 249
2 25 445
2 275 732
2 98 420
2 145 929
2 4 460
2 83 851
2 594 602
2 969 398
2 918 448
2 856 722
2 235 323
2 223 319
2 404 238
2 486 81
2 607 784
2 545 158
2 552 989
2 863 409
2 822 249
2 139 485
2 384 509
2 35 206
2 532 276
2 546 589
2 260 687
2 569 177
2 626 52
2 721 554
2 492 708
2 204 497
2 738 126
2 716 312
2 522 885
2 861 930
2 400 227
2 998 44
2 379 346
2 1000 603
2 976 723
2 55 448
2 15 596
2 987 868
2 921 700
2 242 181
2 23 378
2 724 52
2 684 129
2 437 59
2 72 30
2 444 525
2 325 836
2 405 422
2 348 776
2 959 575
2 351 325
2 508 456
2 705 217
2 918 349
2 552 270
2 170 736
2 210 829
2 624 411
2 446 380
2 715 877
2 750 577
2 194 352
2 663 212
2 527 377
2 925 74
2 856 533
2 250 953
2 707 621
2 286 751
2 942 85
2 733 21
2 339 322
2 743 382
2 374 329
2 195 277
2 297 932
2 864 627
2 950 974
2 628 146
2 930 412
2 796 697
2 404 933
2 8 501
2 233 431
2 785 742
2 732 138
2 214 879
2 401 511
2 757 568
2 236 504
2 716 393
2 855 629
2 569 150
2 747 409
2 3 436
2 833 780
2 27 682
2 899 249
2 743 23
2 798 738
2 871 300
2 229 567
2 564 834
2 926 98
2 226 681
2 279 413
2 428 630
2 26 378
2 258 153
2 468 345
2 657 717
2 326 542
2 899 395
2 37 638
2 139 163
2 164 701
2 458 43
2 775 537
2 534 163
2 879 646
2 376 449
2 96 391
2 308 287
2 323 151
2 737 297
2 17 58
2 700 809
2 71 923
2 185 329
2 736 830
2 552 417
2 599 891
2 41 182
2 992 560
2 562 495
2 554 276
2 274 899
2 800 614
2 658 459
2 491 465
2 54 999
2 854 585
2 737 377
2 733 647
2 424 256
2 888 485
2 466 230
2 374 638
2 942 424
2 61 682
2 945 829
2 470 404
2 762 487
2 475 646
2 55 137
2 887 897
2 734 570
2 543 520
2 195 376
2 899 189
2 290 748
2 8 424
2 713 704
2 551 59
2 387 342
2 138 568
2 891 237
2 660 139
2 546 473
2 370 547
2 736 229
2 603 108
2 362 831
2 597 835
2 226 665
2 894 523
2 136 19
2 914 651
2 961 189
2 262 718
2 218 528
2 948 71
2 176 7
2 482 329
2 363 517
2 743 239
2 578 871
2 64 788
2 672 439
2 738 100
2 450 347
2 456 781
2 607 989
2 330 124
2 84 536
2 147 100
2 789 659
2 701 529
2 333 434
2 928 391
2 280 469
2 200 668
2 189 553
2 380 52
2 74 906
2 93 420
2 288 913
2 73 58
2 741 800
2 225 210
2 984 505
2 95 626
2 933 691
2 558 887
2 624 171
2 659 137
2 248 223
2 458 410
2 997 312
2 465 203
2 32 100
2 827 620
2 526 265
2 54 727
2 855 332
2 984 694
2 807 212
2 1 462
2 659 783
2 690 587
2 475 603
2 218 692
2 916 399
2 480 841
2 556 388
2 75 802
2 633 587
2 814 988
2 799 257
2 573 275
2 159 71
2 307 349
2 8 796
2 816 133
2 390 258
2 142 620
2 627 315
2 779 413
2 253 119
2 714 278
2 200 798
2 557 608
2 522 863
2 111 839
2 895 538
2 433 310
2 473 267
2 883 258
2 412 621
2 463 901
2 105 535
2 745 762
2 410 615
2 898 279
2 435 679
2 413 793
2 982 154
2 295 8
2 483 528
2 915 737
2 229 623
2 157 678
2 693 705
2 284 448
2 666 220
2 179 566
2 129 824
2 870 869
2 224 648
2 820 934
2 651 805
2 62 493
2 93 458
2 968 947
2 101 384
2 661 348
2 312 513
2 394 147
2 925 188
2 23 188
2 360 774
2 3 402
2 441 186
2 900 423
2 490 11
2 858 995
2 716 511
2 735 182
2 935 795
2 486 373
2 990 664
2 521 696
2 592 828
2 190 909
2 606 138
2 611 663
2 412 980
2 472 532
2 457 518
2 235 489
2 464 987
2 595 985
2 976 753
2 384 430
2 392 151
2 112 488
2 463 730
2 266 707
2 911 311
2 481 590
2 856 966
2 79 136
2 257 831
2 37 441
2 701 411
2 361 261
2 75 19
2 895 920
2 818 640
2 556 513
2 304 672
2 975 18
2 856 841
2 55 368
2 89 153
2 992 45
2 895 380
2 336 834
2 851 709
2 724 739
2 72 877
2 74 140
2 668 420
2 803 450
2 674 686
2 760 858
2 762 577
2 82 732
2 335 926
2 646 114
2 996 635
2 347 207
2 108 124
2 838 302
2 581 84
2 75 653
2 283 524
2 394 615
2 917 873
2 375 537
2 732 278
2 219 327
2 749 179
2 787 929
2 656 146
2 21 993
2 455 628
2 825 313
2 253 890
2 115 33
2 771 226
2 83 302
2 925 637
2 9 210
2 291 225
2 428 507
2 441 891
2 454 116
2 316 834
2 363 390
2 229 182
2 157 677
2 896 207
2 81 732
2 113 833
2 10 377
2 43 158
2 853 3
2 775 283
2 719 249
2 894 172
2 559 284
2 800 138
2 522 943
2 959 398
2 301 418
2 894 948
2 22 437
2 64 42
2 123 862
2 883 832
2 633 664
2 594 284
2 717 234
2 583 503
2 996 345
2 856 331
2 409 826
2 253 638
2 801 15
2 435 527
2 21 861
2 692 113
2 793 7
2 798 994
2 115 592
2 762 543
2 827 281
2 874 679
2 34 245
2 205 988
2 973 480
2 145 637
2 939 933
2 766 566
2 244 239
2 626 920
2 400 655
2 965 893
2 865 254
2 748 654
2 556 591
2 606 352
2 142 348
2 248 342
2 871 416
2 851 479
2 597 659
2 843 69
2 950 541
2 690 533
2 96 39
2 744 878
2 267 133
2 343 603
2 504 858
2 548 373
2 67 899
2 792 897
2 708 52
2 794 194
2 143 62
2 457 844
2 535 920
2 40 153
2 56 300
2 733 984
2 373 391
2 726 474
2 964 620
2 385 689
2 611 743
2 913 496
2 900 804
2 344 677
2 847 487
2 228 385
2 335 449
2 442 347
2 31 606
2 308 993
2 837 205
2 259 676
2 22 592
2 976 568
2 65 807
2 398 568
2 855 567
2 25 497
2 600 692
2 563 686
2 92 710
2 326 311
2 214 841
2 861 216
2 652 841
2 428 258
2 482 886
2 846 978
2 226 23
2 482 548
2 763 488
2 915 715
2 566 250
2 233 796
2 637 476
2 617 184
2 204 609
2 247 702
2 997 262
2 432 517
2 255 286
2 625 38
2 268 682
2 653 102
2 221 243
2 145 831
2 329 645
2 767 250
2 980 383
2 667 538
2 965 724
2 542 430
2 314 969
2 514 268
2 703 866
2 626 203
2 367 903
2 23 348
2 715 733
2 256 207
2 507 245
2 700 207
2 950 255
2 581 698
2 751 120
2 435 900
2 496 140
2 907 498
2 132 785
2 412 380
2 639 155
2 773 506
2 53 695
2 55 733
2 703 670
2 681 439
2 940 184
2 720 999
2 902 748
2 542 728
2 83 639
2 457 58
2 916 104
2 431 170
2 269 970
2 299 742
2 286 75
2 44 18
2 758 601
2 605 455
2 326 981
2 552 140
2 136 954
2 214 663
2 737 317
2 911 842
2 43 765
2 261 590
2 43 294
2 319 566
2 763 212
2 563 80
2 545 248
2 664 638
2 81 648
2 981 341
2 354 546
2 363 385
2 280 711
2 688 951
2 862 52
2 872 745
2 433 232
2 449 371
2 543 884
2 180 353
2 121 40
2 161 437
2 539 949
2 762 549
2 475 882
2 380 410
2 156 768
2 259 583
2 549 857
2 344 510
2 268 920
2 727 835
2 631 300
2 236 415
2 29 86
2 5 63
2 579 996
2 666 629
2 392 575
2 739 754
2 944 10
2 569 535
2 1 576
2 286 964
2 70 959
2 334 809
2 324 470
2 990 520
2 109 859
2 575 697
2 778 234
2 435 627
2 949 750
2 870 575
2 516 532
2 870 903
2 886 431
2 325 492
2 875 386
2 906 393
2 989 347
2 567 140
2 83 529
2 246 440
2 646 550
2 997 530
2 617 937
2 64 983
2 474 575
2 264 555
2 84 684
2 111 948
2 269 717
2 608 817
2 891 708
2 469 395
2 139 685
2 773 25
2 314 404
2 970 765
2 775 841
2 202 32
2 169 885
2 757 709
2 839 408
2 11 341
2 31 980
2 312 245
2 969 633
2 999 583
2 878 495
2 967 587
2 296 991
2 483 677
2 81 133
2 110 300
2 747 304
2 293 554
2 558 320
2 749 640
2 831 838
2 269 941
2 965 877
2 354 862
2 918 778
2 98 979
2 748 766
2 636 923
2 361 242
2 696 112
2 319 75
2 327 166
2 794 510
2 81 647
2 200 649
2 171 485
2 938 479
2 237 785
2 787 64
2 446 655
2 716 188
2 112 498
2 903 796
2 913 808
2 514 98
2 405 655
2 956 850
2 933 312
2 277 636
2 913 43
2 492 529
2 945 973
2 836 891
2 217 948
2 524 82
2 773 619
2 447 730
2 326 817
2 197 668
2 423 990
2 800 357
2 236 355
2 303 150
2 591 776
2 142 753
2 315 410
2 635 847
2 811 805
2 301 77
2 98 377
2 67 334
2 44 377
2 716 308
2 69 11
2 876 805
2 523 695
2 304 147
2 374 911
2 598 891
2 79 236
2 74 455
2 688 449
2 36 512
2 172 745
2 126 33
2 67 230
2 945 512
2 168 529
2 957 766
2 851 831
2 207 720
2 813 201
2 818 515
2 504 150
2 431 20
2 531 776
2 144 358
2 420 738
2 625 453
2 329 261
2 61 252
2 652 805
2 637 737
2 274 156
2 224 563
2 263 439
2 539 7
2 202 438
2 256 747
2 129 134
2 223 49
2 447 773
2 350 225
2 484 549
2 326 249
2 558 332
2 734 278
2 105 518
2 83 38
2 444 820
2 164 667
2 655 793
2 641 121
2 281 860
2 794 287
2 296 849
2 756 839
2 396 881
2 295 946
2 602 538
2 258 847
2 43 242
2 651 622
2 293 672
2 794 156
2 348 821
2 797 346
2 521 113
2 195 947
2 1000 75
2 228 353
2 365 719
2 339 353
2 371 993
2 740 548
2 978 589
2 964 897
2 937 788
2 309 973
2 974 913
2 714 518
2 984 424
2 38 634
2 698 592
2 689 315
2 949 396
2 472 583
2 338 382
2 94 153
2 153 49
2 196 178
2 881 931
2 586 869
2 566 620
2 131 23
2 104 487
2 17 82
2 274 693
2 169 673
2 883 309
2 554 77
2 283 207
2 673 445
2 301 932
2 366 947
2 10 364
2 593 640
2 244 158
2 573 860
2 81 14
2 574 580
2 621 677
2 244 422
2 915 556
2 266 401
2 177 279
2 707 491
2 757 444
2 429 198
2 102 40
2 237 899
2 745 637
2 231 399
2 180 495
2 915 27
2 671 137
2 410 732
2 172 728
2 942 261
2 236 511
2 516 653
2 444 260
2 894 125
2 447 78
2 568 662
2 376 873
2 231 952
2 474 406
2 408 396
2 378 821
2 832 922
2 719 39
2 396 387
2 195 702
2 187 105
2 335 355
2 410 897
2 608 785
2 907 674
2 160 154
2 809 222
2 119 538
2 116 319
2 95 327
2 631 606
2 729 697
2 829 30
2 470 995
2 934 125
2 707 614
2 899 11
2 644 518
2 37 533
2 556 363
2 421 774
2 293 758
2 365 461
2 351 961
2 461 350
2 141 60
2 470 635
2 364 933
2 271 876
2 494 326
2 539 564
2 344 719
2 587 972
2 173 650
2 45 977
2 869 385
2 983 929
2 927 688
2 154 959
2 12 1
2 696 151
2 813 536
2 884 985
2 306 269
2 400 494
2 290 493
2 303 213
2 532 238
2 41 305
2 534 737
2 92 114
2 130 719
2 92 257
2 625 488
2 338 187
2 510 950
2 126 377
2 743 633
2 293 925
2 275 502
2 441 370
2 942 783
2 490 271
2 314 153
2 318 573
2 959 30
2 561 720
2 831 430
2 286 221
2 644 234
2 247 2
2 132 600
2 537 349
2 93 223
2 356 495
2 960 722
2 402 795
2 271 438
2 492 690
2 500 487
2 384 368
2 664 377
2 78 1
2 760 668
2 555 835
2 798 178
2 665 210
2 571 345
2 472 327
2 868 38
2 937 908
2 143 649
2 216 772
2 258 612
2 255 565
2 552 151
2 155 648
2 706 492
2 290 210
2 646 673
2 871 382
2 653 956
2 399 118
2 978 602
2 624 243
2 599 87
2 173 505
2 544 38
2 810 820
2 829 790
2 998 834
2 182 636
2 133 391
2 372 149
2 569 443
2 612 30
2 467 453
2 858 191
2 988 768
2 58 843
2 612 451
2 932 946
2 659 505
2 896 711
2 639 774
2 766 998
2 855 954
2 237 319
2 861 560
2 525 924
2 404 966
2 382 730
2 956 281
2 979 820
2 584 89
2 17 530
2 762 753
2 20 2
2 131 801
2 344 437
2 237 982
2 16 321
2 762 582
2 164 788
2 401 453
2 624 220
2 655 974
2 617 496
2 569 350
2 724 413
2 87 851
2 405 862
2 594 126
2 713 756
2 719 910
2 921 227
2 82 207
2 464 471
2 221 766
2 621 859
2 565 533
2 175 671
2 899 401
2 65 415
2 796 509
2 950 754
2 239 600
2 394 497
2 892 256
2 724 68
2 631 281
2 25 222
2 639 38
2 461 310
2 689 386
2 856 657
2 980 795
2 968 879
2 816 639
2 487 835
2 55 562
2 811 717
2 921 788
2 313 811
2 69 446
2 745 244
2 629 452
2 990 640
2 442 691
2 930 407
2 9 406
2 74 366
2 678 309
2 108 598
2 856 986
2 343 922
2 804 348
2 696 617
2 658 931
2 102 511
2 836 922
2 484 615
2 108 908
2 386 113
2 601 210
2 16 695
2 473 785
2 914 423
2 853 379
2 898 134
2 894 138
2 223 517
2 993 71
2 401 387
2 558 579
2 41 533
2 630 848
2 370 245
2 165 904
2 692 666
2 425 729
2 663 547
2 22 893
2 163 404
2 255 481
2 64 46
2 793 187
2 520 969
2 241 536
2 605 478
2 130 859
2 897 828
2 680 552
2 164 348
2 822 848
2 133 565
2 644 848
2 34 547
2 208 485
2 451 683
2 683 890
2 950 448
2 476 866
2 56 944
2 157 338
2 895 436
2 421 671
2 18 82
2 79 37
2 980 215
2 160 941
2 646 848
2 797 817
2 991 786
2 710 329
2 258 471
2 101 691
2 984 268
2 570 220
2 746 347
2 563 458
2 791 538
2 399 262
2 809 532
2 458 609
2 200 414
2 361 748
2 452 312
2 112 116
2 753 629
2 562 59
2 941 89
2 867 859
2 160 644
2 576 387
2 109 550
2 307 635
2 746 195
2 291 862
2 235 528
2 906 66
2 560 520
2 211 812
2 656 59
2 40 282
2 431 289
2 724 478
2 595 937
2 597 436
2 571 615
2 635 612
2 469 352
2 853 90
2 167 232
2 167 323
2 628 480
2 754 584
2 956 378
2 392 696
2 40 694
2 918 356
2 713 22
2 967 761
2 446 772
2 856 311
2 543 257
2 809 167
2 334 357
2 654 619
2 508 432
2 333 359
2 118 147
2 135 368
2 967 302
2 992 905
2 535 766
2 68 864
2 463 480
2 206 162
2 572 813
2 93 174
2 552 808
2 461 884
2 40 607
2 426 387
2 342 509
2 970 558
2 820 795
2 914 24
2 264 618
2 810 393
2 667 162
2 263 954
2 792 616
2 675 16
2 407 453
2 941 310
2 905 761
2 499 49
2 421 509
2 966 472
2 825 101
2 61 824
2 754 882
2 587 544
2 144 945
2 110 450
2 656 221
2 527 201
2 67 865
2 8 381
2 698 305
2 637 848
2 678 609
2 600 694
2 731 708
2 26 748
2 588 977
2 586 869
2 266 40
2 918 222
2 531 411
2 668 76
2 425 751
2 58 855
2 135 708
2 40 911
2 856 205
2 555 947
2 709 738
2 27 161
2 749 570
2 581 252
2 740 472
2 927 828
2 31 132
2 947 762
2 608 844
2 760 145
2 383 820
2 696 725
2 832 986
2 13 282
2 558 936
2 482 713
2 106 480
2 3 85
2 861 683
2 349 100
2 884 760
2 162 153
2 841 703
2 964 300
2 972 645
2 898 995
2 797 451
2 108 612
2 949 82
2 365 183
2 797 495
2 722 820
2 221 39
2 916 707
2 93 223
2 545 623
2 396 615
2 507 10
2 384 588
2 474 443
2 850 767
2 853 836
2 806 33
2 730 635
2 450 85
2 672 516
2 705 466
2 208 473
2 98 836
2 908 460
2 266 878
2 768 483
2 807 467
2 748 661
2 15 838
2 215 358
2 442 513
2 613 910
2 344 227
2 928 70
2 258 643
2 463 42
2 274 96
2 34 179
2 521 32
2 18 331
2 240 802
2 712 547
2 423 674
2 20 178
2 428 496
2 291 206
2 803 533
2 192 781
2 891 717
2 762 228
2 733 834
2 126 180
2 751 439
2 227 306
2 789 580
2 367 294
2 470 627
2 209 205
2 613 788
2 309 122
2 956 616
2 918 943
2 571 216
2 871 305
2 409 884
2 204 888
2 467 423
2 587 212
2 444 280
2 644 783
2 551 515
2 738 732
2 734 317
2 893 271
2 789 78
2 104 644
2 247 614
2 27 79
2 340 518
2 354 366
2 779 158
2 444 362
2 961 802
2 292 509
2 438 999
2 34 423
2 562 203
2 250 485
2 429 205
2 738 855
2 783 154
2 575 133
2 962 972
2 664 662
2 706 550
2 548 700
2 354 726
2 83 353
2 197 158
2 680 66
2 605 725
2 303 349
2 925 595
2 299 103
2 58 598
2 646 376
2 749 735
2 309 340
2 487 920
2 238 397
2 490 783
2 582 118
2 927 19
2 247 840
2 464 281
2 331 9
2 771 521
2 200 783
2 183 904
2 750 820
2 813 410
2 600 144
2 639 792
2 261 418
2 854 864
2 483 985
2 219 309
2 770 22
2 342 823
2 315 538
2 122 58
2 980 72
2 437 911
2 715 153
2 611 959
2 36 163
2 195 613
2 32 33
2 919 923
2 970 178
2 852 495
2 894 732
2 500 65
2 337 869
2 203 267
2 133 503
2 526 216
2 925 6
2 3 302
2 111 19
2 8 462
2 902 953
2 572 305
2 366 782
2 270 704
2 223 648
2 555 782
2 376 153
2 366 513
2 681 930
2 494 633
2 228 121
2 145 40
2 421 436
2 518 515
2 162 243
2 220 835
2 534 250
2 979 996
2 970 358
2 669 989
2 372 530
2 873 168
2 252 451
2 8 256
2 219 529
2 266 199
2 214 62
2 231 976
2 703 533
2 300 100
2 446 754
2 164 131
2 787 738
2 206 533
2 438 897
2 225 12
2 215 719
2 61 227
2 101 678
2 579 208
2 550 612
2 625 423
2 65 961
2 843 300
2 746 367
2 240 601
2 764 576
2 313 240
2 450 413
2 304 198
2 56 434
2 141 173
2 745 646
2 970 623
2 219 144
2 846 284
2 323 776
2 544 77
2 307 435
2 18 722
2 141 761
2 168 677
2 49 450
2 60 324
2 716 453
2 865 993
2 540 801
2 426 804
2 727 857
2 719 579
2 28 182
2 218 306
2 472 627
2 949 570
2 111 682
2 616 231
2 871 448
2 651 607
2 459 291
2 625 75
2 941 108
2 893 389
2 485 629
2 120 94
2 333 643
2 606 906
2 723 857
2 675 840
2 607 13
2 955 502
2 217 821
2 798 16
2 365 978
2 369 864
2 82 801
2 960 29
2 367 808
2 878 322
2 981 451
2 776 568
2 72 432
2 218 979
2 688 231
2 893 441
2 302 339
2 898 175
2 490 476
2 433 367
2 660 43
2 418 101
2 836 868
2 652 42
2 167 450
2 731 781
2 566 265
2 398 852
2 175 844
2 596 105
2 726 322
2 320 117
2 944 783
2 481 556
2 692 423
2 651 592
2 360 431
2 473 467
2 932 730
2 8 856
2 892 560
2 576 390
2 58 911
2 197 288
2 781 158
2 237 808
2 939 332
2 745 972
2 415 494
2 905 297
2 16 279
2 66 111
2 749 186
2 744 914
2 870 819
2 359 279
2 217 521
2 733 336
2 408 962
2 239 909
2 103 513
2 47 201
2 941 490
2 201 285
2 411 672
2 850 390
2 350 504
2 909 690
2 521 78
2 807 673
2 415 494
2 743 729
2 814 422
2 615 1
2 257 377
2 72 973
2 115 554
2 511 825
2 523 551
2 939 714
2 881 964
2 781 149
2 75 126
2 402 349
2 608 157
2 561 532
2 976 404
2 933 430
2 269 375
2 543 738
2 143 530
2 449 906
2 711 327
2 738 583
2 671 278
2 419 837
2 290 727
2 770 775
2 200 986
2 580 834
2 83 989
2 755 232
2 913 850
2 756 128
2 55 989
2 134 586
2 717 772
2 970 207
2 343 501
2 681 199
2 43 523
2 589 915
2 400 736
2 252 509
2 527 477
2 634 587
2 171 838
2 779 761
2 157 931
2 915 574
2 311 569
2 87 400
2 809 820
2 394 829
2 700 511
2 700 417
2 446 610
2 516 5
2 338 863
2 729 920
2 93 872
2 687 412
2 169 312
2 657 527
2 462 790
2 251 630
2 263 668
2 726 360
2 491 577
2 145 5
2 365 333
2 235 332
2 578 143
2 712 60
2 490 773
2 346 242
2 913 802
2 480 181
2 97 84
2 1000 358
2 56 487
2 942 972
2 357 695
2 917 88
2 619 282
2 571 285
2 214 40
2 76 311
2 934 580
2 725 181
2 496 510
2 931 830
2 203 772
2 949 207
2 381 300
2 213 792
2 147 923
2 257 340
2 837 294
2 472 99
2 244 925
2 113 585
2 87 695
2 603 709
2 2 644
2 115 654
2 224 509
2 976 585
2 562 455
2 304 577
2 907 774
2 276 219
2 106 259
2 935 11
2 467 348
2 229 647
2 154 784
2 247 176
2 286 753
2 718 703
2 584 262
2 969 804
2 435 667
2 594 285
2 436 717
2 225 387
2 284 74
2 337 668
2 111 399
2 799 794
2 403 976
2 919 435
2 268 922
2 990 647
2 764 303
2 387 342
2 289 148
2 649 292
2 955 435
2 726 481
2 896 348
2 767 357
2 703 575
2 970 232
2 477 640
2 93 35
2 723 136
2 951 592
2 887 582
2 488 855
2 454 691
2 88 700
2 726 450
2 631 67
2 95 518
2 556 633
2 663 928
2 208 609
2 331 863
2 527 662
2 573 644
2 779 817
2 556 82
2 846 376
2 911 812
2 763 568
2 89 96
2 459 505
2 981 637
2 618 599
2 65 554
2 644 547
2 740 971
2 846 221
2 827 220
2 666 800
2 145 208
2 611 309
2 895 717
2 589 9
2 534 575
2 783 722
2 671 640
2 700 314
2 142 455
2 58 103
2 235 136
2 258 485
2 580 971
2 589 250
2 942 474
2 726 670
2 514 633
2 396 14
2 969 577
2 86 321
2 416 580
2 764 113
2 575 279
2 132 42
2 930 785
2 349 186
2 156 703
2 473 305
2 25 777
2 298 278
2 659 386
2 299 588
2 963 722
2 846 176
2 43 701
2 312 409
2 625 329
2 652 435
2 396 850
2 917 238
2 384 932
2 577 972
2 442 453
2 636 7
2 88 138
2 833 203
2 576 962
2 651 186
2 292 210
2 136 769
2 363 249
2 141 669
2 584 140
2 384 902
2 835 771
2 687 488
2 466 319
2 455 871
2 633 776
2 913 512
2 508 112
2 279 880
2 976 270
2 469 56
2 353 850
2 845 484
2 877 476
2 726 486
2 303 928
2 44 387
2 465 265
2 683 91
2 474 51
2 225 203
2 318 327
2 643 954
2 467 230
2 115 52
2 355 743
2 384 110
2 610 66
2 17 582
2 225 368
2 106 78
2 46 417
2 678 582
2 247 703
2 304 722
2 58 322
2 504 593
2 233 98
2 267 388
2 920 866
2 780 63
2 525 962
2 692 697
2 432 410
2 970 87
2 832 173
2 814 102
2 555 586
2 758 398
2 907 625
2 994 312
2 473 193
2 861 555
2 328 7
2 573 683
2 372 532
2 528 486
2 500 967
2 987 432
2 665 607
2 754 833
2 450 178
2 461 962
2 704 487
2 110 838
2 785 636
2 751 627
2 579 297
2 572 999
2 600 45
2 115 7
2 372 67
2 400 303
2 918 917
2 204 738
2 587 432
2 412 516
2 817 630
2 407 866
2 755 369
2 411 352
2 764 654
2 764 70
2 277 933
2 975 489
2 168 544
2 506 190
2 661 935
2 870 271
2 408 347
2 558 570
2 69 617
2 948 905
2 521 56
2 274 825
2 231 360
2 497 479
2 242 681
2 845 475
2 979 393
2 565 718
2 382 999
2 92 199
2 240 481
2 130 629
2 797 821
2 310 266
2 225 230
2 550 63
2 37 815
2 133 254
2 483 476
2 565 11
2 58 389
2 818 868
2 957 587
2 254 629
2 393 479
2 103 683
2 762 763
2 901 495
2 971 615
2 337 505
2 900 823
2 299 549
2 873 951
2 656 445
2 996 616
2 948 805
2 383 776
2 372 738
2 221 840
2 127 267
2 14 805
2 489 823
2 752 894
2 462 16
2 157 281
2 639 95
2 192 127
2 500 668
2 315 863
2 559 356
2 149 857
2 990 476
2 926 75
2 228 362
2 952 313
2 155 321
2 527 33
2 87 211
2 262 406
2 458 193
2 525 124
2 498 312
2 875 390
2 231 120
2 343 531
2 723 973
2 299 957
2 8 103
2 316 478
2 688 13
2 951 472
2 934 150
2 500 407
2 835 902
2 938 511
2 72 936
2 817 518
2 177 340
2 111 961
2 142 311
2 757 947
2 130 242
2 329 212
2 872 211
2 404 772
2 301 948
2 700 702
2 178 588
2 260 931
2 759 78
2 132 7
2 69 292
2 605 822
2 131 993
2 501 75
2 787 880
2 539 387
2 660 638
2 889 465
2 787 189
2 947 7
2 170 285
2 981 505
2 664 479
2 355 580
2 440 995
2 471 884
2 965 614
2 266 825
2 191 941
2 92 825
2 518 314
2 494 211
2 871 568
2 352 13
2 248 287
2 30 697
2 189 676
2 507 792
2 4 216
2 441 656
2 299 415
2 127 562
2 457 935
2 385 99
2 240 907
2 286 222
2 840 714
2 310 148
2 746 451
2 681 160
2 316 234
2 44 348
2 947 305
2 334 183
2 798 541
2 886 158
2 358 79
2 493 241
2 183 97
2 559 365
2 125 45
2 935 182
2 90 953
2 745 310
2 98 962
2 132 156
2 386 55
2 610 432
2 799 273
2 8 182
2 475 429
2 803 120
2 88 283
2 446 731
2 351 761
2 483 866
2 571 244
2 707 193
2 76 30
2 567 348
2 418 564
2 714 628
2 185 112
2 539 505
2 135 967
2 195 532
2 943 324
2 295 968
2 457 824
2 270 695
2 43 7
2 399 357
2 3 961
2 180 961
2 974 267
2 115 761
2 603 481
2 661 245
2 931 879
2 243 783
2 566 112
2 561 626
2 819 666
2 754 577
2 458 920
2 143 234
2 909 786
2 141 337
2 851 177
2 996 35
2 875 179
2 763 891
2 121 259
2 57 568
2 402 689
2 968 49
2 191 85
2 239 357
2 436 178
2 919 738
2 898 107
2 186 630
2 578 95
2 211 977
2 853 44
2 401 718
2 939 499
2 586 207
2 641 363
2 611 73
2 733 710
2 92 371
2 870 416
2 739 239
2 814 800
2 656 246
2 425 100
2 746 772
2 469 994
2 272 495
2 665 530
2 426 518
2 233 890
2 877 619
2 921 339
2 225 97
2 293 943
2 726 821
2 635 158
2 629 710
2 806 48
2 657 906
2 625 449
2 396 81
2 912 475
2 121 724
2 204 862
2 938 382
2 464 333
2 623 457
2 715 497
2 152 381
2 524 481
2 95 127
2 816 79
2 43 629
2 234 285
2 563 494
2 991 317
2 622 835
2 247 664
2 853 808
2 679 648
2 850 426
2 987 699
2 660 36
2 284 494
2 572 583
2 763 329
2 769 495
2 770 981
2 580 976
2 660 845
2 508 67
2 757 997
2 118 971
2 623 783
2 89 28
2 53 68
2 919 722
2 832 432
2 204 587
2 829 855
2 597 539
2 721 889
2 303 143
2 345 128
2 955 33
2 256 994
2 604 20
2 921 150
2 280 312
2 631 704
2 990 736
2 267 872
2 844 503
2 652 784
2 441 584
2 4 695
2 675 669
2 673 769
2 286 974
2 109 947
2 463 562
2 654 611
2 474 322
2 256 903
2 957 216
2 675 209
2 54 444
2 178 82
2 203 959
2 605 264
2 611 145
2 936 421
2 311 57
2 201 830
2 106 30
2 60 449
2 267 640
2 299 669
2 17 984
2 461 722
2 624 420
2 807 78
2 666 14
2 56 86
2 149 242
2 64 128
2 131 159
2 534 516
2 534 180
2 154 517
2 213 691
2 927 892
2 375 75
2 23 668
2 658 80
2 967 497
2 954 245
2 745 731
2 145 782
2 374 538
2 369 188
2 907 670
2 679 25
2 277 871
2 938 647
2 337 305
2 192 802
2 982 811
2 224 163
2 120 519
2 220 405
2 466 407
2 806 745
2 556 767
2 559 296
2 129 670
2 887 172
2 490 25
2 44 323
2 318 635
2 502 51
2 570 11
2 789 928
2 83 475
2 36 285
2 13 709
2 74 703
2 601 198
2 161 64
2 710 371
2 357 910
2 102 390
2 1000 112
2 514 132
2 541 614
2 240 420
2 960 963
2 534 52
2 365 343
2 826 455
2 116 410
2 527 596
2 73 706
2 839 879
2 763 378
2 103 802
2 366 823
2 550 908
2 619 847
2 250 954
2 31 143
2 287 310
2 526 278
2 705 162
2 961 109
2 802 347
2 43 554
2 580 171
2 468 475
2 713 377
2 330 234
2 494 566
2 849 674
2 466 869
2 667 448
2 912 805
2 505 445
2 750 13
2 962 270
2 927 619
2 361 357
2 8 619
2 180 366
2 407 964
2 336 874
2 671 319
2 655 151
2 556 906
2 915 117
2 652 993
2 21 314
2 114 479
2 554 283
2 964 681
2 268 627
2 944 395
2 824 347
2 236 627
2 403 447
2 508 769
2 552 875
2 9 106
2 375 719
2 526 688
2 775 760
2 323 292
2 240 688
2 607 63
2 742 248
2 42 174
2 514 955
2 875 418
2 618 627
2 952 212
2 811 340
2 457 878
2 499 291
2 816 821
2 220 142
2 852 347
2 516 338
2 24 561
2 522 336
2 988 110
2 757 873
2 891 142
2 781 181
2 367 53
2 540 711
2 211 340
2 543 408
2 394 515
2 971 348
2 89 813
2 900 615
2 275 116
2 74 459
2 716 133
2 137 590
2 244 646
2 214 516
2 571 372
2 203 615
2 168 358
2 214 239
2 807 709
2 638 695
2 456 190
2 833 772
2 892 926
2 623 410
2 474 812
2 219 261
2 921 492
2 99 736
2 224 558
2 603 737
2 847 528
2 696 44
2 657 80
2 24 345
2 637 368
2 200 744
2 248 686
2 726 916
2 721 180
2 598 383
2 902 483
2 264 149
2 490 533
2 968 588
2 653 9
2 468 356
2 641 539
2 661 769
2 103 706
2 999 523
2 505 270
2 788 875
2 116 59
2 856 849
2 180 858
2 888 896
2 730 488
2 730 406
2 38 479
2 709 75
2 718 317
2 93 895
2 882 165
2 614 776
2 896 911
2 733 72
2 887 835
2 6 751
2 178 944
2 444 58
2 885 754
2 76 74
2 993 71
2 395 148
2 146 805
2 442 615
2 535 87
2 373 205
2 244 312
2 874 549
2 579 530
2 616 421
2 234 834
2 809 732
2 573 824
2 412 318
2 775 530
2 276 371
2 133 889
2 78 122
2 402 16
2 997 984
2 380 583
2 723 613
2 499 590
2 550 555
2 164 612
2 248 844
2 758 330
2 561 973
2 916 994
2 726 7
2 806 436
2 676 737
2 827 93
2 104 327
2 814 596
2 511 560
2 145 475
2 561 996
2 867 359
2 775 95
2 882 376
2 16 810
2 379 289
2 26 848
2 290 813
2 372 138
2 650 799
2 934 273
2 675 70
2 793 911
2 702 703
2 31 515
2 653 612
2 580 14
2 853 906
2 436 429
2 656 435
2 658 492
2 721 988
2 768 690
2 982 758
2 55 832
2 745 166
2 767 934
2 789 961
2 886 722
2 992 262
2 139 706
2 618 672
2 312 489
2 266 822
2 196 63
2 44 122
2 250 992
2 363 494
2 651 621
2 117 179
2 653 29
2 904 510
2 449 765
2 621 285
2 300 153
2 459 71
2 514 748
2 130 42
2 832 290
2 132 64
2 483 841
2 159 588
2 892 406
2 950 201
2 741 932
2 844 725
2 23 725
2 806 676
2 115 156
2 968 324
2 237 119
2 969 693
2 508 671
2 261 241
2 9 131
2 480 211
2 264 91
2 797 924
2 850 697
2 693 19
2 721 494
2 201 221
2 171 101
2 65 677
2 835 691
2 334 78
2 389 980
2 809 877
2 247 631
2 142 739
2 443 684
2 317 847
2 355 119
2 496 270
2 598 2
2 894 762
2 979 741
2 734 128
2 546 540
2 956 243
2 233 487
2 791 525
2 820 97
2 887 872
2 626 83
2 932 116
2 126 136
2 698 909
2 29 15
2 452 274
2 514 659
2 518 489
2 27 50
2 256 759
2 267 419
2 758 265
2 845 505
2 520 915
2 419 380
2 990 30
2 31 605
2 531 345
2 945 934
2 785 57
2 739 465
2 419 135
2 629 839
2 855 18
2 161 322
2 887 74
2 30 703
2 780 518
2 678 686
2 954 330
2 284 972
2 103 775
2 947 171
2 70 322
2 391 131
2 995 519
2 2 788
2 159 479
2 455 117
2 595 626
2 16 532
2 603 188
2 825 725
2 849 76
2 413 586
2 883 638
2 859 63
2 949 328
2 304 144
2 584 63
2 950 93
2 792 73
2 238 146
2 323 99
2 386 364
2 889 880
2 956 188
2 463 595
2 308 211
2 18 699
2 369 392
2 925 492
2 374 596
2 793 971
2 454 272
2 692 523
2 121 873
2 302 693
2 234 349
2 763 504
2 963 614
2 501 397
2 794 644
2 770 702
2 237 327
2 29 300
2 59 90
2 619 596
2 112 966
2 678 899
2 256 422
2 885 128
2 634 521
2 919 63
2 668 662
2 81 703
2 758 271
2 301 16
2 775 388
2 108 726
2 924 305
2 947 19
2 745 311
2 676 305
2 679 638
2 299 165
2 741 376
2 737 858
2 569 72
2 176 817
2 97 80
2 374 715
2 631 342
2 361 309
2 293 27
2 316 811
2 646 342
2 148 688
2 167 188
2 180 722
2 295 440
2 591 518
2 896 321
2 856 995
2 338 276
2 403 185
2 34 858
2 259 390
2 873 993
2 228 573
2 820 286
2 539 377
2 656 188
2 105 80
2 979 212
2 419 786
2 508 343
2 320 126
2 47 279
2 443 876
2 871 626
2 95 40
2 356 211
2 60 890
2 800 802
2 507 6
2 135 901
2 500 125
2 594 66
2 546 456
2 22 166
2 149 943
2 701 300
2 288 869
2 443 148
2 687 61
2 185 741
2 329 711
2 26 753
2 986 178
2 832 569
2 955 194
2 382 64
2 292 528
2 818 203
2 571 350
2 601 796
2 132 235
2 756 305
2 646 811
2 43 725
2 463 790
2 112 512
2 157 914
2 36 28
2 733 565
2 369 357
2 775 168
2 277 267
2 169 546
2 369 509
2 584 184
2 426 474
2 480 639
2 723 487
2 307 730
2 239 741
2 624 210
2 444 978
2 499 953
2 453 100
2 370 252
2 853 157
2 225 37
2 787 575
2 13 965
2 983 937
2 871 77
2 9 266
2 641 642
2 88 525
2 866 985
2 522 991
2 8 923
2 47 647
2 757 348
2 521 352
2 289 167
2 106 664
2 681 541
2 152 7
2 336 889
2 222 906
2 759 788
2 306 690
2 266 946
2 214 734
2 67 165
2 237 610
2 266 792
2 342 110
2 927 307
2 330 422
2 683 659
2 560 128
2 289 948
2 793 879
2 588 261
2 312 134
2 294 348
2 143 151
2 829 783
2 989 567
2 16 861
2 115 452
2 982 424
2 953 808
2 438 824
2 979 294
2 324 860
2 66 964
2 894 485
2 31 287
2 9 441
2 784 138
2 54 407
2 936 728
2 283 697
2 378 445
2 664 788
2 750 61
2 168 620
2 869 645
2 369 73
2 492 743
2 986 162
2 789 754
2 26 717
2 457 180
2 964 820
2 473 639
2 716 159
2 721 427
2 454 506
2 175 320
2 435 197
2 26 246
2 507 417
2 61 254
2 692 769
2 127 673
2 392 229
2 218 462
2 425 368
2 19 418
2 403 934
2 693 422
2 556 6
2 571 129
2 168 545
2 303 961
2 507 362
2 20 664
2 912 510
2 447 395
2 293 724
2 331 515
2 175 968
2 624 352
2 650 481
2 838 848
2 104 464
2 545 493
2 181 891
2 135 738
2 247 219
2 217 795
2 19 991
2 83 698
2 188 759
2 386 557
2 371 215
2 115 878
2 111 19
2 139 32
2 250 778
2 264 15
2 161 990
2 980 666
2 206 509
2 57 484
2 292 319
2 975 379
2 259 220
2 335 353
2 589 161
2 546 254
2 632 69
2 786 591
2 552 113
2 501 455
2 721 969
2 23 485
2 625 604
2 809 932
2 880 808
2 21 874
2 733 804
2 215 714
2 397 398
2 611 568
2 96 482
2 990 941
2 161 226
2 900 905
2 611 315
2 129 694
2 476 532
2 339 217
2 989 209
2 726 872
2 308 201
2 649 792
2 569 323
2 160 460
2 132 676
2 426 888
2 689 69
2 894 392
2 98 455
2 322 793
2 687 305
2 209 420
2 43 613
2 939 289
2 145 259
2 426 439
2 707 372
2 255 875
2 928 202
2 590 324
2 717 491
2 244 892
2 885 432
2 386 2
2 181 995
2 939 726
2 153 298
2 11 592
2 681 866
2 917 154
2 175 273
2 123 607
2 229 52
2 851 963
2 771 522
2 903 985
2 687 189
2 219 900
2 789 740
2 980 101
2 490 27
2 512 717
2 144 294
2 441 147
2 96 741
2 769 348
2 29 395
2 429 739
2 701 550
2 580 59
2 589 112
2 385 784
2 389 342
2 730 518
2 354 733
2 218 171
2 222 418
2 193 761
2 526 868
2 556 52
2 870 613
2 488 983
2 921 661
2 814 929
2 707 578
2 329 381
2 727 158
2 898 514
2 906 858
2 308 524
2 773 14
2 926 602
2 692 116
2 420 319
2 311 454
2 772 413
2 307 707
2 286 266
2 266 126
2 351 46
2 579 7
2 634 784
2 990 263
2 618 920
2 250 36
2 421 737
2 997 608
2 895 151
2 827 535
2 739 112
2 986 265
2 221 393
2 475 9
2 572 481
2 180 319
2 37 751
2 817 718
2 883 488
2 544 265
2 388 695
2 899 393
2 82 320
2 716 336
2 228 676
2 258 769
2 406 670
2 106 752
2 558 470
2 79 890
2 957 487
2 522 146
2 891 841
2 15 954
2 175 929
2 939 432
2 939 744
2 809 585
2 130 643
2 326 19
2 641 51
2 57 715
2 967 767
2 231 78
2 444 880
2 95 988
2 451 954
2 408 361
2 675 194
2 71 529
2 762 696
2 919 724
2 81 944
2 826 690
2 767 81
2 521 268
2 172 182
2 24 961
2 398 690
2 934 337
2 816 637
2 833 256
2 88 929
2 466 261
2 426 51
2 8 211
2 674 467
2 365 111
2 266 530
2 887 279
2 451 154
2 854 720
2 582 210
2 591 445
2 382 553
2 679 472
2 523 948
2 493 667
2 177 952
2 428 870
2 413 955
2 557 423
2 64 529
2 442 702
2 260 637
2 424 823
2 338 835
2 79 428
2 969 766
2 642 769
2 763 241
2 329 834
2 557 591
2 248 267
2 247 619
2 854 178
2 565 108
2 901 934
2 271 761
2 676 285
2 492 622
2 28 105
2 9 166
2 822 679
2 486 193
2 578 719
2 876 146
2 164 484
2 459 863
2 744 613
2 634 398
2 1000 924
2 250 525
2 770 233
2 572 690
2 597 675
2 755 63
2 130 198
2 770 962
2 907 525
2 631 324
2 402 799
2 835 51
2 748 970
2 721 98
2 211 792
2 562 138
2 36 636
2 921 107
2 575 48
2 15 823
2 599 824
2 996 99
2 288 347
2 749 114
2 688 495
2 621 638
2 570 601
2 550 489
2 46 638
2 866 878
2 364 479
2 664 717
2 746 642
2 139 187
2 237 929
2 557 294
2 690 147
2 727 874
2 79 538
2 291 62
2 543 281
2 944 973
2 690 89
2 123 172
2 189 243
2 793 157
2 660 980
2 60 802
2 32 488
2 189 560
2 295 747
2 32 191
2 914 741
2 238 951
2 81 905
2 225 120
2 384 476
2 609 315
2 500 435
2 675 348
2 468 765
2 899 772
2 665 671
2 754 830
2 828 593
2 213 283
2 881 732
2 750 842
2 599 271
2 813 216
2 408 974
2 392 317
2 409 964
2 756 820
2 716 380
2 968 399
2 522 73
2 931 393
2 324 841
2 164 697
2 944 564
2 152 613
2 586 691
2 241 325
2 561 343
2 12 314
2 428 964
2 229 832
2 412 723
2 678 121
2 654 705
2 997 335
2 9 671
2 39 593
2 557 743
2 673 591
2 658 826
2 147 141
2 726 423
2 216 118
2 752 152
2 141 49
2 370 938
2 656 840
2 25 42
2 60 835
2 248 389
2 444 598
2 287 511
2 716 224
2 853 97
2 281 447
2 453 971
2 672 208
2 963 77
2 141 723
2 441 45
2 707 380
2 259 953
2 301 325
2 32 238
2 740 547
2 164 735
2 31 441
2 59 255
2 32 212
2 543 463
2 258 864
2 512 547
2 531 934
2 167 593
2 587 899
2 385 416
2 907 644
2 894 776
2 733 297
2 675 402
2 15 578
2 354 466
2 855 259
2 195 478
2 847 306
2 58 584
2 721 234
2 782 81
2 845 656
2 129 167
2 45 973
2 463 690
2 39 142
2 123 213
2 8 15
2 338 204
2 632 129
2 650 512
2 95 511
2 888 834
2 434 279
2 764 725
2 182 298
2 466 602
2 689 323
2 922 330
2 84 808
2 369 379
2 409 10
2 657 18
2 747 554
2 2 855
2 868 51
2 312 176
2 707 146
2 997 593
2 815 851
2 183 288
2 32 216
2 289 953
2 407 879
2 951 165
2 222 998
2 754 959
2 459 517
2 170 955
2 375 100
2 750 674
2 824 405
2 373 16
2 288 509
2 34 741
2 290 74
2 70 431
2 963 803
2 791 769
2 580 952
2 168 562
2 863 381
2 569 152
2 43 784
2 543 459
2 16 803
2 132 969
2 833 147
2 303 62
2 558 628
2 180 516
2 881 985
2 881 981
2 878 841
2 299 529
2 356 686
2 295 798
2 513 910
2 913 276
2 66 344
2 407 249
2 385 974
2 897 347
2 825 865
2 105 66
2 574 683
2 714 314
2 664 391
2 707 781
2 558 753
2 228 709
2 72 953
2 225 148
2 123 879
2 503 640
2 421 410
2 621 314
2 797 882
2 491 553
2 425 316
2 968 110
2 429 403
2 353 429
2 133 134
2 906 140
2 515 686
2 792 744
2 222 646
2 785 431
2 680 904
2 150 529
2 854 578
2 115 936
2 869 317
2 715 773
2 887 525
2 634 622
2 921 512
2 990 340
2 604 292
2 960 417
2 649 681
2 989 780
2 958 568
2 746 940
2 870 835
2 139 352
2 123 415
2 192 458
2 892 617
2 845 124
2 311 452
2 907 972
2 221 897
2 4 475
2 19 445
2 116 975
2 692 776
2 968 602
2 82 697
2 755 505
2 731 684
2 683 11
2 431 455
2 170 19
2 131 845
2 444 104
2 392 445
2 881 503
2 119 596
2 969 335
2 788 128
2 69 910
2 715 688
2 754 636
2 736 168
2 208 988
2 382 393
2 382 628
2 757 786
2 696 694
2 745 497
2 952 848
2 704 128
2 86 188
2 775 682
2 3 509
2 912 383
2 853 295
2 968 267
2 72 835
2 79 721
2 329 302
2 202 488
2 893 416
2 413 545
2 293 536
2 898 803
2 399 140
2 690 838
2 966 933
2 227 191
2 22 477
2 608 910
2 173 765
2 806 584
2 339 929
2 960 300
2 330 990
2 462 455
2 827 449
2 787 144
2 31 243
2 660 421
2 179 771
2 341 144
2 458 962
2 346 774
2 851 451
2 333 951
2 143 622
2 607 347
2 260 658
2 492 135
2 854 512
2 284 516
2 884 952
2 179 848
2 173 933
2 418 2
2 736 879
2 433 867
2 646 912
2 456 917
2 763 747
2 376 249
2 479 179
2 756 836
2 831 353
2 537 593
2 87 847
2 469 738
2 598 647
2 647 934
2 939 768
2 72 551
2 626 584
2 540 821
2 650 903
2 338 824
2 611 858
2 613 343
2 500 672
2 476 575
2 296 958
2 240 333
2 12 834
2 619 670
2 373 95
2 246 866
2 238 502
2 351 829
2 427 459
2 937 449
2 530 401
2 263 458
2 837 768
2 123 231
2 565 826
2 565 405
2 171 817
2 195 347
2 658 324
2 441 324
2 262 637
2 213 45
2 463 952
2 522 711
2 190 154
2 345 409
2 47 699
2 431 297
2 972 275
2 237 995
2 507 868
2 810 33
2 671 570
2 530 234
2 125 162
2 543 365
2 927 972
2 29 805
2 413 482
2 89 281
2 452 625
2 965 753
2 435 721
2 486 908
2 118 488
2 494 648
2 108 708
2 978 171
2 730 920
2 259 906
2 473 194
2 671 754
2 149 261
2 806 164
2 591 249
2 696 842
2 395 482
2 414 506
2 861 445
2 280 563
2 331 352
2 195 719
2 256 892
2 483 666
2 876 216
2 179 18
2 327 847
2 274 358
2 550 767
2 394 29
2 849 870
2 59 113
2 323 222
2 889 568
2 313 258
2 754 798
2 856 813
2 114 503
2 177 322
2 275 420
2 587 431
2 432 359
2 991 189
2 918 881
2 197 186
2 535 519
2 123 225
2 607 478
2 303 263
2 651 103
2 266 155
2 936 62
2 247 339
2 260 529
2 611 128
2 631 593
2 556 440
2 777 752
2 531 991
2 711 609
2 235 333
2 382 542
2 18 642
2 116 699
2 960 825
2 559 208
2 883 650
2 603 265
2 515 979
2 550 923
2 555 144
2 3 904
2 202 908
2 700 703
2 807 554
2 264 311
2 967 490
2 771 947
2 678 45
2 542 207
2 744 934
2 293 973
2 374 890
2 883 38
2 86 120
2 452 242
2 274 478
2 206 795
2 143 80
2 243 525
2 101 603
2 911 315
2 235 327
2 281 905
2 515 82
2 22 926
2 196 738
2 180 71
2 898 410
2 464 772
2 998 51
2 200 673
2 343 158
2 326 114
2 661 121
2 454 464
2 721 416
2 289 250
2 735 325
2 700 315
2 785 332
2 818 446
2 701 622
2 754 944
2 493 388
2 559 722
2 763 739
2 304 49
2 953 166
2 200 406
2 403 411
2 916 176
2 173 108
2 107 297
2 558 292
2 643 312
2 959 699
2 591 207
2 883 721
2 605 984
2 54 98
2 887 352
2 997 874
2 172 406
2 112 342
2 875 39
2 526 38
2 394 24
2 661 995
2 981 825
2 329 158
2 524 466
2 142 261
2 433 609
2 169 173
2 102 668
2 931 732
2 576 480
2 921 665
2 636 699
2 469 396
2 852 686
2 617 265
2 753 62
2 507 708
2 921 604
2 37 402
2 73 799
2 564 177
2 228 347
2 883 989
2 315 747
2 456 589
2 222 437
2 473 670
2 243 358
2 898 643
2 685 817
2 239 650
2 472 644
2 169 353
2 890 368
2 373 688
2 618 60
2 991 151
2 192 95
2 599 114
2 454 131
2 976 582
2 296 82
2 580 424
2 47 682
2 935 138
2 318 443
2 595 746
2 844 387
2 929 509
2 143 704
2 96 297
2 36 863
2 236 304
2 34 100
2 427 124
2 86 476
2 536 255
2 919 5
2 357 151
2 599 127
2 694 495
2 333 823
2 883 188
2 223 601
2 633 463
2 696 529
2 253 155
2 656 420
2 340 498
2 129 904
2 945 373
2 825 955
2 836 544
2 607 551
2 229 690
2 606 911
2 237 224
2 767 569
2 454 116
2 501 454
2 501 545
2 437 81
2 123 193
2 36 628
2 498 565
2 78 923
2 668 538
2 255 679
2 153 855
2 301 221
2 602 63
2 656 49
2 98 560
2 155 885
2 444 411
2 960 438
2 962 348
2 833 45
2 9 686
2 801 230
2 109 427
2 887 867
2 407 670
2 96 814
2 463 385
2 656 574
2 141 515
2 530 172
2 687 300
2 584 778
2 375 391
2 515 140
2 613 924
2 902 225
2 999 751
2 19 697
2 497 505
2 915 978
2 139 783
2 669 704
2 542 156
2 360 635
2 726 233
2 779 315
2 373 645
2 206 817
2 562 634
2 637 912
2 680 904
2 65 948
2 350 943
2 447 279
2 729 13
2 425 902
2 76 151
2 733 411
2 650 211
2 534 289
2 454 386
2 227 732
2 231 18
2 960 973
2 213 119
2 635 972
2 347 966
2 456 860
2 952 835
2 227 605
2 678 165
2 43 97
2 742 741
2 833 218
2 296 181
2 157 583
2 754 153
2 531 535
2 482 944
2 616 962
2 569 702
2 885 774
2 68 603
2 815 820
2 338 512
2 497 212
2 328 197
2 772 376
2 27 48
2 807 920
2 292 847
2 470 476
2 607 179
2 767 471
2 605 818
2 696 414
2 242 725
2 836 564
2 143 875
2 902 159
2 500 162
2 707 691
2 735 285
2 384 686
2 382 222
2 918 16
2 507 470
2 331 592
2 646 785
2 772 788
2 466 916
2 733 9
2 91 241
2 64 761
2 964 262
2 115 803
2 129 414
2 202 799
2 121 871
2 794 811
2 511 242
2 34 704
2 572 784
2 421 840
2 791 249
2 459 51
2 180 117
2 248 479
2 558 352
2 366 808
2 999 532
2 497 184
2 365 927
2 970 969
2 179 932
2 73 933
2 214 448
2 798 544
2 141 325
2 267 525
2 957 635
2 588 138
2 590 99
2 818 959
2 583 438
2 442 347
2 217 363
2 82 666
2 89 976
2 272 96
2 1000 167
2 379 376
2 266 499
2 919 458
2 410 983
2 390 67
2 891 673
2 618 453
2 832 794
2 78 766
2 874 422
2 469 397
2 586 727
2 136 276
2 226 892
2 170 858
2 38 186
2 888 661
2 752 469
2 551 711
2 987 268
2 287 820
2 673 312
2 571 348
2 484 951
2 933 708
2 769 753
2 804 178
2 764 729
2 904 738
2 34 628
2 823 176
2 389 862
2 365 932
2 603 512
2 284 150
2 941 737
2 541 666
2 307 559
2 435 381
2 636 67
2 475 432
2 564 859
2 402 453
2 315 2
2 645 186
2 168 15
2 179 480
2 963 276
2 323 331
2 570 312
2 964 116
2 616 342
2 55 28
2 885 516
2 404 630
2 293 993
2 102 513
2 989 674
2 692 622
2 458 881
2 556 533
2 222 117
2 692 436
2 628 361
2 802 50
2 853 382
2 421 828
2 611 492
2 880 979
2 38 598
2 604 23
2 641 823
2 550 451
2 982 914
2 290 164
2 645 909
2 539 189
2 18 842
2 978 679
2 552 923
2 419 231
2 941 801
2 469 541
2 268 360
2 523 63
2 871 807
2 215 125
2 753 643
2 607 459
2 425 762
2 222 732
2 981 137
2 544 460
2 8 596
2 178 61
2 82 828
2 426 803
2 437 985
2 705 768
2 667 396
2 849 603
2 441 284
2 576 49
2 768 48
2 527 692
2 130 923
2 290 696
2 739 670
2 161 899
2 351 584
2 950 518
2 333 509
2 101 370
2 362 914
2 505 383
2 641 107
2 361 799
2 39 197
2 372 317
2 307 265
2 90 510
2 290 632
2 542 900
2 112 784
2 47 744
2 12 520
2 708 315
2 67 730
2 661 368
2 355 655
2 203 99
2 696 404
2 681 329
2 926 759
2 382 320
2 890 850
2 216 252
2 745 171
2 692 620
2 978 766
2 764 102
2 818 474
2 901 629
2 750 82
2 473 530
2 393 238
2 131 296
2 647 97
2 64 561
2 167 782
2 649 862
2 23 613
2 362 437
2 886 670
2 54 142
2 498 869
2 627 144
2 366 912
2 427 778
2 501 847
2 64 569
2 639 287
2 898 664
2 65 616
2 441 153
2 88 237
2 541 445
2 374 275
2 706 879
2 500 856
2 610 536
2 48 404
2 656 304
2 598 384
2 772 741
2 927 270
2 571 169
2 212 285
2 922 588
2 853 930
2 687 814
2 680 515
2 88 846
2 96 57
2 898 889
2 351 306
2 968 652
2 963 253
2 846 667
2 406 804
2 956 348
2 383 133
2 980 630
2 219 228
2 454 356
2 901 521
2 365 838
2 123 800
2 623 817
2 133 63
2 47 286
2 355 840
2 197 208
2 31 865
2 255 803
2 666 312
2 607 434
2 598 494
2 419 65
2 606 357
2 559 313
2 617 824
2 86 906
2 883 600
2 330 431
2 121 782
2 753 518
2 819 630
2 580 458
2 749 548
2 635 730
2 129 448
2 329 848
2 507 94
2 603 479
2 6 903
2 160 859
2 892 10
2 371 969
2 387 108
2 507 52
2 571 550
2 180 884
2 644 741
2 321 150
2 845 73
2 472 541
2 712 297
2 878 64
2 111 410
2 824 603
2 105 859
2 514 649
2 812 314
2 717 857
2 639 45
2 146 20
2 889 470
2 861 492
2 356 647
2 939 733
2 922 710
2 71 279
2 192 275
2 822 792
2 318 906
2 27 619
2 570 50
2 377 914
2 353 596
2 300 774
2 265 455
2 379 260
2 764 745
2 454 132
2 818 979
2 370 714
2 121 13
2 668 972
2 336 149
2 579 909
2 693 506
2 66 967
2 672 227
2 811 622
2 578 706
2 482 840
2 557 462
2 896 984
2 67 1
2 292 906
2 982 378
2 987 776
2 927 619
2 479 821
2 657 663
2 623 911
2 898 389
2 898 920
2 570 1
2 274 29
2 617 5
2 196 979
2 578 715
2 842 686
2 250 607
2 61 639
2 872 538
2 515 751
2 257 460
2 335 411
2 177 572
2 606 650
2 60 30
2 845 688
2 764 932
2 268 203
2 442 140
2 791 572
2 146 620
2 827 993
2 704 477
2 557 710
2 10 726
2 850 662
2 676 120
2 9 897
2 318 819
2 374 608
2 70 94
2 222 607
2 480 58
2 650 930
2 883 556
2 395 348
2 921 598
2 313 584
2 379 858
2 307 246
2 968 405
2 420 233
2 265 607
2 799 650
2 937 332
2 106 618
2 129 692
2 587 974
2 999 871
2 302 289
2 867 208
2 332 5
2 213 998
2 164 553
2 960 823
2 476 722
2 182 548
2 109 170
2 854 253
2 886 291
2 604 186
2 168 539
2 543 151
2 817 648
2 712 525
2 550 33
2 915 172
2 308 422
2 502 612
2 399 5
2 644 409
2 428 937
2 643 29
2 902 835
2 719 110
2 598 709
2 643 838
2 70 961
2 123 652
2 983 492
2 196 761
2 90 328
2 336 627
2 426 803
2 334 599
2 746 874
2 649 945
2 336 586
2 767 316
2 306 230
2 963 392
2 492 584
2 55 21
2 868 741
2 129 264
2 257 59
2 928 87
2 482 973
2 639 273
2 350 619
2 618 2
2 418 320
2 91 856
2 35 45
2 301 63
2 845 479
2 766 805
2 168 817
2 236 408
2 507 159
2 280 567
2 674 134
2 197 140
2 295 431
2 169 414
2 345 33
2 81 139
2 139 421
2 347 15
2 48 205
2 127 621
2 789 707
2 526 230
2 815 146
2 173 193
2 763 555
2 706 885
2 883 445
2 227 187
2 290 517
2 508 608
2 402 96
2 943 147
2 986 694
2 95 440
2 394 750
2 861 30
2 900 385
2 665 43
2 536 645
2 318 428
2 84 314
2 135 415
2 480 648
2 616 102
2 660 560
2 925 71
2 778 969
2 988 897
2 519 221
2 433 855
2 172 15
2 499 920
2 456 478
2 799 893
2 92 859
2 813 488
2 853 730
2 708 531
2 689 20
2 214 677
2 150 711
2 507 549
2 76 806
2 984 628
2 173 988
2 638 668
2 949 171
2 767 117
2 631 13
2 807 210
2 256 448
2 454 312
2 327 842
2 465 862
2 486 759
2 767 15
2 84 162
2 716 59
2 610 501
2 506 46
2 656 501
2 264 216
2 744 390
2 894 529
2 54 237
2 720 149
2 727 423
2 801 650
2 372 863
2 712 901
2 605 299
2 229 513
2 359 330
2 998 370
2 919 835
2 515 832
2 621 504
2 544 13
2 186 698
2 247 445
2 229 370
2 22 279
2 177 322
2 195 640
2 978 933
2 200 493
2 823 954
2 655 837
2 633 437
2 727 124
2 661 315
2 986 305
2 758 930
2 221 984
2 402 644
2 254 541
2 127 555
2 475 387
2 877 323
2 233 842
2 293 494
2 157 306
2 720 183
2 693 565
2 641 863
2 469 930
2 127 168
2 891 422
2 826 434
2 301 346
2 264 396
2 739 345
2 578 584
2 762 833
2 701 540
2 322 857
2 47 519
2 97 499
2 98 1000
2 734 427
2 876 142
2 663 437
2 898 651
2 937 51
2 707 386
2 197 16
2 526 317
2 631 321
2 107 244
2 411 946
2 397 551
2 966 384
2 693 520
2 195 908
2 425 51
2 253 844
2 779 254
2 426 864
2 30 954
2 814 405
2 939 39
2 892 273
2 607 751
2 770 551
2 779 858
2 58 976
2 570 289
2 235 390
2 73 50
2 476 320
2 912 333
2 183 742
2 560 172
2 269 741
2 384 850
2 673 885
2 815 281
2 837 185
2 412 124
2 13 81
2 567 209
2 208 726
2 481 502
2 235 881
2 10 255
2 606 909
2 920 511
2 96 378
2 953 16
2 828 426
2 222 758
2 403 690
2 708 38
2 744 431
2 858 278
2 997 204
2 941 350
2 164 406
2 597 411
2 563 922
2 175 515
2 574 410
2 532 944
2 608 887
2 815 127
2 991 379
2 684 946
2 16 118
2 832 786
2 323 808
2 830 766
2 214 23
2 79 173
2 715 125
2 677 68
2 939 211
2 688 448
2 737 430
2 83 469
2 896 642
2 209 465
2 839 739
2 921 154
2 836 694
2 385 348
2 383 562
2 65 417
2 688 952
2 582 341
2 987 399
2 35 31
2 394 465
2 228 333
2 579 238
2 475 850
2 25 114
2 651 48
2 996 218
2 322 46
2 155 415
2 214 766
2 673 803
2 845 204
2 126 804
2 981 107
2 736 220
2 949 267
2 347 288
2 514 808
2 536 703
2 390 327
2 448 485
2 161 931
2 351 708
2 227 662
2 57 686
2 244 73
2 296 71
2 420 253
2 747 344
2 296 128
2 429 57
2 745 137
2 476 368
2 135 677
2 560 475
2 788 191
2 371 533
2 279 382
2 303 460
2 389 717
2 337 528
2 168 812
2 65 3
2 690 270
2 195 509
2 825 958
2 853 788
2 886 212
2 633 520
2 475 7
2 672 178
2 221 523
2 465 628
2 463 347
2 401 468
2 380 211
2 982 208
2 16 345
2 354 132
2 556 398
2 771 882
2 953 753
2 893 14
2 546 33
2 434 385
2 576 199
2 404 973
2 157 361
2 109 43
2 587 310
2 601 628
2 16 267
2 231 520
2 831 617
2 672 438
2 276 882
2 941 585
2 252 797
2 916 150
2 337 266
2 807 942
2 351 479
2 321 368
2 212 319
2 639 32
2 386 593
2 676 638
2 704 553
2 967 867
2 274 64
2 824 748
2 833 505
2 164 138
2 274 741
2 739 862
2 544 349
2 624 767
2 902 849
2 346 859
2 16 987
2 957 865
2 198 436
2 394 460
2 898 857
2 891 536
2 893 339
2 67 147
2 723 153
2 314 460
2 352 118
2 573 899
2 706 985
2 425 286
2 580 120
2 83 175
2 594 754
2 85 341
2 687 360
2 500 836
2 417 407
2 189 651
2 307 454
2 480 863
2 161 262
2 683 725
2 492 33
2 353 932
2 758 328
2 449 158
2 450 238
2 291 951
2 695 810
2 585 268
2 535 527
2 13 496
2 600 685
2 429 899
2 950 184
2 655 758
2 215 520
2 83 187
2 539 184
2 797 222
2 88 476
2 928 311
2 728 859
2 757 987
2 846 135
2 522 608
2 843 993
2 242 565
2 641 34
2 756 964
2 864 697
2 463 427
2 756 523
2 64 502
2 938 397
2 503 745
2 517 359
2 653 309
2 367 128
2 255 297
2 798 119
2 358 539
2 693 863
2 66 670
2 540 449
2 744 966
2 967 117
2 301 728
2 41 785
2 370 934
2 15 708
2 778 210
2 632 135
2 85 577
2 385 954
2 369 323
2 917 525
2 169 873
2 749 634
2 605 291
2 560 13
2 759 575
2 458 465
2 661 322
2 979 795
2 76 855
2 734 118
2 911 244
2 157 222
2 756 377
2 719 7
2 707 340
2 69 18
2 365 957
2 642 691
2 818 77
2 635 153
2 925 43
2 405 834
2 925 9
2 295 135
2 524 103
2 911 102
2 692 948
2 214 21
2 354 454
2 492 528
2 666 621
2 370 679
2 622 332
2 291 314
2 550 238
2 17 903
2 24 61
2 766 665
2 459 443
2 684 593
2 980 996
2 291 568
2 833 315
2 523 449
2 149 810
2 384 596
2 108 741
2 47 24
2 484 244
2 815 292
2 849 91
2 222 958
2 235 103
2 378 102
2 902 30
2 143 304
2 381 404
2 10 166
2 157 19
2 113 232
2 946 613
2 906 341
2 922 50
2 952 735
2 905 695
2 944 341
2 117 605
2 890 149
2 567 897
2 281 601
2 641 738
2 663 840
2 29 63
2 739 959
2 367 702
2 675 205
2 186 15
2 208 173
2 827 32
2 164 730
2 921 677
2 57 1
2 988 773
2 687 722
2 25 694
2 302 352
2 40 410
2 210 319
2 731 389
2 763 669
2 192 652
2 833 134
2 474 880
2 939 486
2 366 40
2 290 94
2 716 265
2 253 836
2 755 40
2 712 34
2 900 476
2 660 649
2 208 142
2 329 517
2 185 541
2 969 554
2 249 857
2 29 778
2 423 604
2 920 547
2 122 388
2 355 327
2 327 140
2 275 61
2 783 512
2 53 393
2 355 155
2 65 307
2 816 945
2 244 328
2 960 583
2 242 162
2 989 510
2 895 940
2 956 897
2 625 617
2 663 431
2 755 840
2 440 530
2 111 281
2 920 380
2 459 133
2 428 205
2 199 880
2 462 299
2 571 864
2 301 487
2 22 220
2 900 323
2 766 110
2 616 406
2 109 942
2 690 765
2 818 813
2 77 865
2 160 11
2 193 738
2 35 455
2 659 71
2 732 259
2 96 310
2 816 717
2 178 492
2 925 727
2 882 408
2 415 647
2 49 609
2 444 975
2 215 403
2 574 952
2 23 62
2 637 648
2 138 700
2 394 397
2 426 718
2 570 990
2 831 877
2 195 369
2 534 455
2 329 32
2 787 450
2 105 279
2 928 504
2 663 468
2 423 97
2 644 372
2 827 817
2 464 210
2 458 904
2 12 87
2 991 140
2 372 174
2 367 517
2 378 998
2 364 741
2 484 282
2 256 208
2 91 311
2 400 484
2 656 301
2 373 20
2 168 448
2 26 664
2 727 834
2 775 977
2 264 275
2 44 895
2 385 752
2 957 245
2 804 869
2 68 439
2 993 151
2 845 462
2 490 670
2 330 759
2 417 107
2 183 389
2 376 695
2 950 938
2 442 955
2 969 229
2 899 542
2 970 746
2 49 519
2 268 566
2 705 51
2 71 151
2 363 90
2 161 184
2 719 897
2 539 706
2 781 681
2 26 133
2 423 448
2 681 341
2 994 513
2 731 193
2 79 806
2 990 39
2 90 261
2 486 596
2 446 219
2 144 45
2 734 377
2 280 91
2 573 300
2 35 730
2 254 553
2 787 823
2 719 133
2 298 414
2 643 283
2 208 183
2 95 34
2 86 448
2 800 810
2 868 544
2 560 219
2 503 29
2 649 389
2 414 78
2 129 529
2 918 124
2 960 957
2 264 39
2 247 228
2 83 194
2 215 687
2 892 322
2 258 709
2 744 395
2 710 591
2 837 655
2 407 207
2 832 340
2 429 246
2 694 816
2 165 450
2 653 632
2 129 752
2 949 613
2 274 738
2 854 87
2 778 298
2 299 620
2 922 364
2 21 769
2 47 49
2 618 517
2 349 765
2 240 761
2 681 400
2 957 964
2 833 370
2 598 493
2 84 806
2 135 955
2 307 89
2 450 6
2 958 910
2 715 393
2 646 353
2 870 7
2 102 841
2 870 836
2 657 166
2 871 592
2 856 904
2 912 980
2 787 954
2 729 582
2 759 459
2 852 705
2 658 653
2 990 302
2 226 334
2 703 686
2 31 790
2 608 367
2 935 364
2 982 242
2 266 451
2 18 277
2 599 67
2 809 383
2 587 536
2 524 360
2 956 647
2 168 817
2 258 158
2 846 711
2 827 867
2 940 151
2 946 629
2 338 199
2 537 808
2 475 467
2 516 783
2 377 317
2 332 80
2 345 6
2 974 639
2 634 305
2 510 530
2 169 995
2 948 835
2 565 14
2 565 809
2 62 739
2 703 811
2 625 745
2 14 799
2 233 776
2 979 50
2 429 495
2 532 271
2 229 485
2 175 891
2 794 727
2 84 615
2 58 271
2 37 730
2 774 285
2 448 445
2 274 718
2 607 299
2 175 238
2 530 682
2 175 849
2 133 485
2 809 504
2 161 77
2 486 812
2 512 981
2 651 224
2 706 7
2 697 868
2 60 223
2 837 958
2 714 630
2 301 963
2 562 335
2 121 548
2 336 858
2 981 812
2 594 387
2 726 152
2 584 28
2 660 993
2 263 579
2 652 830
2 960 598
2 894 969
2 391 452
2 427 897
2 81 42
2 721 386
2 957 502
2 376 670
2 546 205
2 77 720
2 40 677
2 846 206
2 214 630
2 711 108
2 764 6
2 469 842
2 716 958
2 302 448
2 955 909
2 373 926
2 238 866
2 822 187
2 816 588
2 539 702
2 872 584
2 36 520
2 384 719
2 938 79
2 3 438
2 729 869
2 721 706
2 632 141
2 408 536
2 128 477
2 12 211
2 103 66
2 4 564
2 27 405
2 702 184
2 826 640
2 757 816
2 236 281
2 214 933
2 667 756
2 144 803
2 925 197
2 507 85
2 64 741
2 131 745
2 966 422
2 594 578
2 254 12
2 917 334
2 35 231
2 414 333
2 964 607
2 121 893
2 712 870
2 919 863
2 316 659
2 144 211
2 347 670
2 995 821
2 396 904
2 723 496
2 143 246
2 217 842
2 463 128
2 886 614
2 421 712
2 626 430
2 751 629
2 95 987
2 852 309
2 754 904
2 279 309
2 373 287
2 86 189
2 36 287
2 305 190
2 817 714
2 896 217
2 323 32
2 581 180
2 989 109
2 855 958
2 81 210
2 797 153
2 121 11
2 601 117
2 55 574
2 148 670
2 336 466
2 240 594
2 955 528
2 867 731
2 554 592
2 883 138
2 371 648
2 814 387
2 10 424
2 746 415
2 238 78
2 602 212
2 303 379
2 571 303
2 812 302
2 730 397
2 286 692
2 563 302
2 957 158
2 566 294
2 321 988
2 203 840
2 59 868
2 236 249
2 334 759
2 770 216
2 22 484
2 334 510
2 797 582
2 769 619
2 752 600
2 592 73
2 692 547
2 239 42
2 41 537
2 157 451
2 789 518
2 204 751
2 66 958
2 632 732
2 106 5
2 617 703
2 945 614
2 645 533
2 675 151
2 215 414
2 394 236
2 676 730
2 394 672
2 336 652
2 330 637
2 762 577
2 54 716
2 638 319
2 927 416
2 847 703
2 373 155
2 215 946
2 307 666
2 618 945
2 787 899
2 571 130
2 213 490
2 448 191
2 191 190
2 351 837
2 442 820
2 290 337
2 612 985
2 909 876
2 579 111
2 473 581
2 967 623
2 972 294
2 405 532
2 897 154
2 235 748
2 520 909
2 168 699
2 954 528
2 641 969
2 272 265
2 557 248
2 167 834
2 546 726
2 757 609
2 872 179
2 291 975
2 791 10
2 862 378
2 432 62
2 50 531
2 129 69
2 153 858
2 530 954
2 260 170
2 576 806
2 575 699
2 800 991
2 568 995
2 600 234
2 233 865
2 329 895
2 675 987
2 362 570
2 55 223
2 50 910
2 469 894
2 379 536
2 170 146
2 589 392
2 649 380
2 720 719
2 264 483
2 272 511
2 158 184
2 623 427
2 65 529
2 898 421
2 939 747
2 534 994
2 817 397
2 228 345
2 314 166
2 832 485
2 482 206
2 164 621
2 146 480
2 896 731
2 442 125
2 678 636
2 660 562
2 854 737
2 558 601
2 667 50
2 102 995
2 542 987
2 447 208
2 651 339
2 676 795
2 637 236
2 13 211
2 690 860
2 890 868
2 195 600
2 511 732
2 15 285
2 175 959
2 541 140
2 262 50
2 704 281
2 652 859
2 861 229
2 890 387
2 948 160
2 626 430
2 441 830
2 251 550
2 925 33
2 631 954
2 974 722
2 831 2
2 130 943
2 503 598
2 283 410
2 206 987
2 420 910
2 98 483
2 500 655
2 829 154
2 752 996
2 257 94
2 833 211
2 88 756
2 552 49
2 601 998
2 421 325
2 624 420
2 953 79
2 714 937
2 736 259
2 550 269
2 880 768
2 570 672
2 970 198
2 662 158
2 47 597
2 130 229
2 241 995
2 514 722
2 394 225
2 29 304
2 264 810
2 746 67
2 669 98
2 625 406
2 472 502
2 169 349
2 822 821
2 968 50
2 556 890
2 587 367
2 523 28
2 368 183
2 192 355
2 791 339
2 362 821
2 636 955
2 545 468
2 681 437
2 420 110
2 554 249
2 361 486
2 418 619
2 241 805
2 507 1
2 301 946
2 899 82
2 968 246
2 462 328
2 98 364
2 123 327
2 827 970
2 967 229
2 291 614
2 326 252
2 712 64
2 789 463
2 690 688
2 195 838
2 817 566
2 403 265
2 218 177
2 851 520
2 969 154
2 636 13
2 846 321
2 571 249
2 225 66
2 889 184
2 150 439
2 882 378
2 396 136
2 311 877
2 17 487
2 366 494
2 431 824
2 717 193
2 139 177
2 293 488
2 991 985
2 576 206
2 1000 608
2 304 391
2 391 613
2 522 163
2 868 695
2 689 722
2 743 772
2 214 444
2 475 390
2 816 621
2 870 920
2 60 605
2 263 420
2 851 689
2 111 311
2 214 47
2 396 694
2 41 802
2 674 988
2 432 93
2 490 77
2 15 562
2 62 566
2 400 810
2 86 342
2 433 515
2 791 417
2 527 353
2 769 353
2 355 865
2 122 634
2 70 901
2 786 460
2 983 640
2 773 445
2 501 478
2 336 862
2 242 937
2 679 606
2 912 897
2 232 776
2 724 396
2 393 294
2 947 102
2 693 617
2 361 487
2 942 455
2 97 136
2 229 372
2 988 688
2 264 513
2 982 995
2 365 622
2 614 519
2 518 11
2 151 477
2 665 824
2 516 455
2 667 469
2 205 102
2 109 523
2 980 480
2 278 349
2 507 904
2 222 694
2 264 547
2 18 53
2 22 483
2 915 438
2 151 140
2 926 820
2 958 171
2 610 691
2 229 62
2 121 693
2 57 766
2 90 834
2 760 186
2 469 238
2 764 184
2 76 16
2 631 443
2 724 474
2 798 298
2 372 664
2 667 271
2 96 782
2 813 955
2 812 187
2 372 474
2 571 706
2 440 477
2 458 347
2 250 503
2 554 138
2 83 147
2 274 153
2 682 14
2 928 742
2 938 553
2 939 218
2 754 884
2 222 248
2 303 177
2 314 586
2 558 248
2 986 356
2 181 819
2 896 269
2 853 274
2 352 231
2 693 350
2 573 276
2 43 621
2 854 941
2 933 229
2 303 193
2 334 236
2 356 801
2 682 518
2 369 924
2 407 840
2 818 23
2 194 1000
2 46 776
2 365 977
2 76 554
2 74 50
2 92 32
2 210 249
2 42 46
2 474 435
2 40 665
2 635 559
2 702 255
2 193 488
2 436 786
2 557 564
2 194 157
2 464 182
2 811 165
2 678 590
2 82 100
2 374 492
2 974 551
2 814 164
2 92 463
2 890 630
2 725 723
2 102 355
2 872 817
2 139 364
2 420 747
2 650 637
2 119 867
2 717 125
2 898 80
2 957 198
2 913 862
2 3 482
2 88 645
2 677 686
2 511 645
2 444 369
2 770 852
2 355 620
2 580 805
2 623 786
2 918 828
2 781 891
2 625 99
2 82 547
2 3 797
2 766 408
2 960 589
2 3 364
2 280 141
2 750 459
2 798 541
2 501 569
2 308 90
2 66 419
2 181 98
2 907 595
2 403 103
2 27 471
2 87 774
2 734 773
2 539 802
2 939 80
2 840 439
2 937 322
2 67 464
2 242 35
2 233 721
2 153 166
2 82 507
2 392 388
2 522 204
2 276 864
2 14 174
2 440 521
2 93 249
2 170 899
2 867 840
2 335 806
2 463 949
2 106 352
2 441 436
2 800 278
2 205 149
2 911 927
2 726 690
2 318 903
2 328 161
2 259 161
2 818 616
2 203 724
2 355 314
2 831 538
2 898 463
2 516 730
2 543 844
2 938 528
2 171 999
2 53 211
2 213 676
2 689 876
2 517 668
2 770 708
2 368 410
2 769 423
2 623 614
2 4 145
2 813 892
2 600 399
2 873 18
2 511 553
2 846 879
2 853 366
2 389 442
2 267 179
2 553 154
2 802 466
2 196 705
2 642 11
2 844 82
2 471 376
2 264 505
2 957 392
2 293 537
2 649 584
2 578 185
2 462 348
2 943 73
2 205 723
2 555 590
2 382 949
2 998 99
2 266 706
2 616 783
2 273 238
2 389 156
2 437 718
2 614 923
2 213 487
2 731 343
2 316 211
2 919 7
2 106 834
2 325 843
2 997 149
2 223 502
2 103 424
2 467 198
2 713 760
2 966 460
2 398 471
2 878 291
2 139 547
2 10 792
2 938 900
2 456 113
2 888 767
2 255 287
2 959 342
2 350 848
2 258 920
2 122 359
2 844 279
2 639 393
2 854 231
2 929 622
2 456 47
2 951 358
2 808 359
2 4 258
2 721 281
2 364 830
2 882 809
2 376 462
2 310 767
2 200 952
2 715 929
2 290 566
2 386 148
2 431 994
2 843 396
2 837 592
2 72 527
2 157 812
2 927 57
2 314 179
2 438 50
2 970 410
2 642 615
2 837 530
2 737 114
2 208 956
2 471 844
2 208 518
2 836 717
2 621 711
2 44 609
2 641 966
2 25 294
2 557 653
2 62 647
2 339 908
2 946 998
2 587 615
2 744 840
2 228 824
2 844 992
2 846 319
2 668 120
2 273 593
2 306 885
2 952 317
2 844 315
2 667 182
2 902 933
2 40 161
2 428 772
2 188 249
2 546 735
2 469 409
2 727 659
2 90 780
2 829 210
2 967 656
2 841 185
2 581 611
2 264 22
2 979 551
2 203 431
2 164 702
2 461 340
2 269 125
2 372 161
2 89 330
2 631 326
2 816 904
2 256 766
2 359 302
2 990 863
2 660 803
2 899 216
2 507 822
2 959 273
2 442 236
2 619 393
2 850 953
2 499 350
2 156 238
2 153 470
2 760 15
2 104 762
2 446 439
2 945 148
2 276 557
2 214 917
2 391 262
2 399 973
2 276 859
2 546 674
2 942 162
2 690 392
2 155 375
2 909 443
2 372 565
2 46 359
2 671 443
2 168 149
2 454 121
2 537 71
2 259 142
2 250 946
2 555 511
2 569 205
2 548 866
2 594 506
2 895 142
2 638 71
2 916 339
2 760 718
2 32 188
2 373 35
2 749 533
2 436 704
2 366 504
2 769 422
2 48 774
2 919 584
2 522 245
2 141 596
2 756 35
2 76 51
2 488 795
2 118 538
2 727 484
2 499 929
2 284 610
2 584 555
2 631 804
2 330 758
2 290 946
2 150 409
2 18 78
2 385 924
2 133 53
2 169 801
2 664 451
2 242 923
2 251 174
2 978 176
2 121 458
2 779 929
2 539 810
2 219 481
2 851 935
2 342 319
2 88 62
2 953 811
2 836 246
2 252 519
2 79 693
2 770 841
2 101 94
2 830 493
2 516 717
2 252 83
2 153 242
2 392 702
2 172 310
2 922 453
2 36 458
2 354 572
2 770 230
2 937 450
2 602 589
2 421 218
2 252 386
2 210 166
2 797 841
2 104 672
2 351 545
2 611 731
2 392 725
2 880 826
2 639 705
2 546 382
2 898 578
2 963 984
2 799 530
2 164 761
2 900 454
2 349 722
2 651 908
2 801 884
2 665 644
2 193 374
2 344 521
2 92 432
2 973 693
2 488 973
2 814 459
2 83 342
2 305 722
2 700 414
2 88 263
2 727 161
2 730 423
2 40 601
2 931 729
2 934 39
2 79 724
2 239 754
2 104 101
2 759 569
2 38 154
2 78 1000
2 481 383
2 40 498
2 903 550
2 997 5
2 392 620
2 412 382
2 461 934
2 329 269
2 382 685
2 435 166
2 280 583
2 149 407
2 902 770
2 962 628
2 463 527
2 210 377
2 148 313
2 679 659
2 382 686
2 692 464
2 180 327
2 481 765
2 165 457
2 600 419
2 658 66
2 1000 337
2 876 453
2 372 49
2 558 604
2 88 961
2 681 562
2 667 777
2 871 742
2 664 974
2 950 893
2 779 350
2 402 96
2 595 725
2 204 863
2 785 162
2 4 798
2 168 566
2 912 362
2 34 629
2 274 404
2 716 658
2 94 985
2 67 613
2 25 935
2 17 717
2 148 405
2 112 623
2 149 728
2 511 465
2 62 612
2 516 711
2 618 808
2 724 935
2 164 423
2 921 173
2 354 847
2 425 906
2 479 583
2 654 62
2 419 7
2 625 933
2 963 511
2 372 951
2 447 647
2 643 99
2 660 120
2 444 76
2 165 184
2 199 389
2 597 493
2 95 786
2 247 936
2 355 118
2 914 907
2 194 177
2 543 198
2 590 567
2 961 702
2 383 107
2 861 343
2 991 902
2 260 400
2 755 157
2 280 491
2 163 538
2 898 502
2 845 554
2 999 940
2 883 77
2 853 507
2 479 518
2 218 917
2 98 495
2 534 728
2 698 121
2 934 512
2 616 982
2 305 386
2 444 210
2 18 99
2 826 688
2 777 520
2 293 694
2 6 637
2 587 998
2 989 617
2 787 577
2 291 21
2 570 983
2 208 524
2 284 720
2 304 146
2 129 583
2 911 147
2 81 758
2 960 234
2 418 811
2 320 788
2 382 267
2 678 586
2 926 621
2 611 505
2 442 909
2 846 617
2 304 958
2 240 182
2 106 820
2 196 735
2 953 666
2 457 876
2 994 265
2 824 329
2 979 352
2 689 870
2 469 816
2 58 437
2 623 838
2 336 352
2 819 835
2 978 957
2 629 190
2 580 609
2 296 211
2 295 94
2 506 274
2 785 66
2 103 124
2 558 637
2 284 414
2 716 105
2 556 447
2 874 7
2 901 893
2 55 941
2 573 768
2 852 955
2 353 875
2 798 524
2 860 326
2 992 119
2 573 582
2 251 808
2 463 312
2 900 798
2 565 650
2 111 764
2 799 839
2 444 846
2 766 497
2 484 772
2 115 215
2 935 349
2 322 648
2 602 330
2 856 511
2 164 3
2 257 998
2 130 108
2 882 638
2 565 180
2 442 904
2 500 256
2 536 738
2 918 79
2 354 28
2 308 262
2 746 529
2 250 467
2 219 772
2 750 113
2 469 29
2 275 418
2 213 721
2 646 261
2 764 473
2 915 917
2 314 288
2 854 193
2 734 540
2 396 833
2 516 10
2 960 910
2 712 228
2 490 829
2 714 353
2 921 542
2 351 755
2 25 614
2 956 337
2 401 561
2 204 343
2 139 388
2 322 271
2 434 844
2 515 206
2 40 764
2 731 95
2 996 14
2 661 747
2 224 348
2 667 461
2 608 203
2 586 491
2 114 480
2 942 665
2 927 203
2 300 644
2 384 702
2 71 202
2 253 890
2 432 960
2 625 881
2 88 163
2 76 471
2 208 946
2 643 138
2 384 627
2 778 812
2 368 309
2 255 586
2 92 790
2 499 730
2 804 458
2 69 364
2 457 166
2 734 741
2 301 123
2 484 762
2 606 107
2 290 463
2 534 484
2 604 838
2 883 236
2 403 478
2 114 876
2 280 722
2 118 270
2 462 18
2 943 842
2 889 120
2 56 465
2 925 210
2 167 434
2 748 299
2 514 788
2 167 968
2 245 612
2 447 491
2 374 375
2 342 859
2 496 991
2 97 99
2 318 961
2 424 666
2 970 170
2 852 506
2 482 998
2 202 277
2 185 486
2 943 184
2 481 216
2 970 840
2 578 102
2 492 714
2 899 1000
2 824 383
2 788 407
2 881 323
2 542 465
2 723 987
2 705 647
2 871 893
2 885 568
2 58 121
2 948 712
2 503 319
2 419 612
2 203 711
2 291 899
2 556 77
2 916 507
2 498 220
2 940 637
2 464 84
2 12 542
2 983 725
2 247 370
2 155 983
2 157 57
2 705 772
2 955 181
2 580 752
2 405 589
2 657 919
2 157 884
2 797 923
2 520 422
2 731 977
2 997 434
2 753 297
2 331 77
2 902 341
2 192 130
2 955 811
2 500 946
2 900 127
2 499 934
2 860 897
2 135 224
2 575 985
2 240 870
2 742 859
2 705 692
2 514 305
2 36 221
2 791 957
2 23 648
2 887 42
2 162 371
2 295 661
2 400 233
2 334 372
2 881 45
2 616 886
2 215 221
2 53 86
2 854 266
2 963 241
2 736 619
2 644 80
2 29 875
2 551 136
2 851 230
2 763 710
2 917 265
2 67 915
2 656 921
2 578 647
2 566 766
2 272 556
2 459 134
2 361 310
2 241 661
2 405 445
2 124 314
2 155 77
2 684 249
2 440 34
2 365 259
2 646 134
2 887 826
2 403 550
2 667 312
2 650 153
2 776 838
2 833 790
2 271 230
2 39 478
2 883 904
2 217 777
2 861 885
2 836 142
2 746 230
2 311 493
2 326 53
2 770 610
2 204 998
2 161 751
2 712 819
2 239 434
2 891 284
2 212 910
2 307 956
2 55 802
2 779 578
2 766 212
2 516 736
2 978 451
2 565 188
2 966 368
2 654 36
2 737 507
2 854 509
2 153 718
2 68 910
2 543 736
2 919 339
2 605 532
2 700 940
2 185 566
2 733 667
2 650 13
2 746 467
2 413 407
2 926 716
2 770 201
2 256 528
2 86 922
2 926 745
2 870 66
2 476 601
2 965 77
2 934 744
2 889 86
2 986 167
2 428 156
2 107 651
2 399 422
2 377 73
2 939 626
2 183 189
2 766 315
2 845 149
2 618 832
2 537 140
2 31 137
2 739 681
2 34 271
2 963 668
2 632 193
2 351 886
2 872 63
2 986 409
2 57 58
2 814 246
2 155 544
2 807 487
2 526 270
2 217 448
2 218 791
2 522 468
2 967 769
2 546 397
2 713 496
2 44 597
2 40 755
2 627 393
2 886 958
2 801 582
2 357 860
2 717 317
2 191 140
2 396 817
2 235 604
2 482 704
2 312 342
2 171 377
2 736 544
2 663 20
2 37 533
2 653 646
2 545 529
2 988 505
2 660 797
2 82 347
2 912 93
2 839 845
2 56 154
2 646 938
2 652 51
2 534 634
2 683 782
2 576 973
2 562 11
2 104 317
2 213 995
2 915 311
2 74 166
2 654 805
2 466 841
2 109 458
2 989 946
2 543 436
2 369 664
2 484 455
2 338 789
2 929 614
2 1000 436
2 555 792
2 209 108
2 154 538
2 950 35
2 400 188
2 865 457
2 342 717
2 499 77
2 428 351
2 293 619
2 484 302
2 290 950
2 965 134
2 913 98
2 979 30
2 351 605
2 337 783
2 775 761
2 964 166
2 968 598
2 168 232
2 525 732
2 394 636
2 854 210
2 21 327
2 371 490
2 139 353
2 419 155
2 960 843
2 811 786
2 426 520
2 192 144
2 650 849
2 450 911
2 226 598
2 865 320
2 940 179
2 556 930
2 815 122
2 375 591
2 587 919
2 375 779
2 213 773
2 726 710
2 164 964
2 799 140
2 992 545
2 565 256
2 614 197
2 321 247
2 193 407
2 305 662
2 400 91
2 468 984
2 752 688
2 978 409
2 67 43
2 639 373
2 456 537
2 955 174
2 318 477
2 913 174
2 420 722
2 116 554
2 456 596
2 576 356
2 616 991
2 44 278
2 178 342
2 702 297
2 248 16
2 228 269
2 761 270
2 27 673
2 428 973
2 892 549
2 181 703
2 217 134
2 382 315
2 853 137
2 351 691
2 110 790
2 669 276
2 481 75
2 967 788
2 563 670
2 244 790
2 612 404
2 435 879
2 721 416
2 867 860
2 290 608
2 583 317
2 29 553
2 894 824
2 21 536
2 665 166
2 872 6
2 851 773
2 98 112
2 267 368
2 781 471
2 896 909
2 580 377
2 845 410
2 226 256
2 550 182
2 370 513
2 505 485
2 335 517
2 579 722
2 950 537
2 237 784
2 394 74
2 819 688
2 571 835
2 109 745
2 942 837
2 530 98
2 14 615
2 798 439
2 444 940
2 224 140
2 889 699
2 527 156
2 177 171
2 652 203
2 142 443
2 375 679
2 57 570
2 242 959
2 712 529
2 331 23
2 787 785
2 181 356
2 844 261
2 500 562
2 318 285
2 449 786
2 457 306
2 940 61
2 661 722
2 60 181
2 944 327
2 658 792
2 572 927
2 939 708
2 887 664
2 748 613
2 492 790
2 58 216
2 859 577
2 730 63
2 199 722
2 948 382
2 773 526
2 980 82
2 253 245
2 394 997
2 155 216
2 762 947
2 940 729
2 544 477
2 806 550
2 295 772
2 236 346
2 411 356
2 877 212
2 693 876
2 538 14
2 978 317
2 827 451
2 903 547
2 203 567
2 68 430
2 76 420
2 852 495
2 205 134
2 719 408
2 375 9
2 47 799
2 194 739
2 984 306
2 894 120
2 41 49
2 887 816
2 925 247
2 836 623
2 329 603
2 912 790
2 883 70
2 219 330
2 678 874
2 224 765
2 218 14
2 86 360
2 213 543
2 106 906
2 938 880
2 467 811
2 110 910
2 750 606
2 558 108
2 810 99
2 835 345
2 43 940
2 534 58
2 97 119
2 220 715
2 367 445
2 783 889
2 723 488
2 336 761
2 389 971
2 999 404
2 715 210
2 898 590
2 684 823
2 646 85
2 942 880
2 491 50
2 814 100
2 307 3
2 54 588
2 47 376
2 851 7
2 586 699
2 226 897
2 701 538
2 429 113
2 820 511
2 129 772
2 587 659
2 469 476
2 107 263
2 17 467
2 827 597
2 313 706
2 92 343
2 253 722
2 528 460
2 584 492
2 98 614
2 443 761
2 979 842
2 894 376
2 515 505
2 835 577
2 919 930
2 631 452
2 139 522
2 861 663
2 333 127
2 387 119
2 594 573
2 969 187
2 70 555
2 269 465
2 800 643
2 930 585
2 777 487
2 856 736
2 34 161
2 374 792
2 386 640
2 907 464
2 377 834
2 946 397
2 510 39
2 145 904
2 333 928
2 368 776
2 371 146
2 508 808
2 787 976
2 875 953
2 701 629
2 642 870
2 409 349
2 436 348
2 158 585
2 608 133
2 46 725
2 942 256
2 591 285
2 91 799
2 118 860
2 40 759
2 689 410
2 319 691
2 967 210
2 984 685
2 301 825
2 942 359
2 24 967
2 806 464
2 692 858
2 563 923
2 878 829
2 843 532
2 526 391
2 610 191
2 129 183
2 221 309
2 558 112
2 589 424
2 851 55
2 594 779
2 387 968
2 452 158
2 898 109
2 247 555
2 918 175
2 526 948
2 991 312
2 142 33
2 660 267
2 605 76
2 877 430
2 408 53
2 396 250
2 281 486
2 21 590
2 859 415
2 607 341
2 218 871
2 641 357
2 175 143
2 818 112
2 983 322
2 597 647
2 770 600
2 444 157
2 822 90
2 306 134
2 280 601
2 588 352
2 674 862
2 770 604
2 210 519
2 501 342
2 256 648
2 26 222
2 701 418
2 74 964
2 382 1000
2 50 685
2 142 138
2 732 838
2 252 751
2 641 44
2 938 184
2 60 810
2 336 652
2 930 703
2 380 638
2 612 805
2 337 340
2 983 989
2 35 748
2 463 83
2 768 279
2 67 934
2 657 157
2 798 782
2 225 281
2 963 466
2 931 747
2 326 512
2 25 476
2 852 406
2 109 714
2 660 806
2 712 746
2 369 2
2 660 664
