1 1.8225456615193913
2 0.09361774248900605
3 0.4347703725188167
4 0.3177667855351972
5 9.942691013008595
6 0.055210626073445575
7 0.23552708159686725
8 0.34975423615071227
9 18.21721477190928
10 0.5143222358014503
11 50.36281191314136
12 0.008181615665374557
13 0.14704736419664832
14 0.08948139375131096
15 40.98671456111646
16 6.839981825671585
17 0.6317089457168343
18 2.5795195267816586
19 3.0989656266475127
20 0.3076864791577779
21 9.550561579811115
22 0.6175862819668084
23 0.36951168629321796
24 0.9495779675246618
25 1.0366741708487157
26 68.50023029799944
27 0.7445267969766581
28 2.4599336006797423
29 0.6481384455485695
30 0.6619210110750616
31 0.17237230059670794
32 0.1560494624298692
33 4.111915719626245
34 0.29960797269286193
35 13.830478744285434
36 0.4434142770847441
37 0.41213057703763095
38 0.12442736144113203
39 0.42927227151755737
40 0.48613159965913905
41 2.77300626812372
42 4.3352494002828745
43 42.862408828723545
44 97.85796811376474
45 2.270978059027394
46 25.834747255706677
47 1.9891825252970907
48 0.14837561520213768
49 1.9164766701930824
50 1.0017242620072955
51 0.4651154032014807
52 0.0765088501372094
53 1.009769326974102
54 0.6645232921607542
55 0.8497738959915312
56 2.1094910015517283
57 0.2685032797523309
58 0.21740353828491996
59 0.2415864754382481
60 0.558780357463565
61 1.6646049902195237
62 2.614009841160699
63 0.4402164858844149
64 0.2974323372775486
65 3.1422388554216303
66 21.656591929161117
67 0.12819887534982297
68 2.299436054049717
69 14.934258725646357
70 1.5643050200557425
71 0.7045756159192667
72 1.768415328976416
73 0.07387620716182132
74 4.435380380144946
75 0.7294506987832732
76 0.036884796105398514
77 0.11451853410832345
78 1.6360259135714108
79 4.54194829234549
80 0.5387006300689364
81 0.5125340139850887
82 0.033698479350893824
83 0.060779827953243465
84 14.467779614346172
85 3.140981736172834
86 15.806795779395433
87 0.39372207173571117
88 19.82524440382773
89 3.2785300030197386
90 1.2881082240745023
91 0.24966137554919968
92 0.2426087305496132
93 5.782843567872434
94 0.12074149639447923
95 0.19977866825780502
96 0.05028495152590914
97 2.0343761059923957
98 0.08930715758859721
99 6.655966533788554
100 0.2615684812818561
101 0.5820126007299415
102 0.6050807068335653
103 1.5619987770840456
104 1.4271282212898022
105 1.3166010397335872
106 5.131275242639499
107 0.01013561394751732
108 1.9842173325925474
109 0.3479768812107549
110 0.003945615277557008
111 21.803088549736987
112 0.8987911744262679
113 0.7609885428864449
114 4.736552230286727
115 0.8141107135323845
116 0.5143406837154721
117 0.4413815121721205
118 1.175684996049053
119 3.7758524268575
120 1.4485809616654406
121 9.668046031864218
122 2.1366454324629247
123 1.2119937902234295
124 2.7736110174102753
125 140.38331500593256
126 0.20126603648334163
127 0.10310068014871765
128 0.2464089860462532
129 3.8895222694205875
130 2.1859152610017767
131 19.259263933774537
132 0.05521472559419804
133 4.754110779261529
134 26.8502642336954
135 6.793720123341126
136 0.1241293170595991
137 0.2807999538556449
138 3.0611044943332493
139 0.03934244920365821
140 3.9732221064247595
141 0.9216396659067198
142 7.718026373239153
143 9.087388090004223
144 0.2118276579609276
145 0.9088182575061892
146 44.55883356157566
147 1.2650072950526068
148 0.42960982793102687
149 5.8238154752587725
150 0.9860623815382502
151 0.02773326504096651
152 0.14755349726466885
153 0.5276299809655105
154 1.989693736599833
155 0.901206068480217
156 0.18707711206048155
157 0.3086787548906002
158 0.2416438799993343
159 2.107071218020293
160 1.0133253354984737
161 0.8752514721076197
162 0.5781652901024439
163 1.7739777466769209
164 0.7873270836243652
165 0.43114437592069993
166 6.776566757150178
167 0.33843342835687884
168 0.24899479086326634
169 0.17991440842925377
170 0.33395608081214284
171 0.10629475282946088
172 1.8995233204366602
173 0.09899054424414667
174 2.852714057525585
175 0.03832273208956555
176 1.003564213317415
177 2.69136818142717
178 1.3518329677656677
179 0.2619063386118281
180 4.195201247004352
181 2.210437872770428
182 0.055561936317042114
183 1.304986108683502
184 4.643488537986342
185 14.636655346716148
186 0.8516282717904101
187 0.1253795574988924
188 0.097938269402829
189 135.27199801448447
190 3.982207889214223
191 0.10224303477409764
192 5.779336992194502
193 10.684129085537815
194 1.336610110381877
195 134.28817359044857
196 0.49459141069317686
197 0.7291022311572858
198 13.222499881218631
199 0.9422541007301967
200 419.1639619073744
201 1.1392581821732288
202 1.2784283271386057
203 2.3974099248250798
204 0.042643689654126356
205 1.4183382281058767
206 1.6074988681925233
207 8.74699680165235
208 1.6895125877819293
209 2.6997246213132806
210 0.11584677636102512
211 2.1245028519522413
212 3.708668807701324
213 0.8641061299739037
214 0.19406312152396718
215 1.2569205939409767
216 0.016781315958932612
217 1.6983504825630815
218 2.0141435414793394
219 2.5093083202845117
220 0.5297186081398558
221 1.8643757030201527
222 8.264897298096912
223 0.887620804902601
224 0.2269651573247033
225 2.630589530725265
226 0.8295911065890569
227 0.8701377371419703
228 1.7553524390244335
229 2.99039626208469
230 10.686031415260517
231 0.24505716040450656
232 0.7590339355890399
233 0.24840446660196083
234 19.975127428022073
235 1.4130467129050066
236 1.632284921820059
237 1.505836513488792
238 1.9016592621152313
239 0.45679179906418615
240 5.311364129700872
241 5.797096342043614
242 2.904097510549812
243 1.3877518637020716
244 15.465705386519145
245 0.42550923908529475
246 0.733678024009507
247 0.8806415573400501
248 0.47597651861456286
249 0.7780833007494714
250 1.0041387327301858
251 0.8539538557644921
252 4.95685452452741
253 4.807483137725185
254 0.9154028158307077
255 3.2361090372467975
256 2.200823746937915
257 0.055086125142450544
258 2.4882022355615354
259 0.045840627087167095
260 0.28465528803318285
261 0.024778474534862586
262 9.056072268691176
263 1.0766776861426122
264 33.1229478975091
265 0.1374805246795949
266 1.038568433295177
267 0.48714665108517063
268 0.46010799603725366
269 0.005915298676986975
270 1.6121340609606964
271 0.18734927763383694
272 8.213657697508019
273 94.37429190030524
274 0.2577729236041827
275 0.4592466318247241
276 0.9527096931648393
277 0.3772869713191915
278 0.7221462244912502
279 0.5653014498251754
280 0.09362954265153349
281 0.13727432732819206
282 9.866427612851629
283 13.99877604285526
284 0.12550554834938651
285 0.1524255221325519
286 0.1612144153091483
287 2.762440652750578
288 0.2399701680403438
289 2.420257351542384
290 61.147806414926464
291 1.0007125313670677
292 2.265203320205399
293 0.3145760244586625
294 1.1382887517100702
295 0.08666892606620394
296 0.0417479515906518
297 10.865708121992915
298 2.5738813382462564
299 0.690736706294309
300 12.67297140461375
301 1.8976743077360192
302 4.780369215304399
303 0.272298801680545
304 0.10052942086580326
305 5.307401477661681
306 1.3988083048095432
307 2.9144341805306255
308 0.26698622557053214
309 0.1855217737753361
310 3.7782031494481427
311 0.7875547104407872
312 1.7221354456017541
313 0.4133870070774941
314 9.255465436445657
315 1.399802566517638
316 0.18092269203079211
317 1.0282006050320607
318 0.054575087922796146
319 0.8276533430192756
320 2.6673433201639645
321 0.1590967835240391
322 0.27271866420037966
323 0.5580716277714348
324 0.3018344015439563
325 11.618368017430612
326 0.08710260065159815
327 1.601900193985945
328 0.9215377243378101
329 0.8127489525387142
330 4.404803204058732
331 1.1207461177302402
332 0.5536837744220923
333 1.3955038038158027
334 3.419878417630581
335 3.9981001874928053
336 2.3181063382871994
337 22.3943461139911
338 2.0583535610538872
339 0.7219186992134676
340 1.3383402273578848
341 0.15369831544976487
342 0.3561844120766554
343 0.9674504611737147
344 0.26527200327369715
345 14.79182883203353
346 0.025390258843887105
347 0.9783534455597077
348 1.0049441971362327
349 3.288482049070286
350 342.34813790331407
351 14.821769120185104
352 113.84451732209548
353 1.6310397230336098
354 17.40509546361536
355 0.04427757641272441
356 1.130268138762523
357 9.735725772768491
358 13.859934507122205
359 2.87234291961933
360 0.12756724242854964
361 10.03662652142701
362 0.6913350880779162
363 0.24710815638696276
364 1.3031222076767668
365 0.8461326026205068
366 5.201535179932111
367 2.138775139673351
368 2.636072531398279
369 1.3860655067604375
370 0.3858334724127013
371 0.4892716460257176
372 0.5580934588658215
373 0.1571054894788985
374 0.013526927468323438
375 0.6574978293067532
376 0.1372081452032459
377 0.785197333546858
378 0.551745758387982
379 0.15498930655363252
380 99.10102267967281
381 0.12977378289758768
382 84.29880280391723
383 0.011733685625890297
384 0.042588835244849264
385 0.5591815256227831
386 1.1549471327393301
387 0.1018371035646565
388 1.7376625701410582
389 0.061544228318815175
390 2.9176691046976675
391 1.9262119586915538
392 0.5291390335820666
393 0.051927038921118315
394 3.470303063884989
395 8.87490880077674
396 0.4889755689555965
397 1.133761158415556
398 0.8132077198538319
399 2.8095842058274063
400 0.8049175148694183
401 0.17021961705506364
402 4.440323695505538
403 0.4208403279256064
404 0.000632275776821221
405 1.0599323932899587
406 2.2315383560873756
407 0.4320206806615638
408 0.26852170418246807
409 2.1741422236464194
410 1.8926699093342498
411 3.501362988645113
412 0.2332907391742201
413 6.859315228035005
414 0.1270359701172558
415 0.20756273803465314
416 11.109942427843922
417 0.2761541528910506
418 13.422627218672922
419 0.9355957306043916
420 7.298377097016486
421 1.4924679430574848
422 1.2383022757616398
423 2.756858458610618
424 0.9973998312601559
425 0.9831016331057428
426 3.9320611496517532
427 6.315657814719041
428 0.2445732728860237
429 0.6247226704353098
430 0.5058707235838641
431 0.036197796208728775
432 1.0290681750210702
433 2.3912899487466506
434 0.09837854300488573
435 0.35417331078629655
436 0.3478544414848663
437 35.53094785047925
438 3.6511176047150142
439 0.4524852328763249
440 1.9694547271068759
441 0.8277714588665508
442 3.0856746049074277
443 0.944501015679231
444 84.1395617330625
445 248.58161456878253
446 289.6305977104507
447 1.3375942313617635
448 20.58706478487589
449 0.016496146496335046
450 0.0576106758617022
451 0.8139374266173627
452 31.296169276446488
453 0.07252518677899941
454 4.255516734772722
455 0.0818804543691112
456 0.3604493827182155
457 12.632778375602877
458 1.696838564490427
459 1.1186076314621254
460 1.6155614659851993
461 0.44627988729871115
462 1.0037798988081614
463 3.9802927061312467
464 1.9578120461486237
465 1.8791825760897813
466 0.5478958140166159
467 0.28595577431025776
468 0.10335514427358848
469 0.14819541951358592
470 0.10472190031673392
471 3.554817481874237
472 0.2619307822464074
473 1.010532536489668
474 2.4305073646147077
475 1.0711230832477945
476 26.352701855845204
477 0.6395669154899313
478 0.6452851698707837
479 0.7577301003862578
480 3.588582523230227
481 1.6558148805416004
482 0.13579479008494694
483 1.5963611090728127
484 6.832395100340369
485 2.2451137684312275
486 3.236940380738688
487 0.03514146193734285
488 1.645161145804299
489 6.759845224540325
490 0.3338366463287258
491 2.5488632192568828
492 1.872092810572876
493 1.325895658394273
494 68.8017733383105
495 2.7124588869361297
496 0.09601618325367513
497 0.01833692377911008
498 0.7214948033601903
499 0.7139616522785632
500 0.49331826713598675
501 15.077555691896627
502 0.7534494345880279
503 0.2521572017995352
504 0.061478391675358554
505 0.18600697119127926
506 1.855158510038426
507 0.0072810871857855956
508 0.3317611905367497
509 2.6144163037993517
510 0.6012021809681807
511 0.20109164181461509
512 2.5842357067596025
513 0.3578855927157086
514 0.14247668034833763
515 2.4108630831492968
516 1.0779227239235802
517 4.5719041987262194
518 0.48771570178202117
519 8.44417527888528
520 0.11449860251019095
521 0.3006890368187963
522 0.9902396926991692
523 0.027070114118878778
524 1.8462653485321312
525 0.5977052713329939
526 8.071491162296912
527 5.604266696714419
528 0.0033849037317684625
529 0.7891393322501983
530 3.192490445193583
531 0.8816641631277282
532 1.0414192741259687
533 0.8422571113617181
534 0.14026789169116294
535 3.354298333503896
536 0.06154740366781135
537 0.421474949800435
538 2.3896748463739077
539 2.3142964303828775
540 2.0056704517162243
541 0.11003790345452101
542 0.3101993836259523
543 29.379431852594475
544 0.5802316356426692
545 2.918796021966903
546 0.021190697501147947
547 0.026734396280402514
548 0.03860797325774027
549 1.9129716667331462
550 0.08153372097256183
551 0.8550260068863438
552 30.847789388808344
553 1.5808493858963226
554 4.866774678901093
555 0.2353849359845879
556 1.1829952710828826
557 0.17968505902815957
558 42.68970741283344
559 3.5718272310310244
560 0.9299628841409324
561 4.976707947887744
562 0.3467083261245121
563 0.15807345489677632
564 0.8334624677924829
565 11.139327609028948
566 1.0270500374082503
567 0.46097499485639426
568 0.30959406224452996
569 1.122450632000764
570 0.19978140302128705
571 3.6816858537453183
572 0.5532416167948667
573 2.3815548748923208
574 0.20495871885700162
575 0.19956893587582675
576 25.453742808677134
577 5.88515262932156
578 0.2657817391875456
579 1.2641170108457465
580 1.3452882067718033
581 13.245282419908312
582 313.576294747767
583 0.9232304934563962
584 0.669405181619443
585 7.503822794359855
586 0.10528215876348568
587 1.2615500519045701
588 0.528437182586711
589 2.9841588482127017
590 0.1539983792681609
591 9.015454079491228
592 0.2971497717442581
593 1.1114268395800444
594 0.1038414316993336
595 21.885889339931367
596 1.081486190989947
597 1.961754326350932
598 0.009226433894483544
599 0.36204753089379665
600 0.3431497534666408
601 0.18518456782320078
602 0.6871075797287056
603 0.18694233917809877
604 0.5876729748452252
605 0.2569862060132466
606 2.6319780604531484
607 4.1080802820823825
608 0.7618193810706537
609 0.9530064724574783
610 0.23257400550745916
611 0.041752648509664876
612 0.3715356311544822
613 0.27395164913967057
614 0.5930600156907867
615 0.2126544106044858
616 0.64500861564859
617 0.07258668703949396
618 0.5009833514034101
619 0.330323253828479
620 22.35957665583501
621 29.7162000775707
622 2.112469564758091
623 3.2626180828027698
624 1.8444776871604995
625 12.158482184871433
626 0.21493889071147834
627 6.4176985259029005
628 0.07562906842199102
629 0.06441366346191102
630 2.46051311368942
631 1.1867414832254273
632 0.17347821934211277
633 4.086465810415215
634 0.26378585612110567
635 0.8853320411234935
636 0.9412655756759503
637 1.39196268628501
638 3.2973597172704587
639 15.79333560117118
640 8.476843438368128
641 1.3477560676781044
642 34.86327490936538
643 1.2066962134956138
644 0.3818478888108575
645 3.427811942742207
646 8.042782403728832
647 0.05229213900907644
648 1.7749067125669375
649 1.7973132481149068
650 3.8253364054467185
651 0.03399849556700166
652 1.517112571299704
653 0.33961499107119547
654 1.2562063572125106
655 0.6944300965724984
656 1.0773872741681776
657 1.1373845211024298
658 8.299070725829129
659 0.2857131086493796
660 8.695679671842734
661 0.6329872953592155
662 0.30314292683362865
663 0.296592652241555
664 1.2952377302284104
665 1.4131960207203615
666 0.8732984511996171
667 0.43746247978636676
668 2.696667015899482
669 0.27061828601649046
670 0.005934069094278236
671 4.211485759550154
672 0.16968956489797615
673 0.2189634902242903
674 0.15273230255596348
675 7.802988016474474
676 6.751488314939418
677 0.08854422071741286
678 1.333452474576882
679 0.9150349973953035
680 0.25993929116632003
681 2.673692354724089
682 0.6141110242271374
683 0.12442789629187725
684 0.9766490502490857
685 0.35190805705452793
686 0.28563188099637227
687 0.36911277473515297
688 0.364714768001515
689 0.0275924808239716
690 0.24479142522752328
691 0.5462345623079685
692 0.4439250121208037
693 0.23587540287583342
694 6.446332514035585
695 0.13924222151609722
696 9.51182335418462
697 0.6179086851447521
698 0.38611071379981265
699 0.03305849999875474
700 0.3358036308620789
701 1.926870917614414
702 5.6499758653556365
703 0.49978814340144107
704 0.5237656071898712
705 1.6327018843424166
706 0.1391073512707624
707 2.9039324687129398
708 2.182428793766355
709 1.362343915242283
710 0.3755643361326856
711 1.8740132001254974
712 1.9273820666696457
713 8.109043614206957
714 2.077748881525139
715 3.601361837594824
716 0.4038989591476311
717 2.8961805946150165
718 1.7238359962982175
719 0.11199042416619319
720 0.01204530397508447
721 0.4234727336257243
722 16.59879585582539
723 0.025236168860524738
724 1.8395499794806844
725 0.2261092483166421
726 2.25490733626956
727 1.8262564104031562
728 0.41203102920550694
729 2.3230770194590185
730 0.7818597222893728
731 1.368944353731744
732 5.3337575169036295
733 0.05639794961915991
734 0.1088896807198395
735 0.2725560445325609
736 1.2520825083113174
737 3.0389640846879464
738 0.9234217340889369
739 0.7408899810589001
740 0.1986582922390667
741 1.6799675082719918
742 19.173612217918127
743 10.023159555239227
744 0.6846310278122545
745 3.109416197564301
746 55.728786740406406
747 0.4789884206680847
748 4.497407731082651
749 9.585480078332926
750 0.3958630074408425
751 0.3434092250396786
752 0.27014558286602536
753 16.124724036631665
754 0.001091450190741395
755 0.4741432528635381
756 1.105068789699054
757 0.1829195151524094
758 0.33436519846152485
759 1.1138781289498156
760 0.23453829311068425
761 0.23417374233360017
762 5.282479901987399
763 0.07348938799000557
764 1.9806309035815806
765 0.8412159185141672
766 4.102154941094526
767 0.22581078869586188
768 549.8097493494128
769 0.8541758307535666
770 29.428468652284938
771 0.6789691713186312
772 5.22407449942968
773 2.3345293496740696
774 1.8859035688178853
775 1.7597261125737704
776 7.232876751665596
777 0.21903444713064127
778 0.1428706159529998
779 0.525600959401654
780 2.834982318588745
781 0.39147451080135176
782 1.0210789298460656
783 0.8912511272385981
784 0.724474011760457
785 3.782268309217241
786 0.22981057655211126
787 0.559955086889341
788 0.20016720509193792
789 1.757402606657904
790 0.18047156114703575
791 0.7361594283795
792 9.752969659998646
793 0.6642113158656889
794 14.840868024689293
795 0.9072627813291264
796 4.950932415541456
797 4.957022495733979
798 2.1560159053104475
799 0.29390450679685176
800 0.6428408958314998
801 0.43836370765380905
802 3.252928917881118
803 124.4450916313639
804 1.4512416694493349
805 7.345476735021851
806 0.3590090900244414
807 5.510609102600789
808 2.143027935799748
809 6.3243393797749565
810 2.211754459746783
811 0.15736782994523843
812 0.06528275147872138
813 0.12467808403422026
814 2.095224968839797
815 0.5033443998239954
816 17.00357321618831
817 8.601912740428379
818 0.17079632084735513
819 0.05788568181970551
820 0.1173663997258965
821 0.013918823037460518
822 1.1376740063543676
823 5.729677625048484
824 2.993329250511076
825 10.296967309464907
826 0.35452171293186485
827 5.077067472531256
828 0.4838217931091954
829 0.1536717716690655
830 1.4204154980842398
831 6.338514094211933
832 0.33852166652610255
833 1.5661816480503676
834 0.21839564693621505
835 0.0830236830627369
836 30.75410779264394
837 1.540424582952892
838 0.5918666113318598
839 0.07878793815498057
840 2.584126881140567
841 5.445366201407684
842 0.3186914000035134
843 0.24975731913368696
844 0.5805550523578241
845 2.2958791153250915
846 0.16968449286523246
847 4.348852261144412
848 1.939478787015512
849 2.2951439512510783
850 4.076642307817137
851 1.6458782181175615
852 1.810671068846097
853 1.0239563742230606
854 0.7056836605793589
855 0.11068413602770542
856 3.7983874368261517
857 1.0917307866478838
858 8.835883891971482
859 5.6534593108924245
860 0.39266761348503143
861 5.700988236326296
862 8.398866747138388
863 1.4209648869125255
864 6.90168756729257
865 0.6316390931956749
866 0.08079043336301217
867 5.752602139962137
868 0.6096948853785688
869 0.07353870016628901
870 0.33848066231504964
871 12.69888425596784
872 1.6167935262862159
873 0.3832856657174283
874 0.929471821080467
875 13.782744004797843
876 0.0819213404888893
877 2.231834091465084
878 0.04038192320966547
879 0.3604011067228405
880 0.5802356191149693
881 0.3839104507853527
882 0.5188780189556272
883 0.42836305453405094
884 1.8003774553491634
885 0.029210428888216525
886 2.2322234607965417
887 0.6712114929290074
888 49.984999566256505
889 0.30907617889847583
890 4.568248373983256
891 0.9933243907875404
892 0.054225466333563684
893 0.7377861605508546
894 2.27098863983954
895 1.9947474615720482
896 2.098632096503635
897 4.5236032995042965
898 3.0699954094939588
899 1.0577742802720838
900 0.31214136081483884
901 6.075495610165498
902 0.10898188259265285
903 0.9950587660455756
904 0.19286120400062465
905 0.30889603296370244
906 2.2426935323120043
907 0.30069218068378223
908 2.5749156947508243
909 2.4973908422300553
910 9.78914007950305
911 0.0793295679262959
912 0.7025363179968068
913 0.04628862626346261
914 0.1107794504871489
915 0.33387645147104295
916 29.40515379409355
917 0.7008164615505604
918 0.02493888492755911
919 1.9705891657921262
920 41.723494181281076
921 0.6184886040864604
922 7.427126619596058
923 0.20165263131072683
924 6.910989792148702
925 0.3443733602331619
926 1.1977669939571214
927 0.14985382795632413
928 4.675187581162921
929 0.8779554864064956
930 1.0114563998609063
931 3.17040005227127
932 2.7622640464383643
933 141.6410947499494
934 5.7876345123986415
935 0.39889021256972784
936 1.0041648834754522
937 1.0493784453924517
938 67.34168924055777
939 3.072845561786228
940 5.733890630909076
941 3.1341331163409656
942 0.6044075620722522
943 0.20144176998126842
944 1.1660372998882287
945 0.2174178699269578
946 0.5188493953712224
947 3.2950652188759855
948 2.715100624484861
949 1.3585790065135996
950 0.5326912143235174
951 2.479248971970708
952 2.1188962134640317
953 0.7264905525239962
954 7.933796021750737
955 0.042124817056880225
956 0.05602065304013782
957 0.8314754241213336
958 0.2797191586290841
959 72.58183285761947
960 1.202757232864768
961 0.5153214619698127
962 0.1012349889745126
963 0.24085533892997377
964 0.9488504824544667
965 1.2083774594081076
966 0.7328882620315145
967 1.1853763447250187
968 0.1756791053530815
969 0.4000574650325809
970 3.3961273032899695
971 3.898985904419481
972 0.745612757028674
973 26.733277811406676
974 0.03361762134673671
975 10.82464486246245
976 1.8671954502809551
977 1.0457572817575147
978 2.354529402441938
979 2.3736866235627367
980 1.4529039412924225
981 0.36295960627097656
982 1.3357277884624248
983 2.969741729607001
984 0.09253985161920751
985 0.7033252955434012
986 0.26278552417900347
987 2.146930370407698
988 1.0824406524601093
989 0.10964788037004992
990 1.149735436146891
991 1.3569178676469797
992 35.86646721335677
993 10.20262685187512
994 15.04904937307348
995 16.69254611690309
996 0.07004884589436619
997 1.8926110137693908
998 0.7876482317176869
999 1.9636208129890087
1000 3.5440100580138982
