1 24.00170329782363
2 0.8445269728043732
3 0.039262916557043476
4 0.09592680131272122
5 0.006022366509208654
6 0.4592295852054176
7 0.020851695809520166
8 0.6891963631826472
9 0.49132695007121685
10 0.6520740530513928
11 1.1344674363867115
12 5.06786206971829
13 0.39827202282576185
14 14.36828227674064
15 1.1558712350865552
16 3.930353005405471
17 0.3616039609557243
18 0.0010624733605809045
19 0.6862327744379784
20 0.8820042703769148
21 0.3140293276797276
22 8.133066817866275
23 0.026962004878028183
24 0.04074896581192446
25 3.1732133152269837
26 7.6507211511847375
27 4.383309890614117
28 0.021482340393995273
29 15.180658246570705
30 0.9805895949228847
31 0.510573760732664
32 0.20542960684295108
33 0.32366845975560476
34 1.1736822113616858
35 0.16107627599494342
36 0.6511623746226338
37 1.7421424153125626
38 0.8107577215489498
39 0.35848841128972375
40 1.5244688951158862
41 1.1465164389554672
42 0.8677685269695224
43 2.926507724791229
44 0.3831931946882805
45 0.5512719796306104
46 0.5067747808848343
47 0.4012538437015879
48 0.31739427704372847
49 6.836898248454748
50 7.868855129684267
51 24.470715388765864
52 0.8577108991354901
53 0.8826784081243265
54 0.007226725346566431
55 0.903165361352895
56 0.29592906201938873
57 1.4019507327438023
58 0.029765263722847213
59 8.7208875428683
60 45.153273224457685
61 3.395359795187909
62 2.517152228419605
63 0.3385043158034036
64 20.249231693177943
65 0.14750972252228883
66 0.16195488846935202
67 1.8831174407310494
68 0.14982468267333773
69 3.55264184575836
70 0.2116192586241392
71 5.1466789908518935
72 4.961177383631022
73 0.4621762424002668
74 19.598104712589855
75 184.02306800008756
76 1.6375147891136301
77 0.9385085100265517
78 27.739215233619934
79 9.231689923785696
80 1.614299298604596
81 0.03309530281382274
82 1.3195693249486795
83 5.484901973469808
84 0.1262380372972782
85 0.43322809839224535
86 0.42596979121463857
87 0.7926051536647534
88 2.3234531268176344
89 0.23866734216198154
90 0.18504726587479292
91 5.068845357420519
92 0.26963506447438046
93 0.18442969892497463
94 2.014728750845029
95 37.95590625262306
96 0.00019782964121917512
97 0.22029972488233665
98 1.33726593714282
99 2.957075856515324
100 0.832559335038149
101 5.346962540665253
102 0.15786772665919274
103 1.2158028760373742
104 0.09509080304063279
105 0.23812315940948933
106 0.2053418942002214
107 0.13664602592093478
108 34.83998945798952
109 0.48083930291044974
110 0.8182056710223904
111 0.011802218730541793
112 0.849978485750843
113 0.39484237505681163
114 2.5304185513268544
115 1.7995577240718315
116 0.7002311410098927
117 6.33461880819295
118 0.29519137978985227
119 3.406398206708238
120 0.6206863530675386
121 0.43192783194469153
122 0.283960515787635
123 3.192127714081476
124 5.198724670151725
125 0.2696083629870815
126 0.0027537392430725216
127 49.40224976757939
128 1.6592264964899381
129 41.749897204914284
130 0.15915565423735215
131 0.5484114281019619
132 0.11148008532750468
133 0.7951701579380401
134 0.07451506499823185
135 0.3049447147070094
136 0.12752238050291256
137 7.5783696450657265
138 0.3807576718949616
139 1.3310783206220493
140 0.4068597807169147
141 1.4513630191459062
142 9.755583474272406
143 2.7988320128963595
144 1.0962159091910006
145 6.6416957273341914
146 0.2605609477503975
147 0.4834666765348642
148 4.003166170298535
149 0.24805123947240423
150 0.21968338918987373
151 0.444030310751343
152 8.08527779351264
153 0.8326622918887499
154 0.08013870039277164
155 0.48288020840035234
156 25.30517855148945
157 0.6689698802163213
158 5.498364225924435
159 0.549716773288088
160 2.5728982018332944
161 0.14406511936644179
162 1.2304858554510871
163 6.1174417398397525
164 1.5758251725065688
165 0.09327354795132413
166 0.39877943574510183
167 0.16699757613374464
168 1.7008763509003622
169 9.56882880720876
170 3.019292902118667
171 10.847135575370269
172 2.823296352225796
173 1.8951278359680725
174 4.007022766369186
175 0.7772576549286523
176 0.10240179829804552
177 1.4164125038206496
178 2.7710486118868216
179 0.3277652146146579
180 0.8249912405002215
181 0.2684336937079418
182 0.9383998933878386
183 0.8052952471161567
184 0.9447799087148172
185 0.7299244862139196
186 1.5813235056171244
187 0.7115473987565896
188 0.4790970064189097
189 0.07957843418391397
190 1.366717316390059
191 0.33924617499454585
192 8.705631996121715
193 1.0718293985567329
194 0.1130717769471027
195 2.5798515640745583
196 0.8344626342952435
197 0.392160414357555
198 0.27173088685259317
199 0.7682124562519664
200 5.464389322911772
201 10.486794911911982
202 0.4557730813130715
203 1.280594113008915
204 0.10785385973293794
205 1.5149384438473539
206 0.01205809672686167
207 11.640147551747424
208 0.5084098287832828
209 0.414871249383665
210 2.291148684011582
211 1.855108235321522
212 1.3265456912319449
213 2.200091881914531
214 0.1876095971243437
215 0.446526574829558
216 18.65701935477914
217 2.3458777280778214
218 0.18536275505715583
219 33.51729968694465
220 1.3032610099875124
221 1.7239748450992136
222 7.292486931178477
223 0.8404561366881257
224 5.58717255636489
225 1.4615112784664936
226 0.17352278884084255
227 0.04334679580704429
228 0.163449807677945
229 1.483482851561974
230 1.2684031352981013
231 1.0104588813033921
232 0.6261527629305782
233 0.4604585371472264
234 0.9367626668366996
235 3.386390174597123
236 0.25310093295219277
237 1.0009121064872557
238 0.2665363256706129
239 1.427295766220437
240 0.35971838093976344
241 0.8356353835447609
242 1.7226220848221128
243 0.05721040121274891
244 0.5515474939571456
245 0.6454119681933036
246 4.574367643281344
247 0.16081901044078703
248 0.15443396011656751
249 31.650115635757537
250 13.516549224326296
251 3.9919528122015224
252 0.8198068227148936
253 2.390896027783263
254 0.2976555784491547
255 6.678770138214137
256 0.7102474983017872
257 2.7050828881960007
258 1.1781622766707371
259 0.46274433950831445
260 4.138018805949277
261 0.22388444676241243
262 0.32858291535927087
263 0.9613276095895126
264 5.18133923192522
265 0.6046887652214135
266 1.4686611114085553
267 1.6463131907577133
268 10.35036141068416
269 0.3606482201380423
270 0.5884793236536925
271 1.0234613773564576
272 0.3404427324352818
273 0.2720664973035988
274 0.2748709704645545
275 1.2088742889986552
276 1.5274893239443907
277 1.5575726962823488
278 0.3860453465002905
279 6.918798459707456
280 0.08454666228543817
281 5.23938455553887
282 0.7303041190859244
283 32.0888349025656
284 4.0400043495925395
285 4.18072281932311
286 0.8528843821471768
287 2.397209070279333
288 0.7325286150286953
289 9.837619853235791
290 1.724579741554132
291 1.6854903792727354
292 1.3488741623941591
293 0.39060155583035555
294 0.10969274356583116
295 5.032091615215911
296 1.5799520644539886
297 0.03898501782726294
298 6.546995966716962
299 2.175938621240773
300 72.01747889702695
301 0.18240414799489174
302 0.6141686788893352
303 1.9767142609500965
304 0.247907436717118
305 2.6988871624704664
306 0.520759924076905
307 2.683027636272456
308 0.49933583550144195
309 0.9920405647178858
310 3.347643816266583
311 3.3965892540610727
312 0.790958083635889
313 0.28059261085367604
314 0.5002440753510125
315 0.8099381733757649
316 1.0255441379997976
317 2.164434459243028
318 0.8029349275350968
319 1.8059738272721444
320 4.216480320322242
321 1.0042359191783592
322 0.24487203628072465
323 3.3017398936551663
324 5.3278804974949265
325 3.4855926355656806
326 2.190681441246253
327 0.522526845348507
328 0.3501326460305687
329 2.0928791049208266
330 0.953280334400191
331 0.21529328865176364
332 7.4431692063163775
333 86.9141307196144
334 2.303351044827842
335 0.41936860253573977
336 0.5737277825686136
337 0.3223777520404698
338 0.49339771389916004
339 0.42131724418549765
340 3.304892632525337
341 1.3614967017263577
342 0.18760909223580507
343 3.4094378888976737
344 1.4147676252128192
345 81.08436274107525
346 0.2647327347415981
347 0.7570219620184448
348 0.20592534805369386
349 0.5027231926636272
350 1.675193294143695
351 1.1106278766651578
352 1.0968884506874743
353 0.028851161277353442
354 1.4038833483382924
355 8.302086644515901
356 0.9596371038969416
357 1.5420266932893951
358 10.749644934781568
359 37.3274125868945
360 3.130947342518813
361 1.1176632896703218
362 0.11371942218986299
363 5.468335967922224
364 6.068185517124019
365 0.5465128425840583
366 4.826325274560477
367 5.798905081504205
368 0.9855017553225807
369 1.425988169660269
370 0.27314870219611104
371 449.27055204193334
372 1.2410222111331775
373 2.1040518209617973
374 0.5270653188498059
375 0.01505578020858821
376 0.9468901171115366
377 1.8227482583216692
378 1.0139458973947204
379 0.8112467466947326
380 0.7473035460357831
381 8.6022126431406
382 1.0162665365648724
383 2.1058835624492054
384 11.109004616871573
385 0.9279495529677046
386 0.9576000301719786
387 6.005561036043388
388 0.17823359165274053
389 1.5443648187275416
390 5.159230724505597
391 3.196736864429238
392 282.42876140092807
393 4.659100531533877
394 13.720940776906017
395 0.07953547717171233
396 8.810286223358881
397 0.9641636397928667
398 0.6933171809574863
399 0.6085993497600513
400 0.2119897115049974
401 70.38358541911911
402 2.1166802347892597
403 193.92832957914217
404 0.9955326309657391
405 0.1167950332089292
406 0.7331739887630805
407 1.991655946656798
408 1.341300282965291
409 0.07998231194605245
410 0.8368047778384137
411 8.014638033194919
412 3.0155833163614685
413 0.07124514488558738
414 1.5900146226276122
415 3.0157171992625145
416 0.0341907637482506
417 0.25386735436217206
418 4.091749686281235
419 3.7600502862425085
420 0.09346966845861429
421 0.7416935170778337
422 0.42056476510084506
423 0.1930448159238412
424 9.443422975183585
425 0.8619641633513904
426 2.2990161004841934
427 0.8570757744372727
428 12.09961616833426
429 0.8660274814918302
430 0.7375526504160993
431 1.0115622438181544
432 59.06719140404633
433 0.6259209333143217
434 1.7773799392523633
435 4.990325807077758
436 8.606063272994565
437 0.4881603473205365
438 0.05875346039085754
439 0.6693087419198984
440 0.2776490807958033
441 0.08518034263217636
442 0.11629209980679704
443 1.0617593696389171
444 5.488457015006823
445 0.004507061070552078
446 0.0722110705459333
447 2.779323174323381
448 0.1529377321644732
449 0.4135148646370751
450 2.2493067796687725
451 0.09062359248816848
452 13.938297860833382
453 0.35075513259182345
454 0.300346289811147
455 1.0953210775495485
456 4.224761415853648
457 0.389777135454998
458 0.24637845766387345
459 0.0885289843397628
460 7.197246574880882
461 10.776304250749359
462 7.48063788978236
463 0.6505111424687819
464 0.3517373208234514
465 1.3014873770875552
466 6.656037590307643
467 0.8678851938979498
468 4.208607657746038
469 2.798182757033383
470 1.8392514501838801
471 1.2130616406239323
472 0.027423707593877873
473 1.1072239381011044
474 0.10087961696231627
475 3.613821729159119
476 2.872475391884105
477 6.051805395903892
478 0.008684371306428027
479 0.4845828063715027
480 18.156938850277754
481 0.37007211568879206
482 37.706916686536154
483 0.1894572418658001
484 3.994482664948072
485 3.6522004358302347
486 0.13618536778736665
487 0.38308561882766506
488 0.26433367106556416
489 3.660927589343187
490 13.96429769567633
491 0.4457708138118251
492 4.834048085601209
493 0.5965399350689295
494 5.625577950107033
495 0.5079434342563921
496 0.19757259754055922
497 1.0949660055558292
498 129.36267850828725
499 5.854043462011326
500 2.4803257878554357
501 0.056104241942092715
502 9.446693164100012
503 0.31177230203238987
504 33.76093031381914
505 28.145872419631328
506 0.41123447068603314
507 3.5264661614727286
508 0.7705040976671303
509 0.580076768546297
510 0.41095726039734953
511 0.558358739730962
512 0.3063007561461098
513 3.054479081305566
514 1.5348879245226905
515 1.5671721184108522
516 2.9938112319733414
517 14.39984877581672
518 4.614619224527599
519 0.9935162945413647
520 0.4948656950537197
521 2.9535449287768993
522 0.07524733534666095
523 0.08688684907906379
524 0.252099908183079
525 14.086031011330322
526 1.087998994591697
527 0.12747550996693416
528 0.7595147243537324
529 0.1727366800290904
530 0.516135068860432
531 19.023968830572837
532 1.3279340652006624
533 0.3364130278505413
534 0.5080828962724944
535 6.1270374843984206
536 1.1870701869010096
537 0.47761594443268934
538 9.995467818222027
539 1.015307051742305
540 1.9878758686546094
541 2.4553232430206813
542 4.532119358106951
543 0.18552793871535744
544 2.730773378519945
545 0.15214932009414994
546 6.36993664383746
547 50.30888559749831
548 19.43530832827157
549 1.4642252957171038
550 5.49882931503456
551 1.0710996289077972
552 0.6656395672056217
553 0.0908912155261367
554 54.66555538405931
555 1.199807872927698
556 0.18643699922729173
557 0.6903730329258981
558 0.028059549295849768
559 80.09134112587655
560 2.251915222136326
561 0.1515577753059888
562 0.6184660405869373
563 2.3173121470182045
564 16.55417682722408
565 128.45067845121986
566 0.8227550901089695
567 0.33365946191120627
568 1.0795730328915796
569 0.7584359860882514
570 1.5364465255779884
571 1.4079336500829733
572 0.37001356864677537
573 0.1263443546652255
574 0.6979639030966924
575 0.3891588160482388
576 2.778704189408438
577 2.4670623113631764
578 0.1525849113771062
579 0.09020249074304679
580 1.5141424372475998
581 1.7869710825988905
582 0.5822093069105929
583 3.198700756127517
584 34.49321180514054
585 0.0009892033781976543
586 1.5345542550983429
587 1.742275553419386
588 2.2207302876111026
589 0.056496236009853346
590 0.05121580129792373
591 0.1431804511277939
592 1.313726233653032
593 12.917003258327153
594 32.13482667023379
595 0.4370838902295132
596 0.04253754359416011
597 7.115223556165267
598 4.064383537234349
599 0.20429828932089364
600 0.5967964899243795
601 1.1445409478862925
602 0.3040945248760765
603 5.326429676693997
604 1.1736599721377148
605 49.09099536836791
606 1.2775136706973975
607 7.916858277476857
608 0.7692563192710494
609 0.11284932824786678
610 1.5151490537585588
611 1.5840676109668357
612 0.24099819102571832
613 0.012305206646976227
614 0.88015032916043
615 1.5946633637655607
616 0.34029703922089993
617 0.10755877732956189
618 0.10991231705547577
619 2.199717262128812
620 1.9640881484805712
621 0.10164410184099922
622 0.6360311357057491
623 46.916459711840226
624 1.4440491197544754
625 0.015192987116243712
626 0.4077878098883381
627 6.162913317834574
628 0.7552631339504499
629 5.92238011798404
630 34.053059876258914
631 0.01612654828050393
632 0.8706762090920589
633 0.4503919879653851
634 1.4135975343791733
635 0.03322276566866793
636 0.04825955923698081
637 1.221555377789335
638 0.8515183770575502
639 1.4625083901291254
640 2.6746995438676646
641 0.35505974674374335
642 1.5779155794005024
643 3.585978220245831
644 1.3856501977915914
645 0.2647382254586804
646 1.9796850965545505
647 0.11942373367643079
648 3.162995946095732
649 2.5040837463620984
650 2.0910128865712503
651 0.3432460352470916
652 0.7052934044063176
653 4.041075144550534
654 0.11757058684756685
655 10.006164596206393
656 0.02315372499746076
657 0.6445975365055246
658 0.7071223161153258
659 0.1862788599190157
660 1.9874825032177539
661 0.743821792305865
662 0.020693947278796372
663 1.0243622773752905
664 0.5294993273351909
665 10.897994662517679
666 15.45093377628395
667 1.291829501226676
668 1.0481453555849696
669 3.093102474466574
670 2.641338394460613
671 0.603166088173126
672 0.6180425536291909
673 0.3790736025346085
674 0.09786913300452907
675 0.9887011179329682
676 0.612649276257428
677 0.2202424878738592
678 3.820009814232794
679 6.623520923005684
680 4.569933677220597
681 0.3792174503826801
682 2.5992874022189865
683 1.3605238683565815
684 5.487189958215979
685 7.713743478061436
686 5.6603919714120465
687 0.30959442832683487
688 0.21194925161356287
689 0.08250481472254809
690 0.10871681491790242
691 1.2375844255760058
692 0.32728431127723046
693 1.4777937867105722
694 0.5854780427126407
695 0.2589640480634665
696 0.024581715285815958
697 0.7064379285440318
698 0.09301725135285838
699 0.908455347188334
700 3.54895229542164
701 0.944795778703709
702 8.909938533215993
703 69.62579747961877
704 0.44055732358121086
705 2.9488008530819627
706 2.6769494610588573
707 0.5703794453347769
708 4.120045776661663
709 0.34532238671648485
710 3.393829827333661
711 0.021855541646809293
712 0.6073813057007639
713 8.8212551855941
714 3.0285343862961813
715 0.47481109429408624
716 8.249911121198245
717 8.183067378191732
718 1.3795293242382085
719 5.661255703401663
720 1.4185244764408156
721 5.339010563664707
722 7.282957300673687
723 1.564485304853781
724 3.539644504242304
725 0.07777363322252374
726 0.7633692488881171
727 0.29616399241092056
728 0.886575708557067
729 0.5226837553163522
730 1.1245338031640912
731 0.04948394964341488
732 0.2812786958287795
733 0.9826404423609398
734 0.1596075202316308
735 0.6708334806224199
736 0.48089472668491134
737 1.0144137962936566
738 0.6578365830475468
739 11.309807166730412
740 0.12445997929779619
741 1.2303603925457594
742 2.339291589040843
743 1.4451496507610715
744 3.047022198353135
745 0.6544992405417923
746 0.3766381602033399
747 0.40511235819420854
748 4.461530388194701
749 3.6162058504838583
750 1.8269179793787311
751 4.732078180345657
752 5.981395926182889
753 0.3175423629119503
754 1.5417451142745502
755 0.012714366690011521
756 0.13203086615394508
757 0.5896759963247834
758 0.5629416249574554
759 4.161388789145246
760 0.21740842385713313
761 2.3591403798192365
762 1.2288381260675805
763 0.0006536216015202785
764 0.2964062012302277
765 0.3161300906182748
766 1.940524849726141
767 1.5785471793678876
768 0.6016883425476458
769 2.9249435131597705
770 0.37787065603591785
771 0.9552569055353596
772 0.08649295539574059
773 5.063968138288496
774 0.031499775269167196
775 0.9208599071318181
776 1.8854071805002013
777 0.7391029654200291
778 2.3270998871203954
779 1.8654967059863863
780 2.4310909342750024
781 3.693618941996419
782 0.19056186641017453
783 0.7777058857100592
784 0.2671965836707554
785 0.41799957415626976
786 0.16945549197742957
787 82.81013022892152
788 0.0450705205728439
789 0.08084664782584472
790 2.968337806196259
791 0.1446327087036746
792 1.8381050685148494
793 0.9057421321070575
794 0.3445428508987742
795 3.529040243886287
796 16.074408471171417
797 0.10215844300743249
798 0.9878347030811658
799 0.06712660878698479
800 2.477241796559677
801 4.037455475331505
802 0.6937849037272095
803 0.12901175612405177
804 2.1278866041230677
805 0.650259866324641
806 0.14667271619186378
807 0.9495237493845858
808 6.522444451177823
809 1.703050389159156
810 2.4342808053132163
811 4.975034127501808
812 0.7664591808802207
813 1.013245319947602
814 68.75007376649023
815 0.9126095903025812
816 1.415468968748503
817 0.02811454560560481
818 0.6261393183049486
819 0.03825930252980383
820 2.1770406926545784
821 2.046692379371707
822 6.128625375417567
823 0.051737142305873236
824 12.1067246498093
825 2.3722109444789172
826 1.5130585922916873
827 3.5761621311167318
828 0.006782791620694047
829 0.6277163090664837
830 1.9637459468040648
831 1.6746655936407973
832 0.7445295277183279
833 0.03161654563366163
834 0.037182436833296376
835 13.477697052567278
836 1.3985778691949495
837 0.550372390301043
838 0.20902920385021964
839 0.6562820212296141
840 1.7649362859536895
841 0.4402312706515985
842 0.3828388890964579
843 2.009348027486965
844 1.280298370462912
845 0.9877315470239887
846 0.13912831324824348
847 14.734858047137225
848 0.04466316501686949
849 0.7868007350233011
850 2.117931989756612
851 0.0655098988989246
852 0.6289302205222778
853 3.672571889921655
854 0.36938237198589025
855 12.884062564380248
856 110.88652102912722
857 11.776150091833042
858 0.18040542121422903
859 0.9925510907750762
860 0.06022881802735365
861 1.634353110170528
862 1.7790797639659095
863 1.0075087110343108
864 10.416988290836834
865 0.5088873912371114
866 5.985409382629629
867 0.5270000609371498
868 0.1615475413465461
869 0.4410720944855166
870 0.4862468573648701
871 1.0343187339904374
872 0.30997184611420825
873 0.700858245959104
874 1.8094046087492413
875 0.7264130916378289
876 193.30259336030048
877 0.24179286041875514
878 3.582094147245448
879 4.144865950301867
880 0.22640524049930996
881 0.19488824098615784
882 1.64728581138103
883 1.5457884590148259
884 0.6879204630601182
885 0.038331414797782154
886 2.6246975039285987
887 0.08623498684750962
888 0.08966337315782927
889 0.1961526129964753
890 0.5500913744750319
891 0.8552365145262814
892 1.3188644276035961
893 0.43055657792943663
894 1.051316845073752
895 0.10780022295226935
896 1.4480611582966811
897 0.21176081229371177
898 1.6575144051335684
899 0.5534484212585468
900 1.609331948128366
901 0.10984295542097362
902 0.7419641334726587
903 1.368477246325853
904 0.23972859763283155
905 2.4702980343078895
906 0.8069367553554282
907 0.9194894355776582
908 0.4418921338707007
909 0.22897888757684384
910 2.869516823685117
911 0.9544713580179385
912 9.259710520326976
913 0.11266204562959972
914 0.066194693169522
915 0.4139557559820859
916 0.7666161771517684
917 0.8462372214682977
918 0.31526950623027833
919 4.26677775889518
920 0.005989971270950776
921 0.958279678090956
922 0.323135872736158
923 0.49684895593888617
924 0.06265309226888761
925 1.7026420958636683
926 3.7079613810030696
927 2.3874869103084824
928 2.332467947553981
929 0.2790112610353389
930 2.19542069574685
931 0.4031257605079212
932 2.2950198627150984
933 1.9722115397200422
934 1.1228057956606947
935 1.236303105882061
936 1.414852016864536
937 57.82818614795266
938 6.854901659908061
939 0.37973208523033924
940 1.1544773008850335
941 0.11832302113464893
942 1.9526374297084685
943 0.8724105311459524
944 0.20894794001718137
945 4.874169991547668
946 35.716853495965154
947 8.648133208044097
948 15.342392795666406
949 47.98394854606437
950 13.743458583565868
951 0.09083431695809732
952 0.2790248780240721
953 0.009190701360640405
954 0.20860678087766701
955 21.914203104523367
956 1.4037193133093615
957 1.8506246881008999
958 0.02805663669801025
959 15.288201578428387
960 5.468774138278529
961 6.298562997069132
962 6.969448941558604
963 5.761029565988513
964 4.022954836487382
965 6.829142761233054
966 1.4567309389497558
967 0.05786787834124352
968 0.3392746128300476
969 0.4452234925475853
970 1.2039940902162896
971 1.5079937409815172
972 1.4747631596294488
973 0.7300269339065971
974 0.0014102865886305837
975 5.223627297529476
976 10.188854612751507
977 0.2934356007277634
978 0.40903247777671964
979 0.07493811011149762
980 0.9993247673064038
981 25.96615487197619
982 2.696721613804618
983 0.5222962228502946
984 4.913075670294665
985 5.333888670506144
986 2.555340904647761
987 0.9466215888536819
988 9.60302694961614
989 57.98139476379576
990 0.518618862518732
991 0.26607818117648013
992 0.2825325482179072
993 4.478884565763072
994 38.37890740919046
995 2.599687090464172
996 3.555000605209609
997 7.102520381724442
998 6.789301522551307
999 1.9224793632811692
1000 0.7206902610211714
