1 0.006162350919796231
2 6.249611310439134
3 0.06613846678783815
4 5.346272539465857
5 0.4443766185107917
6 1.5730464679163323
7 2.571898459138861
8 2.8976702434223793
9 1.3604443512877367
10 6.137634417133678
11 1.82855556536426
12 4.48306149837211
13 2.6613704076301983
14 0.05089328787365791
15 1.7675576602188519
16 0.7593378673856451
17 0.947860962655958
18 0.07088247178441666
19 0.80902741268937
20 4.227132161054711
21 1.3996657585726962
22 0.03191548446739467
23 9.655948488686095
24 0.41965440836059115
25 0.17764340840083997
26 0.8878924974691289
27 1.0374825363438076
28 28.285356517028877
29 2.6495493310786227
30 0.533216454174058
31 0.4934829165871997
32 0.11092761257404968
33 0.670948269020449
34 0.06981232970747586
35 0.9254564313457535
36 0.03871579095742906
37 11.935325009436847
38 0.5145023313500143
39 0.6179631080595933
40 3.874446846110836
41 2.202778639269264
42 0.88620995335441
43 0.1353202879449973
44 3.929656305753127
45 2.1512583142742665
46 2.892163039998077
47 0.1987867220988789
48 1.4617173506293863
49 0.34563905910628845
50 0.7984059995477326
51 100.15180766169127
52 2.3124055628802593
53 1.0139344481249675
54 15.149683319188679
55 1.3785309711588054
56 0.9224910005100116
57 0.7203287786613637
58 1.2897872533793733
59 0.10697767677304001
60 0.3254534523704795
61 0.29615748959020405
62 1.0078049991930698
63 0.2775727052550808
64 3.2771407385948104
65 31.322333320658615
66 1.6320532589611854
67 2.689049651913943
68 0.939468996798494
69 0.6934862607465675
70 0.8952046870681333
71 11.441444853272818
72 0.1326794856118426
73 1.4443408423007364
74 0.15342852269527496
75 32.33716876986684
76 5.495606912392721
77 1.550258013188616
78 0.4507444817572184
79 2.038646619926762
80 0.07110007782123254
81 0.26136978258169824
82 0.37471014478100473
83 0.0030836650516780817
84 0.0730145153784341
85 1.280876982883152
86 0.4314971029396173
87 0.47275437499623263
88 0.9333119723652593
89 0.0240002928723178
90 0.2504897687701422
91 8.661865018404766
92 0.807490226848637
93 0.39869001696969525
94 2.1481125533279783
95 1.1318275835088825
96 2.8916660548364304
97 0.11913267704836049
98 5.764670071225364
99 0.19092179717794802
100 1.100413004379516
101 3.891767309584412
102 13.438224433592502
103 11.401297764656544
104 1.4582094850564202
105 0.06329780300740531
106 0.19381534773669534
107 0.0394735659692131
108 0.8730542121554011
109 0.9524142753121543
110 0.6995611307567656
111 0.9351584166826474
112 0.2674159889104174
113 1.2136722206680624
114 35.59473851021056
115 5.57034236692741
116 0.42201824141819644
117 0.21596152167434332
118 0.9966728374756763
119 0.9961391638159999
120 2.1437069886591895
121 1.578106657074334
122 3.2745956246130126
123 0.013373118879907941
124 19.53099000544738
125 0.017488087828772474
126 0.23203316557981296
127 0.14009744512217243
128 0.7800765280359672
129 0.4250859458556723
130 3.196108278048892
131 2.705689962480054
132 0.12395644918246226
133 0.03434184839263375
134 1.8457786144263522
135 0.04870897557497007
136 0.9123044441752872
137 5.488803397183684
138 0.5221351236748586
139 0.742312912550304
140 3.1074528689721435
141 0.09386539483971472
142 83.27581593911836
143 0.44130175241797837
144 0.4187293911778226
145 0.6176652780930506
146 1.2716049789537882
147 1.848538870617311
148 1.398194126523907
149 1.2619073834691785
150 0.9124040591758263
151 0.2133641588951474
152 0.60938832138171
153 1.1766940332603821
154 0.04875541443239465
155 2.0297205839893286
156 1.8609082761866307
157 1.0300318945129983
158 0.948716519512901
159 1.3696963386666503
160 2.5449372067173974
161 0.09743495500745689
162 1.0474923602899648
163 0.1224331437762661
164 0.4157512068082332
165 0.209485542656614
166 2.351753843856884
167 11.212345771736805
168 0.2552723310606269
169 0.123537827711524
170 0.3496029868390518
171 0.2426885892379825
172 3.4638169696275916
173 0.4639984572005632
174 0.28030307209580724
175 0.052164461410364835
176 0.07572101871419455
177 2.212438154043128
178 0.10654823912180791
179 1.341932880439489
180 1.4177100626004653
181 0.4626295879601457
182 0.10708069349473287
183 7.097688588172864
184 0.4182534656362935
185 5.858359697316416
186 1.9894092985494591
187 7.130584767572407
188 1.3148490633417613
189 1.4025669591714698
190 0.5871587778101504
191 0.9376654959321913
192 1.3051403865411955
193 0.7998129331465818
194 5.551556141399882
195 1.392517917188872
196 56.89137382922293
197 0.09769111867818234
198 7.6425919811548395
199 2.566823788074395
200 0.5270972154725181
201 12.221889715808672
202 26.82867440022005
203 0.8246434338542673
204 1.3944830664393728
205 4.280297961069341
206 0.2562034571790715
207 2.547350456067315
208 4.650866595533021
209 0.22920571062305903
210 0.018613169617955696
211 6.054242572205704
212 0.12568268283677103
213 7.865307573519339
214 0.04780416546912457
215 0.562974558436021
216 0.0925130539057444
217 9.697638766205753
218 0.506047145760842
219 0.7450494578350941
220 0.31898590720132153
221 0.19324005626879484
222 0.645349559407144
223 0.3163771711391175
224 0.09650977967087465
225 0.03421652987728209
226 24.634824807566677
227 5.553770640546612
228 1.9783451424302572
229 0.4544675315645801
230 1.869542736134054
231 3.3529210072794533
232 8.417713773926206
233 0.28885293724379923
234 0.8593932473463742
235 18.482188214368907
236 4.071420216887374
237 8.422524553174332
238 2.51086977602891
239 0.8089495953212171
240 0.32030152977980253
241 0.6862815609653284
242 0.9477682261536946
243 0.950204285628799
244 0.11672575654960755
245 2.284008356978742
246 0.3695535281364325
247 0.026812231275740703
248 7.484574195416785
249 7.943047998308671
250 10.150661869254996
251 1.1079261277029424
252 111.73071012761866
253 0.30097994085875157
254 1.0605662421805877
255 0.9267414677042499
256 0.23086584155066298
257 0.016440411354978837
258 1.7913981148519704
259 0.05258323554915408
260 2.2390475312713978
261 2.9238721852967204
262 0.8134681302455767
263 3.3122832392366672
264 4.147355818636605
265 4.858233144436076
266 3.2799940908218517
267 1.7536012954794922
268 2.3758562470414337
269 11.485777285668085
270 2.3861500545970684
271 0.4416493599375598
272 5.026931044172878
273 2.2565845035073955
274 0.010409262778075353
275 5.700634347961048
276 3.2983399300723626
277 1.8988832599809713
278 0.26479455034793037
279 0.3176123604834187
280 0.22825867999159932
281 0.6065009824770458
282 0.0819100911596534
283 1.1921059733649064
284 1.6686794174061168
285 2.828583409972684
286 1.6255627618010833
287 1.2515735625830733
288 38.916016568233246
289 5.223701688151444
290 0.007269355092555963
291 0.02214921056448219
292 4.713132497956455
293 0.29956633370083113
294 0.549557909872682
295 0.8268623356610046
296 0.6328995719151498
297 3.6640552954355123
298 0.06724478822557965
299 2.248261534695702
300 7.637117788138571
301 0.5588024719883558
302 0.0984749287665924
303 0.17533324297530595
304 1.0953617871392152
305 0.2761762404348935
306 23.716143641521352
307 2.615201927020726
308 0.5990640184769304
309 1.5911404438043124
310 1.0932734451468291
311 4.2952477377611205
312 1.5034342629864679
313 5.6460165182696676
314 6.244725649123523
315 46.54034752225914
316 1.1421453123105079
317 0.535778062594438
318 4.70435525420895
319 5.151201846193777
320 2.631412503404297
321 37.27130046013437
322 1.385987140027178
323 0.5796083731700992
324 24.48319762815112
325 3.344413936963457
326 0.2150044167457921
327 5.83739006771985
328 212.47246233180732
329 5.2511613341916705
330 0.07166956981741178
331 17.566741196144232
332 1.1926212451214873
333 0.13404539379829797
334 0.0320321112445178
335 1.0917187275554727
336 0.1427672764085113
337 0.3197406429821843
338 0.8157439574507844
339 1.7508659168919654
340 0.22104859882331565
341 3.6663667829833986
342 1.7956239619743044
343 1.385924947313
344 0.9014778023996775
345 220.69272820696153
346 0.3880378650897018
347 0.1764569714093852
348 26.7836955975341
349 91.0296087697886
350 1.7247585199681
351 2.721604742886043
352 1.6730707169284154
353 0.4003353320624966
354 0.8124208152986667
355 4.207814143453304
356 1.1335207250142363
357 5.222443402487839
358 34.59453327452148
359 0.09609195219891738
360 0.0009477649636890321
361 2.844481960645768
362 4.372353133315528
363 0.312788522806882
364 0.5235819358227969
365 0.8974811194363692
366 0.5433470557810325
367 1.074699601712797
368 0.4539850298807109
369 2.517682322356814
370 0.42994661777134685
371 0.48777860875407314
372 1.2480783301467355
373 2.4183959910852124
374 0.2089664148594079
375 0.177980742530133
376 4.568181737072558
377 4.493861573729892
378 0.21146429967265024
379 0.12351127801097465
380 0.12426462538351182
381 0.05865545997191414
382 0.33249483307575006
383 1.4262672433034242
384 0.02156018600823809
385 1.3775723464855254
386 29.628903248738485
387 0.7548176138668851
388 1.1061251992782943
389 7.521031004870704
390 0.743570063345678
391 0.12912693527270427
392 0.4196107315320525
393 1.5580506787263015
394 2.050180034773636
395 1.5474537150472216
396 1.673367399612857
397 0.1335704064896211
398 0.5447247011107207
399 6.163094269312849
400 0.6848347993493523
401 0.6993312302849048
402 0.6691068909669301
403 3.4613320133029966
404 0.09947246105716319
405 8.76104758723828
406 1.0046019861601974
407 0.5157181866022379
408 0.2702485146686325
409 1.2468087275021456
410 0.9864820043872118
411 0.36191699851976544
412 3.122318923823908
413 0.11950727581576442
414 3.4962491132467868
415 0.3284655031745172
416 0.0938810506475703
417 1.6503558552841364
418 0.7083789080371289
419 0.3905600445272352
420 1.3153644948473242
421 0.49613135759622645
422 1.6638596321424945
423 0.24393787981007478
424 0.6109791717727707
425 0.24891429208836965
426 0.848708463323966
427 1.9223918377318234
428 21.657868088084697
429 3.837319448005665
430 1.7383907165267218
431 0.8348945799414501
432 0.3055420989180697
433 100.38193681111231
434 4.301335225195129
435 681.656762151415
436 0.21703187976204336
437 10.327591255767723
438 0.04193650474823093
439 0.501211480597804
440 0.8304045012833127
441 0.7856405061234899
442 12.997478188064749
443 1.2838702032206233
444 0.20944371472770326
445 0.02711960767047847
446 0.29240672313750127
447 0.052604992055873566
448 15.183697174367264
449 4.611452427957361
450 0.37169071349502314
451 0.16687622800727134
452 0.02369195371594019
453 0.22723008283805082
454 10.020685076872978
455 2.851854275324805
456 4.805098126963575
457 0.16386140331040128
458 1.268383965209583
459 0.9265695625125008
460 3.4415877199176013
461 0.10701145705399401
462 0.09812846995610425
463 0.895766483460183
464 1.9092169599072668
465 7.542684779418552
466 0.1716596385971156
467 0.2077863016809399
468 1.647361231209851
469 0.22278238293046576
470 1.1048079552927144
471 0.09957713088662296
472 4.320639004045479
473 19.352188594398925
474 0.2618910527062771
475 1.3873066252236634
476 0.2676197427043777
477 1.4031880251924582
478 1.2778630157923787
479 5.609897049688254
480 0.011390105917906145
481 0.039373409463073196
482 0.35853905538159936
483 1.8680873629558032
484 7.399768522277877
485 0.41684463908336705
486 3.9975725615707813
487 0.5499676731933635
488 0.9055650305798478
489 1.1915227880748676
490 0.027246539090787097
491 1.79328259719051
492 0.0043598670689641615
493 1.9260122396031367
494 25.585947249328544
495 0.14109456057140793
496 1.2114716136344401
497 0.010696887213630055
498 1.0652687499726043
499 1.8900641128212763
500 7.308645169546703
501 16.464991361391096
502 3.879815829129431
503 3.827553331680093
504 1.0972664294998677
505 0.5136270089874047
506 0.19840704497980016
507 1.0756073187521784
508 7.590772581190471
509 4.881842043570176
510 1.903016512961036
511 2.0294089095116736
512 0.47467832544704924
513 0.36736589107496287
514 5.436818987723818
515 8.466498196917833
516 0.11002964101150302
517 0.004396109302598952
518 0.014334665030307852
519 0.0613981214227113
520 0.17410578781942845
521 0.17490389269098783
522 0.5939246821035696
523 1.1427588020910087
524 1.5901160745020448
525 4.478825123861618
526 3.4388358514963753
527 0.6721667373549252
528 0.050515173415806906
529 0.00457466506423572
530 3.0542322663442887
531 3.584590671615136
532 17.097091176408064
533 4.427465925143536
534 5.59169908589071
535 3.437835107707293
536 0.8207382357539157
537 1.9144671303776597
538 8.30709345956162
539 2.031656142465335
540 3.112411255353647
541 0.2214575546518641
542 0.5860918375347185
543 2.3493275091630363
544 0.2684419172402628
545 0.5822595041571131
546 7.053465514588519
547 9.106340583705972
548 6.065038134500696
549 3.2635232485862495
550 1.1837754911352698
551 0.6635877500075328
552 0.9300944184756982
553 1.19116081341154
554 0.214036104377213
555 5.5688498124087715
556 0.08225697004706632
557 1.3007659929803757
558 5.511901676792556
559 0.7465962855964537
560 0.4610607897286261
561 3.075217004243339
562 0.005332227763864852
563 0.08712544411632923
564 1.058560035178908
565 3.8904603893842618
566 21.23672951692713
567 1.4120872031172063
568 1.813320269196397
569 0.6998129684509473
570 0.9262228853973286
571 0.8987790675586663
572 1.4693640686954619
573 0.573363598224619
574 0.07270364374691715
575 4.090563418518697
576 0.5947214834555355
577 9.276352293502162
578 2.054276073701964
579 2.2154770640364134
580 0.45632912390340524
581 3.7967791109161646
582 0.7631421623636616
583 11.044614632725072
584 3.555670877534954
585 0.1557750282432945
586 0.27041800659187887
587 0.36613702191324765
588 1.8362991955362185
589 0.4709739713247508
590 3.2532370340750596
591 15.649253825752533
592 6.777694817669482
593 1.2098499453949052
594 0.003181292161162243
595 0.029960930355251592
596 0.10785064544652191
597 1.6830158123467307
598 7.971290712798111
599 18.303145069817823
600 1.5869309543396652
601 1.9446052541017314
602 1.0383829231638817
603 0.18865834352331573
604 0.9360194166456831
605 1.4260022034938962
606 0.8239045877455247
607 2.389824396649071
608 6.311713456739778
609 1.4658583425704799
610 58.16063407407055
611 6.4564251691711325
612 13.099539783264003
613 70.9149451002666
614 65.3616558710875
615 0.23932793109122572
616 0.3156229119899668
617 1.722597874818182
618 0.17585838134986756
619 1.935114108891284
620 0.09358975929780197
621 2.116386956850648
622 0.8474361989005517
623 0.7344149900790303
624 0.12172754432917765
625 3.0251640440795864
626 1.03014588586171
627 1.4171863261513686
628 0.025461194255139718
629 14.576170380915812
630 0.6215054584236963
631 0.07764001659410169
632 0.995302980962362
633 0.0026265794656704145
634 0.4819968951804872
635 0.7544822122355008
636 0.6393732627048648
637 102.04673304077652
638 0.1798913019558904
639 2.2929793727638046
640 1.5534675948795083
641 1.3622824535247695
642 0.263080537019694
643 5.092135590302389
644 1.0271158466745405
645 0.035629516669512126
646 0.23952002865503086
647 0.5007613828867402
648 3.415327888871625
649 0.29884720343789817
650 0.29116532951386115
651 0.1880452144770169
652 3.3701105250117873
653 0.4734481683184813
654 0.37046015558266354
655 4.725310271031769
656 0.10977767507788078
657 0.7697421037502526
658 1.1131172224702242
659 0.9708179158112574
660 839.1631571391968
661 23.236450946177833
662 0.6036616312121018
663 0.5622504362125115
664 3.857661549772441
665 0.8633607267132463
666 1.114394613536397
667 1.4185369565792605
668 39.92935539023673
669 17.127273810965978
670 1.1882312527821333
671 0.2349484315241059
672 0.8418076055548311
673 3.285821799757053
674 4.047037719220124
675 0.02443204652161396
676 0.6012554246286226
677 1.6747980249574363
678 0.07003810310305661
679 5.732102852495297
680 1.3311462152954698
681 0.8128049035172966
682 1.6667018665391995
683 0.4271604182356753
684 0.7451466004070619
685 91.14515466647242
686 1.2893396429163868
687 0.6617936312846722
688 0.3242309303689468
689 0.7195493333664413
690 0.8413618716282977
691 2.4579238712603986
692 0.43833062813053336
693 2.050852632497156
694 0.04975803829041867
695 9.074166821391067
696 5.737283120718749
697 0.45227203859292053
698 6.090361891125723
699 18.039168472493127
700 0.47789565106257753
701 0.053149769328312425
702 2.806409634269848
703 1.0049321942531164
704 0.13134098139956477
705 2.3292183212179345
706 0.8578881928060553
707 0.011787690178727486
708 0.08630010771541471
709 0.5860199595456062
710 0.20858886384828718
711 4.43209409513009
712 1.4173367787341764
713 2.6714256359027764
714 2.6064530898632925
715 0.13675549050765282
716 2.119371991283769
717 4.500440316723054
718 186.46309113018287
719 9.231471195677178
720 1.097380208335266
721 1.5139706405653308
722 0.18193424647005996
723 4.173167958951706
724 0.37478657454127345
725 0.22126659838966936
726 0.008432229139308724
727 0.3198698074248265
728 0.14531894757543048
729 6.481440243050316
730 7.611788855582357
731 0.2398109505901257
732 0.4304825487802507
733 1.105061665596094
734 2.555039398906624
735 16.77002700663102
736 0.030131259817039128
737 8.054695575145553
738 0.13769783615724507
739 0.17063685316859137
740 2.9203059402453575
741 13.415106332796004
742 4.932575583795367
743 15.576390882470859
744 2.466546479612483
745 0.1948688477000675
746 0.02453869054171018
747 3.421567083759955
748 0.03873403036590341
749 2.9351158362419367
750 0.6425615043898697
751 1.4245378496101684
752 0.12719769741771597
753 0.7177055802235571
754 0.3427049178876077
755 0.8288335615346245
756 0.7217448788241616
757 7.096260172010162
758 0.3736403851486986
759 0.4700091296211868
760 0.18059922750748358
761 0.006799452437747907
762 2.0520647724383694
763 16.03036980655886
764 1.00757491640336
765 0.223576655919256
766 1.9404520540623897
767 0.5190797748434007
768 1.2345123316427888
769 3.9467068252074657
770 0.06046996991328758
771 1.2849564080114748
772 0.8721150686328629
773 1.7405850584231326
774 0.2027269189854493
775 0.022176974620159138
776 0.9205150762935973
777 1.4202878737712152
778 714.9332878545424
779 1.3852375066552123
780 8.009890479950984
781 0.8810768335406796
782 1.5586492293037357
783 0.7603408242496102
784 0.07129557210434172
785 4.100058896524698
786 2.409253140154996
787 12.532907589956892
788 0.36459010141927906
789 0.5768445237696691
790 0.9855367369061014
791 1.8848069895682924
792 0.471960954779323
793 3.519561445298373
794 1.405100781732918
795 2.8032493322643925
796 0.20250439001369944
797 26.64529749080023
798 0.5611764885876376
799 0.18499189358844154
800 2.7301267491281296
801 0.3746323366044655
802 1.204138819892744
803 0.1936630592052946
804 0.35368095592091037
805 0.9220629752004481
806 0.39677197079964727
807 1.0742550144494347
808 0.25755433549343987
809 8.734648010091462
810 0.546065108454493
811 0.25654314459173966
812 17.200787879765294
813 6.992653568423339
814 20.549792305766204
815 0.3886732436350641
816 83.05910503701881
817 1.3760806872501938
818 1.4185956058056353
819 1.3273632624342673
820 10.446032159787729
821 4.724955418372243
822 1.2699971189030992
823 0.6110201194474332
824 0.8875411701732824
825 2.787792194791167
826 0.25773897244237054
827 2.6357675753387353
828 0.47255801920558604
829 1.6780696979436769
830 0.2526618353079522
831 1.7689988400969592
832 3.0805900186175035
833 0.1387313739967343
834 2.7291823804603603
835 3.903135750303071
836 0.9344914041889739
837 0.10737324418624195
838 52.15414439700236
839 5.564204116120097
840 5.434427156172119
841 1.5362875109794871
842 3.5475774032676495
843 0.2717641218901776
844 1.1034916999117734
845 1.6005105483638973
846 0.026121950156489448
847 1.2693461187240116
848 0.11729811268557519
849 0.18681749357944824
850 4.611992062827391
851 0.4938404630067632
852 0.30518614712271713
853 1.3132695332322537
854 2.8790888287159473
855 9.156841345440718
856 0.2681116129987557
857 0.6493349019426528
858 0.00249818697608002
859 0.08403455041158256
860 0.8633656773807374
861 1.5644033324249325
862 2.320332804295681
863 2.1585079692983236
864 2.9737252986667384
865 0.4099747268886148
866 0.6142335628011939
867 0.5103334481557132
868 0.6445845404473791
869 1.3080596334168804
870 8.083031233625883
871 2.687242982198458
872 0.5433855456212122
873 6.324569626256271
874 0.19613088385533162
875 5.265594573462622
876 1.4893264396241432
877 1.174189781373801
878 0.2811001787605623
879 2.3882964273829836
880 0.0703258022900123
881 45.6269911031082
882 1.0046668792314901
883 2.538302650579713
884 0.34206839491079605
885 2.992431894221787
886 0.279677870796051
887 0.8821998631864748
888 1.1757011888242406
889 0.8426296462847206
890 5.483724100582295
891 11.0574134915234
892 1.3479770649213334
893 12.325073641493566
894 14.393671711960168
895 2.2194685792321
896 0.6035862422399015
897 57.8934942347718
898 1.7727283739628346
899 2.498149297070202
900 0.13633135306931465
901 0.042601544459847714
902 0.12729425417588774
903 0.23540948586183355
904 2.9644406089314157
905 1.3324768924954997
906 4.65051824198396
907 20.100160456661502
908 3.5602312869838206
909 0.2258991751690049
910 1.3088867685589276
911 4.93262874040594
912 0.21781859138993678
913 0.9737975282444812
914 0.6452508973734591
915 54.52983991292055
916 0.7449939057295631
917 1.9800950904740366
918 0.820011713440614
919 0.5968172629428179
920 0.8000934935854987
921 3.5208049630276848
922 0.4146885009079265
923 18.034968253367552
924 0.027380203095852457
925 1.2683038064435006
926 0.4443422480603125
927 0.6726587978721847
928 0.8377280356464745
929 0.3054584532671488
930 0.15629718570933726
931 8.713269058046658
932 2.2488374173003565
933 0.7114279549367669
934 0.16902814942201824
935 6.232948803053274
936 0.6848194122546537
937 32.22532452494073
938 0.2198202400051187
939 2.419734418146759
940 0.46630045706037665
941 0.041551402982877905
942 0.9095855631422793
943 0.09885930707689883
944 1.7831587451897162
945 0.8991060928872473
946 0.21834079521739888
947 1.1232193903031762
948 3.462019543151218
949 0.6901852137245394
950 7.750590055543454
951 1.2942898656714468
952 0.053769738269150213
953 0.117421081861765
954 5.87648001410884
955 0.30781960782209095
956 6.454340694660013
957 20.20022019061625
958 0.7856394291652651
959 15.907537232758136
960 0.03419910739752658
961 1.8285970562395226
962 0.2500873991327386
963 0.2387314257687368
964 1.4693119130029186
965 0.10946480088513309
966 0.6321680802885012
967 3.4173239091671683
968 0.38722123100248956
969 9.336511479483422
970 0.17983339786071045
971 0.8338645967914944
972 8.785983522193911
973 0.36639710083516774
974 1.164927596675419
975 0.14266664464522458
976 1.001562581035148
977 11.014656092571853
978 5.714593084689018
979 1.2410460538714287
980 3.747870457818838
981 2.4973861308499017
982 0.5567770110534775
983 9.760371220291098
984 4.357709161590868
985 3.814388990820265
986 0.09753626754940545
987 0.4280846721483721
988 1.120855405638649
989 0.49669008093288597
990 0.42318041840134346
991 0.1394234494245964
992 0.18383215438900202
993 0.6868302229339426
994 0.39115496023577284
995 2.5701915790008005
996 4.81814469984396
997 1.021753679028144
998 3.721525414364499
999 0.9066494519198334
1000 2.912173736704194
