1 1.0639055095936902
2 0.15650331080109914
3 16.2091570759061
4 0.15828798363081534
5 0.36964096450323836
6 0.5351231294005007
7 9.944440659140058
8 0.3733741194839682
9 0.2992816240418433
10 0.20989416141459646
11 0.1042443145063333
12 1.5075500256320602
13 1.4601440262087664
14 5.701479736216445
15 110.53091586740356
16 5.5575100046079005
17 0.24214935081593267
18 0.3119892360311108
19 7.674553282971232
20 9.54274093405487
21 0.0733538795347397
22 0.5223050771479836
23 2.5340359076489647
24 1.264354531320042
25 0.2107298531443328
26 15.276500114346769
27 0.5263052096327805
28 11.767109677990414
29 0.589939268036872
30 0.22491671915116565
31 14.839164112431739
32 1.0797704672343003
33 8.735946247114791
34 0.670559975109954
35 10.725101412632645
36 2.538205959002791
37 0.13178564467329035
38 0.5578752489576779
39 0.9789216230009423
40 0.22721250831842957
41 0.5627449562308445
42 1.2427339136610056
43 2.6277027600685265
44 0.8839826879055004
45 0.07054872480610071
46 1.2504115588918707
47 8.373757262167192
48 0.3206259067274257
49 0.24939430679594077
50 0.35150907961653133
51 2.7334971804773516
52 0.3034147076741656
53 2.7755324858153934
54 4.851027619582351
55 9.106615705276845
56 8.21797950375661
57 22.65412281131738
58 0.18170814912242308
59 7.533335274378249
60 0.042574404213239
61 0.16636901670356075
62 0.6118119613637323
63 0.2271564196377191
64 0.22604437958365883
65 26.777354738424464
66 12.463762515440848
67 12.65575897278672
68 2.167600292816905
69 0.4770126694245513
70 3.0363080955697703
71 10.087035797219107
72 2.754684892703922
73 0.3810593819686528
74 5.042291493202228
75 0.09464465737350308
76 2.9047065441796147
77 0.0701061434444183
78 0.029893389677121716
79 1.7325935433299195
80 4.927599575492235
81 29.716723486606153
82 2.8637273585527745
83 3.1026719380033
84 0.6304433134496206
85 0.4598933047627072
86 1.0450050429397546
87 5.567874081071437
88 0.24374196503330472
89 0.21670708877092465
90 1.004616923615585
91 2.8089389890739898
92 2.084789230103945
93 2.23030903398799
94 0.23636719536709966
95 0.17861657333361586
96 1.0697051844221797
97 0.5287906512934316
98 0.10263161904994988
99 0.24614971789995999
100 11.775524709718146
101 0.1509188141208208
102 5.16470692373561
103 10.625446665528326
104 0.517959081466504
105 1.176047182097378
106 1.4387105791528498
107 0.17144438185307206
108 0.9400894677465701
109 6.08539057960495
110 2.6716667830966756
111 0.2963412919415516
112 0.33164490313909073
113 0.4044482114593945
114 2.1162090605819674
115 2.638794623855026
116 0.09685237377826737
117 0.16926393353015765
118 2.235821383469033
119 0.06948150666944973
120 3.7011684235572666
121 2.136535482746645
122 0.04030248296271745
123 1.5723940569363075
124 1.6084720726371924
125 0.17393085053370172
126 0.05014859891122336
127 1.956494416211296
128 0.24805592332196172
129 0.5376775365712485
130 1.42083083585622
131 0.8366609044486492
132 2.7747268436218087
133 0.18089365956235473
134 1.0200827760708289
135 1.3504686503504224
136 0.1516221041282117
137 0.2892205606218035
138 0.08531873138194587
139 0.7651000909426608
140 5.497099347415025
141 2.5469454282110813
142 0.22669207550795117
143 6.672643612496459
144 0.1798143798310063
145 2.04443167138546
146 0.6017969922075057
147 0.5524997051843848
148 0.6469087692457649
149 2.4358677486472704
150 0.4350445136220183
151 6.177705247559583
152 2.650779086304476
153 0.29698404116625327
154 2.7742832138553726
155 0.12622350043346822
156 1.9254113270298299
157 2.2704096338729474
158 0.031977594358012985
159 1.359607970158097
160 1.6566430910478684
161 3.7352747956864922
162 4.06438717997678
163 1.938346437675796
164 0.9528850654102303
165 0.6146727430601845
166 0.6752426091932581
167 1.6774978054109049
168 0.5277555727682958
169 0.18780426660908175
170 2.1065075884887783
171 26.01169236601542
172 0.2131631185805654
173 0.08995524841464142
174 0.17365852930620077
175 0.18566660668760102
176 2.544754457907311
177 0.2702985930398123
178 1.1974804816936786
179 1.2358039441482835
180 281.96351454461666
181 2.9122945998931358
182 0.4777952981695096
183 0.020031906445384644
184 8.013197303026892
185 1.4412140511057532
186 175.39970925760844
187 1.5496841253392035
188 0.5420627907525095
189 77.77681719965216
190 0.34711075016584186
191 1.1310263173758723
192 3.5011301292600567
193 0.12681434272322162
194 0.1914084675233719
195 1.5588593892146425
196 0.3469154500118464
197 2.472651042940614
198 0.6098644960526743
199 0.008431347576804218
200 1.222465576287594
201 2.456548209639674
202 55.75406039147956
203 0.02120265898764588
204 12.250332288708249
205 1.0751193145577689
206 238.64405834910912
207 7.173353833010996
208 0.0266545756001013
209 9.19224352811007
210 0.12139497504716246
211 0.025071094826384546
212 2.239764725320432
213 41.43145829671941
214 2.1668316828458645
215 0.0038668457974849035
216 0.19331326749665126
217 0.751243811334006
218 3.1630476769422056
219 3.0698016621898896
220 4.064168743931388
221 7.564847176552336
222 0.052279777344332666
223 4.14047091397994
224 0.3325250155327039
225 5.409403745647784
226 6.281002002108645
227 0.45081744404246266
228 4.2550286919982305
229 0.2968468033427484
230 4.132519423183606
231 5.564667806123653
232 0.9997120346003566
233 0.21866087291513514
234 0.5465131147022788
235 2.9649367540017084
236 2.273960657242241
237 0.9251456656534934
238 1.4282401191473715
239 0.7943484519676751
240 0.5502092305082364
241 0.8073630898542414
242 0.35742994789034704
243 0.12360474636224035
244 2.950471499172554
245 0.004048641941820715
246 0.20600679836117858
247 1.334360405055719
248 0.3009996136975437
249 0.043568730173772205
250 7.68192339956477
251 0.007992434755981511
252 14.734181459943215
253 5.151136880099926
254 1.7294664362301364
255 0.4291039270064458
256 1.282073445821302
257 0.39543104272622365
258 1.5596241807627995
259 8.219599992371528
260 0.260615828379453
261 4.16929364780358
262 0.19302463524823765
263 2.0555281501754785
264 0.18361432252807441
265 1.5194375006306957
266 1.56198888214828
267 1.2841601181514883
268 0.777318411216405
269 2.778652509160523
270 3.7665910551933863
271 6.255124800409869
272 3.1410440949036933
273 2.007621087215841
274 98.00676122716565
275 0.04149013921917687
276 0.6980363550772396
277 2.112226800378369
278 16.516222166035824
279 5.894942195579836
280 0.2657007777894222
281 5.4672160050563505
282 2.656616756773782
283 1.7668637709184642
284 1.0994628257665005
285 8.647343403592316
286 9.123304264843402
287 0.12947718490195104
288 9.840321505320274
289 0.44674658701887265
290 4.266488657737657
291 0.30920665116879437
292 0.08832702108462052
293 16.016705569269767
294 0.9718072369554457
295 1.3025461299920535
296 0.1015437764230317
297 0.8265820340939428
298 0.5277536271556516
299 19.875984096698215
300 4.728276109418063
301 2.9254807293509955
302 0.6859157011371393
303 5.173311704594115
304 0.5456202437988333
305 1.8196929712550076
306 0.6376872444695801
307 5.129079766849126
308 2.436105221708928
309 8.413880586094608
310 5.560145905776253
311 0.2175304645708822
312 30.112611660843672
313 1.1780388293622621
314 7.379151560533846
315 2.2060434228415473
316 4.904008896524607
317 0.29941144235129113
318 0.13507915256162553
319 3.0329174153014753
320 0.0675232641368543
321 7.330243025778694
322 0.9705124843575265
323 13.137029993707955
324 0.8376940967068738
325 0.1536022830236531
326 0.6350089963882445
327 2.6763645495543344
328 0.17315997301537084
329 1.4761786226616822
330 2.672138114873429
331 21.825065798238157
332 0.347770568158741
333 0.684204504908753
334 0.20741230653639955
335 9.622714674514533
336 2.1485807795671623
337 0.061812046708795386
338 0.13721055012922734
339 0.06478372482255519
340 17.4549983388241
341 0.028351837055240855
342 0.8967622330187787
343 0.612038465403862
344 1.6005765644478689
345 0.33088365910743606
346 8.809233588167082
347 8.929931859328965
348 0.5155862204715849
349 0.3525235026024473
350 1.0227417965869272
351 5.267056471083549
352 0.05350162485068108
353 0.34412885755190664
354 2.149821159616629
355 2.388586343184473
356 177.24457082855386
357 0.20674108161737592
358 0.8199871509300722
359 2.910843422101171
360 0.8254309268329628
361 2.9288581009256522
362 2.7492525732999247
363 0.7523952684707808
364 0.06971583456232791
365 0.455552545928624
366 3.31402443269534
367 1.0212575579014755
368 0.9327278081961965
369 1.3324606466995672
370 1.350177312067621
371 0.5061393531961935
372 0.1611949827338479
373 1.1366013563471902
374 3.8876303539813026
375 0.07333354482257039
376 0.8805054442048158
377 2.5493407436682043
378 1.080674435514902
379 0.9912218532134773
380 1.5730951737874541
381 1.5189209184573782
382 2.15755645035481
383 1.7343718441150144
384 26.15966305626909
385 1.1463031575978215
386 0.670958642189695
387 1.5862522903170686
388 2.585202994557914
389 2.967969413384164
390 41.05645677771467
391 0.20502046768315058
392 3.296920320495354
393 0.27961930262677753
394 2.172348541495904
395 0.7760882761182235
396 0.27186910132302444
397 3.213407480554739
398 0.07012422646380471
399 0.5416130418939261
400 0.018766300772670785
401 0.44202696967554894
402 0.8016711596573863
403 5.237172644102874
404 1.2290666337603957
405 0.9217767625434732
406 0.9890441878830133
407 27.4347289575296
408 1.5492724717372948
409 1.5192463024148686
410 0.6518318529349293
411 0.5332349037731309
412 2.3355654016046508
413 0.4903601610693279
414 53.79848626549624
415 0.07207231513909365
416 0.5127399232573306
417 0.6329686857960781
418 2.0227987069072704
419 1.545346083278705
420 3.482540345644343
421 0.1861462730357767
422 15.161981605781138
423 3.744418778867553
424 0.2065271709890396
425 0.09879260333424181
426 6.218706409392691
427 12.81300197268086
428 0.5476374463913322
429 0.7298249036198813
430 0.9723382967001977
431 0.42896600437404175
432 0.4242244058325485
433 0.11917481556602812
434 0.3267600383609796
435 0.710039026579729
436 2.732215784981695
437 5.323221701993206
438 0.22504567307170778
439 12.09787282603129
440 1.5827978895156631
441 0.3571596101378051
442 0.029541440268352856
443 2.0963805271032725
444 0.31952406152524737
445 0.07590565458035994
446 2.4327084880464036
447 8.329458466692337
448 6.082474001793985
449 1.5276082169993228
450 1.2896756010811112
451 0.1304281409672049
452 462.19121385889594
453 0.19195966833735081
454 1.954600553530816
455 0.40930929452327364
456 0.01430458365802569
457 0.2321386027782002
458 1.9408257454604947
459 0.3816607995874106
460 2.3109377370362068
461 1.6339959033418818
462 0.17271283580780547
463 0.3627719761963713
464 1.0376168089637299
465 0.7050135558004329
466 9.765071942139405
467 0.4236652582627076
468 0.24384328623668605
469 0.6674943902922926
470 5.134981699166954
471 10.63197308568892
472 0.09620638269380258
473 3.3224806749086806
474 4.4916383323176445
475 0.6879160899637499
476 1.5556156589029728
477 1.396643640212383
478 2.42950973321337
479 0.06521524013881885
480 0.04015796465233602
481 0.08997246880044452
482 2.763081221107607
483 11.58614743452042
484 11.258170148363027
485 1.7819812604990475
486 1.6409104751807566
487 1.8098513942383394
488 1.0963137384232111
489 0.09950115035784933
490 1.3195759874497213
491 4.5580630819762655
492 36.92287689713761
493 14.802879257049554
494 1.719686926835666
495 12.764199608638974
496 0.9504811907704265
497 2.4800090201097222
498 4.9317359995814325
499 0.4508632002545626
500 0.23403369260295556
501 3.725721114897126
502 0.072673287385667
503 1.327182178545328
504 0.6715565759316297
505 0.11927464983316632
506 11.31887042046132
507 2.964647268208865
508 9.171560462528664
509 0.27931578958462977
510 0.06579962346566316
511 0.7839195739374241
512 1.4317303963212082
513 0.5745630937899988
514 0.3689365295497339
515 2.3796982335165877
516 0.08658463220322658
517 0.18873678549173334
518 0.8127615682156267
519 0.0009904866113311938
520 1.6397539597367363
521 0.08168572635023683
522 0.6488870220479691
523 3.3567268697630848
524 3.055038709833269
525 4.2605325004208785
526 6.564078204158449
527 0.23416035696291673
528 2.0615750474405736
529 1.1338555677332476
530 2.388936286906489
531 0.3335815036556289
532 3.3799975054384785
533 17.445467110376708
534 3.021531652694909
535 0.374224255167525
536 0.0786396340439569
537 0.017004349245069845
538 6.811602252637517
539 17.916984518185043
540 2.6041695758679615
541 27.664822760700538
542 0.0009198215831200276
543 2.7493822869492277
544 1.7593751504954678
545 0.2534507982303338
546 0.1641844181204379
547 6.0021854958822445
548 0.32271949708738984
549 2.7588947307895855
550 2.97477482174027
551 1.3648016966390992
552 3.379801807301059
553 33.03555062125208
554 0.49805519811295407
555 0.5775493679445485
556 0.2877123179042909
557 0.5626688384113999
558 0.1135691684394051
559 1.2041973822579943
560 0.7900244501401618
561 1.4847231960798397
562 5.812092067020551
563 1.8839004216913284
564 1.8669078736718847
565 12.481793663160266
566 0.19244158424712127
567 0.474856403891991
568 1.205966702786777
569 0.7051950677808518
570 18.12549870892369
571 0.44530725891606493
572 1.1775576279109827
573 0.1764255228195123
574 0.4154697491826159
575 2.644005992217642
576 3.326393440620988
577 0.38864600392989274
578 0.05169150009869726
579 0.07455729276927943
580 243.2838420711815
581 255.1180992869639
582 0.40531936664413054
583 0.10355454590386855
584 0.14251398442575441
585 518.661672774041
586 6.52356274675758
587 1.373785105050244
588 0.004458458644568614
589 0.9179481607941012
590 0.3838929679666462
591 0.35893526739808435
592 1.9784859440050249
593 0.0028188037904655194
594 1.1827039192818671
595 0.2733673130772966
596 0.43721975856976186
597 5.804907885026311
598 0.10458124621020587
599 0.6958123696976674
600 4.202842230486254
601 19.779749449089046
602 3.682059797022062
603 1.2792270906680785
604 0.48180267695970186
605 3.933456145897937
606 8.269317020233618
607 0.8579223251644529
608 1.955723377898856
609 1.9898711633216162
610 1.9101353045523854
611 0.02717289022505579
612 16.82849810500567
613 1.824293056017683
614 0.7121829189348058
615 0.6155848089736291
616 0.47865343482702416
617 1.4752392380821837
618 0.7099202872490633
619 2.143865089181848
620 0.07004874502553525
621 0.12465572415532447
622 0.23042825160063413
623 0.18632267510882086
624 2.712870215134053
625 0.15472237415312312
626 2.6606107067914526
627 1.0968216042909273
628 0.43972653701176595
629 1.0677805586028863
630 0.9823384200298428
631 1.2163582388653322
632 1.348371779934644
633 0.7526967379941912
634 2.0642145869597037
635 2.7488481454924085
636 1.3033681086334183
637 2.4383025410711916
638 4.059958038387837
639 0.9599716695745473
640 2.35778001502283
641 4.554580570929883
642 4.8362362462645505
643 0.273384966948664
644 0.4024350737387656
645 0.014279307548635753
646 3.9659933872481803
647 3.716744401601729
648 0.02856257934692068
649 0.06302016824122746
650 1.9132207121274463
651 0.10898630436609606
652 0.950352365259704
653 11.8365986836823
654 0.1267200364675161
655 0.14952428909803706
656 0.03219902222932504
657 0.9273175694915177
658 1.0030122456455361
659 1.224130121646816
660 0.17197070037157183
661 1.0394888719734388
662 10.769251792471747
663 0.03322801973739125
664 0.4588429440249278
665 2.7813669310461373
666 0.18708500516073479
667 0.20493496347045456
668 10.009177260370755
669 3.0642100059966335
670 0.29374365627356214
671 110.13800165231639
672 7.09154309569571
673 0.9508997633652351
674 0.00998177239703425
675 0.03194961046145515
676 0.21149508409857587
677 0.437189687567946
678 1.5306158891590873
679 2.624937114032723
680 0.20067497958395042
681 1.5990938997614383
682 1.1371050633015352
683 8.50633472742085
684 7.388328397917711
685 5.653040464616821
686 5.134857275765142
687 0.2142100502852686
688 0.826954444501725
689 0.9553468557783408
690 3.5685672892378077
691 0.9520956333341458
692 0.12309453629963339
693 14.261885618131451
694 0.9995720639350612
695 0.8481516612625037
696 0.3442449301396443
697 0.7199184646942949
698 1.2432493201694828
699 0.44953731432668104
700 1.4268585764501118
701 0.33670275993137067
702 1.4428199485202187
703 0.16350961177063167
704 0.6836985797393574
705 0.2588254349800392
706 2.612422699268533
707 0.11412499638842212
708 0.13733789455555798
709 0.5445811824616531
710 1.259459400939171
711 2.628794326910704
712 1.4708237213780082
713 0.021761808749609923
714 3.1500276373274985
715 10.996750763749565
716 9.15178132965756
717 2.0493348119253527
718 0.2241983966359027
719 1.09520700915002
720 0.24202195522758227
721 2.2476400610901233
722 0.36970808310179765
723 24.141112450153493
724 3.835954521133468
725 0.14364100521510587
726 1.3293600400698857
727 1.8013737870532782
728 1.4765609625075973
729 3.3013786566464036
730 0.04641944937229344
731 0.09667804755640429
732 0.4793817086604724
733 0.7561641195647902
734 2.0177889696620888
735 0.274935820193108
736 12.527920449296946
737 1.0865142530095497
738 0.14653381456629988
739 0.20062922161320454
740 16.712974467046777
741 0.18217649582589296
742 5.171979637447828
743 1.1428386592693336
744 0.008914058198632287
745 0.9570300211910516
746 2.10875744309393
747 0.5359532207422847
748 15.35478416625907
749 0.1867165090891148
750 16.559045824373243
751 0.04264346318372729
752 0.40584688524113527
753 20.396119870526036
754 0.17477105845107543
755 0.6190877972389556
756 0.059904718967438673
757 1.287592025291266
758 0.07421276226951626
759 68.10919168138093
760 0.5372521322063979
761 0.07188973900769986
762 3.0027073349073445
763 4.105537743047055
764 0.8208286654684607
765 1.460565994089272
766 1.6457741232515808
767 1.133624536438009
768 4.8582268447843955
769 1.3410460066689658
770 0.12480625882833725
771 0.5701494052163218
772 1.350009213577165
773 0.00030339831911180303
774 0.7937549384843655
775 12.833457497992057
776 0.5746394043284593
777 0.05907611857882943
778 0.6372365208085711
779 6.027895845491674
780 18.050040373412187
781 0.4820822898750658
782 0.03855679431239065
783 0.3628749316295551
784 0.9264830245286894
785 0.6936707538369417
786 4.905901759093951
787 0.09814486104560086
788 0.08823708272248985
789 39.69392686701202
790 3.053698708959025
791 3.49628291114091
792 2.0825013906303194
793 0.14439070494163803
794 0.13936230314514356
795 0.23673414443451593
796 1.0665162428251878
797 0.12556737790311498
798 0.599689741533391
799 5.414508844180428
800 2.0362173332218316
801 18.361685008287342
802 2.663112261310793
803 0.6177015349055666
804 0.21805128707600258
805 0.05834830357031822
806 1.3810424350182968
807 0.12901607025587933
808 0.0329403213979699
809 4739.641685044
810 4.69221626904893
811 3.9618077025808205
812 17.112261445969416
813 4.455800850841369
814 1.3602473894918887
815 12.670607822515965
816 0.06027511313334526
817 1.784692736911463
818 10.207799583255984
819 0.889314715111503
820 0.24049932783626765
821 0.12300607770670459
822 0.6468284765662932
823 0.940219508129037
824 0.21340194238026056
825 2.0758626782003953
826 4.387837897793384
827 0.07190406059137447
828 5.541032668424592
829 0.029646900243232386
830 4.410007502133343
831 0.28568837414130066
832 3.19606748726801
833 10.587883164755342
834 3.455311295325101
835 1.167061208093726
836 0.9713725169068245
837 0.18560124200227374
838 0.33447523980347793
839 0.07281520516222754
840 1.0374652388895589
841 0.012146536960292604
842 0.09157132064517111
843 0.06365994433711249
844 14.980229291069659
845 0.9611552904482968
846 7.650287252549778
847 0.1111635831324983
848 2.56432996310511
849 1.2521241216608858
850 18.917599735793686
851 0.4798917705491502
852 0.22419723541229875
853 3.9309180886056887
854 1.7648021453799374
855 0.48024158134765244
856 0.3705734085628256
857 3.630715550051073
858 3.0082922971777974
859 0.7560235531383445
860 2.148629156077941
861 0.9811023268234941
862 2.9331520821300527
863 0.1216771448196293
864 0.32263779113058577
865 4.125057573664775
866 0.42112604158602973
867 1.5544973673412088
868 3.921348178695571
869 0.11521485598077319
870 2.285115221234886
871 2.6158990225119685
872 0.544849504518203
873 0.818480180831062
874 0.8287432584158937
875 0.16012319421432197
876 1.067788546871668
877 0.09416566697908818
878 5.517216055703954
879 2.9924698062640713
880 0.3585120063943649
881 2.4228198239636525
882 0.8972011061592712
883 0.27685610995341625
884 3.393595653863903
885 0.777619502791428
886 1.9954800588824693
887 0.01662405886618904
888 0.24993672935784764
889 0.3730135931531999
890 0.17730893224652663
891 0.6551206598462964
892 6.934891598977213
893 11.94126088289871
894 13.283852553239154
895 0.13817299188086
896 0.21110487198988487
897 3.857359422484821
898 2.281343270478052
899 1.566713925869491
900 0.9656095251872636
901 2.9241656800265434
902 0.7717603765590316
903 0.8930954499567136
904 1.0942131386668834
905 0.18809879541758048
906 0.11385258560612169
907 18.435025301021536
908 26.16129884508619
909 0.04018954268675979
910 1.0589682142093966
911 7.834293908151592
912 7.367516264320587
913 1.7549765895689338
914 0.04038766097630272
915 24.73486773082787
916 0.8886734986903567
917 11.062772308983241
918 0.06207851249723665
919 0.32333368612726915
920 1.5436318772749555
921 2.720589197678483
922 3.196307421935507
923 1.7572250009925992
924 2.5416329316051964
925 15.649584455026734
926 13.977838625183665
927 0.009688018579193498
928 0.3900794966677596
929 2.8270793151686577
930 1.5432575093231922
931 0.7004904278579557
932 0.4949920671144722
933 0.62614046513358
934 0.6692877093760974
935 0.9453768818407342
936 2.9538089793597537
937 0.047462445701869194
938 6.35722306087943
939 0.6003857473523821
940 40.009485697309266
941 11.735541554590917
942 50.26602700952746
943 0.8107437627149663
944 3.2203465979052783
945 1.7047921390722987
946 0.7502222866661775
947 1.9458112795341966
948 1.8247814496534478
949 0.1597182641001544
950 0.45980527950700417
951 1.9477632413075636
952 0.4866137337079582
953 2.8142927017741224
954 0.9846703071970118
955 0.15002235727731425
956 0.6080255271800076
957 0.16264879017285436
958 2.4851879455956962
959 0.1223383888346014
960 0.0053053080296646534
961 0.11001630041646528
962 1.9907262701409907
963 4.932041500462896
964 0.5579551865988109
965 0.07729806339121834
966 1.7871830159906943
967 0.2856505899002395
968 4.2408388395045025
969 1.239951156354029
970 0.7158763122117109
971 1.2500947650956227
972 2124.5404592788454
973 0.5336472641252149
974 1.7520411209996165
975 0.5165472274148624
976 0.9289495674030608
977 0.6068134811865846
978 0.2394361473409611
979 0.8525751771215617
980 20.24473995874522
981 0.6780319544351131
982 0.864978841475615
983 0.164813160440002
984 2.649188098201936
985 0.5271973174361797
986 0.19225215695231082
987 0.6945951246420732
988 3.47215397430607
989 0.05839778478874004
990 17.197720786116637
991 0.6559843366380372
992 0.3108824143851625
993 5.5713616702911395
994 0.14247477721165103
995 0.35353396777629953
996 1.2711993890175899
997 0.4042584387445448
998 1.2620872315058234
999 0.22776803286837857
1000 0.4438951853963116
