1 0.3895864803742911
2 24.571288397003453
3 2.8932741870257703
4 1.1969679388291223
5 0.8176077064277547
6 4.848784038670831
7 0.11225907278032116
8 0.15221788117829005
9 495.7249223437063
10 0.20925354178221123
11 0.7157616243247841
12 2.239109250134911
13 0.12132561615846733
14 0.2830783531447293
15 0.7452345858205504
16 3.335408675167742
17 0.13755603785333223
18 8.556525274613604
19 1.4622458511245842
20 0.31465361529059865
21 4.872572352569976
22 16.224358680248994
23 1.2194962418805129
24 3.852753905201992
25 0.9136097845074894
26 0.05892419544008474
27 5.020215113474746
28 0.7007649655114698
29 0.9478184815032576
30 0.8344703048210631
31 0.850724765383062
32 0.8431275108690492
33 0.281213258320795
34 0.33405584614254663
35 0.6479991171316234
36 0.8355299148225127
37 1.511437805742807
38 0.23347359226045844
39 1.1885129308626872
40 0.0608589182824258
41 78.44880988251586
42 25.746005580206443
43 0.8512521415455413
44 1.8194455033551074
45 1.5348306393249118
46 0.1028647970124901
47 0.42904409763434775
48 0.7707007243239284
49 0.164374211765648
50 0.364094433864308
51 1.416632510759081
52 3.119546674205369
53 1.6440176195557719
54 1.0570678599249335
55 1.6601127861673217
56 0.7578312133674914
57 0.24169961915993837
58 0.34589578170468843
59 4.440721750982878
60 0.8102485088461754
61 0.19055267649186275
62 1.0393311279028667
63 9.595032959492658
64 2.198916633564731
65 1.5312810989172414
66 7.408947701820409
67 0.13151142024746215
68 0.012382713561865094
69 13.236802220809164
70 0.3724135062448593
71 0.34128789970716844
72 0.3897775112261993
73 0.17571502793508068
74 0.9102607337089605
75 1.1476582082274638
76 1.7530019149382976
77 0.004778790909090069
78 1.741194647476445
79 0.10077242971134083
80 3.1870260945178956
81 8.235976329198994
82 4.911994479390347
83 0.9936736884297873
84 8.167981766698315
85 0.09580169682021629
86 0.7466534672731715
87 1.6383529775685302
88 3.159123038514946
89 0.3623131003996362
90 0.29721090069007466
91 1.82450776234047
92 0.30261074269612376
93 1.1640697609376618
94 0.59641517976908
95 0.1629088773328119
96 0.06087552791410328
97 4.012084804717127
98 0.635620876960926
99 0.0874617518279514
100 2.7056582474713813
101 0.4565905857989313
102 1.6635103940083793
103 26.50036775349859
104 20.45120382646191
105 0.021280625392913727
106 0.722763809765082
107 2.3287743552553963
108 1.8616235504086858
109 13.711033509758664
110 37.89811228270031
111 63.37420928860478
112 10.650843235412756
113 2.338898675186592
114 1.9713692323354994
115 0.3117630743235792
116 5.662059129258024
117 0.037667307132052144
118 0.40657670261273227
119 0.43649352975937283
120 0.6799533759530275
121 36.809701766408786
122 4.659633659854679
123 3.092626967104715
124 0.05606519357809038
125 17.87163067359046
126 0.8444859601679847
127 0.10073984962823891
128 3.7704860560272846
129 0.7047785580746685
130 0.4119457299961171
131 0.4944765354644232
132 1.2249125262961065
133 2.5271656167726033
134 0.424998420119554
135 2.1049495817977584
136 0.8148621187226479
137 0.7711279019837818
138 0.9676125831173157
139 0.00638441455396343
140 1.372534190028253
141 10.879722314868715
142 1.1311796009386401
143 1.8072476762614298
144 0.1302519273933475
145 3.8379008811233364
146 0.7426639577179384
147 6.5655247587880075
148 0.768127092361096
149 0.8449030116521216
150 1.204360802254474
151 0.3833325294611119
152 0.26102878905321464
153 1.482108251560676
154 0.5752978696839931
155 0.31119652286010685
156 0.425139769696916
157 0.00818492349932194
158 0.2754102752173054
159 0.36199644194916747
160 27.306373678174108
161 1.7673402771141555
162 2.030591680975865
163 0.5398562247571971
164 27.8903824714701
165 0.8113461865690752
166 0.23518309428468523
167 1.2428138918324365
168 0.074559466332123
169 33.33203390383733
170 0.18221316341636992
171 0.26490823627780996
172 19.469244613709126
173 21.901102507968567
174 0.5999952909419833
175 9.853888290996967
176 2.9087280866328418
177 2.679209768014916
178 22.15126578456673
179 1.3192255270765314
180 0.8766547060297053
181 1.0370717421395674
182 52.78795753236957
183 10.3432722247599
184 1.5835378517520784
185 2.316266576433292
186 1.300180638086704
187 1.1302291511643523
188 2.683389055530778
189 2.0114821562432503
190 2.2202259977142083
191 0.3171778219476613
192 2.2232942543247365
193 0.11096899581654851
194 1.1781915406507286
195 0.5056106412171454
196 0.7422032462263201
197 1.0687256989945197
198 0.23783568140457287
199 0.41284906958093
200 0.2406554600471563
201 0.023738154197230774
202 2.106245403520649
203 1.4842513110341424
204 1.0739331229198892
205 3.0399760354735763
206 4.633216161150499
207 0.8651312393856219
208 52.12949090852973
209 695.2770072765119
210 1.851621075511094
211 1.571938641918278
212 3.435598779781494
213 0.0494788157253564
214 0.20032212701107527
215 2.586846821803977
216 3.1037573611516316
217 0.556270622676725
218 0.23571683865993504
219 7.075101254307476
220 0.8190777104615548
221 0.5262155554020282
222 1.497921262961718
223 7.094742066724317
224 1.259961343644304
225 3.0743248039117854
226 4.567551187868686
227 0.6079796122325003
228 0.8377440045670452
229 1.1723217205807122
230 0.7353162654581571
231 7.607035642653455
232 2.388397458121305
233 0.6904042823682696
234 0.06541650590872984
235 0.011332926269110418
236 0.4003113484880835
237 0.5112625066433796
238 0.18705307485570272
239 24.09756995883672
240 0.04483532892158938
241 0.9955783011870247
242 0.11583158405666298
243 0.3190303927934273
244 0.4675386079969425
245 1.5667602256223583
246 1.1721522605089483
247 0.3314110829685516
248 0.5463399138718363
249 0.9590518791242834
250 0.6909736608604783
251 0.43232881470292794
252 0.2521721960668871
253 0.09349105529538312
254 51.05707744190825
255 1.995839465006741
256 1.2506624209251387
257 3.1618728025591105
258 0.6898035262315846
259 0.8334495256243624
260 3.2612114714289793
261 15.926909836583611
262 0.38886896621943157
263 1.8180983856510056
264 0.8663903542060335
265 8.248256412939584
266 0.29898643731966124
267 0.6540784211426539
268 0.6944999967099432
269 1.3590291364841065
270 7.4077133568519375
271 101.86147384473402
272 5.34448301562569
273 2.8961801509170026
274 2.712216959439925
275 2.8352137959271295
276 2.5201726585514517
277 0.3648634781261591
278 0.8768815380750964
279 3.287085881561726
280 8.979479872129096
281 0.3160674577033248
282 5.556328982304088
283 19.383663131589405
284 0.4127405346711396
285 0.34720047802245824
286 0.2533250498393835
287 0.12390186381271358
288 0.12723811236635887
289 8.595615332107041
290 0.14780783664163494
291 11.671976634640494
292 8.723882442940416
293 0.8464049643668944
294 0.021633638804744306
295 1.5589411180644088
296 2.3788850660458274
297 0.31316710466235387
298 0.17869533252284567
299 2.8183119848769684
300 3.2420093230664455
301 1.2535064847976047
302 0.6452314808248661
303 0.5901250375911379
304 0.01976675941255994
305 0.19201953016256187
306 0.45157022116108886
307 0.2300284826111456
308 4.037118658824898
309 0.5462194984992247
310 0.13493625032742185
311 3.164327756527605
312 2.4942585583907237
313 1.0722743423638634
314 3.4898498948099568
315 0.26428889303679626
316 0.3276709737421273
317 3.186806386547927
318 0.1502662535384883
319 4.049726321397748
320 0.11130341731415129
321 0.5096315622837525
322 4.065881245049882
323 0.7471790339372002
324 0.006161741939433289
325 0.21777874995821137
326 0.1925448324777085
327 0.21018356537696323
328 0.8844865519860474
329 1.4723756798238368
330 79.19998770523426
331 0.4176888802028553
332 1.130783363451912
333 1.1645272148906534
334 1.9854169808436204
335 5.05512415238864
336 1.1940985693818194
337 1.9039004925572838
338 0.004108611916322546
339 4.048819279924006
340 23.066553337778146
341 0.2422863939203707
342 0.6101102880208891
343 3.0949581179895507
344 46.54241438110621
345 0.018085802779666066
346 2.9251168308708433
347 0.1881268076948142
348 234.3048952884233
349 0.14790302592545576
350 0.2745031369339785
351 1.8564387562364875
352 1.7138477830108063
353 0.23734033664082835
354 0.37140149951077295
355 0.622825400913484
356 1.666691169360642
357 0.09263930408094319
358 8.5391172291094
359 0.7863194124687728
360 0.4442940011614207
361 0.4496327298355653
362 0.0995679975042565
363 0.37063081949647236
364 0.3510637369812973
365 0.2132162670729091
366 7.1341554568742644
367 0.06422765531367491
368 140.99006058676022
369 9.045147912004014
370 0.058423065720387364
371 0.5689355232397222
372 5.07047596376983
373 0.05716312771490496
374 0.495588974420543
375 0.980495773281627
376 10.95392801749796
377 1.0451821558935692
378 4.372077016961141
379 0.040628224767504426
380 0.08416906635641534
381 0.0012041808873211484
382 2.9335534512870742
383 8.457816291865718
384 0.4983024523962753
385 0.7763419572887567
386 2.1115467266795513
387 0.8566171502590585
388 6.599321809936582
389 0.5151593898395191
390 0.002467918325948911
391 1.7390128405808796
392 3.5682617030278205
393 0.9780282532716682
394 4.3616695464525845
395 18.84928437004598
396 1.2540645207249297
397 8.4851406408059
398 3.925934483539857
399 0.7745556987407568
400 1.0112746628380964
401 4.203744498761276
402 0.07386925494686583
403 0.1533705668422286
404 2.2559986853680076
405 0.2797207065869216
406 0.08685623359144211
407 0.13954509318345382
408 1.4096305206883883
409 0.28354333958890265
410 0.12716067051032073
411 0.9491976234214998
412 4.202596179061048
413 1.1828140356961436
414 0.04114748646642557
415 1.1333883339459583
416 3.1655856966616907
417 1.0895221568104585
418 3.8285245242411956
419 0.028153520976419405
420 0.0763340254425424
421 14.577311857329663
422 0.9521870100599201
423 0.5198149898938978
424 0.5534933653649059
425 4.061790727134572
426 3.7626486396724443
427 0.2642186382053812
428 0.3553585059834828
429 0.18131676253396675
430 0.05653802621886509
431 0.4553164272968884
432 0.3719421561338171
433 2.9780646771886063
434 1.7426414591968917
435 0.06026010948605055
436 0.9255525682168699
437 1.4925280106789227
438 2.6513814272568776
439 7.7024911567900824
440 0.36792992780624595
441 0.8194794619603035
442 1.6554579868417463
443 1.430260998843281
444 0.5114923114890042
445 11.090627554808263
446 24.45200279221085
447 0.5778061406247536
448 0.5223178852813669
449 5.145142095711685
450 0.33303832870962724
451 1.9297444339050827
452 5.488219336786818
453 0.49986635460364726
454 3.0025988072833076
455 1.305374802994199
456 0.17990347525766648
457 1.1099687216790388
458 9.646973200446716
459 1.2474195698841481
460 0.024088345497140864
461 1.1168723202349398
462 1.7639005543419095
463 0.8009451021312274
464 0.945603291783196
465 0.4841772463619334
466 0.9733772104049003
467 16.00244847722419
468 0.3961797501295711
469 0.5694839044488931
470 0.5484807712928746
471 0.07199380002579518
472 8.988690730821169
473 0.1144618337111495
474 0.11202450934597481
475 13.893352196576226
476 0.6836118466216203
477 4.056743691238311
478 0.5018267825439694
479 3.791358903128479
480 0.25198586492413233
481 0.4221262220043697
482 0.7235310421958335
483 0.2659555376150796
484 14.888979983602626
485 1.2782108000366748
486 1.8390398220249067
487 0.03213070313587911
488 0.10807231237324225
489 21.331226114198135
490 0.7529119512031655
491 0.5737574958325239
492 0.15791713093976528
493 1.2930102252422009
494 5.652681238080191
495 0.11224782679713702
496 566.2484826365114
497 0.31941399766266093
498 0.11453910241761016
499 1.7441725652425601
500 0.08239965025338222
501 2.4480577536099273
502 0.11354296937812795
503 4.730152800113412
504 0.5160372880878803
505 2.496123903581545
506 3.7709161585876605
507 0.8067639177635608
508 0.8978203467803628
509 3.9988179563332915
510 1.6930782283781072
511 0.10949795212235396
512 0.2460058806850748
513 0.08608366139693063
514 1.4401495743970583
515 16.18705058159212
516 35.69232303833282
517 0.9805337973900038
518 0.7348616900989112
519 0.9799118121062419
520 0.3395945239048079
521 0.011888956138440631
522 0.2972300356466112
523 4.805737651273392
524 4.792063685107383
525 0.9661777598175256
526 0.3633393898066853
527 0.09861770409941766
528 0.16671256224886086
529 0.6444227566260777
530 1.1742744500721412
531 3.197594170746407
532 1.7196607876456205
533 1.0519235450563298
534 3.5965021823232557
535 0.7996079286160898
536 16.168289012606433
537 0.09118137233090802
538 2.105308313468242
539 6.856838002910128
540 3.189283662901344
541 0.02390937369340281
542 3.075023776479506
543 0.2519760883098837
544 0.5339883207734003
545 0.09911198109039794
546 14.310768459037275
547 0.03770173681617161
548 0.6718629241643171
549 0.3306096283981774
550 2.6905259462615208
551 13.335493749444925
552 0.5165176708673305
553 0.09118434208768719
554 66.87039813437912
555 0.4576349346830223
556 9.449906545284465
557 1.1357961863219437
558 4.225503018521109
559 0.3121853506497763
560 1.7131190554352478
561 0.08699641993092938
562 1.3906387953378276
563 0.0615414423460875
564 0.41429145552387936
565 0.03260745413613832
566 0.39106186140437826
567 0.2750568099626369
568 0.5962823163574544
569 0.15400549468269184
570 1.2837244765916143
571 2.8091353589390873
572 3.3276848827009164
573 9.30456038496397
574 0.5849191530155327
575 2.9426508026163867
576 1.080224663157456
577 0.035820211402282816
578 0.21784722088260866
579 35.01895222589768
580 0.23829829922255535
581 3.5410134928445904
582 6.668594710477857
583 1.736804372944244
584 2.340830740567243
585 1.7953793005430398
586 0.4456545917284983
587 0.42209395049084336
588 5.352940777411571
589 0.653668220554108
590 0.13561114614248548
591 0.2493719035269429
592 1.4374914901751226
593 0.04566256206912938
594 1.2730452146884925
595 15.442669399867418
596 3.901484166739916
597 33.379568723312
598 14.576040571386484
599 0.5370837032537901
600 0.4790035387180157
601 0.8861684307316282
602 1.0272269154391624
603 8.895299560692605
604 1.8415379883098915
605 0.11191660543489762
606 1.3559565033570586
607 1.3711771641565964
608 0.05050071432644549
609 0.014652517037106015
610 0.08162282598253809
611 1.1488478111992717
612 1.4849990394317303
613 4.014973998403028
614 0.6495668950238721
615 0.7978499704284184
616 14.841317207528874
617 66.2289554159961
618 153.80256837502625
619 0.14252449913938556
620 0.3813706401115966
621 0.22372144274441189
622 0.5805212251093732
623 6.2080456993077595
624 2.763160670810175
625 4.317961498686602
626 4.401034704370512
627 0.6042808080108546
628 6.278254028948893
629 2.0605780580269357
630 2.217602340371726
631 2.321872011388278
632 0.6069921468054644
633 4.902888113706829
634 1.017579643474749
635 3.3154993160465724
636 153.2431998831397
637 26.631361507676406
638 12.582519638282609
639 0.3678613842292751
640 0.15632600109787406
641 2.9900806223834437
642 3.25827750045365
643 2.4416718396828796
644 7.69221310716073
645 36.18178034377687
646 0.019852726328647537
647 0.4327291813608939
648 19.57732958291129
649 15.531733138927022
650 0.5434037559689396
651 9.682078851693952
652 0.213752929622814
653 0.7615480696906856
654 0.10275802518995318
655 0.4562709933376333
656 0.04068934277997633
657 8.493947044816831
658 0.033974747655459034
659 0.23573414645299237
660 1.2691234739616926
661 0.5369421524667353
662 0.10359921610559542
663 0.2998726822230284
664 1.8298014584280191
665 1.9571202148272493
666 1.6819693479835875
667 0.12375371428464692
668 0.4505962828322163
669 1.6377292586845593
670 0.09946952509215144
671 0.48362433567580737
672 0.3533124418569202
673 0.3024434903838986
674 0.025343608236840325
675 0.2698196795183215
676 0.0903502463354615
677 0.024903837185680257
678 0.03016045642592411
679 0.5563723325090789
680 6.164103870966958
681 0.5025167431625712
682 6.519670766794208
683 4.471525936714257
684 0.7333551692589794
685 13.738327360911486
686 0.8881171211966425
687 0.4963484500519218
688 1.7324388173139833
689 2.9002088206688437
690 10.424911912567085
691 1.8923254816186956
692 1.7217226404874189
693 0.06242796663950607
694 2.4710497419466897
695 4.3476182703198445
696 3.5172895995799593
697 0.4263358831274506
698 2.494864426889005
699 1.742262808391246
700 0.960233758215119
701 7.440982068771933
702 0.6615061972379335
703 0.175264399953069
704 0.11298884379650517
705 0.055348662124168384
706 0.03795213096356925
707 1.0900096338221255
708 0.20080189113277033
709 0.2002576172802692
710 1.467372981080783
711 4.045725730524439
712 9.445973316930802
713 2.3413308290671493
714 0.022124266136426495
715 0.09132574804008743
716 0.212895579282058
717 0.5811519545387036
718 2.909066566477573
719 1.347671847617394
720 0.25772464239785997
721 0.1824099891786285
722 2.3380092322763235
723 3.867558994697293
724 6.723107687025481
725 1.8000261027271323
726 1.471744746097529
727 7.210031376109288
728 0.5439887215860815
729 0.3831251595545824
730 0.027102892688561628
731 0.27541881511017674
732 2.17848536846067
733 5.6119831195755
734 1.8175024008587486
735 0.020124311395188475
736 0.278483446657087
737 3.071156133510953
738 6.081803103763232
739 18.146672723571882
740 1.4933703440764294
741 14.827325871263952
742 3.0408096097736217
743 0.4375682296310076
744 0.0394170084081362
745 0.1760178892375905
746 0.08614044067660478
747 50.819438909341734
748 2.0111833859301127
749 0.12021554665637386
750 0.9926354136307395
751 0.3978094469242192
752 0.6274091729090641
753 2.0224287493304605
754 0.9037762674125556
755 0.02168804427590843
756 4.384499490633179
757 2.6253236200174372
758 13.890687061743204
759 9.335763869928465
760 30.474720495050143
761 1.0517570867524857
762 0.053368983222005596
763 0.9672121610194236
764 10.566955658947139
765 0.4902976450431963
766 18.298089448111433
767 0.08351091205465093
768 27.884567486618213
769 0.6230469703788426
770 0.5573716626526558
771 10.122656416069368
772 1.2586732163908991
773 0.23545242799132346
774 101.63866465523436
775 0.3272919876768852
776 0.0987077844741505
777 2.1897475652754843
778 3.2525447405361194
779 0.061833219637348516
780 0.962182941616068
781 58.054294236352085
782 0.2365795026303823
783 0.21780906439213576
784 0.833760969501486
785 1.4572736607665746
786 0.6934066151601627
787 1.6399093706017074
788 0.2208285615702351
789 8.245615921934665
790 4.344191573237735
791 1.038740757430486
792 0.6159613716393195
793 14.572285528367443
794 23.986581087474647
795 4.281524682809549
796 2.6675607034586717
797 0.9958687865149685
798 0.483688238334287
799 3.241688676145569
800 0.3226161991801917
801 3.442160618879071
802 0.8942347179489462
803 0.0518037029906683
804 0.8619373487729242
805 0.02439517753908359
806 0.07989318621736555
807 6.493935338023231
808 7.231795827772899
809 1.3298541451500765
810 0.20610204740406857
811 1.7103074919353816
812 39.645889296296026
813 1.9224122865367963
814 1.8204183558814153
815 6.752674823447543
816 1.8658859227583655
817 4.01802911835724
818 0.33037723574304895
819 2.0580038187645036
820 1.68687425885502
821 1.4725146474639146
822 1.3980033402683525
823 0.3613527818107964
824 0.37654581480564203
825 1.2009975583765118
826 0.5356308181084867
827 0.5669511987513778
828 0.9446891963661055
829 1.300382151811841
830 1.1072216909222343
831 0.47315900027845437
832 1.1721308932943901
833 1.1248823076443588
834 1.8438335051950356
835 0.8261220815130604
836 2.573913021318729
837 556.2638252530904
838 0.6554963397483335
839 2.7706398387656592
840 3.4837294425948255
841 0.4838169045039618
842 0.24967612149112114
843 0.30200794969697525
844 1.6747389753396438
845 9.589156199356125
846 0.28248080999171615
847 1.3022051736142546
848 25.430783925440537
849 2.047519444447344
850 0.019007938982794376
851 0.026649652324346365
852 1.0993445235217973
853 0.40259698857668813
854 3.143258872106296
855 0.9567346537544473
856 0.008579836918893514
857 3.0568744021147443
858 2.850120149721683
859 3.049358546652937
860 0.05220762699463688
861 1.2138588842835099
862 7.520063343437743
863 0.022605429718642864
864 0.17197067157556023
865 9.538315201695704
866 1.3135325540615372
867 0.2696742601817374
868 4.678246369803304
869 2.672091913019956
870 0.027091600941777847
871 1.09872265938404
872 0.8642808666129358
873 0.3439028995209372
874 0.879403481580956
875 0.32201861097646217
876 1.2457033014836763
877 3.6464178745899263
878 0.39848971906312664
879 0.26064166952662715
880 6.216970842586015
881 0.027758737368319162
882 33.64705696522534
883 0.10458172217141022
884 0.9367945413236443
885 1.2311799471228604
886 2.3532005797122273
887 0.2785027309634241
888 0.5373102504017296
889 0.49803372866126194
890 0.8427343058194698
891 5.018657992589606
892 9.280452936379593
893 1.9915228801240556
894 0.7691080959985691
895 0.7399727751677553
896 0.05760328780304084
897 0.27153511955007986
898 0.24928708459374194
899 8.057397533692074
900 0.8172086603599743
901 0.09265734821019425
902 0.20662615565659923
903 1.537434095229595
904 2.229172307193376
905 0.06203605560032578
906 3.0860575544129794
907 0.26475252564212576
908 3.527354417056445
909 0.6570433202479604
910 0.29994226571800886
911 0.12411357517577787
912 0.8843160498455048
913 3.950796455957898
914 1.7519316126510238
915 5.504625007327215
916 1.23920307027309
917 4.042305648466217
918 8.121305159815407
919 0.15210822015986
920 0.07358470241052667
921 33.37864597203009
922 0.11241647648075129
923 34.948478875677246
924 0.325343277443727
925 0.01733762708655194
926 0.2941507153500583
927 3.6720845187871203
928 9.852698513257346
929 7.801388293825232
930 5.238878751893133
931 0.6597155672809725
932 0.18846520806633282
933 8.552781807265715
934 0.5256805944589267
935 0.37628859158089983
936 0.48376543442949715
937 0.8999196909729028
938 0.10422611488874402
939 1.2521090216647803
940 7.213152632330756
941 1.6261753099150822
942 2.653277075079473
943 0.97763222498534
944 4.860537099058198
945 3.12278567766835
946 0.8701452529260032
947 0.23445208440169357
948 2.30192645529265
949 7.88522397130376
950 0.18767526951680044
951 0.5279819745056153
952 0.6522426385642819
953 0.4644113180419253
954 2.226189248830114
955 12.653754405375897
956 9.341822927103086
957 2.1683187797184478
958 3.232699942751176
959 0.5519632749033039
960 0.053082081239403195
961 25.797201973869175
962 1.1875812686459057
963 1.5109272047928124
964 1.33467497443841
965 0.36231312407091043
966 3.2785707828932518
967 0.6057258838497116
968 0.1759096209793138
969 0.28173335366240554
970 0.4707259730078679
971 0.7051688829552605
972 0.31196816713585646
973 0.18382734392381012
974 1.4439935608885188
975 0.21851274137628127
976 3.1872375504183754
977 0.2347251960354627
978 27.10642239869989
979 0.23920268467376604
980 4.72033231404001
981 8.467084079610164
982 9.296014154363993
983 1.545509290825442
984 3.805506098525437
985 1.9990901814587545
986 23.703928238670827
987 0.6375394951833558
988 0.3751168577244939
989 0.44918369987900353
990 2.6291273135333597
991 1.2386740013418667
992 6.834363024145705
993 1.2365780829512136
994 0.6071184024870209
995 0.030078650611791397
996 0.7728566885860845
997 0.1460349453661603
998 0.2283947932792832
999 1.2204015093538043
1000 1.460941038571402
