4 213 654 181 545
4 142 127 766 301
4 422 399 719 116
4 165 451 814 611
4 32 612 315 679
4 792 991 374 438
4 936 806 896 86
4 260 787 511 139
4 233 620 631 983
4 803 940 511 460
4 471 774 117 821
4 780 776 24 862
4 409 188 594 779
4 681 123 647 141
4 792 935 978 364
4 431 150 534 448
4 330 97 965 441
4 807 541 327 922
4 880 500 435 824
4 520 862 721 24
4 31 70 243 736
4 640 826 302 303
4 183 499 769 790
4 395 408 839 801
4 633 956 39 193
4 733 748 990 498
4 732 129 985 349
4 758 717 596 715
4 382 687 157 507
4 135 588 221 964
4 731 736 618 660
4 237 615 100 840
4 150 257 798 833
4 590 301 211 387
4 747 743 919 507
4 982 306 973 619
4 295 329 772 974
4 258 842 875 111
4 663 500 476 23
4 907 643 570 987
4 226 132 261 117
4 578 779 841 672
4 4 340 6 43
4 136 360 71 363
4 142 214 418 908
4 135 631 138 659
4 64 184 922 897
4 520 746 944 496
4 661 948 746 549
4 77 933 621 948
4 115 459 374 385
4 490 206 212 839
4 77 921 55 509
4 345 208 459 496
4 967 174 290 387
4 267 954 45 589
4 135 292 465 298
4 42 888 134 498
4 165 663 952 810
4 314 679 66 163
4 18 848 490 874
4 624 59 697 781
4 359 983 664 342
4 711 237 595 996
4 729 683 89 627
4 249 865 556 764
4 611 43 653 899
4 502 437 535 628
4 275 816 919 215
4 673 835 823 412
4 591 559 326 709
4 940 241 433 972
4 194 859 564 724
4 661 211 918 360
4 557 53 334 120
4 247 220 443 423
4 479 997 925 494
4 22 450 13 395
4 77 59 557 662
4 149 956 208 276
4 864 628 201 946
4 15 942 834 2
4 278 352 626 191
4 887 739 976 532
4 667 48 386 899
4 22 249 735 349
4 516 593 423 851
4 484 879 747 932
4 5 289 198 601
4 576 365 830 534
4 602 520 906 423
4 174 455 274 823
4 703 278 171 42
4 135 270 262 468
4 171 715 623 429
4 565 102 561 189
4 502 814 376 731
4 434 662 43 451
4 306 921 427 78
4 466 518 248 24
4 895 866 301 369
4 57 697 129 881
4 90 606 101 120
4 177 752 849 109
4 379 670 124 460
4 27 879 649 376
4 624 524 794 867
4 265 801 402 242
4 285 490 540 498
4 800 637 674 952
4 149 501 465 227
4 52 188 617 926
4 808 837 582 642
4 862 935 824 606
4 684 606 677 564
4 14 15 902 914
4 552 45 386 56
4 394 316 158 928
4 291 976 52 986
4 430 693 667 180
4 513 202 637 11
4 157 605 527 870
4 739 940 266 571
4 42 552 679 413
4 800 83 337 480
4 243 803 363 412
4 584 420 828 399
4 988 146 227 684
4 44 11 481 83
4 65 494 968 911
4 956 279 526 890
4 97 532 252 371
4 37 815 286 129
4 923 691 406 801
4 730 260 469 240
4 831 939 216 341
4 873 978 705 560
4 602 293 367 163
4 920 285 199 545
4 125 5 839 11
4 43 791 252 129
4 826 343 13 349
4 736 832 626 660
4 353 621 622 972
4 306 923 255 534
4 519 477 759 881
4 307 249 849 796
4 988 580 922 678
4 306 142 782 301
4 7 182 719 496
4 308 112 706 732
4 38 85 325 589
4 455 838 497 691
4 382 706 997 798
4 23 818 497 134
4 203 988 952 637
4 917 668 408 552
4 683 955 926 653
4 493 439 638 545
4 353 387 423 114
4 549 553 215 322
4 593 165 977 628
4 47 92 974 944
4 880 882 915 849
4 4 867 186 433
4 942 830 838 962
4 918 282 625 349
4 979 181 413 399
4 88 635 44 784
4 401 965 478 315
4 754 263 75 638
4 934 979 916 760
4 795 411 573 658
4 938 631 478 533
4 853 571 670 319
4 762 713 440 139
4 748 979 950 342
4 288 227 218 914
4 130 618 510 413
4 585 673 246 851
4 909 553 534 998
4 386 281 591 842
4 757 570 167 839
4 9 150 799 264
4 45 558 308 324
4 792 694 307 872
4 244 75 914 932
4 444 270 128 846
4 605 989 175 859
4 812 203 808 173
4 81 442 967 627
4 79 136 49 589
4 137 956 806 380
4 636 631 530 246
4 913 795 62 779
4 144 638 840 315
4 8 929 102 538
4 7 290 526 503
4 939 210 860 690
4 982 752 517 181
4 909 394 707 653
4 845 652 803 515
4 705 545 599 717
4 275 923 994 405
4 587 567 803 564
4 646 375 21 843
4 275 262 302 431
4 90 909 3 963
4 711 684 52 679
4 827 544 249 870
4 846 600 739 341
4 625 743 776 662
4 309 838 328 547
4 923 125 646 596
4 807 428 324 40
4 132 24 469 462
4 476 350 305 168
4 474 816 459 986
4 375 663 853 254
4 734 958 634 248
4 555 348 584 435
4 857 187 225 685
4 747 299 870 318
4 786 799 489 881
4 519 906 221 402
4 422 717 387 719
4 794 812 333 285
4 275 309 263 109
4 881 209 836 112
4 168 918 948 579
4 207 343 429 522
4 181 381 31 589
4 668 671 215 73
4 752 166 125 693
4 89 739 910 795
4 797 161 594 240
4 23 970 888 74
4 541 539 544 844
4 198 784 632 620
4 791 41 582 994
4 749 780 204 573
4 774 406 251 267
4 909 943 116 706
4 93 329 506 791
4 705 316 392 829
4 704 245 649 383
4 171 937 78 246
4 67 941 229 695
4 969 530 656 987
4 27 12 451 216
4 232 485 528 810
4 134 949 238 360
4 552 220 45 646
4 448 459 11 914
4 229 197 11 221
4 37 946 400 28
4 789 195 600 505
4 727 458 606 741
4 565 353 136 814
4 266 354 832 399
4 778 873 890 263
4 677 484 381 508
4 394 305 397 843
4 829 922 965 390
4 57 545 509 94
4 900 549 304 213
4 541 736 315 110
4 448 370 143 435
4 639 82 458 962
4 128 658 443 851
4 957 964 966 364
4 956 297 188 564
4 465 611 207 644
4 957 655 651 253
4 850 946 308 737
4 537 266 621 385
4 5 357 555 435
4 200 123 427 313
4 537 402 477 692
4 956 607 34 252
4 331 769 480 984
4 939 512 774 184
4 219 673 370 836
4 741 755 615 116
4 516 978 747 360
4 520 449 563 175
4 272 422 790 313
4 417 739 141 709
4 595 499 555 83
4 70 801 470 462
4 269 375 900 400
4 583 49 150 994
4 749 774 744 851
4 705 847 473 341
4 621 479 103 812
4 88 474 155 301
4 618 305 470 122
4 802 257 622 256
4 778 673 546 772
4 971 202 147 661
4 51 56 469 765
4 234 414 405 120
4 524 195 62 571
4 187 142 80 810
4 846 358 490 864
4 650 797 613 389
4 711 41 815 732
4 208 156 851 751
4 19 34 62 664
4 736 167 617 448
4 711 967 549 998
4 634 530 285 348
4 976 935 793 32
4 793 988 124 133
4 737 533 781 751
4 743 986 101 581
4 927 531 111 804
4 595 793 216 798
4 468 827 596 505
4 466 692 358 549
4 301 500 362 898
4 211 359 383 218
4 826 791 314 28
4 941 160 151 974
4 853 384 599 425
4 88 257 820 100
4 233 368 290 496
4 136 617 343 196
4 696 409 321 843
4 979 900 850 817
4 128 700 795 905
4 725 641 75 9
4 384 725 414 461
4 807 353 971 530
4 882 921 825 867
4 692 742 813 638
4 382 672 367 560
4 557 63 336 993
4 431 561 38 577
4 749 463 695 964
4 640 664 883 582
4 873 286 810 509
4 956 138 557 167
4 853 910 119 421
4 487 637 781 410
4 115 607 375 193
4 697 770 715 837
4 795 997 343 189
4 275 408 34 189
4 67 4 673 477
4 682 314 964 224
4 504 780 557 452
4 703 1 664 24
4 942 944 808 748
4 723 212 276 98
4 615 357 272 39
4 417 59 345 556
4 918 290 371 109
4 780 523 675 592
4 416 178 87 16
4 254 528 15 420
4 128 717 704 498
4 354 994 473 571
4 894 388 284 817
4 271 748 267 972
4 812 273 239 73
4 734 546 539 46
4 450 956 213 335
4 467 14 570 55
4 769 869 692 313
4 297 699 722 740
4 89 207 895 110
4 123 35 787 287
4 976 394 437 176
4 958 827 328 898
4 171 941 104 258
4 181 577 461 367
4 524 528 259 420
4 739 306 841 335
4 13 112 707 267
4 585 150 630 44
4 907 226 144 675
4 930 718 522 981
4 271 717 766 553
4 90 136 489 72
4 154 665 515 202
4 786 554 153 898
4 31 441 620 429
4 611 274 971 265
4 382 181 687 339
4 988 103 635 623
4 882 768 730 842
4 373 90 499 644
4 26 152 418 55
4 372 23 98 721
4 463 966 319 721
4 285 746 930 505
4 389 991 625 699
4 882 200 478 657
4 142 97 402 670
4 931 209 202 632
4 439 702 300 690
4 276 927 737 518
4 137 1 5 93
4 202 617 188 948
4 107 629 931 759
4 521 247 982 33
4 65 255 863 787
4 438 352 147 425
4 929 803 212 679
4 136 923 864 335
4 368 848 11 140
4 655 506 967 543
4 2 469 572 179
4 90 254 773 150
4 982 785 261 133
4 82 194 873 893
4 909 837 834 510
4 227 716 910 241
4 789 571 95 527
4 632 816 259 659
4 633 527 603 565
4 708 87 372 878
4 605 878 599 217
4 422 928 481 464
4 516 36 868 870
4 738 467 629 172
4 5 931 412 828
4 883 942 230 250
4 624 927 42 331
4 558 10 509 518
4 227 363 298 596
4 909 875 680 657
4 607 703 85 717
4 309 398 24 240
4 958 498 342 220
4 195 434 274 686
4 910 897 591 699
4 858 689 500 547
4 857 694 579 142
4 408 740 96 784
4 939 748 141 413
4 232 789 388 818
4 198 453 928 570
4 758 819 990 662
4 249 988 226 423
4 532 358 105 157
4 398 449 546 883
4 380 324 598 239
4 664 444 761 972
4 714 949 83 726
4 160 649 570 322
4 388 202 549 993
4 13 486 184 480
4 197 957 444 500
4 773 921 454 268
4 126 115 174 266
4 676 933 826 525
4 879 834 566 267
4 884 598 497 667
4 384 242 719 609
4 243 623 320 249
4 521 891 896 273
4 606 169 118 298
4 208 179 367 930
4 696 130 710 433
4 789 160 984 110
4 380 971 406 338
4 478 314 105 265
4 21 358 333 947
4 705 372 917 531
4 778 231 267 659
4 668 534 515 425
4 957 868 697 976
4 380 488 597 343
4 756 433 804 639
4 555 909 316 560
4 488 676 523 686
4 282 206 478 620
4 831 741 594 850
4 785 726 882 390
4 806 607 685 536
4 710 212 58 49
4 566 547 713 531
4 940 925 841 823
4 474 90 238 937
4 734 506 91 791
4 717 927 351 111
4 647 519 684 875
4 950 743 383 859
4 435 149 890 588
4 266 658 55 235
4 115 244 644 777
4 905 400 820 932
4 983 294 419 138
4 588 798 874 898
4 755 234 232 346
4 285 458 623 222
4 85 457 611 349
4 520 21 908 601
4 384 302 830 486
4 82 736 892 441
4 916 677 560 945
4 504 152 42 475
4 738 198 722 609
4 530 287 764 763
4 618 426 737 803
4 706 193 276 486
4 647 26 609 680
4 929 280 224 765
4 303 626 728 410
4 406 39 478 28
4 900 523 336 270
4 954 27 354 58
4 197 276 236 666
4 733 772 543 675
4 446 181 525 766
4 141 430 240 412
4 51 621 503 291
4 156 692 859 531
4 117 600 432 49
4 307 484 385 323
4 500 130 609 646
4 126 137 575 618
4 255 623 94 285
4 320 494 628 98
4 625 736 302 820
4 741 392 344 614
4 775 13 503 748
4 245 497 424 141
4 806 771 667 681
4 355 774 529 415
4 54 131 566 563
4 957 135 203 337
4 917 24 832 596
4 373 232 939 481
4 105 908 867 987
4 552 171 236 791
4 959 587 479 117
4 876 419 620 545
4 673 369 772 764
4 276 358 511 568
4 111 482 337 932
4 455 229 737 28
4 216 209 850 40
4 68 170 303 597
4 10 210 296 859
4 523 136 804 129
4 10 418 537 662
4 420 495 992 544
4 650 587 408 814
4 598 79 459 349
4 112 394 974 134
4 535 669 129 291
4 702 533 753 98
4 990 29 479 492
4 401 334 790 709
4 548 908 769 601
4 971 304 531 812
4 846 816 332 651
4 571 221 579 673
4 926 162 967 312
4 513 97 974 277
4 520 934 662 598
4 428 700 304 801
4 31 813 193 519
4 151 303 335 371
4 758 45 179 464
4 470 175 328 761
4 47 912 723 492
4 687 911 35 24
4 968 673 394 239
4 778 123 890 313
4 656 457 413 707
4 517 767 56 343
4 59 454 290 843
4 237 432 618 653
4 167 333 936 343
4 604 949 301 412
4 463 158 875 350
4 640 606 722 327
4 979 265 287 414
4 88 168 833 929
4 107 755 294 296
4 528 978 232 264
4 167 678 433 770
4 578 528 871 457
4 758 61 422 153
4 47 165 64 579
4 907 332 18 46
4 409 88 896 449
4 210 288 870 352
4 138 487 844 763
4 76 147 723 477
4 281 393 750 592
4 703 174 418 402
4 664 469 597 426
4 957 738 623 881
4 739 904 721 287
4 598 136 954 40
4 954 556 742 240
4 576 929 999 189
4 934 206 131 71
4 806 465 782 134
4 800 174 207 703
4 857 544 108 782
4 156 781 122 710
4 493 811 346 518
4 388 943 787 808
4 373 870 35 987
4 757 526 832 179
4 282 836 720 799
4 158 370 230 451
4 57 295 899 50
4 143 788 577 726
4 47 786 817 698
4 969 108 810 759
4 607 283 609 746
4 708 418 442 345
4 140 795 246 383
4 756 720 685 788
4 831 961 327 721
4 279 925 902 821
4 54 377 35 447
4 983 37 555 810
4 817 741 29 492
4 858 88 576 510
4 196 474 441 45
4 879 402 699 881
4 661 922 391 985
4 826 739 675 534
4 640 521 649 176
4 421 332 180 589
4 262 450 887 691
4 385 210 328 470
4 953 943 952 642
4 203 824 946 293
4 195 439 160 975
4 683 372 506 242
4 166 584 809 759
4 5 53 809 843
4 451 689 818 653
4 161 515 596 501
4 284 960 678 974
4 455 99 407 362
4 868 588 405 84
4 754 988 357 644
4 234 697 247 908
4 916 564 614 492
4 476 955 219 925
4 770 159 224 217
4 373 708 147 423
4 25 474 827 364
4 943 352 755 52
4 382 790 384 836
4 780 583 813 935
4 454 56 477 618
4 307 99 798 433
4 780 524 261 106
4 143 144 342 751
4 673 121 662 110
4 980 500 718 611
4 672 444 441 549
4 8 879 347 280
4 36 243 756 472
4 722 176 662 564
4 604 306 720 655
4 166 357 368 94
4 738 463 214 701
4 669 561 480 659
4 740 510 315 412
4 226 903 336 190
4 251 201 244 326
4 126 182 577 54
4 373 456 553 501
4 169 537 797 645
4 5 772 804 383
4 194 900 302 448
4 404 479 83 556
4 308 795 252 140
4 1000 976 547 772
4 34 860 773 61
4 194 200 600 202
4 473 178 163 151
4 722 125 741 175
4 353 192 548 14
4 822 419 451 179
4 223 397 810 153
4 560 704 84 948
4 955 178 551 974
4 533 933 191 950
4 607 520 14 289
4 194 557 437 354
4 436 7 279 971
4 604 788 539 179
4 270 466 249 898
4 448 676 618 881
4 629 348 507 658
4 27 877 422 338
4 711 694 960 772
4 392 185 861 251
4 10 95 869 231
4 355 511 98 139
4 861 288 442 94
4 749 794 364 350
4 332 984 629 660
4 7 384 552 508
4 683 206 762 834
4 552 434 348 189
4 866 782 11 651
4 261 502 240 452
4 969 639 164 656
4 947 557 625 627
4 249 477 529 510
4 565 197 669 911
4 796 576 315 763
4 907 746 730 191
4 210 475 391 98
4 943 946 107 83
4 806 718 413 649
4 47 443 865 722
4 529 523 367 823
4 317 943 188 765
4 519 816 21 995
4 640 209 665 358
4 448 123 556 751
4 585 330 299 518
4 434 758 461 765
4 882 646 486 366
4 787 777 447 425
4 229 461 238 589
4 382 115 299 505
4 59 398 87 515
4 616 493 670 656
4 780 977 11 692
4 672 909 606 750
4 912 294 569 464
4 599 47 158 162
4 223 182 449 947
4 733 459 875 837
4 807 366 889 98
4 51 759 223 397
4 809 834 317 532
4 131 219 984 377
4 698 86 377 110
4 185 203 261 844
4 788 762 267 407
4 676 133 949 182
4 108 281 415 311
4 668 99 746 267
4 185 782 225 18
4 147 989 217 440
4 791 92 748 452
4 900 527 833 510
4 249 340 534 709
4 647 777 963 109
4 157 191 866 49
4 225 921 524 568
4 463 581 591 358
4 990 111 710 859
4 463 537 793 943
4 47 234 579 748
4 652 924 381 452
4 219 486 743 9
4 171 924 366 49
4 159 436 217 377
4 13 976 448 111
4 927 771 330 318
4 806 634 308 421
4 585 282 554 645
4 613 606 262 119
4 579 830 618 510
4 185 66 265 334
4 69 851 726 265
4 688 445 415 381
4 60 160 864 551
4 971 701 855 589
4 401 312 687 264
4 713 19 899 199
4 889 514 816 163
4 933 940 922 732
4 538 68 747 196
4 848 831 220 215
4 465 798 367 496
4 802 4 812 46
4 941 926 168 241
4 523 317 259 675
4 696 392 210 890
4 219 769 242 930
4 877 474 950 221
4 238 712 437 191
4 734 915 423 662
4 404 227 13 736
4 759 694 257 457
4 694 693 265 61
4 456 450 311 186
4 400 104 730 843
4 984 673 358 995
4 122 735 208 788
4 165 762 163 424
4 214 84 391 472
4 420 61 915 34
4 841 970 731 584
4 971 541 538 283
4 649 517 744 724
4 909 903 644 726
4 762 956 941 141
4 99 526 363 338
4 275 888 248 589
4 730 816 714 83
4 20 989 53 666
4 166 790 146 294
4 459 546 606 671
4 11 232 249 15
4 161 341 931 998
4 569 653 717 242
4 775 539 15 301
4 67 422 280 220
4 795 14 422 206
4 134 529 331 298
4 495 685 136 656
4 883 752 58 628
4 604 594 107 187
4 471 946 257 596
4 1 459 111 623
4 663 719 510 993
4 860 863 179 111
4 36 915 900 587
4 673 366 284 230
4 395 317 715 707
4 488 516 343 564
4 144 70 899 427
4 130 593 377 908
4 445 603 922 376
4 773 395 365 506
4 304 406 123 313
4 22 288 943 442
4 82 960 123 722
4 288 519 972 322
4 830 984 628 695
4 735 790 787 834
4 508 759 654 280
4 812 244 256 122
4 249 588 394 881
4 484 192 934 363
4 491 165 756 945
4 264 793 770 101
4 500 307 708 44
4 687 528 874 614
4 690 986 49 654
4 976 159 473 443
4 835 17 629 425
4 780 892 840 962
4 613 950 828 277
4 816 458 362 350
4 284 872 894 179
4 80 389 999 587
4 493 899 417 349
4 152 748 99 49
4 643 865 569 717
4 36 142 288 709
4 69 228 662 350
4 310 81 470 111
4 395 50 576 797
4 307 785 510 596
4 187 434 213 854
4 835 388 33 881
4 916 47 366 238
4 607 225 393 152
4 213 341 671 304
4 868 169 852 377
4 131 295 538 824
4 170 473 986 236
4 600 330 570 798
4 731 294 377 212
4 270 57 560 952
4 747 940 939 904
4 166 518 994 337
4 603 281 391 788
4 778 460 372 706
4 805 799 214 834
4 184 29 261 611
4 210 147 403 963
4 183 395 303 485
4 234 943 29 653
4 275 178 123 848
4 945 747 777 24
4 602 755 723 859
4 353 910 741 371
4 314 559 124 618
4 270 778 272 361
4 115 879 487 317
4 546 232 943 400
4 219 795 753 632
4 605 11 882 828
4 344 584 522 842
4 629 743 783 479
4 31 649 728 298
4 162 197 83 670
4 723 211 601 109
4 262 484 176 717
4 616 746 91 114
4 520 685 784 215
4 630 299 273 150
4 917 323 400 331
4 676 997 431 52
4 848 923 542 235
4 784 440 691 480
4 27 995 882 268
4 183 576 622 796
4 209 838 63 315
4 102 625 289 397
4 749 775 568 82
4 775 827 916 22
4 829 631 402 536
4 275 194 119 391
4 521 924 893 403
4 668 674 101 500
4 13 780 631 803
4 835 39 463 817
4 229 761 48 150
4 560 53 525 697
4 379 309 449 511
4 77 328 865 396
4 398 316 228 109
4 615 13 78 839
4 194 960 896 120
4 822 541 591 564
4 473 277 951 224
4 63 422 525 242
4 892 302 936 112
4 81 466 221 215
4 805 539 677 40
4 921 381 741 323
4 982 214 396 325
4 669 677 870 311
4 1000 15 207 145
4 495 866 250 83
4 780 74 190 534
4 111 561 799 645
4 806 694 608 651
4 470 312 334 447
4 422 166 719 844
4 416 305 972 654
4 846 869 730 553
4 957 67 765 627
4 856 449 706 813
4 245 735 484 854
4 436 658 870 998
4 211 339 256 334
4 442 685 485 522
4 296 329 551 354
4 707 344 138 667
4 378 471 175 259
4 418 730 49 952
4 606 831 618 756
4 502 414 140 851
4 13 948 870 682
4 271 562 479 100
4 327 611 612 914
4 220 715 671 596
4 7 289 247 170
4 450 837 48 511
4 499 883 127 795
4 13 547 178 931
4 643 415 956 777
4 642 888 748 399
4 328 474 195 560
4 853 543 754 277
4 360 234 744 236
4 207 19 609 94
4 687 912 411 186
4 375 560 774 238
4 308 551 815 9
4 358 546 330 264
4 491 802 276 619
4 780 892 328 767
4 993 621 226 784
4 958 132 195 591
4 470 794 499 843
4 123 143 357 446
4 650 76 874 717
4 534 104 228 721
4 195 426 616 997
4 961 548 786 152
4 279 427 304 722
4 275 163 53 18
4 630 223 580 582
4 152 978 809 797
4 286 17 405 859
4 847 598 862 834
4 23 703 580 706
4 698 537 32 531
4 853 871 231 761
4 864 368 690 415
4 12 826 581 215
4 756 752 292 510
4 161 122 719 277
4 225 641 677 346
4 858 552 44 98
4 148 943 287 613
4 703 913 623 371
4 202 15 260 686
4 312 272 509 820
4 622 325 820 645
4 233 214 895 405
4 880 148 543 510
4 309 344 86 691
4 143 529 352 816
4 154 789 937 611
4 65 850 415 820
4 112 928 618 73
4 552 788 480 532
4 667 223 1000 785
4 445 852 430 813
4 302 864 645 985
4 990 789 971 387
4 485 694 163 426
4 961 308 573 748
4 126 822 588 287
4 848 358 875 241
4 270 31 495 242
4 624 689 785 976
4 69 264 984 109
4 223 10 516 617
4 234 614 285 189
4 353 438 285 889
4 294 208 410 3
4 705 85 365 878
4 446 636 138 972
4 353 684 293 944
4 877 541 707 753
4 59 554 221 588
4 306 146 486 78
4 789 603 621 543
4 1 964 717 803
4 126 805 677 96
4 451 61 305 570
4 900 164 974 828
4 77 806 902 922
4 379 86 29 932
4 398 650 757 19
4 858 667 202 376
4 523 938 517 55
4 868 209 603 49
4 306 980 273 570
4 327 160 138 480
4 934 539 824 402
4 279 959 100 622
4 182 367 189 371
4 394 80 61 549
4 544 788 190 717
4 470 35 568 201
4 68 233 844 319
4 344 43 656 914
4 324 138 487 412
4 683 757 492 74
4 401 764 421 475
4 720 603 160 343
4 634 128 231 589
4 711 84 296 289
4 137 468 53 220
4 275 116 439 399
4 234 362 879 531
4 870 649 740 133
4 471 653 176 303
4 77 900 696 110
4 778 528 234 296
4 794 62 562 962
4 234 466 335 190
4 851 430 753 551
4 184 58 52 96
4 70 826 579 501
4 381 924 874 884
4 409 271 357 917
4 616 512 17 406
4 853 833 179 480
4 852 223 813 46
4 846 852 964 236
4 378 257 44 443
4 684 961 439 343
4 613 107 637 101
4 65 82 300 3
4 320 642 118 413
4 130 57 900 490
4 183 209 758 710
4 689 955 635 118
4 811 341 231 435
4 25 127 314 955
4 279 933 611 872
4 766 269 978 73
4 454 361 960 783
4 232 211 722 597
4 379 203 769 405
4 778 767 460 152
4 927 340 822 284
4 648 145 332 302
4 88 340 569 224
4 418 285 631 536
4 427 366 777 674
4 123 998 415 709
4 295 205 629 486
4 878 519 55 30
4 647 320 145 83
4 947 794 837 72
4 60 93 108 433
4 484 841 510 797
4 488 305 327 682
4 734 132 789 146
4 5 135 863 843
4 210 737 400 996
4 578 673 769 660
4 647 412 327 408
4 806 669 885 534
4 734 330 185 862
4 718 956 643 33
4 414 978 810 16
4 876 610 446 118
4 990 594 273 448
4 174 583 606 277
4 826 344 31 531
4 537 697 562 748
4 177 893 667 336
4 617 736 334 972
4 154 701 656 168
4 243 871 776 718
4 891 15 123 105
4 4 361 20 291
4 308 61 426 751
4 48 819 408 141
4 409 388 372 240
4 70 35 442 335
4 203 400 157 407
4 243 955 232 987
4 229 465 988 896
4 51 940 786 885
4 47 973 965 153
4 647 8 768 917
4 454 206 36 203
4 200 333 883 227
4 974 143 302 510
4 1 941 487 372
4 449 123 598 369
4 204 891 403 996
4 77 122 349 890
4 442 344 377 901
4 262 735 7 555
4 792 840 929 343
4 257 884 511 216
4 640 225 68 155
4 802 690 501 874
4 38 713 931 475
4 899 127 934 944
4 494 344 343 423
4 275 14 634 352
4 674 368 112 851
4 689 323 159 726
4 520 789 693 759
4 363 968 644 872
4 367 180 61 492
4 409 935 865 86
4 80 775 577 772
4 378 720 949 349
4 373 741 196 932
4 926 293 447 322
4 575 844 508 709
4 520 471 899 150
4 219 204 13 207
4 362 670 745 507
4 604 69 597 872
4 275 445 127 335
4 848 50 351 773
4 954 673 900 698
4 805 960 191 494
4 243 206 743 423
4 908 723 264 489
4 908 830 994 657
4 458 951 637 330
4 520 512 269 772
4 336 522 178 263
4 142 837 453 139
4 749 634 75 645
4 234 314 821 998
4 696 126 332 759
4 860 181 101 263
4 957 743 322 657
4 826 832 207 613
4 416 65 568 901
4 593 330 199 399
4 604 125 503 861
4 727 85 609 46
4 393 768 590 755
4 340 718 715 33
4 204 489 930 572
4 927 67 648 512
4 416 115 124 763
4 358 65 809 127
4 238 388 143 863
4 665 767 49 468
4 7 103 567 313
4 937 933 762 462
4 550 373 272 513
4 234 876 553 904
4 711 949 244 662
4 911 770 987 30
4 411 27 746 387
4 376 446 613 842
4 806 599 781 321
4 485 612 945 326
4 269 1000 103 246
4 783 605 116 680
4 48 21 635 489
4 683 398 155 16
4 792 51 459 545
4 922 527 784 464
4 946 389 157 421
4 201 408 566 515
4 243 811 335 832
4 247 962 561 765
4 77 683 550 433
4 583 103 840 651
4 973 40 981 534
4 8 401 122 325
4 794 789 67 492
4 295 716 682 641
4 115 117 515 16
4 857 814 527 316
4 34 603 507 253
4 498 773 869 617
4 411 305 742 810
4 478 287 714 168
4 389 330 521 291
4 858 649 567 645
4 282 205 148 335
4 103 979 470 147
4 843 436 498 349
4 746 644 464 215
4 112 568 571 435
4 984 610 918 265
4 8 662 439 443
4 416 309 131 671
4 324 361 840 342
4 602 820 798 303
4 380 147 213 293
4 733 945 764 904
4 977 697 678 124
4 764 948 469 478
4 401 968 760 917
4 386 859 867 189
4 214 688 554 506
4 607 945 360 83
4 503 688 955 592
4 422 712 85 867
4 811 524 225 743
4 70 324 333 141
4 818 4 428 992
4 650 790 762 793
4 320 533 129 501
4 969 199 406 369
4 945 21 497 319
4 398 266 356 943
4 288 978 125 824
4 484 115 880 324
4 15 63 495 163
4 988 297 967 44
4 384 831 385 319
4 846 142 704 98
4 973 370 303 274
4 826 306 208 386
4 916 251 524 204
4 389 127 610 785
4 775 916 128 448
4 807 661 415 670
4 661 435 829 810
4 700 894 625 210
4 853 409 764 817
4 580 631 274 293
4 858 936 851 110
4 316 233 41 574
4 705 587 536 620
4 990 427 178 217
4 135 326 587 823
4 713 219 950 343
4 754 861 555 153
4 25 260 384 856
4 605 953 652 341
4 771 637 489 318
4 88 289 872 905
4 511 425 723 828
4 10 641 739 264
4 599 561 477 859
4 357 806 189 686
4 434 727 103 508
4 514 107 486 489
4 398 181 343 985
4 115 207 759 588
4 166 244 615 309
4 123 365 751 311
4 516 189 212 509
4 453 31 593 165
4 786 849 508 49
4 857 148 72 551
4 417 156 462 885
4 980 915 157 844
4 910 701 693 268
4 906 459 964 370
4 255 220 832 867
4 373 230 206 318
4 158 899 715 252
4 197 940 17 791
4 223 1 938 212
4 734 26 904 377
4 47 910 159 40
4 149 643 206 709
4 947 539 50 79
4 578 192 355 483
4 53 169 959 21
4 107 304 82 532
4 18 876 756 29
4 640 387 374 963
4 422 954 779 285
4 980 648 813 240
4 681 264 101 796
4 693 168 290 334
4 598 428 614 924
4 65 618 731 376
4 414 612 747 904
4 619 959 292 222
4 784 76 929 825
4 42 25 695 424
4 384 938 930 138
4 159 477 222 645
4 182 406 570 972
4 225 708 954 976
4 541 240 414 704
4 128 208 569 526
4 512 537 704 376
4 166 973 191 259
4 105 43 287 423
4 758 100 233 235
4 729 271 333 587
4 792 127 916 33
4 805 450 582 460
4 10 31 786 762
4 669 813 827 489
4 90 973 84 717
4 671 269 839 301
4 668 123 688 596
4 187 559 571 164
4 84 616 923 377
4 203 102 735 298
4 203 778 111 994
4 449 508 446 709
4 254 295 370 629
4 69 517 122 620
4 713 997 935 172
4 734 145 946 953
4 508 394 375 679
4 169 405 653 781
4 931 219 737 170
4 633 195 331 722
4 290 210 309 41
4 786 948 664 784
4 948 498 503 472
4 456 568 588 34
4 258 281 350 71
4 419 22 763 859
4 995 927 683 808
4 835 992 472 321
4 876 39 803 551
4 36 824 79 936
4 733 193 328 91
4 143 105 636 901
4 871 758 56 636
4 122 256 21 974
4 777 190 193 94
4 858 177 148 801
4 243 541 998 385
4 207 245 33 28
4 200 23 427 704
4 127 272 108 901
4 805 39 176 186
4 685 319 61 547
4 887 580 668 769
4 648 984 561 413
4 469 307 655 586
4 585 480 110 492
4 63 591 691 383
4 445 739 437 83
4 738 276 329 236
4 976 613 212 944
4 622 119 147 343
4 183 251 169 962
4 416 460 863 390
4 850 328 791 894
4 926 952 104 330
4 198 375 35 164
4 663 662 315 963
4 424 262 163 517
4 72 456 674 762
4 161 643 674 592
4 408 84 614 671
4 373 81 762 160
4 890 532 832 116
4 550 200 989 726
4 404 815 748 987
4 727 216 744 301
4 933 959 501 318
4 513 4 890 924
4 580 164 938 698
4 848 998 489 403
4 5 300 730 114
4 860 97 712 630
4 54 747 86 239
4 79 58 567 884
4 497 526 305 280
4 100 882 989 326
4 575 361 954 157
4 13 907 266 990
4 430 444 588 61
4 956 116 984 228
4 82 122 199 851
4 384 66 124 985
4 285 989 400 931
4 63 684 255 328
4 255 956 108 375
4 735 753 885 342
4 577 811 533 71
4 254 77 39 363
4 278 76 338 49
4 67 668 129 83
4 764 782 522 120
4 8 887 790 834
4 710 366 952 825
4 973 293 678 783
4 42 562 497 196
4 696 339 237 329
4 183 837 701 915
4 506 359 775 925
4 910 977 208 511
4 909 500 745 783
4 359 581 104 837
4 31 433 781 120
4 708 340 281 884
4 676 969 399 105
4 708 961 630 834
4 143 432 781 660
4 234 297 959 543
4 89 902 953 396
4 807 695 155 83
4 656 764 208 975
4 11 891 803 900
4 531 745 449 114
4 605 742 818 331
4 769 339 144 572
4 373 758 369 751
4 269 690 259 407
4 800 453 989 996
4 672 381 406 596
4 168 695 172 218
4 735 514 569 362
4 976 577 435 30
4 86 707 142 159
4 529 953 653 645
4 756 664 339 657
4 907 769 949 310
4 90 622 358 884
4 485 892 609 447
4 637 553 531 972
4 564 456 669 84
4 484 443 352 564
4 786 703 685 686
4 977 903 654 369
4 357 831 124 212
4 53 203 173 338
4 302 650 107 87
4 195 675 755 517
4 332 767 39 436
4 547 687 764 412
4 375 400 746 810
4 309 788 745 140
4 359 169 948 753
4 52 336 394 388
4 548 95 201 906
4 246 624 563 265
4 416 547 699 834
4 460 842 691 240
4 835 75 160 928
4 786 85 755 92
4 879 295 514 164
4 753 621 911 120
4 208 855 206 414
4 90 251 726 18
4 580 521 616 449
4 725 576 511 845
4 579 936 413 654
4 143 911 525 972
4 1 488 68 911
4 747 540 563 277
4 233 331 902 443
4 273 684 741 632
4 716 724 806 272
4 802 650 719 426
4 950 630 889 859
4 871 577 970 842
4 734 241 747 238
4 794 22 484 30
4 320 757 95 230
4 162 607 143 709
4 760 418 563 594
4 814 112 642 52
4 822 789 170 189
4 514 430 890 239
4 669 411 769 872
4 602 663 371 311
4 466 836 549 351
4 38 284 163 41
4 540 829 611 645
4 243 200 354 620
4 234 936 222 391
4 146 35 860 288
4 938 713 924 844
4 103 467 34 568
4 977 197 781 981
4 56 747 253 645
4 132 406 906 296
4 409 881 435 407
4 634 19 573 742
4 733 697 231 518
4 4 389 697 489
4 204 858 555 572
4 711 311 116 804
4 580 822 910 868
4 65 767 518 590
4 132 344 284 78
4 736 989 242 321
4 47 141 675 253
4 640 31 967 777
4 921 785 950 164
4 495 328 584 518
4 848 488 136 124
4 482 331 758 376
4 800 835 83 129
4 68 166 186 796
4 528 48 408 101
4 786 780 920 717
4 11 41 549 586
4 378 977 418 967
4 711 907 836 351
4 703 888 834 407
4 672 268 206 859
4 446 786 468 176
4 835 544 595 54
4 803 429 779 751
4 729 125 103 153
4 72 940 69 1000
4 312 542 323 632
4 696 629 354 240
4 873 226 503 925
4 404 223 599 577
4 563 486 186 886
4 710 900 490 420
4 910 525 309 71
4 536 379 212 235
4 314 238 486 671
4 161 360 101 993
4 20 476 373 106
4 578 445 742 33
4 861 100 230 390
4 742 62 770 351
4 197 17 309 562
4 734 995 776 76
4 832 355 821 301
4 372 21 875 912
4 393 4 845 42
4 824 972 164 659
4 450 716 621 388
4 902 134 309 451
4 160 821 213 728
4 441 809 225 944
4 286 566 784 572
4 484 69 584 764
4 35 376 377 333
4 269 960 776 626
4 615 286 248 443
4 847 473 220 881
4 846 633 819 532
4 846 531 596 506
4 392 18 105 86
4 711 56 303 489
4 927 85 855 150
4 126 99 598 341
4 879 997 480 277
4 711 439 61 338
4 785 784 929 748
4 278 834 572 679
4 750 941 885 717
4 229 993 424 116
4 621 882 872 129
4 802 771 310 139
4 180 862 355 972
4 85 249 579 840
4 336 269 905 679
4 77 676 736 324
4 880 210 309 356
4 384 263 224 987
4 47 45 834 441
4 715 821 609 16
4 258 309 651 470
4 379 635 256 94
4 971 599 601 222
4 178 516 359 117
4 422 850 571 139
4 520 905 102 323
4 804 63 567 420
4 685 227 178 433
4 386 920 762 111
4 907 142 152 186
4 132 557 549 950
4 382 958 159 155
4 68 924 253 717
4 373 701 457 974
4 107 879 214 193
4 858 581 871 414
4 367 566 251 212
4 587 712 804 772
4 223 412 296 489
4 873 197 27 122
4 353 616 613 452
4 967 121 874 435
4 939 799 301 80
4 550 208 76 656
4 689 427 93 283
4 270 880 265 498
4 288 229 630 305
4 619 737 461 259
4 516 865 599 291
4 747 180 788 54
4 135 62 912 660
4 466 977 15 109
4 70 938 486 645
4 676 542 94 532
4 379 773 617 879
4 306 154 882 109
4 848 21 972 851
4 370 905 816 692
4 799 744 562 222
4 445 40 26 413
4 662 844 622 617
4 90 427 263 253
4 652 408 97 342
4 851 253 169 634
4 677 960 518 486
4 365 576 203 316
4 771 406 501 71
4 569 521 915 2
4 218 936 147 842
4 529 4 796 369
4 394 479 610 403
4 608 646 235 810
4 256 479 875 985
4 529 816 844 984
4 734 825 686 377
4 668 870 788 496
4 359 784 747 287
4 438 590 695 318
4 64 427 244 556
4 573 693 699 259
