1 0.5357421400180674
2 1.2900254430805946
3 1.3288349997367042
4 2.7495354873740663
5 0.901382944176123
6 1482.4461316478173
7 1.6217946539963506
8 0.06452848655674369
9 0.8294112948739144
10 1.3950763231261998
11 0.20992338327761315
12 0.2886745647049236
13 1.6082928964394092
14 0.4230771486296035
15 4.41609528891306
16 21.426115881951112
17 0.047445268093983396
18 36.677369760435305
19 153.70792563582657
20 0.9083233155412401
21 7.952051363396155
22 2.44162094795312
23 0.05582954514008647
24 0.44003422004536186
25 1.782276832364338
26 1.102825870185412
27 0.2519465307538812
28 8.257866186848448
29 0.35741217185526475
30 0.07780450851908265
31 0.1600617343738254
32 0.4754633986247315
33 5.6006937623278255
34 0.6518600516281841
35 0.6716998666811115
36 0.5460549111319613
37 0.4830035896699804
38 0.27013150677277525
39 7.8309126203986406
40 5.103454804702383
41 0.0869470628854361
42 0.6705943160297461
43 0.300572546629567
44 0.23338234862544546
45 0.9196130738960898
46 4.176010224162252
47 2.043803854739666
48 0.36804805116752276
49 0.8399900330313096
50 0.1621554824251055
51 0.08761013891825228
52 0.06288794435328941
53 0.6625155601930547
54 0.3108972265923186
55 0.18508167270604542
56 0.5328721427541638
57 100.80632454562807
58 0.23514392693011543
59 5.120427094720261
60 0.9671365414277601
61 24.018665309824275
62 0.2521337249152509
63 0.5584843449989229
64 2.0301396427300897
65 0.25727166716569405
66 3.2717601183284595
67 1.9436509503234638
68 1.7320291119844626
69 10.605740939399306
70 0.8317914278850528
71 1.1804859022912755
72 0.5914805475075863
73 0.3795716037202236
74 0.5718035121640241
75 1.4577984527345547
76 1.116366025604429
77 0.6260536976838184
78 0.8487966045954561
79 1.6882473583932025
80 0.9530641886525418
81 10.471407928320508
82 0.10258108155386762
83 2.1416365280903475
84 2.0875345085356045
85 0.07425144612496731
86 44.335188146257835
87 0.8043435293375076
88 1.1202542299343605
89 1.0501922824806498
90 0.1677487068924133
91 2.7312767716702573
92 1.0737601861121802
93 9.457963083983202
94 0.36815555343187106
95 0.5316828056968831
96 1.4138537590361129
97 5.111804013316316
98 2.1407987735784872
99 1.0284223784677484
100 2.00586156364511
101 2.6679603686242395
102 2.3442180201053016
103 0.16859970563506188
104 2.5658977360838087
105 1.037020960380678
106 0.5525923552458235
107 1.029048032882171
108 0.045287226630755274
109 2.820702483046501
110 3.7451533062493887
111 11.16098240561841
112 0.9778058937136416
113 0.8453516365228013
114 0.5117806552476423
115 0.23026734514297287
116 1.052864589022679
117 12.23885863584643
118 0.27208640654120786
119 0.9607966811451032
120 0.3189020733687291
121 2.681431828556055
122 1.7334906671509682
123 1.5418258904849411
124 0.20393650118847365
125 0.5998724905766443
126 5.49818944313063
127 0.4725847923513946
128 24.217163433457014
129 1.3492576815065371
130 1.7291716166098838
131 1.952635623452902
132 2.2210034647326187
133 1.0525249395968248
134 0.9857771058700538
135 0.07681192004674582
136 1.9428870969974132
137 0.5480506059421363
138 8.889379280379545
139 2.9424516084470453
140 0.3011182502775628
141 1.7182473779800818
142 0.5075754942429457
143 0.12266774097572727
144 8.275355290187376
145 0.12232702871501619
146 1.5149769916835034
147 0.045224755158903764
148 0.7103692507414089
149 1.863057177036035
150 1.3446518212041096
151 2.086459705505222
152 1.3154835384835326
153 1.112665927296209
154 1.6740622108576273
155 7.657109333363787
156 0.7120147753959385
157 22.555855994087956
158 0.19602424183044578
159 3.660920748033783
160 0.9481920303768756
161 0.23234264081164724
162 0.5893916901286502
163 2.97264986223512
164 0.2662840897351948
165 0.7903322764074815
166 105.20549920480178
167 0.5866191293468503
168 1.7558586980456692
169 1.2987978110181606
170 0.0476688769636282
171 34.56939331205263
172 3.9747008301951645
173 0.5431933222980916
174 1.9097191816036518
175 1.5761239381939556
176 4.399741495339976
177 1.651281478258106
178 13.744148459313323
179 0.006026579755352382
180 0.00140497949382416
181 2.872586466275388
182 0.8694243867834378
183 1.983045490244193
184 1.638528337172484
185 6.482209308822008
186 0.015051843755335704
187 0.6345898328989668
188 0.16471091040881544
189 2.600031843141504
190 1.107764849249087
191 20.547444257870477
192 2.6099653885161125
193 0.4872632073608667
194 21.39397663208817
195 2.8002246680933855
196 15.401011606910846
197 3.207403860238636
198 0.07498126298990312
199 1.3588708795642674
200 0.5208637600648149
201 0.7743486211477345
202 0.2856595977396186
203 3.411159958449546
204 1.6216471258553107
205 13.408279553362783
206 0.000882427027659559
207 0.6187312862757164
208 0.2791367154236517
209 0.3889176358862137
210 0.6488312410095982
211 0.3199178212634229
212 3.3942839723759
213 0.045375196460300866
214 0.6480037391758521
215 0.13029608933126452
216 3.804159405973139
217 10.467159755586394
218 0.2896940821526792
219 0.4855164316909982
220 0.6266656462264029
221 8.706934697522069
222 182.564583486418
223 0.25687234168882617
224 10.618964517678455
225 0.2396996053522787
226 11.436797799869375
227 0.09445463297190296
228 0.3435359132527329
229 2.8618711901359237
230 0.3152514105514763
231 2.331735246029684
232 0.1352194798745095
233 1.6664437457449488
234 0.39800120614856516
235 3.099828516388659
236 1.9570456309252342
237 4.668892630985529
238 31.262854291738034
239 0.8116461780296775
240 0.41271419251688873
241 3.0773543283869977
242 36.72238162948427
243 2.001788752446586
244 2.4378946131747345
245 0.02541840252699094
246 1.3832498666026116
247 0.37505977696570325
248 1.4034761641724094
249 1.106858249250021
250 0.06613166271740083
251 0.3715651663578949
252 1.1889494074859988
253 0.03978636959912459
254 5.117641569206404
255 0.5032092151941064
256 0.27845759016907307
257 1.8089206525395543
258 0.06662723164841698
259 0.3839241101286414
260 330.19834481263155
261 0.9914229931835071
262 2.7048358640673564
263 3.622846558080934
264 1.3136812773751736
265 0.8757157004381406
266 2.9059367564225727
267 0.8386766609446887
268 0.12797690720991847
269 6.427903006485488
270 0.2395973240444165
271 4.329438946379234
272 0.5480944834705176
273 0.31930221313215246
274 1.006441323443687
275 0.35004989242557927
276 16.81052965527468
277 0.05063741279852611
278 0.44421700711048867
279 9.428241213581673
280 1.7026000341845537
281 0.9719581784041281
282 1.774976370044828
283 0.9048427277650166
284 0.992524215401721
285 0.1650464827159779
286 0.4707074814021731
287 0.7059048370836313
288 1.8359187518952709
289 10.509495779416103
290 0.12658323115174114
291 0.39312887791633133
292 0.933902307612977
293 0.25544789447461824
294 0.09796395543848707
295 2.1905672789142265
296 1.24219999534993
297 7.063804743453413
298 1.14160231540527
299 0.21067487847727684
300 0.21581257539106044
301 10.059528053676493
302 2.0997375950533432
303 0.0036022705331166843
304 1.4847209003990396
305 0.3974894002748472
306 0.49735913314631136
307 1.084237815576457
308 1.414829640601892
309 1.8649419636741418
310 0.23590130258263994
311 1.8244800856251397
312 0.9914665115802568
313 4.82263360159127
314 0.23194499214268738
315 24.929519423460412
316 7.698382531531764
317 3.7523976796601985
318 5.535512990771997
319 13.81761439969914
320 0.9970466007531846
321 0.8365595068036711
322 1.289221549734787
323 1.8383367791616716
324 6.975291028831012
325 0.015116513051782203
326 0.5863990188544908
327 2.3079750828165606
328 0.08147343254040791
329 0.08453638959826287
330 1.3777692957588905
331 6.796146090849525
332 1.180872829849372
333 0.2868297888892691
334 7.06700548315093
335 4.005019659533886
336 0.09610799771777369
337 0.25956888819405394
338 2.2237510413699497
339 0.20444976290149708
340 0.8572625065735481
341 0.06938439702293692
342 0.6920046728373024
343 2.4169231006800773
344 2.298112537173949
345 0.4257978660916758
346 11.711230875436216
347 0.32422233608982276
348 2.6994950266806628
349 5.859990942642956
350 0.4442147485701647
351 2.15196408985786
352 0.8599452812117262
353 4.72478894776213
354 0.025863996807386592
355 32.897831956978095
356 0.004457622485120585
357 0.13609723462519374
358 0.2619310436817613
359 0.44342951766005645
360 0.3849195191841633
361 0.04845185274416106
362 0.1433830265793977
363 0.030649568275418274
364 0.05789316343324807
365 1.1667154905018822
366 0.501048877189755
367 0.15064928716203083
368 0.008864780047750324
369 0.315401846547136
370 11.836186706058744
371 2.0994940543337552
372 0.6740746994358109
373 0.18460369918053218
374 2.710050838503524
375 1.1682218445794432
376 0.2837316065245662
377 0.7049520189232126
378 2.112610454159269
379 0.07787023701750682
380 0.8545739423415336
381 0.7843989733275942
382 0.6830743026227962
383 7.383595825294182
384 0.8281953237270311
385 0.035637993908465046
386 8.665782232910926
387 1.5406839720359786
388 15.889350154746698
389 0.08978457225239768
390 0.38536337128978126
391 215.86745949984171
392 7.022857973693231
393 0.008241155692375622
394 8.373143032312125
395 198.76533392079676
396 0.5223412903595839
397 1.0848264613529033
398 20.564101778997784
399 0.20227499768503102
400 0.2889745626589801
401 0.621667384077182
402 1.3355213598560867
403 0.0160535735059472
404 0.036316770191606666
405 2.0139431191999626
406 23.161325695103105
407 1.1971422580354867
408 1.6689245468010603
409 1.422296068270525
410 0.6410470263838465
411 5.484054612397428
412 1.3937156726326707
413 1.8387975603854836
414 0.15754714342584872
415 2.9133770076719596
416 4.19460132711677
417 2.0303825518248706
418 0.5717450304121867
419 1.1330145507112532
420 2.5934653522174083
421 0.04444538225551575
422 0.03901310794007593
423 10.592899978109429
424 5.882378925888514
425 4.15346381478953
426 0.3707093669802777
427 0.628266501006113
428 3.0632460805382506
429 0.5174483553618937
430 6.990118905922315
431 1.3051594037808179
432 1.2107832379179866
433 0.5605056174990944
434 1.6071158204858575
435 0.7622823974604261
436 2.7134195962969563
437 0.32629700973777065
438 0.36116562579464145
439 0.8124561785991479
440 16.852127181339824
441 2.9021839374738247
442 0.7935949450448864
443 0.025483380681900602
444 4.282382864507466
445 4.438969608194897
446 6.509226762179978
447 1.4962137325281106
448 0.07140108156766163
449 1.454817617438919
450 1.726730254279767
451 0.09729195560472415
452 57.33229695092119
453 0.07678922519997372
454 3.1325544524469393
455 0.9116789651167359
456 0.4132744218072328
457 0.8546371872254951
458 0.5072796526370286
459 0.5655578803516289
460 0.43666692979787947
461 0.7774499512030021
462 2.149982995712882
463 28.6627419277762
464 0.2968707208871886
465 1.9818133909933726
466 0.28797167453113764
467 3.3960245997713434
468 0.05306127928965524
469 1.655186973349252
470 9.827791108821934
471 0.5302375315228963
472 13.208850664274271
473 0.3679590486304757
474 9.563491997078042
475 0.05711033916201408
476 0.6318124644301273
477 0.5258819188823626
478 2.835658412407993
479 0.15131004562646846
480 10.326665311169199
481 1.9753544573424093
482 0.02317532252603553
483 0.990770229645482
484 2.3820409603497583
485 1.0277349518135095
486 1.4457263483018097
487 0.23547781217211927
488 3.3588052300265123
489 2.560563105296175
490 0.8413392840864539
491 0.6226963317051856
492 1.9117654454944775
493 0.31163533426046425
494 0.11845843075825285
495 0.941253310139561
496 3.2257756484798654
497 0.04848664208141935
498 45.44069044916338
499 6.7268695136706835
500 2.22607545824595
501 5.954957269633353
502 0.6301752478352987
503 0.043995545329522906
504 0.247459854695142
505 0.1960161439347725
506 0.09699447234966437
507 0.09365667527021736
508 1.1615818682319676
509 1.7334086083987497
510 0.6931834456948758
511 0.8744390499009768
512 0.325121916487441
513 0.7084538192630305
514 0.8658963978981667
515 0.058666766887326464
516 0.4649359448992192
517 0.464087034096507
518 1.688809095793815
519 0.2557535087901767
520 0.08086351780626554
521 18.278074684003798
522 3.228355492825915
523 1.043322541242647
524 0.3255925382420502
525 6.052087422498029
526 0.26660825097231183
527 0.3411935329314554
528 13.95057932532589
529 6.321040129239673
530 3.843068312026744
531 6.761520750418213
532 0.04540504595917175
533 0.09567433333534586
534 0.09596023617193372
535 22.697542800394444
536 1.5396958464022446
537 0.501039580460676
538 0.26881384075922016
539 0.5883580252937243
540 0.921602230556303
541 1.7265225091937522
542 0.330782549029681
543 5.928291856648652
544 6.42045331671123
545 3.831301613790894
546 0.4124994647653801
547 1.3013016716233234
548 1.0994757624796396
549 28.619295269532017
550 0.1867787612719956
551 2.4578309336954205
552 1.1382089995448423
553 0.7589795362429375
554 13.920231270861366
555 0.32361229746704256
556 0.023000022784370373
557 0.5786673706525037
558 0.02414149935667376
559 0.3110644481995602
560 3.049024710871399
561 5.880679485057888
562 0.24413014544244468
563 10.64349874031672
564 0.8535216125196052
565 1.6925443139314047
566 10.40011515688153
567 1.935600307728885
568 7.348877109766921
569 7.132251722787512
570 15.405335451156747
571 7.856776134569056
572 0.28794212955231424
573 3.1002352023594115
574 0.7537260461465991
575 4.040483609567582
576 0.6657476234710871
577 11.737595049723957
578 0.8732331182335025
579 4.800939698478381
580 0.5878402495498922
581 1.3170242963260892
582 4.523621776135637
583 0.059316558975088064
584 4.729669610518309
585 0.28675498198916943
586 3.0498420723550654
587 0.2813328739640763
588 0.7261558395554635
589 1.453455377288431
590 1.7458656548352036
591 1.1723607452521136
592 2.6630213189983003
593 0.14203721654433143
594 2.20732020175107
595 0.03550290565764288
596 0.4222782033289298
597 0.1521448835829218
598 0.059809248144457754
599 0.11191394283264229
600 0.3073962153593313
601 0.34759928628666054
602 4.212857009791458
603 0.9101022458702048
604 7.273383177680667
605 4.936868905853226
606 0.39191420610002664
607 2.062334213553176
608 0.27535175185415334
609 1.1079834817354965
610 158.03814384841021
611 0.12015801788361775
612 0.7442621428888725
613 0.03164287732554653
614 0.1967869651530054
615 0.4751815347406009
616 3.856436359953107
617 13.741673497485642
618 0.06483202098199939
619 0.20280889043287822
620 0.3329463676524494
621 0.4061660751767101
622 0.0516394360273072
623 1.999322040369316
624 0.14803879277223383
625 0.8075870452143615
626 1.1757939386259242
627 0.17636017981997812
628 0.9165418117341377
629 0.5806877505805301
630 1.7068848034258715
631 1.374291743939625
632 26.484711201717257
633 2.8395848947785107
634 3.345243996554148
635 27.049405418684454
636 591.3842150757675
637 0.5491980874138643
638 0.11505473266497332
639 2.39521427161027
640 0.8448065996165631
641 0.013237441177165297
642 10.684120125455623
643 0.8975517697595676
644 180.10354487075236
645 5.476663017687482
646 0.363190282911853
647 0.15400141224512903
648 0.35495748256225645
649 1.4877019506900249
650 8.815730821484483
651 9.1951566930366
652 0.3211141960325825
653 1.8081222327432005
654 0.3922578719518108
655 2.1244586488832664
656 0.01206647838781201
657 0.9265787785967492
658 0.07962307003702626
659 0.5220015047929067
660 1.6961302511196865
661 2.4669745265965535
662 0.01778116842588235
663 2.700548516795473
664 1.7822222663175344
665 3.3652877522797406
666 3.953107243184956
667 0.2154341724056344
668 5.377214310689577
669 0.7468915825029167
670 1.3277757636972325
671 1.9405359005311875
672 0.31164333790362764
673 0.07610877528353584
674 1.4056394962507066
675 1.7243022772355847
676 2.6422824528973914
677 1.5031246188183571
678 1.051803736916199
679 12.559324821602637
680 1.9758990366485012
681 0.2932484999471834
682 0.24806781899820504
683 0.643239252880701
684 0.35450538911505386
685 17.966728020474658
686 0.0622332002136401
687 0.18196946221729499
688 4.041853766696147
689 0.16020694590493992
690 29.714188152916723
691 0.9803282176815916
692 3.2326919852217095
693 0.41483151443236166
694 0.27298000221286806
695 0.6246514636321956
696 0.7579497611736672
697 0.1377584102849802
698 0.1290327205928989
699 4.283765004574906
700 2.566330146939279
701 4.123599513233
702 0.24578152792069774
703 0.21270035925615283
704 0.8252845028924798
705 0.3789190531020365
706 3.0955635231720593
707 1.399922995668231
708 0.4511185898706524
709 4.810419661252519
710 0.3725738674368074
711 3.498672460813978
712 0.03460889924088144
713 0.19518807398371418
714 2.210431337488108
715 0.16144546243316943
716 0.5761318409656849
717 0.04660687477792826
718 26.23222767046164
719 0.011315207744720761
720 2.58340416205202
721 1.0229288016270794
722 0.15370213845805877
723 1.8893203711697724
724 1.9182234666973093
725 1.491957050591334
726 1.1618400006256597
727 1.3841160270364123
728 1.1716247777091513
729 7.993840363232569
730 2.4233388826196025
731 2.960269639479354
732 0.2876767431800429
733 346.95670472260133
734 0.4323094862883445
735 18.75871070922269
736 6.82902119650711
737 2.9789508938977436
738 0.2714613009631459
739 119.07993486396384
740 1.3180800458925277
741 0.3163669881287622
742 0.02005369432461354
743 1.3137761792756668
744 10.22805816306252
745 3.336743001528436
746 12.829898502830364
747 0.3689432690844857
748 0.5610972583551956
749 3.2005404822173475
750 1.331741461115082
751 1.0283699929063599
752 1.4294772433637934
753 0.12201114478353968
754 10.243940898359275
755 0.685570987990547
756 0.24359317113843926
757 0.10534707487625167
758 0.7107132154653493
759 1.36987261530281
760 0.9118466293191807
761 0.27138057607357285
762 31.699301820753217
763 0.1004411887074274
764 13.61280117898947
765 3.492910748429709
766 1.8897469635400042
767 7.491856508512145
768 1.0828495383489087
769 0.7660307846143207
770 5.10846514331948
771 2.9900361714166372
772 4.835498373870865
773 1.1353194104777053
774 0.13277544595845434
775 13.761668424470887
776 0.3685938797162588
777 1.863687017496543
778 1.3102728919105064
779 0.5487908193139502
780 0.00873433277863194
781 0.040511492406758276
782 0.02891920302509776
783 1.0368225024940896
784 1.0639346053958068
785 6.6215633685890785
786 4.285843331549087
787 0.5882337484293264
788 0.6877801883891024
789 0.02234059624023015
790 0.26038637223708067
791 7.6378065413001925
792 6.1241558493203785
793 2.336566158488508
794 1.1459954903956584
795 14.491643525219304
796 0.43137707641857503
797 0.2697244744111174
798 0.8655886136770252
799 0.22640881454753836
800 0.3004658917636678
801 35.41341465668351
802 104.75667239831633
803 0.052261589416459434
804 2.200244488949561
805 0.8051195980829788
806 6.2829791994439095
807 2.043332524109748
808 1.9932225513311004
809 0.4867728642988709
810 0.25813976546220546
811 0.5487322281035686
812 1.2153981609835236
813 3.5422429214933566
814 0.6675317871289698
815 5.0017212902920285
816 0.033889994475544326
817 3.6310073913302765
818 2.1506122140258195
819 0.10206862176632361
820 0.24915425440120645
821 0.10139689012452519
822 1.7222051716576359
823 1.4991051647831943
824 0.3057091256247985
825 0.0476231638434288
826 8.826724402814666
827 2.720862655075665
828 4.978643405963019
829 3.6854962784523053
830 0.2841180564148406
831 0.27679186452630355
832 0.16029307408158122
833 0.09972025566958487
834 2.6665138169327403
835 1.0924650239918074
836 0.17159702100926005
837 32.622301182845334
838 1.287149140798675
839 0.34221286643451043
840 10.512068262406594
841 0.20494760410584512
842 0.7056590105558854
843 0.29298881790425346
844 4.513557817883872
845 1.0121076853568354
846 0.5244702603842467
847 0.18201329449483683
848 0.8561397544695705
849 0.3065712650390804
850 0.536891934009296
851 1.093878403041473
852 0.42581456102145354
853 1.3868650862981216
854 0.432495331796719
855 109.14797291308561
856 1.09217920890054
857 0.7848627650526729
858 0.029802823980548676
859 0.037612879690483006
860 3.375408174817077
861 132.93021318803093
862 0.36446292642528083
863 5.167900168628868
864 0.3911781980844518
865 0.9057295440633262
866 0.5351932382334433
867 0.40141214957852434
868 0.6382833409040842
869 2.3460661891520482
870 3.804226298866446
871 0.27345055649388145
872 0.775612298596853
873 0.45361522101729945
874 0.7866910514623959
875 1.426442872263748
876 34.08822973955877
877 1.2983613462611225
878 0.03170100024793887
879 0.21095611234163572
880 0.12897726184846037
881 0.06647429671172207
882 1.020286440172398
883 0.5320224220664962
884 12.178699664610992
885 0.1971627007384223
886 15.289022709219163
887 1.4969661158221854
888 32.76902367531807
889 0.6143946292399758
890 1.0377289138497168
891 19.49023689575751
892 0.5691968255585496
893 4.160250593709934
894 0.27786475548552947
895 1.3362228959043656
896 1.9089401460113098
897 1.3653846956725444
898 0.4121446924656288
899 0.49563540237719167
900 3.069149592354258
901 10.358274689312168
902 0.5307911915548632
903 0.9488931151286768
904 2.3122297828431635
905 0.5348712076019345
906 6.78031922188599
907 8.188036793585626
908 0.32718889109873084
909 74.39631339921918
910 0.6881364166480933
911 0.38261734540715264
912 1.3337201177068752
913 0.29005848595050593
914 0.15268646621811766
915 5.991902428830828
916 0.23244481159166866
917 10.135126825527802
918 2.723615090985997
919 2.362761485922987
920 0.6719245961300757
921 0.43273761954627393
922 3.7411432565464846
923 0.5022482163894328
924 8.744580452722143
925 1.0900279205752939
926 2.647995485598525
927 7.14636489509044
928 1.1095645462745716
929 0.3081952096710607
930 8.346705404129214
931 1.3266050107752625
932 0.5668128667366241
933 0.2814235512742106
934 0.1695419116312198
935 0.39316158253153893
936 4.691637856645503
937 1.7933616192818136
938 1.1674403045834707
939 0.6698609267561667
940 1.802062786851064
941 0.06545324587805847
942 6.548828399790429
943 13.37670117739635
944 0.9596724510742513
945 2.7298044844803537
946 0.26974104748715716
947 0.9137238071985813
948 2.533124314378648
949 0.9883749850159025
950 0.41628361185979207
951 0.018329982518555634
952 2.274456730866067
953 16.69858995027702
954 1.3187926733566142
955 1.6258116693737739
956 2.852902488791075
957 0.00694875614454668
958 1.6570721586785713
959 0.5061515303506254
960 0.9975369734773296
961 0.5800711744296834
962 0.5201329517022477
963 2.09583267137625
964 0.13627862166745552
965 0.1957329236933895
966 19.22787241538365
967 2.5593634076941565
968 0.2872287473119549
969 2.258420990469578
970 0.2365122579072102
971 0.24270734206119715
972 0.015846360851851975
973 0.8148861458468786
974 2.2742592486343813
975 0.44011869508214013
976 2.0754693205874903
977 0.6760201233976271
978 0.9714966087476581
979 0.1690398011798374
980 116.1015124812163
981 0.3766964823635013
982 23.087939565609062
983 1.339127680767986
984 0.8723852461980273
985 0.3118503610971253
986 2.593733567242151
987 4.417093135104251
988 0.017669828326458997
989 7.19726721267035
990 0.14509277738934276
991 4.27068539078612
992 2.88739583768454
993 0.9256699212268549
994 0.6061666462880212
995 0.49305400347690437
996 2.906053341222667
997 0.25852620825354106
998 6.943609805851013
999 0.304394820185004
1000 0.09376527980856744
