2 253 952
2 569 207
2 11 857
2 770 406
2 318 635
2 680 39
2 85 100
2 528 929
2 840 901
2 57 623
2 368 708
2 673 102
2 823 831
2 688 476
2 81 772
2 332 170
2 399 121
2 833 378
2 478 233
2 882 235
2 995 84
2 532 563
2 308 736
2 287 219
2 550 413
2 638 429
2 441 997
2 132 850
2 537 290
2 116 896
2 412 648
2 983 262
2 682 148
2 949 814
2 110 25
2 881 224
2 159 218
2 914 219
2 492 363
2 856 462
2 161 503
2 145 571
2 252 809
2 144 193
2 419 979
2 834 561
2 956 711
2 89 134
2 885 643
2 76 256
2 567 883
2 422 74
2 622 944
2 320 475
2 923 435
2 888 335
2 554 696
2 56 33
2 983 251
2 510 264
2 637 42
2 126 766
2 834 306
2 583 752
2 898 333
2 995 829
2 776 27
2 466 52
2 521 668
2 317 801
2 791 832
2 32 310
2 251 674
2 600 980
2 709 363
2 245 617
2 264 12
2 767 53
2 680 367
2 570 368
2 228 99
2 452 948
2 633 713
2 999 247
2 648 362
2 643 205
2 767 792
2 239 434
2 652 344
2 668 700
2 471 618
2 370 856
2 213 481
2 861 15
2 379 528
2 711 650
2 132 534
2 741 890
2 840 248
2 315 801
2 627 402
2 783 195
2 537 552
2 324 737
2 922 786
2 347 143
2 246 406
2 634 648
2 203 713
2 671 630
2 833 362
2 668 174
2 453 229
2 315 522
2 844 904
2 640 112
2 54 195
2 323 390
2 827 270
2 81 592
2 999 981
2 333 529
2 823 868
2 150 559
2 39 650
2 205 416
2 538 256
2 525 855
2 255 416
2 81 232
2 909 418
2 7 32
2 373 328
2 81 637
2 205 520
2 17 800
2 282 215
2 342 260
2 96 89
2 142 734
2 257 335
2 698 36
2 46 625
2 342 845
2 69 458
2 88 186
2 358 715
2 496 470
2 531 319
2 352 128
2 632 823
2 622 91
2 669 420
2 791 986
2 798 258
2 789 482
2 995 781
2 805 900
2 915 930
2 230 45
2 438 925
2 413 514
2 608 78
2 526 647
2 758 280
2 92 215
2 95 845
2 329 238
2 424 286
2 930 548
2 223 495
2 990 769
2 287 233
2 616 20
2 903 693
2 818 316
2 236 829
2 460 363
2 414 413
2 485 85
2 295 530
2 496 77
2 106 914
2 951 164
2 921 353
2 48 194
2 577 447
2 183 144
2 622 374
2 432 435
2 337 526
2 764 172
2 458 9
2 451 67
2 761 290
2 756 82
2 257 172
2 145 75
2 902 315
2 674 616
2 444 968
2 409 763
2 647 910
2 210 416
2 135 367
2 395 264
2 68 69
2 603 505
2 79 74
2 521 756
2 710 295
2 245 462
2 404 267
2 248 325
2 438 164
2 17 735
2 590 84
2 738 323
2 842 78
2 454 690
2 259 155
2 746 384
2 840 207
2 761 6
2 615 234
2 149 153
2 846 233
2 827 734
2 186 332
2 234 392
2 106 685
2 927 65
2 124 134
2 274 467
2 866 877
2 273 21
2 313 442
2 140 502
2 791 979
2 977 435
2 605 784
2 997 398
2 891 136
2 82 532
2 171 194
2 874 80
2 840 229
2 597 771
2 64 321
2 512 567
2 520 481
2 768 535
2 468 667
2 328 389
2 1000 118
2 754 243
2 318 211
2 126 571
2 712 40
2 899 862
2 625 218
2 415 642
2 544 340
2 624 538
2 416 619
2 880 901
2 638 30
2 199 6
2 891 21
2 813 151
2 328 485
2 693 365
2 397 662
2 471 583
2 51 890
2 927 651
2 638 405
2 655 839
2 812 919
2 17 560
2 695 477
2 905 959
2 541 811
2 539 730
2 945 190
2 393 944
2 41 160
2 881 576
2 412 938
2 127 205
2 992 40
2 671 150
2 964 923
2 805 439
2 970 47
2 208 561
2 840 724
2 568 131
2 798 69
2 495 915
2 521 779
2 390 477
2 897 476
2 110 819
2 467 171
2 758 705
2 512 595
2 819 794
2 621 447
2 839 701
2 693 923
2 204 340
2 434 491
2 233 175
2 67 178
2 785 685
2 58 705
2 366 73
2 131 835
2 743 158
2 480 251
2 397 538
2 876 627
2 164 98
2 689 94
2 806 101
2 972 266
2 690 771
2 587 118
2 163 440
2 954 943
2 813 493
2 655 157
2 707 731
2 319 779
2 162 67
2 421 458
2 167 935
2 682 230
2 928 642
2 339 644
2 175 830
2 376 671
2 585 94
2 199 349
2 867 40
2 221 936
2 459 244
2 206 36
2 828 24
2 163 717
2 100 875
2 949 723
2 914 349
2 627 342
2 691 549
2 210 177
2 601 839
2 885 576
2 841 229
2 361 824
2 471 137
2 968 932
2 91 335
2 549 315
2 259 198
2 528 869
2 412 858
2 107 280
2 116 527
2 79 666
2 629 892
2 202 25
2 310 774
2 211 276
2 149 209
2 82 578
2 623 445
2 614 361
2 425 631
2 66 288
2 2 80
2 942 329
2 903 82
2 88 407
2 293 545
2 470 472
2 836 432
2 710 653
2 640 472
2 171 719
2 724 941
2 170 976
2 11 316
2 117 584
2 609 955
2 698 454
2 204 824
2 495 143
2 444 845
2 163 688
2 925 702
2 836 387
2 763 990
2 381 554
2 818 184
2 212 99
2 940 344
2 925 281
2 518 18
2 622 306
2 225 659
2 47 32
2 425 161
2 72 374
2 260 32
2 345 350
2 480 244
2 34 860
2 679 979
2 721 694
2 457 499
2 840 386
2 59 702
2 909 166
2 880 244
2 426 240
2 233 260
2 958 766
2 212 561
2 757 158
2 60 853
2 62 338
2 621 23
2 597 652
2 196 129
2 398 837
2 959 802
2 342 167
2 288 785
2 695 822
2 581 71
2 212 244
2 489 994
2 339 754
2 644 589
2 733 327
2 297 849
2 403 71
2 257 170
2 635 520
2 330 501
2 22 905
2 722 194
2 927 556
2 254 50
2 368 670
2 817 469
2 77 733
2 775 234
2 291 72
2 962 98
2 16 559
2 759 390
2 47 757
2 643 144
2 284 779
2 364 82
2 910 43
2 500 475
2 820 935
2 420 592
2 925 118
2 714 114
2 315 729
2 326 129
2 336 719
2 922 196
2 795 784
2 553 155
2 212 529
2 424 841
2 352 436
2 27 874
2 590 367
2 473 221
2 354 750
2 590 809
2 588 835
2 181 209
2 670 70
2 791 356
2 249 380
2 637 800
2 850 282
2 6 822
2 879 686
2 746 953
2 264 163
2 499 380
2 883 686
2 369 907
2 603 716
2 495 542
2 242 352
2 370 283
2 785 548
2 914 941
2 392 701
2 582 478
2 48 596
2 290 998
2 710 357
2 638 692
2 615 585
2 643 826
2 958 721
2 464 433
2 992 748
2 994 219
2 944 103
2 204 285
2 584 146
2 146 838
2 884 522
2 599 982
2 772 658
2 906 597
2 253 824
2 906 828
2 412 487
2 754 281
2 396 418
2 876 944
2 755 483
2 516 161
2 518 234
2 172 782
2 941 852
2 997 180
2 68 495
2 579 571
2 746 539
2 846 277
2 690 771
2 561 827
2 144 125
2 941 953
2 176 637
2 396 180
2 300 961
2 389 895
2 183 527
2 382 966
2 223 881
2 289 45
2 305 39
2 410 61
2 951 966
2 957 618
2 51 382
2 3 429
2 342 897
2 303 737
2 130 358
2 884 168
2 569 271
2 268 306
2 525 936
2 346 202
2 442 267
2 318 312
2 255 326
2 276 387
2 409 697
2 515 763
2 303 148
2 832 789
2 835 784
2 203 304
2 123 774
2 683 331
2 115 76
2 423 469
2 446 58
2 132 436
2 444 527
2 601 252
2 937 651
2 500 417
2 184 195
2 988 849
2 220 915
2 629 621
2 154 181
2 732 384
2 593 245
2 599 276
2 303 434
2 176 823
2 494 931
2 983 875
2 945 277
2 194 45
2 243 352
2 834 129
2 62 222
2 68 941
2 696 264
2 80 66
2 155 558
2 239 102
2 19 832
2 992 533
2 298 843
2 895 98
2 300 365
2 467 826
2 595 329
2 347 981
2 454 527
2 248 305
2 244 476
2 732 76
2 468 104
2 46 386
2 32 811
2 353 98
2 160 905
2 373 905
2 850 984
2 336 791
2 177 687
2 643 681
2 635 982
2 935 280
2 438 393
2 844 393
2 487 910
2 89 179
2 272 313
2 494 561
2 4 240
2 145 600
2 2 209
2 835 284
2 602 852
2 515 876
2 696 526
2 809 77
2 987 603
2 114 872
2 85 885
2 398 509
2 556 589
2 455 910
2 925 135
2 665 564
2 76 686
2 230 932
2 115 713
2 920 297
2 42 781
2 314 738
2 268 544
2 167 856
2 722 780
2 36 912
2 179 681
2 951 918
2 635 724
2 619 894
2 149 16
2 237 226
2 546 136
2 608 801
2 312 290
2 511 576
2 444 363
2 967 771
2 812 49
2 313 429
2 175 143
2 416 141
2 452 200
2 377 884
2 204 847
2 624 666
2 946 984
2 490 259
2 468 175
2 1000 972
2 314 430
2 531 185
2 340 661
2 342 727
2 895 673
2 145 342
2 459 18
2 646 365
2 1 78
2 310 935
2 928 479
2 872 4
2 486 27
2 584 782
2 828 999
2 179 190
2 762 436
2 581 43
2 946 143
2 263 447
2 119 641
2 420 230
2 711 943
2 997 482
2 192 96
2 897 724
2 97 31
2 536 707
2 565 890
2 338 901
2 211 528
2 268 383
2 558 449
2 358 825
2 51 264
2 479 826
2 192 968
2 593 931
2 116 703
2 658 806
2 88 750
2 786 760
2 392 20
2 99 103
2 565 228
2 919 398
2 75 156
2 107 794
2 187 120
2 805 875
2 827 248
2 892 809
2 542 437
2 285 766
2 831 306
2 524 505
2 291 819
2 819 351
2 798 143
2 230 731
2 895 452
2 253 788
2 767 216
2 914 226
2 552 229
2 492 766
2 320 778
2 641 418
2 255 355
2 636 423
2 937 769
2 587 531
2 358 410
2 470 17
2 657 291
2 828 309
2 315 262
2 855 525
2 356 383
2 812 440
2 759 59
2 86 140
2 172 514
2 787 249
2 234 242
2 555 791
2 470 925
2 370 212
2 561 166
2 487 574
2 819 666
2 382 594
2 21 25
2 783 352
2 467 260
2 837 166
2 681 118
2 779 216
2 993 430
2 62 460
2 859 944
2 46 297
2 381 506
2 491 458
2 639 523
2 341 968
2 983 683
2 175 906
2 667 974
2 303 726
2 444 874
2 1 507
2 221 855
2 464 751
2 63 184
2 553 740
2 9 58
2 623 294
2 455 33
2 148 374
2 144 205
2 913 795
2 582 411
2 239 744
2 822 705
2 569 666
2 162 638
2 173 211
2 791 683
2 633 473
2 463 207
2 251 436
2 952 246
2 466 850
2 179 430
2 308 860
2 138 761
2 634 321
2 281 256
2 165 776
2 485 847
2 317 968
2 591 45
2 289 395
2 610 653
2 28 187
2 147 732
2 51 762
2 576 777
2 504 848
2 212 452
2 684 548
2 710 779
2 645 726
2 417 209
2 843 7
2 911 801
2 741 546
2 933 984
2 854 302
2 942 80
2 319 892
2 425 217
2 708 224
2 106 249
2 621 768
2 827 765
2 313 111
2 28 187
2 870 401
2 400 372
2 268 898
2 28 432
2 917 711
2 196 867
2 808 491
2 983 134
2 354 703
2 786 14
2 609 292
2 174 631
2 488 101
2 393 619
2 178 58
2 272 383
2 201 316
2 149 742
2 402 686
2 188 883
2 352 420
2 760 709
2 897 499
2 149 905
2 565 984
2 50 722
2 963 75
2 16 457
2 964 813
2 780 98
2 567 89
2 614 793
2 479 112
2 963 718
2 369 213
2 899 478
2 152 748
2 408 467
2 165 205
2 612 898
2 973 97
2 562 864
2 858 961
2 121 904
2 97 869
2 826 120
2 658 769
2 86 103
2 730 720
2 931 331
2 657 374
2 280 174
2 505 23
2 644 991
2 351 742
2 797 852
2 455 355
2 226 452
2 168 259
2 814 670
2 369 499
2 263 533
2 635 259
2 424 841
2 83 146
2 373 896
2 655 114
2 732 991
2 907 462
2 342 190
2 854 526
2 555 119
2 492 972
2 582 752
2 297 392
2 692 719
2 560 680
2 544 991
2 149 152
2 208 499
2 41 535
2 270 743
2 28 453
2 553 606
2 720 88
2 214 472
2 331 244
2 791 957
2 443 666
2 81 157
2 933 839
2 79 651
2 342 931
2 465 669
2 860 771
2 755 663
2 104 452
2 261 826
2 586 467
2 646 526
2 847 594
2 464 955
2 307 852
2 122 362
2 553 475
2 934 618
2 672 646
2 920 576
2 324 294
2 748 898
2 279 692
2 203 10
2 377 240
2 53 147
2 522 359
2 138 742
2 300 654
2 76 928
2 568 368
2 881 571
2 682 494
2 504 533
2 808 332
2 762 270
2 882 175
2 957 378
2 636 20
2 913 354
2 378 246
2 374 896
2 323 401
2 581 762
2 417 653
2 223 651
2 296 288
2 412 361
2 546 734
2 505 553
2 376 101
2 842 319
2 124 860
2 130 561
2 411 136
2 620 331
2 712 21
2 817 686
2 902 676
2 152 216
2 73 649
2 927 603
2 446 447
2 262 880
2 858 374
2 269 793
2 152 215
2 794 362
2 187 82
2 583 643
2 897 853
2 186 435
2 468 475
2 257 306
2 673 349
2 162 583
2 474 59
2 852 483
2 516 994
2 507 248
2 937 894
2 834 409
2 124 195
2 884 186
2 201 287
2 253 143
2 665 376
2 48 430
2 359 579
2 33 785
2 566 842
2 239 539
2 468 704
2 975 160
2 454 575
2 28 569
2 236 874
2 609 63
2 669 887
2 570 275
2 114 763
2 84 45
2 741 929
2 969 402
2 552 801
2 203 747
2 300 409
2 759 166
2 473 600
2 847 161
2 127 362
2 466 967
2 108 216
2 115 449
2 279 948
2 935 950
2 110 528
2 997 335
2 38 282
2 235 700
2 57 70
2 762 941
2 891 955
2 606 998
2 771 527
2 122 558
2 879 188
2 766 83
2 577 435
2 857 381
2 712 956
2 42 393
2 773 959
2 367 267
2 18 100
2 688 652
2 933 447
2 19 96
2 308 850
2 345 676
2 279 959
2 885 942
2 154 570
2 415 365
2 52 744
2 455 820
2 627 438
2 382 949
2 81 784
2 905 708
2 188 170
2 485 806
2 88 302
2 916 11
2 123 1000
2 906 469
2 415 843
2 952 466
2 7 596
2 727 294
2 857 241
2 640 661
2 790 249
2 548 493
2 995 659
2 293 374
2 339 137
2 500 121
2 798 475
2 873 16
2 973 532
2 704 873
2 646 807
2 510 488
2 817 809
2 463 802
2 615 184
2 522 78
2 870 80
2 420 898
2 268 449
2 689 723
2 748 601
2 536 244
2 654 224
2 165 215
2 301 539
2 117 163
2 131 774
2 54 529
2 747 822
2 922 772
2 609 398
2 319 875
2 552 598
2 575 151
2 750 58
2 806 776
2 814 160
2 60 171
2 434 677
2 463 580
2 871 371
2 856 866
2 562 241
2 15 398
2 288 142
2 17 469
2 434 184
2 454 377
2 975 958
2 59 511
2 175 45
2 385 358
2 582 484
2 147 343
2 13 458
2 904 922
2 403 318
2 211 172
2 452 299
2 710 137
2 30 799
2 257 947
2 204 481
2 705 578
2 44 768
2 370 559
2 565 895
2 117 858
2 225 211
2 950 448
2 221 274
2 963 666
2 453 552
2 956 331
2 328 994
2 616 264
2 899 995
2 682 54
2 253 328
2 161 849
2 373 355
2 993 760
2 86 666
2 793 521
2 950 83
2 408 706
2 342 327
2 952 697
2 627 685
2 606 822
2 759 725
2 553 19
2 958 246
2 437 241
2 975 465
2 851 598
2 344 529
2 909 831
2 461 340
2 796 929
2 649 387
2 821 331
2 713 661
2 406 172
2 983 698
2 328 31
2 362 924
2 706 166
2 106 588
2 110 660
2 124 60
2 443 308
2 162 735
2 46 199
2 970 980
2 754 832
2 467 271
2 324 378
2 847 748
2 720 196
2 634 568
2 193 13
2 834 761
2 76 653
2 662 362
2 53 572
2 268 283
2 123 120
2 553 490
2 908 289
2 170 910
2 495 363
2 534 559
2 922 233
2 5 994
2 280 512
2 27 952
2 227 530
2 833 700
2 556 810
2 902 893
2 803 697
2 344 837
2 39 260
2 99 726
2 907 24
2 856 270
2 743 47
2 842 63
2 989 7
2 489 441
2 11 904
2 639 350
2 969 955
2 397 223
2 667 14
2 328 9
2 437 158
2 840 716
2 232 900
2 383 713
2 507 554
2 785 9
2 439 721
2 107 8
2 186 785
2 332 9
2 119 980
2 610 189
2 328 395
2 137 457
2 395 1
2 833 763
2 780 781
2 176 312
2 576 506
2 288 535
2 429 800
2 232 781
2 966 300
2 212 362
2 537 357
2 892 787
2 590 422
2 600 505
2 307 777
2 446 204
2 664 535
2 821 694
2 387 652
2 815 295
2 46 409
2 511 488
2 265 365
2 812 744
2 997 615
2 539 548
2 785 380
2 771 725
2 696 344
2 122 458
2 820 315
2 658 112
2 204 304
2 902 507
2 605 395
2 704 231
2 722 452
2 177 629
2 680 806
2 284 823
2 308 454
2 966 477
2 570 68
2 353 652
2 845 582
2 607 287
2 162 189
2 97 527
2 587 797
2 399 135
2 902 634
2 961 372
2 193 742
2 472 256
2 403 849
2 673 939
2 888 204
2 687 81
2 910 347
2 324 441
2 231 321
2 63 902
2 259 80
2 504 709
2 361 100
2 627 445
2 662 435
2 897 154
2 411 736
2 39 624
2 368 806
2 113 229
2 598 508
2 252 603
2 563 772
2 133 982
2 816 294
2 987 646
2 460 688
2 290 911
2 91 43
2 794 358
2 797 52
2 760 6
2 269 561
2 927 704
2 376 735
2 460 980
2 82 852
2 810 642
2 770 98
2 739 780
2 221 397
2 92 844
2 129 389
2 384 915
2 324 17
2 495 332
2 36 826
2 533 337
2 355 354
2 439 564
2 342 845
2 377 182
2 119 276
2 415 259
2 6 222
2 793 994
2 489 607
2 13 375
2 108 508
2 243 771
2 33 641
2 206 471
2 365 345
2 902 616
2 399 643
2 941 12
2 349 799
2 683 753
2 366 962
2 453 74
2 857 319
2 109 277
2 701 929
2 361 457
2 595 901
2 267 811
2 998 506
2 444 854
2 210 436
2 887 241
2 508 447
2 858 251
2 968 12
2 37 316
2 307 505
2 927 642
2 974 784
2 807 322
2 454 443
2 804 74
2 963 421
2 211 70
2 320 446
2 538 926
2 533 248
2 589 328
2 86 336
2 314 179
2 819 331
2 949 78
2 187 259
2 812 457
2 238 855
2 620 398
2 437 48
2 957 267
2 183 44
2 714 216
2 992 528
2 245 249
2 275 653
2 128 18
2 29 13
2 203 422
2 759 742
2 466 349
2 535 729
2 397 472
2 825 304
2 627 508
2 551 469
2 590 702
2 154 161
2 135 727
2 130 789
2 745 685
2 582 928
2 46 837
2 518 18
2 336 56
2 957 84
2 978 501
2 644 514
2 377 719
2 446 28
2 408 606
2 184 419
2 834 700
2 406 347
2 272 3
2 871 464
2 689 77
2 357 776
2 375 768
2 272 877
2 652 172
2 51 14
2 19 430
2 30 72
2 246 969
2 442 260
2 492 76
2 192 871
2 346 274
2 927 55
2 924 139
2 812 937
2 523 392
2 450 43
2 19 852
2 258 9
2 997 310
2 95 738
2 11 751
2 483 111
2 76 178
2 715 94
2 228 810
2 233 873
2 16 279
2 538 738
2 400 174
2 767 705
2 565 22
2 682 111
2 524 774
2 329 506
2 10 639
2 516 347
2 875 141
2 720 267
2 704 773
2 964 850
2 391 359
2 593 93
2 669 523
2 256 639
2 756 201
2 208 779
2 121 147
2 652 543
2 908 326
2 295 426
2 341 832
2 273 320
2 460 926
2 263 475
2 647 88
2 81 690
2 987 54
2 334 244
2 464 898
2 486 978
2 990 406
2 883 101
2 459 875
2 654 549
2 321 763
2 27 510
2 612 103
2 812 785
2 451 190
2 526 215
2 341 686
2 743 172
2 147 955
2 64 335
2 627 831
2 23 130
2 542 683
2 377 473
2 541 756
2 569 931
2 465 53
2 882 876
2 473 251
2 495 652
2 916 49
2 164 118
2 317 74
2 172 737
2 648 801
2 226 830
2 882 111
2 465 826
2 749 582
2 797 558
2 644 224
2 192 338
2 821 826
2 814 527
2 457 353
2 12 994
2 183 26
2 82 216
2 92 958
2 92 627
2 99 541
2 758 172
2 554 928
2 464 48
2 320 580
2 897 41
2 841 718
2 649 804
2 823 912
2 591 528
2 320 778
2 370 931
2 503 351
2 949 462
2 960 527
2 835 191
2 236 189
2 352 725
2 434 37
2 942 362
2 304 742
2 913 401
2 696 714
2 46 962
2 192 212
2 726 258
2 399 948
2 454 608
2 430 457
2 326 258
2 345 83
2 62 96
2 477 231
2 35 92
2 124 11
2 757 985
2 550 829
2 81 779
2 193 675
2 366 950
2 756 163
2 373 295
2 927 685
2 471 587
2 973 853
2 62 595
2 766 860
2 422 249
2 217 45
2 581 681
2 988 520
2 703 320
2 120 786
2 168 520
2 655 237
2 881 772
2 812 793
2 844 277
2 567 962
2 412 88
2 936 981
2 963 571
2 443 170
2 221 490
2 498 948
2 535 332
2 591 479
2 192 781
2 317 481
2 662 840
2 506 112
2 635 985
2 103 721
2 445 410
2 158 558
2 437 944
2 51 238
2 208 276
2 62 252
2 698 678
2 342 827
2 357 887
2 412 692
2 208 102
2 122 201
2 997 38
2 513 417
2 45 694
2 915 96
2 389 400
2 863 723
2 353 20
2 271 479
2 181 771
2 468 692
2 771 71
2 205 429
2 475 559
2 296 718
2 439 896
2 51 3
2 905 306
2 339 319
2 29 37
2 491 611
2 28 728
2 925 628
2 448 679
2 649 357
2 301 329
2 221 346
2 231 590
2 379 27
2 716 251
2 952 352
2 444 650
2 300 239
2 441 451
2 659 948
2 727 189
2 133 374
2 32 691
2 303 586
2 942 70
2 213 31
2 537 91
2 963 278
2 675 868
2 169 170
2 183 182
2 386 276
2 380 344
2 899 685
2 239 269
2 638 825
2 424 215
2 47 283
2 254 774
2 5 378
2 239 87
2 999 579
2 962 101
2 21 430
2 453 363
2 995 168
2 12 406
2 565 947
2 997 41
2 434 493
2 367 697
2 672 800
2 503 760
2 845 674
2 810 372
2 52 340
2 693 340
2 913 190
2 596 430
2 345 422
2 879 256
2 284 776
2 489 740
2 463 5
2 208 714
2 804 953
2 161 55
2 201 502
2 960 531
2 971 552
2 396 554
2 336 737
2 632 685
2 611 429
2 174 641
2 424 166
2 99 596
2 437 733
2 431 606
2 293 478
2 444 226
2 919 398
2 546 653
2 154 112
2 186 306
2 214 944
2 494 472
2 960 58
2 286 449
2 23 747
2 432 530
2 335 915
2 54 195
2 381 163
2 541 84
2 833 823
2 671 909
2 819 852
2 886 621
2 945 781
2 210 452
2 907 29
2 507 359
2 577 189
2 484 674
2 229 374
2 303 767
2 609 279
2 816 286
2 91 15
2 439 509
2 509 733
2 45 118
2 105 384
2 743 131
2 483 719
2 940 228
2 22 190
2 415 469
2 6 381
2 704 510
2 775 251
2 775 994
2 165 558
2 841 715
2 417 435
2 898 642
2 884 880
2 268 886
2 995 724
2 634 91
2 808 864
2 533 264
2 631 316
2 450 37
2 303 515
2 203 316
2 902 602
2 569 866
2 654 367
2 492 719
2 730 919
2 396 477
2 214 250
2 485 29
2 859 757
2 66 269
2 339 522
2 73 776
2 852 182
2 82 372
2 498 545
2 990 451
2 464 625
2 394 264
2 260 634
2 84 580
2 982 753
2 647 211
2 212 209
2 936 733
2 825 295
2 428 976
2 414 901
2 763 675
2 987 365
2 888 711
2 387 874
2 681 103
2 942 526
2 939 393
2 754 95
2 583 93
2 542 164
2 122 378
2 869 952
2 157 400
2 582 734
2 817 750
2 587 874
2 325 151
2 425 741
2 777 917
2 977 310
2 684 923
2 718 897
2 620 852
2 363 423
2 47 458
2 66 658
2 710 90
2 308 252
2 326 634
2 893 668
2 221 435
2 534 195
2 722 981
2 505 105
2 911 458
2 411 509
2 570 8
2 456 87
2 338 985
2 424 712
2 126 953
2 720 650
2 524 237
2 647 795
2 939 216
2 975 873
2 253 417
2 593 182
2 397 33
2 133 165
2 888 250
2 179 40
2 525 707
2 569 155
2 865 531
2 850 146
2 145 216
2 720 747
2 456 662
2 76 771
2 87 508
2 679 325
2 68 402
2 415 114
2 834 631
2 358 695
2 995 551
2 500 192
2 910 796
2 516 113
2 297 561
2 920 772
2 655 538
2 339 486
2 397 811
2 914 992
2 232 668
2 368 449
2 237 230
2 891 911
2 273 423
2 184 849
2 940 182
2 35 302
2 796 118
2 896 44
2 399 847
2 59 106
2 550 752
2 106 860
2 330 344
2 102 677
2 247 589
2 807 472
2 968 715
2 560 878
2 754 984
2 752 589
2 307 965
2 772 243
2 104 643
2 475 91
2 262 757
2 122 562
2 427 251
2 919 18
2 428 354
2 454 407
2 859 343
2 421 256
2 937 619
2 233 566
2 304 641
2 729 531
2 61 787
2 258 730
2 272 157
2 19 27
2 804 20
2 733 550
2 635 18
2 940 849
2 248 96
2 699 654
2 107 589
2 490 76
2 152 518
2 438 948
2 3 496
2 584 905
2 501 580
2 635 744
2 843 779
2 500 118
2 383 759
2 131 984
2 524 192
2 492 620
2 238 500
2 927 753
2 846 887
2 475 894
2 706 429
2 115 721
2 857 545
2 146 837
2 960 687
2 16 545
2 468 371
2 434 39
2 749 367
2 306 436
2 543 319
2 887 364
2 2 470
2 297 912
2 472 976
2 378 472
2 531 449
2 88 937
2 297 531
2 525 722
2 969 380
2 161 644
2 967 721
2 810 892
2 656 331
2 315 202
2 632 764
2 293 578
2 796 980
2 221 189
2 95 402
2 236 753
2 501 515
2 352 877
2 616 327
2 85 348
2 543 829
2 11 160
2 524 250
2 333 30
2 3 207
2 1 813
2 638 190
2 77 316
2 242 630
2 521 969
2 396 620
2 10 172
2 133 310
2 770 966
2 912 112
2 338 827
2 841 694
2 975 658
2 797 20
2 1 751
2 825 340
2 265 391
2 73 89
2 80 592
2 383 341
2 516 361
2 81 996
2 674 93
2 847 737
2 754 928
2 35 12
2 833 375
2 123 950
2 196 1000
2 446 259
2 747 991
2 503 519
2 711 697
2 638 120
2 968 510
2 15 861
2 374 306
2 903 979
2 478 446
2 419 839
2 950 790
2 297 991
2 332 789
2 878 334
2 959 800
2 337 558
2 528 286
2 782 618
2 29 493
2 426 192
2 716 18
2 268 383
2 718 711
2 620 16
2 545 440
2 552 738
2 623 281
2 356 126
2 314 205
2 655 717
2 581 74
2 208 94
2 179 702
2 646 530
2 840 160
2 9 552
2 803 572
2 949 941
2 408 475
2 711 5
2 940 263
2 287 692
2 77 544
2 356 383
2 464 323
2 498 631
2 265 980
2 22 493
2 120 894
2 791 728
2 198 596
2 803 354
2 253 211
2 397 513
2 477 762
2 880 819
2 240 38
2 719 256
2 818 473
2 38 523
2 522 790
2 486 725
2 749 84
2 587 102
2 888 523
2 85 327
2 560 576
2 922 927
2 92 281
2 951 31
2 156 408
2 401 720
2 755 650
2 538 9
2 816 156
2 700 715
2 615 262
2 51 202
2 52 605
2 569 385
2 624 185
2 817 690
2 899 244
2 16 810
2 882 601
2 704 744
2 319 900
2 612 839
2 474 536
2 880 953
2 884 668
2 933 45
2 320 720
2 88 266
2 49 976
2 199 557
2 486 551
2 507 733
2 86 569
2 635 497
2 46 670
2 971 75
2 322 810
2 549 829
2 146 222
2 533 121
2 562 78
2 63 130
2 945 349
2 794 50
2 147 458
2 760 865
2 902 598
2 675 767
2 722 141
2 727 135
2 279 876
2 930 498
2 710 67
2 944 931
2 534 429
2 568 14
2 140 738
2 568 134
2 862 407
2 482 514
2 968 560
2 987 404
2 456 946
2 755 92
2 337 379
2 745 935
2 977 158
2 883 566
2 487 445
2 192 751
2 332 410
2 907 511
2 64 219
2 418 674
2 107 423
2 76 946
2 381 301
2 552 930
2 342 822
2 165 886
2 6 332
2 863 691
2 836 939
2 610 821
2 245 375
2 491 375
2 580 467
2 450 656
2 186 566
2 188 94
2 214 397
2 399 13
2 749 333
2 11 786
2 317 522
2 61 729
2 250 650
2 434 838
2 990 343
2 48 663
2 861 167
2 175 744
2 500 124
2 971 149
2 419 831
2 872 321
2 295 514
2 360 313
2 575 491
2 376 69
2 545 165
2 318 405
2 383 734
2 230 575
2 836 215
2 417 103
2 842 837
2 155 96
2 169 615
2 347 349
2 424 746
2 116 656
2 46 965
2 370 926
2 115 656
2 709 424
2 213 409
2 749 948
2 236 151
2 371 993
2 57 732
2 676 425
2 722 978
2 906 545
2 345 827
2 539 948
2 624 185
2 284 900
2 3 347
2 144 393
2 515 304
2 712 102
2 117 119
2 464 495
2 9 615
2 680 258
2 48 650
2 427 409
2 272 662
2 132 585
2 694 560
2 716 275
2 197 141
2 605 917
2 855 964
2 835 589
2 588 496
2 875 670
2 490 327
2 817 427
2 625 195
2 351 296
2 703 71
2 659 326
2 647 837
2 891 344
2 730 332
2 365 241
2 293 706
2 155 355
2 62 270
2 754 955
2 370 736
2 832 550
2 993 823
2 39 927
2 916 583
2 701 511
2 300 629
2 583 481
2 36 515
2 56 574
2 7 224
2 669 397
2 869 980
2 51 156
2 745 776
2 369 704
2 63 789
2 70 44
2 482 5
2 888 137
2 608 843
2 206 925
2 176 446
2 180 501
2 940 443
2 287 705
2 667 912
2 71 111
2 565 864
2 853 678
2 890 672
2 439 371
2 119 883
2 818 928
2 309 285
2 640 894
2 223 37
2 495 935
2 342 305
2 568 642
2 964 976
2 113 801
2 741 198
2 259 727
2 840 843
2 623 562
2 476 316
2 310 4
2 648 818
2 713 347
2 620 88
2 695 372
2 352 675
2 587 578
2 11 67
2 928 643
2 234 90
2 673 331
2 204 512
2 547 120
2 241 168
2 77 752
2 759 351
2 572 119
2 808 400
2 390 966
2 289 978
2 968 292
2 356 440
2 283 552
2 510 955
2 397 418
2 273 491
2 339 25
2 353 558
2 220 425
2 450 669
2 231 282
2 913 841
2 58 565
2 310 697
2 463 79
2 883 367
2 355 752
2 716 949
2 508 829
2 487 657
2 496 199
2 127 44
2 329 87
2 579 780
2 575 70
2 874 594
2 431 182
2 322 753
2 165 625
2 153 46
2 390 863
2 509 101
2 263 274
2 458 673
2 960 133
2 191 368
2 147 362
2 969 887
2 673 241
2 721 402
2 499 390
2 581 674
2 554 752
2 563 261
2 797 402
2 395 869
2 171 826
2 441 686
2 57 108
2 451 112
2 762 515
2 128 617
2 750 722
2 672 397
2 405 673
2 464 198
2 77 195
2 572 151
2 152 598
2 764 844
2 88 73
2 703 936
2 446 332
2 39 479
2 47 393
2 590 436
2 555 494
2 930 234
2 458 125
2 794 219
2 712 701
2 683 782
2 117 735
2 107 538
2 637 146
2 104 557
2 899 105
2 272 996
2 993 20
2 830 753
2 938 597
2 437 991
2 594 702
2 474 11
2 743 334
2 118 986
2 601 586
2 710 78
2 342 335
2 612 870
2 544 340
2 610 132
2 157 276
2 540 150
2 197 409
2 565 966
2 419 241
2 384 33
2 750 343
2 150 147
2 684 855
2 35 660
2 180 777
2 853 770
2 400 274
2 592 563
2 73 912
2 486 277
2 336 899
2 460 679
2 882 814
2 971 668
2 960 718
2 84 144
2 6 214
2 907 131
2 260 779
2 693 929
2 6 548
2 793 74
2 177 397
2 373 553
2 283 870
2 168 232
2 162 203
2 450 353
2 535 660
2 231 361
2 347 325
2 339 427
2 525 414
2 628 306
2 758 431
2 612 901
2 468 665
2 421 136
2 408 83
2 791 500
2 892 386
2 412 593
2 817 125
2 196 367
2 153 981
2 695 352
2 6 275
2 289 87
2 428 348
2 767 25
2 593 420
2 779 78
2 910 121
2 622 503
2 239 578
2 567 252
2 321 663
2 512 1
2 669 433
2 952 133
2 406 796
2 970 419
2 109 763
2 485 807
2 431 698
2 16 851
2 605 294
2 690 14
2 587 811
2 73 835
2 132 259
2 28 306
2 722 644
2 891 54
2 715 984
2 951 274
2 906 94
2 567 698
2 132 330
2 97 901
2 775 205
2 992 901
2 908 98
2 859 271
2 257 25
2 405 796
2 246 433
2 463 899
2 34 481
2 445 844
2 238 508
2 358 11
2 971 6
2 419 860
2 326 985
2 534 477
2 3 648
2 738 734
2 698 137
2 821 42
2 863 375
2 695 239
2 807 455
2 573 16
2 791 641
2 497 717
2 588 689
2 877 732
2 655 740
2 64 257
2 268 78
2 236 716
2 961 125
2 274 589
2 662 35
2 201 400
2 317 44
2 971 674
2 751 558
2 997 84
2 14 390
2 183 639
2 415 890
2 151 579
2 682 194
2 745 241
2 320 274
2 710 901
2 149 182
2 340 374
2 409 319
2 973 240
2 883 277
2 389 923
2 173 304
2 303 5
2 248 862
2 448 94
2 456 837
2 14 115
2 994 140
2 940 188
2 992 511
2 215 349
2 441 427
2 114 109
2 879 946
2 601 846
2 940 88
2 973 90
2 436 776
2 679 346
2 516 661
2 22 181
2 171 166
2 608 811
2 614 813
2 739 986
2 347 533
2 704 78
2 949 90
2 295 879
2 627 1
2 149 967
2 690 590
2 73 546
2 376 577
2 455 296
2 330 447
2 130 578
2 581 188
2 401 142
2 862 400
2 68 356
2 946 642
2 764 207
2 311 874
2 431 471
2 993 622
2 373 648
2 569 806
2 746 427
2 690 68
2 87 811
2 460 54
2 772 678
2 376 714
2 712 563
2 293 949
2 903 90
2 660 54
2 202 968
2 834 201
2 360 486
2 412 432
2 888 828
2 152 719
2 954 586
2 453 197
2 907 796
2 15 888
2 775 841
2 161 860
2 906 662
2 704 203
2 95 333
2 610 240
2 228 981
2 816 369
2 853 558
2 275 719
2 187 697
2 805 876
2 797 138
2 560 372
2 799 423
2 471 747
2 104 147
2 686 802
2 94 172
2 487 520
2 62 533
2 746 170
2 858 70
2 443 9
2 124 82
2 862 270
2 751 279
2 609 595
2 667 560
2 649 801
2 941 98
2 757 482
2 680 431
2 81 448
2 476 211
2 921 811
2 758 7
2 817 967
2 153 263
2 195 540
2 773 789
2 132 787
2 336 271
2 988 343
2 1 962
2 450 818
2 921 740
2 777 374
2 353 946
2 151 270
2 832 570
2 687 118
2 823 870
2 915 586
2 686 222
2 132 458
2 156 215
2 858 40
2 606 815
2 5 422
2 474 375
2 583 192
2 204 338
2 550 216
2 303 203
2 59 482
2 167 271
2 922 329
2 849 599
2 848 133
2 90 422
2 3 720
2 906 100
2 170 166
2 193 674
2 645 809
2 170 143
2 621 329
2 147 241
2 298 149
2 558 288
2 812 767
2 602 572
2 637 467
2 291 167
2 175 13
2 44 652
2 180 417
2 464 946
2 783 244
2 534 455
2 812 624
2 152 853
2 445 477
2 15 675
2 313 202
2 739 395
2 376 135
2 419 530
2 488 406
2 664 578
2 541 14
2 505 316
2 794 731
2 689 404
2 67 918
2 643 540
2 355 608
2 290 699
2 273 942
2 22 66
2 755 929
2 7 383
2 522 208
2 160 61
2 615 384
2 379 996
2 573 767
2 542 928
2 57 378
2 770 340
2 622 338
2 455 802
2 46 22
2 945 784
2 965 39
2 623 365
2 253 722
2 6 224
2 370 174
2 22 752
2 733 991
2 287 82
2 335 170
2 664 218
2 82 209
2 448 989
2 397 333
2 14 299
2 624 368
2 421 257
2 973 70
2 225 464
2 954 347
2 81 810
2 223 678
2 890 264
2 645 49
2 893 343
2 637 269
2 819 770
2 903 659
2 145 679
2 187 809
2 661 229
2 992 433
2 772 827
2 863 76
2 124 351
2 89 795
2 9 583
2 876 345
2 561 944
2 791 676
2 421 792
2 930 447
2 502 260
2 336 626
2 922 881
2 816 875
2 100 772
2 652 792
2 5 742
2 69 184
2 168 898
2 406 528
2 912 715
2 634 323
2 319 112
2 439 260
2 705 566
2 562 660
2 161 479
2 562 340
2 533 911
2 647 661
2 512 184
2 404 383
2 922 386
2 179 130
2 378 729
2 397 876
2 629 366
2 793 38
2 159 84
2 735 27
2 381 892
2 468 44
2 913 972
2 281 255
2 201 801
2 987 442
2 147 101
2 235 501
2 100 985
2 950 316
2 67 476
2 767 597
2 307 370
2 560 288
2 938 59
2 536 385
2 5 554
2 372 884
2 718 50
2 836 130
2 529 143
2 701 742
2 58 343
2 169 291
2 773 673
2 813 54
2 360 395
2 480 443
2 299 306
2 521 774
2 507 451
2 614 324
2 654 282
2 100 31
2 259 755
2 587 815
2 972 681
2 553 762
2 299 252
2 644 533
2 724 60
2 921 482
2 962 94
2 497 641
2 289 912
2 164 223
2 850 996
2 842 271
2 82 877
2 882 456
2 397 91
2 833 448
2 851 844
2 636 291
2 513 141
2 155 483
2 465 936
2 498 750
2 521 482
2 959 270
2 55 289
2 444 346
2 560 846
2 269 904
2 390 8
2 77 343
2 48 302
2 968 672
2 958 24
2 689 659
2 911 117
2 51 91
2 391 462
2 934 673
2 527 631
2 573 213
2 426 788
2 135 731
2 108 48
2 76 666
2 163 126
2 207 312
2 450 413
2 299 548
2 836 321
2 881 131
2 113 766
2 203 368
2 291 220
2 704 527
2 918 488
2 371 264
2 809 436
2 735 235
2 51 509
2 70 661
2 377 441
2 1 576
2 102 147
2 950 76
2 58 375
2 202 240
2 305 146
2 521 869
2 907 744
2 629 521
2 819 15
2 967 82
2 437 678
2 706 519
2 496 904
2 152 474
2 354 180
2 1 100
2 539 589
2 882 7
2 56 101
2 103 929
2 323 862
2 761 98
2 113 363
2 103 628
2 922 737
2 265 746
2 297 990
2 804 289
2 582 100
2 242 586
2 687 525
2 489 99
2 459 199
2 830 792
2 62 724
2 758 275
2 183 174
2 654 423
2 687 490
2 691 822
2 793 680
2 342 995
2 622 855
2 654 514
2 265 890
2 110 524
2 792 528
2 720 639
2 247 876
2 714 362
2 376 409
2 862 430
2 933 407
2 690 471
2 491 883
2 512 160
2 657 404
2 247 391
2 862 303
2 747 258
2 908 586
2 302 347
2 408 436
2 82 222
2 314 496
2 669 224
2 847 367
2 245 556
2 671 481
2 402 267
2 738 264
2 318 31
2 633 959
2 282 733
2 461 369
2 612 945
2 415 419
2 985 436
2 507 543
2 821 547
2 506 47
2 873 917
2 647 387
2 164 577
2 643 622
2 118 802
2 750 422
2 780 207
2 684 681
2 195 363
2 303 198
2 62 778
2 555 841
2 469 515
2 834 367
2 834 42
2 424 367
2 369 409
2 958 476
2 498 665
2 251 252
2 983 779
2 321 767
2 644 190
2 977 476
2 181 199
2 53 499
2 741 888
2 722 118
2 186 173
2 408 766
2 102 447
2 933 941
2 308 157
2 941 877
2 9 27
2 341 32
2 9 430
2 418 800
2 301 778
2 714 742
2 533 3
2 862 714
2 657 895
2 99 60
2 378 482
2 247 370
2 569 382
2 397 598
2 25 410
2 897 840
2 370 233
2 735 943
2 442 215
2 601 576
2 272 764
2 424 325
2 629 697
2 828 324
2 840 137
2 460 330
2 324 59
2 933 580
2 265 759
2 680 305
2 512 597
2 159 69
2 569 98
2 188 8
2 880 651
2 350 453
2 581 894
2 450 256
2 839 999
2 626 533
2 807 219
2 749 195
2 512 662
2 268 355
2 821 670
2 310 359
2 37 849
2 213 830
2 494 506
2 612 955
2 62 651
2 614 831
2 123 994
2 657 555
2 966 287
2 638 1
2 403 63
2 931 94
2 640 404
2 29 590
2 540 112
2 497 462
2 377 977
2 895 944
2 113 837
2 518 436
2 881 503
2 756 904
2 816 267
2 84 778
2 400 827
2 202 135
2 732 240
2 495 974
2 777 282
2 581 953
2 933 810
2 24 25
2 891 513
2 621 573
2 882 197
2 897 981
2 42 929
2 413 923
2 192 818
2 669 651
2 443 955
2 519 348
2 490 388
2 669 705
2 692 753
2 868 497
2 108 995
2 690 639
2 960 517
2 859 41
2 157 784
2 925 889
2 657 594
2 214 37
2 42 583
2 232 827
2 203 726
2 717 228
2 963 490
2 516 539
2 30 166
2 6 582
2 669 796
2 711 222
2 149 811
2 394 291
2 715 242
2 445 786
2 706 38
2 890 979
2 606 229
2 490 303
2 22 789
2 213 422
2 581 208
2 623 978
2 945 79
2 775 422
2 899 160
2 282 433
2 113 203
2 154 124
2 124 991
2 726 11
2 554 762
2 955 669
2 702 166
2 453 921
2 663 258
2 294 753
2 568 287
2 208 878
2 739 923
2 6 359
2 272 939
2 408 291
2 383 567
2 756 460
2 116 179
2 535 617
2 417 894
2 777 327
2 412 445
2 382 118
2 293 391
2 420 802
2 358 145
2 575 730
2 470 16
2 187 207
2 361 5
2 117 233
2 220 256
2 308 572
2 472 530
2 993 299
2 575 426
2 914 573
2 167 846
2 14 656
2 740 229
2 578 376
2 381 79
2 17 374
2 15 663
2 233 994
2 142 757
2 971 64
2 691 87
2 495 200
2 688 753
2 204 962
2 395 787
2 168 448
2 488 178
2 728 676
2 795 232
2 308 685
2 684 562
2 552 978
2 960 27
2 644 54
2 665 130
2 812 971
2 128 865
2 585 59
2 427 126
2 662 349
2 342 84
2 567 158
2 116 982
2 902 870
2 835 171
2 968 44
2 627 257
2 348 27
2 205 417
2 989 543
2 60 48
2 314 872
2 339 824
2 736 594
2 126 374
2 531 417
2 478 152
2 611 261
2 990 340
2 791 447
2 360 330
2 503 910
2 899 887
2 186 950
2 445 910
2 492 496
2 183 30
2 198 602
2 145 606
2 748 604
2 833 770
2 372 168
2 326 515
2 159 608
2 567 877
2 689 422
2 399 577
2 79 451
2 202 493
2 906 65
2 882 578
2 132 88
2 715 284
2 783 234
2 848 238
2 231 924
2 778 674
2 967 509
2 468 963
2 53 424
2 487 897
2 997 793
2 466 475
2 465 896
2 65 71
2 302 830
2 891 915
2 165 205
2 968 862
2 746 921
2 639 955
2 308 694
2 463 860
2 443 574
2 183 88
2 1 243
2 164 205
2 497 531
2 225 732
2 153 179
2 908 768
2 298 516
2 635 67
2 210 788
2 542 169
2 819 151
2 610 988
2 564 270
2 129 719
2 804 186
2 755 427
2 884 869
2 320 424
2 338 429
2 922 744
2 488 74
2 192 740
2 720 880
2 151 843
2 992 923
2 647 31
2 648 76
2 275 860
2 464 628
2 608 93
2 145 157
2 218 473
2 7 98
2 114 624
2 28 815
2 149 609
2 85 67
2 295 710
2 203 732
2 30 333
2 242 522
2 912 552
2 335 784
2 376 575
2 885 904
2 220 526
2 283 639
2 873 931
2 793 408
2 676 943
2 712 241
2 568 713
2 456 663
2 73 95
2 262 717
2 446 481
2 623 526
2 920 243
2 46 784
2 526 723
2 275 700
2 307 426
2 713 491
2 359 653
2 236 594
2 840 196
2 448 736
2 443 191
2 911 128
2 710 799
2 239 164
2 877 668
2 565 243
2 6 679
2 910 574
2 618 530
2 823 675
2 214 686
2 562 815
2 911 660
2 296 422
2 235 151
2 583 256
2 950 297
2 623 101
2 804 947
2 191 669
2 691 725
2 90 457
2 274 419
2 956 544
2 355 580
2 572 711
2 967 180
2 984 666
2 32 304
2 798 141
2 854 592
2 867 919
2 320 397
2 228 611
2 324 259
2 862 555
2 995 687
2 636 774
2 307 552
2 455 980
2 317 416
2 615 720
2 426 313
2 9 98
2 662 728
2 336 564
2 276 113
2 288 209
2 66 837
2 990 777
2 950 868
2 373 941
2 633 395
2 541 488
2 341 541
2 262 629
2 916 819
2 513 196
2 588 447
2 164 48
2 228 596
2 791 701
2 444 672
2 575 899
2 788 653
2 741 97
2 555 871
2 748 9
2 793 384
2 446 136
2 527 921
2 584 935
2 206 814
2 845 742
2 152 930
2 195 435
2 576 18
2 843 198
2 658 460
2 647 530
2 254 427
2 898 433
2 587 529
2 41 631
2 669 701
2 285 325
2 833 851
2 610 60
2 510 72
2 772 928
2 644 318
2 200 80
2 606 781
2 547 509
2 117 898
2 351 900
2 350 386
2 524 732
2 761 367
2 313 589
2 834 829
2 128 540
2 455 884
2 736 435
2 971 223
2 261 472
2 531 20
2 607 270
2 751 53
2 330 725
2 603 729
2 490 294
2 196 484
2 897 815
2 855 586
2 700 115
2 247 324
2 3 331
2 597 606
2 48 702
2 893 394
2 366 919
2 445 369
2 46 163
2 906 716
2 246 630
2 382 355
2 161 946
2 439 558
2 755 64
2 496 744
2 835 782
2 862 469
2 447 896
2 3 672
2 803 179
2 133 143
2 466 806
2 75 880
2 655 198
2 525 410
2 566 201
2 803 489
2 887 760
2 489 35
2 196 602
2 987 395
2 11 713
2 116 175
2 403 241
2 197 807
2 68 701
2 265 65
2 818 269
2 240 9
2 84 641
2 51 208
2 701 65
2 237 382
2 919 883
2 533 866
2 814 587
2 682 649
2 16 69
2 439 585
2 657 20
2 995 740
2 681 196
2 164 976
2 203 991
2 883 474
2 686 302
2 635 392
2 512 557
2 987 142
2 13 367
2 727 630
2 581 437
2 192 124
2 568 68
2 839 49
2 254 727
2 274 894
2 775 756
2 320 909
2 660 642
2 310 374
2 88 603
2 292 76
2 908 487
2 366 525
2 886 324
2 588 513
2 777 694
2 104 961
2 531 288
2 282 853
2 975 244
2 152 193
2 394 822
2 876 994
2 814 214
2 710 692
2 326 467
2 406 234
2 102 731
2 859 763
2 368 964
2 951 436
2 394 839
2 492 129
2 756 70
2 661 943
2 730 532
2 934 35
2 106 152
2 209 627
2 39 948
2 350 652
2 231 559
2 813 498
2 645 543
2 217 669
2 903 476
2 566 316
2 141 664
2 190 156
2 859 311
2 117 461
2 145 425
2 794 748
2 432 122
2 655 574
2 387 588
2 438 167
2 455 542
2 494 786
2 412 674
2 973 842
2 566 955
2 576 535
2 51 396
2 233 841
2 328 856
2 324 723
2 669 285
2 336 713
2 665 422
2 920 70
2 51 737
2 301 234
2 902 486
2 923 90
2 807 76
2 130 179
2 845 990
2 430 748
2 385 753
2 300 411
2 610 966
2 649 934
2 689 734
2 418 98
2 403 843
2 454 830
2 949 311
2 848 29
2 273 346
2 242 955
2 495 17
2 224 653
2 877 571
2 307 276
2 293 507
2 158 89
2 476 85
2 391 190
2 979 630
2 235 401
2 239 31
2 109 821
2 247 386
2 858 304
2 87 94
2 88 632
2 421 497
2 884 316
2 718 761
2 864 557
2 568 333
2 198 506
2 782 480
2 973 952
2 626 486
2 771 375
2 127 964
2 197 925
2 424 66
2 220 962
2 814 352
2 590 641
2 838 255
2 119 156
2 724 229
2 739 934
2 155 43
2 313 447
2 759 264
2 684 635
2 816 482
2 319 674
2 494 462
2 478 789
2 33 822
2 403 957
2 751 608
2 715 828
2 901 809
2 263 115
2 512 831
2 496 596
2 559 115
2 334 755
2 52 167
2 710 572
2 330 962
2 254 374
2 307 372
2 597 225
2 240 841
2 287 767
2 248 134
2 461 922
2 564 483
2 756 772
2 974 6
2 254 700
2 667 944
2 836 168
2 635 479
2 525 699
2 858 264
2 736 99
2 963 25
2 505 641
2 396 893
2 726 102
2 162 91
2 873 809
2 585 386
2 541 24
2 930 813
2 459 304
2 360 73
2 108 344
2 534 802
2 953 72
2 610 469
2 335 618
2 127 786
2 908 868
2 17 540
2 636 148
2 184 585
2 906 67
2 268 17
2 921 530
2 783 257
2 561 224
2 187 622
2 111 282
2 915 506
2 135 682
2 175 977
2 775 185
2 747 743
2 880 631
2 326 289
2 703 974
2 492 650
2 203 674
2 691 133
2 92 530
2 846 99
2 86 79
2 489 674
2 503 839
2 575 294
2 710 269
2 733 918
2 173 441
2 483 519
2 814 480
2 320 234
2 307 342
2 673 311
2 942 695
2 615 527
2 343 265
2 857 362
2 500 883
2 460 597
2 556 685
2 909 334
2 485 674
2 588 441
2 797 161
2 116 534
2 999 178
2 715 597
2 877 545
2 649 618
2 938 502
2 251 985
2 899 500
2 412 270
2 95 413
2 49 23
2 344 561
2 148 889
2 647 741
2 661 884
2 899 231
2 840 139
2 691 781
2 79 962
2 871 647
2 137 257
2 566 70
2 722 391
2 664 675
2 395 292
2 785 883
2 310 650
2 821 360
2 452 375
2 343 505
2 815 246
2 563 875
2 952 191
2 28 768
2 192 686
2 616 685
2 886 780
2 703 989
2 441 535
2 841 185
2 861 813
2 674 218
2 315 716
2 654 523
2 861 386
2 212 431
2 204 837
2 298 597
2 720 337
2 853 809
2 411 528
2 231 923
2 512 463
2 699 186
2 488 258
2 679 341
2 42 45
2 29 320
2 458 738
2 843 269
2 253 457
2 525 699
2 513 606
2 473 123
2 914 772
2 713 594
2 649 390
2 777 536
2 230 735
2 917 729
2 193 549
2 881 721
2 277 305
2 275 876
2 272 529
2 962 763
2 797 843
2 808 958
2 73 258
2 404 267
2 556 186
2 610 906
2 542 235
2 665 406
2 145 64
2 968 670
2 549 127
2 863 827
2 301 842
2 899 877
2 988 416
2 476 799
2 908 978
2 622 970
2 883 325
2 963 603
2 370 811
2 370 650
2 293 954
2 89 864
2 904 586
2 827 147
2 211 639
2 276 605
2 842 932
2 131 965
2 437 12
2 852 831
2 34 892
2 512 402
2 36 626
2 565 80
2 233 729
2 967 818
2 867 803
2 857 801
2 849 143
2 130 44
2 510 787
2 75 655
2 959 976
2 399 933
2 518 632
2 778 618
2 439 696
2 282 449
2 968 222
2 747 330
2 117 792
2 626 488
2 470 968
2 398 708
2 543 422
2 330 676
2 291 288
2 893 502
2 418 277
2 74 986
2 691 725
2 564 738
2 786 220
2 304 234
2 916 976
2 159 755
2 75 539
2 619 312
2 397 986
2 378 651
2 786 580
2 81 345
2 624 788
2 770 586
2 931 831
2 453 227
2 517 226
2 836 60
2 873 65
2 887 391
2 546 205
2 463 490
2 35 462
2 65 417
2 754 790
2 813 147
2 245 557
2 434 274
2 971 465
2 704 763
2 317 743
2 397 386
2 210 958
2 274 716
2 153 965
2 645 551
2 882 356
2 901 250
2 783 486
2 11 658
2 743 291
2 658 243
2 783 84
2 565 711
2 192 508
2 954 896
2 343 234
2 73 877
2 311 702
2 854 180
2 382 837
2 583 674
2 987 762
2 109 691
2 598 276
2 144 30
2 567 841
2 832 423
2 402 849
2 975 529
2 19 299
2 520 778
2 445 60
2 827 555
2 260 863
2 694 475
2 268 13
2 719 258
2 779 135
2 570 319
2 749 517
2 545 727
2 63 812
2 202 782
2 177 945
2 14 738
2 845 888
2 940 185
2 457 559
2 19 579
2 833 65
2 427 136
2 474 596
2 211 602
2 788 642
2 153 450
2 466 654
2 1 98
2 59 398
2 76 661
2 182 77
2 198 31
2 183 209
2 582 488
2 834 809
2 873 316
2 383 950
2 751 880
2 428 812
2 56 469
2 444 15
2 427 158
2 173 642
2 836 950
2 814 939
2 661 131
2 11 8
2 64 599
2 283 266
2 906 306
2 590 286
2 492 242
2 767 362
2 494 974
2 277 904
2 212 247
2 427 563
2 265 338
2 52 497
2 936 901
2 320 371
2 434 251
2 74 32
2 408 932
2 927 977
2 437 597
2 798 943
2 906 174
2 842 689
2 807 475
2 795 564
2 696 823
2 660 8
2 701 137
2 792 835
2 767 277
2 358 907
2 336 155
2 964 128
2 855 946
2 282 943
2 948 75
2 612 763
2 536 285
2 927 602
2 739 659
2 154 17
2 535 802
2 687 240
2 768 597
2 404 880
2 581 209
2 297 865
2 10 539
2 310 227
2 258 631
2 662 458
2 673 675
2 365 566
2 195 135
2 564 486
2 403 697
2 622 820
2 554 37
2 412 79
2 10 136
2 442 860
2 207 87
2 300 98
2 754 571
2 105 985
2 369 427
2 477 447
2 46 333
2 448 226
2 525 140
2 144 762
2 111 78
2 554 72
2 745 658
2 954 931
2 883 156
2 706 506
2 550 271
2 344 236
2 381 735
2 857 292
2 472 219
2 695 676
2 200 758
2 197 456
2 309 849
2 769 801
2 757 429
2 690 530
2 871 857
2 581 742
2 381 72
2 36 300
2 116 376
2 798 843
2 689 182
2 765 316
2 251 237
2 96 430
2 315 532
2 328 828
2 174 991
2 818 188
2 293 167
2 245 566
2 962 535
2 924 125
2 555 699
2 347 464
2 86 882
2 361 860
2 210 660
2 407 822
2 667 305
2 461 660
2 297 708
2 581 56
2 24 802
2 904 530
2 285 729
2 135 519
2 971 892
2 786 35
2 296 778
2 178 990
2 867 998
2 856 61
2 464 907
2 177 251
2 749 150
2 918 748
2 352 145
2 283 941
2 848 748
2 326 18
2 858 74
2 298 493
2 955 734
2 171 213
2 724 173
2 236 128
2 878 605
2 613 767
2 443 723
2 940 664
2 110 561
2 469 24
2 901 702
2 897 76
2 701 558
2 55 579
2 102 306
2 46 341
2 954 573
2 505 994
2 929 21
2 334 171
2 28 695
2 561 17
2 804 717
2 763 896
2 63 693
2 201 624
2 401 363
2 952 940
2 964 219
2 169 829
2 914 278
2 386 953
2 564 453
2 168 399
2 42 279
2 808 828
2 895 921
2 960 970
2 257 711
2 75 733
2 93 172
2 557 731
2 758 770
2 938 503
2 568 196
2 474 905
2 755 499
2 689 731
2 325 216
2 389 574
2 938 150
2 370 674
2 759 767
2 256 319
2 846 429
2 970 40
2 401 945
2 245 222
2 884 481
2 450 396
2 886 12
2 668 24
2 988 315
2 373 943
2 567 56
2 678 331
2 790 87
2 839 288
2 813 306
2 630 676
2 903 496
2 570 244
2 783 548
2 205 171
2 789 402
2 757 180
2 376 303
2 253 512
2 749 462
2 952 662
2 201 829
2 382 98
2 843 913
2 1000 364
2 507 350
2 993 708
2 244 304
2 654 876
2 10 559
2 49 90
2 448 546
2 373 834
2 597 229
2 938 20
2 487 216
2 469 496
2 684 396
2 797 615
2 326 957
2 648 102
2 780 666
2 899 838
2 887 399
2 610 235
2 940 762
2 632 166
2 688 118
2 496 349
2 55 40
2 639 213
2 165 568
2 239 739
2 335 700
2 191 884
2 710 509
2 412 430
2 176 53
2 387 877
2 313 120
2 854 858
2 967 946
2 700 664
2 357 354
2 696 952
2 546 119
2 354 488
2 50 197
2 107 387
2 816 195
2 638 386
2 751 79
2 183 716
2 574 471
2 32 31
2 901 643
2 810 214
2 551 486
2 815 553
2 524 192
2 48 998
2 36 175
2 346 99
2 197 175
2 432 520
2 339 404
2 149 142
2 446 604
2 623 413
2 139 947
2 58 158
2 848 557
2 364 638
2 801 196
2 57 469
2 498 222
2 283 112
2 792 543
2 770 538
2 557 715
2 913 24
2 37 191
2 107 808
2 489 794
2 379 168
2 964 239
2 489 625
2 736 744
2 888 763
2 920 889
2 265 284
2 969 792
2 454 101
2 977 731
2 879 482
2 553 590
2 695 729
2 416 544
2 397 216
2 80 569
2 678 557
2 755 587
2 1 416
2 908 616
2 369 244
2 909 604
2 454 286
2 81 842
2 200 932
2 895 562
2 954 212
2 360 888
2 797 476
2 147 917
2 836 855
2 895 768
2 217 776
2 971 744
2 664 40
2 275 256
2 170 630
2 577 141
2 336 541
2 530 219
2 774 643
2 867 757
2 176 54
2 833 978
2 968 342
2 108 172
2 998 953
2 147 599
2 507 80
2 109 516
2 489 678
2 993 159
2 377 725
2 940 952
2 86 28
2 877 962
2 459 860
2 503 621
2 614 445
2 648 747
2 754 425
2 242 143
2 103 312
2 279 35
2 233 326
2 622 648
2 181 817
2 48 321
2 168 53
2 193 548
2 147 121
2 263 24
2 386 697
2 239 566
2 160 652
2 353 264
2 357 554
2 711 65
2 693 479
2 842 703
2 946 826
2 86 780
2 924 125
2 152 862
2 385 837
2 275 157
2 246 510
2 375 315
2 805 311
2 351 633
2 361 618
2 594 996
2 689 211
2 565 488
2 617 481
2 746 60
2 765 24
2 892 398
2 750 130
2 75 363
2 253 527
2 58 45
2 908 277
2 715 158
2 6 87
2 381 748
2 497 509
2 377 477
2 549 497
2 945 246
2 342 155
2 62 20
2 940 901
2 499 405
2 472 691
2 954 777
2 659 232
2 693 798
2 967 1000
2 237 830
2 145 61
2 813 974
2 610 480
2 895 111
2 629 915
2 56 171
2 3 762
2 633 462
2 39 798
2 304 740
2 964 467
2 210 270
2 284 837
2 967 888
2 888 535
2 699 618
2 496 589
2 588 58
2 132 963
2 300 398
2 424 978
2 551 295
2 311 65
2 625 579
2 403 208
2 213 561
2 483 548
2 667 43
2 773 713
2 746 229
2 133 436
2 624 943
2 154 562
2 941 924
2 901 617
2 553 910
2 97 569
2 152 709
2 939 866
2 859 139
2 393 652
2 890 597
2 891 853
2 167 61
2 689 810
2 450 238
2 667 49
2 372 831
2 286 125
2 432 860
2 14 199
2 620 802
2 154 150
2 846 599
2 201 710
2 77 844
2 620 248
2 792 24
2 967 152
2 536 148
2 785 189
2 672 363
2 293 455
2 301 302
2 192 524
2 128 532
2 912 596
2 444 374
2 704 531
2 423 148
2 937 166
2 339 298
2 637 462
2 559 349
2 455 246
2 461 248
2 86 753
2 588 410
2 471 741
2 16 989
2 239 488
2 132 115
2 994 738
2 906 231
2 581 981
2 940 739
2 846 90
2 760 87
2 445 378
2 490 416
2 983 842
2 299 269
2 311 530
2 949 894
2 666 87
2 28 892
2 581 754
2 688 77
2 639 528
2 722 937
2 53 633
2 401 23
2 173 841
2 507 353
2 97 423
2 754 486
2 981 393
2 242 622
2 825 385
2 891 1
2 902 796
2 372 157
2 579 598
2 405 21
2 769 695
2 644 242
2 662 191
2 609 154
2 368 276
2 973 422
2 883 431
2 865 894
2 241 567
2 865 171
2 418 160
2 251 211
2 377 96
2 308 742
2 59 174
2 924 23
2 876 829
2 45 407
2 902 498
2 400 433
2 88 984
2 56 240
2 447 669
2 912 514
2 63 726
2 694 345
2 913 915
2 76 155
2 548 429
2 794 548
2 137 72
2 692 306
2 53 826
2 227 894
2 836 652
2 344 860
2 500 543
2 840 264
2 767 410
2 518 437
2 825 861
2 738 729
2 818 731
2 485 58
2 28 24
2 542 709
2 883 723
2 177 421
2 25 435
2 853 479
2 13 295
2 91 416
2 667 463
2 251 829
2 733 924
2 444 161
2 455 889
2 228 255
2 868 443
2 576 258
