8 800 861 170 673 275 702 126 86
8 338 238 625 738 229 389 873 744
8 614 638 495 975 628 830 686 895
8 989 142 823 930 254 546 754 489
8 324 277 290 852 502 550 794 381
8 522 685 537 325 115 531 595 506
8 310 60 776 946 358 451 676 401
8 24 773 47 702 874 219 784 758
8 17 566 898 165 767 32 961 348
8 222 31 867 781 716 75 79 801
8 278 551 524 884 489 483 744 35
8 888 429 800 623 554 83 942 893
8 562 39 103 320 660 756 253 576
8 508 244 254 194 71 630 903 739
8 288 473 442 290 179 83 490 783
8 67 246 426 392 344 717 913 384
8 433 978 829 652 558 133 631 462
8 386 282 218 353 24 899 75 484
8 224 296 218 812 259 815 298 315
8 746 577 362 180 3 271 379 571
8 529 632 884 731 682 747 847 327
8 878 271 760 702 47 483 825 576
8 394 27 762 151 877 100 430 645
8 98 700 929 915 443 122 374 415
8 330 147 54 301 973 260 675 845
8 922 556 185 352 747 183 363 891
8 93 244 98 800 52 954 656 877
8 766 171 878 888 813 401 4 381
8 480 976 114 48 328 935 683 266
8 179 769 294 430 843 362 745 479
8 398 545 800 448 123 197 362 635
8 246 373 611 878 946 957 310 406
8 684 278 306 740 778 168 612 572
8 498 690 226 516 697 740 14 877
8 139 9 490 189 552 243 937 348
8 397 142 338 100 612 983 664 127
8 98 657 181 536 351 346 446 254
8 984 6 496 225 182 2 500 274
8 60 523 586 305 181 985 309 883
8 704 865 486 323 817 132 450 42
8 171 706 168 240 775 950 756 449
8 492 929 269 155 123 634 74 311
8 915 790 227 527 152 621 464 903
8 454 928 524 527 686 919 79 546
8 51 332 305 217 537 131 905 438
8 433 250 67 570 339 567 540 571
8 317 337 650 800 398 327 154 18
8 544 929 469 957 719 266 873 284
8 681 452 49 711 14 394 987 546
8 365 984 54 1 80 581 261 849
8 980 632 239 932 958 37 129 965
8 123 588 629 292 636 382 801 714
8 386 160 884 535 973 475 99 489
8 453 974 807 431 607 260 608 40
8 47 690 375 41 935 362 601 29
8 816 250 627 769 589 783 506 697
8 295 929 821 768 993 716 197 223
8 890 933 8 711 551 481 629 900
8 268 203 142 949 855 19 274 267
8 434 567 15 271 62 979 319 873
8 317 88 681 51 454 39 114 709
8 53 463 594 929 202 310 548 695
8 273 27 498 712 268 824 753 679
8 602 338 14 658 125 592 554 179
8 823 175 933 529 957 730 354 80
8 439 920 211 602 347 220 298 375
8 704 509 859 651 443 243 797 597
8 814 785 603 606 553 40 451 891
8 117 429 31 918 594 219 942 732
8 816 164 914 842 737 709 57 623
8 85 403 490 729 204 948 783 19
8 501 444 589 733 332 271 61 970
8 599 388 352 712 974 992 593 619
8 517 433 487 194 942 716 424 334
8 322 896 436 822 538 316 233 761
8 429 214 678 151 383 78 475 775
8 106 216 290 607 418 313 127 573
8 244 27 164 690 230 207 336 619
8 403 11 144 266 91 813 262 460
8 187 335 917 989 160 924 279 883
8 814 760 989 549 525 834 733 934
8 352 459 122 365 997 90 870 298
8 187 545 275 417 18 849 243 792
8 317 440 681 106 107 30 524 19
8 868 580 313 229 121 18 208 234
8 513 721 118 53 497 724 535 407
8 778 112 300 847 325 513 328 799
8 866 7 477 333 252 533 18 404
8 456 771 343 167 954 759 674 50
8 14 385 171 308 635 442 900 654
8 10 458 841 41 890 811 613 724
8 991 106 550 422 683 165 881 817
8 227 74 154 221 630 960 489 799
8 752 387 622 865 279 311 916 714
8 501 338 122 238 584 387 597 94
8 448 71 614 671 90 192 787 287
8 435 456 397 592 410 379 845 212
8 952 459 596 684 398 804 736 84
8 951 429 750 863 524 489 833 947
8 386 662 612 275 698 5 857 670
8 426 954 333 665 342 603 935 136
8 589 212 848 622 100 75 806 578
8 574 918 482 269 299 64 938 367
8 31 52 530 96 138 709 267 749
8 431 588 286 481 424 754 687 817
8 539 740 798 683 437 342 68 327
8 541 661 105 38 798 404 127 633
8 281 663 31 292 30 213 921 279
8 991 207 300 313 541 953 619 792
8 93 590 439 592 364 735 405 619
8 588 377 459 41 855 299 906 965
8 818 816 642 768 974 42 609 695
8 498 281 13 319 254 243 485 133
8 70 768 589 725 637 400 184 447
8 386 614 244 388 757 922 83 514
8 448 361 273 293 66 618 770 754
8 273 504 466 467 275 910 326 819
8 941 308 828 280 312 450 692 634
8 513 864 434 131 181 935 415 20
8 201 892 475 705 84 439 450 382
8 264 475 47 29 305 594 263 817
8 482 840 725 958 856 401 410 535
8 911 641 81 307 464 382 927 653
8 742 170 598 966 587 208 251 348
8 875 989 356 126 2 262 294 287
8 491 994 142 545 543 307 146 862
8 848 65 416 560 513 151 146 450
8 666 902 998 216 982 561 376 334
8 112 280 592 594 720 600 115 595
8 769 474 258 950 970 955 901 276
8 494 363 270 847 850 849 640 591
8 412 545 613 705 685 253 226 35
8 868 538 55 377 333 887 229 21
8 239 666 208 724 136 126 611 376
8 562 420 565 374 838 422 970 519
8 638 303 363 914 833 80 797 862
8 872 344 292 567 265 221 506 621
8 34 345 190 529 824 557 612 880
8 827 281 242 391 785 963 104 272
8 704 457 920 596 861 62 313 440
8 326 134 303 775 891 956 138 909
8 317 835 636 91 771 155 197 905
8 557 896 950 795 41 362 786 346
8 27 404 504 711 642 136 664 479
8 584 369 972 610 270 68 926 109
8 658 292 225 592 473 966 454 782
8 988 816 60 337 271 961 517 253
8 15 286 65 325 956 282 999 129
8 776 199 545 537 47 514 881 262
8 67 975 139 249 27 100 461 367
8 773 59 296 798 362 603 414 2
8 322 742 257 529 515 243 38 168
8 339 1 248 677 146 223 754 328
8 748 149 840 922 708 443 741 651
8 222 167 989 778 63 655 559 557
8 125 446 663 104 664 987 316 573
8 673 473 173 890 505 83 864 873
8 872 935 696 651 126 406 909 25
8 859 7 85 383 369 31 511 470
8 663 52 550 672 832 648 735 109
8 518 23 332 272 466 993 404 583
8 442 369 140 244 837 219 68 692
8 791 47 770 214 477 401 61 793
8 185 570 701 63 642 454 774 240
8 882 352 306 805 422 275 499 757
8 218 665 5 678 894 447 356 92
8 491 951 93 13 310 702 313 806
8 54 835 9 31 880 928 469 69
8 117 58 789 780 870 698 833 362
8 125 185 538 123 641 502 845 558
8 160 957 549 984 391 845 832 854
8 62 147 167 795 986 90 495 32
8 917 911 335 53 421 464 706 820
8 587 920 426 577 906 514 873 471
8 492 510 967 53 584 182 213 38
8 227 200 771 306 111 471 252 759
8 814 928 243 828 180 659 254 506
8 991 818 236 537 583 479 695 327
8 722 641 65 6 385 930 381 395
8 88 101 65 890 418 383 212 350
8 700 446 135 121 711 983 959 382
8 492 404 280 962 269 105 417 932
8 246 919 627 69 95 347 887 141
8 55 429 113 202 852 895 133 35
8 385 60 473 168 223 445 927 43
8 116 200 469 172 193 282 357 842
8 983 148 269 860 475 487 833 685
8 152 200 527 486 785 38 315 792
8 680 615 316 214 785 396 15 512
8 795 598 636 320 879 443 179 671
8 117 492 322 815 302 490 955 351
8 910 185 835 822 690 711 229 382
8 46 230 335 858 791 224 515 623
8 431 803 990 105 74 129 856 576
8 386 627 527 224 341 253 11 762
8 665 412 832 950 320 719 449 102
8 243 906 64 377 741 798 500 506
8 811 107 16 918 958 899 102 799
8 329 497 182 207 108 934 761 782
8 929 482 251 490 780 232 949 108
8 955 478 809 179 946 213 12 526
8 920 320 403 580 931 186 632 817
8 283 156 66 702 143 790 489 801
8 317 258 17 114 964 372 754 330
8 246 704 302 832 97 69 462 883
8 523 994 453 302 314 600 834 126
8 663 33 572 858 219 194 637 850
8 867 878 319 910 451 767 298 653
8 539 554 30 38 702 983 138 279
8 386 635 493 545 767 168 519 943
8 941 998 850 213 923 755 914 109
8 501 163 540 831 655 725 207 883
8 24 34 638 340 203 871 645 240
8 554 882 365 677 414 937 240 120
8 769 772 239 430 27 961 575 581
8 549 807 26 786 947 541 127 972
8 520 431 260 338 996 277 863 178
8 732 590 411 789 364 179 668 649
8 214 14 752 96 64 973 451 407
8 538 738 485 540 409 226 957 379
8 657 5 477 283 602 844 379 810
8 491 54 791 660 964 204 138 736
8 684 48 497 719 293 661 918 464
8 167 808 322 807 720 815 531 620
8 655 173 509 705 898 660 853 744
8 118 752 920 875 741 808 424 334
8 203 394 884 809 435 504 184 551
8 746 206 283 357 390 349 37 94
8 296 770 147 463 947 526 382 762
8 341 816 386 441 716 220 97 12
8 65 495 729 1000 797 126 43 576
8 343 890 87 813 2 595 609 764
8 950 716 361 192 899 762 461 253
8 556 58 9 905 371 349 517 26
8 665 791 239 872 366 171 73 407
8 876 156 125 169 211 8 729 45
8 814 90 869 431 808 514 102 198
8 403 565 52 174 95 438 900 451
8 688 397 340 848 463 382 686 548
8 510 65 625 206 790 367 121 563
8 326 680 307 454 764 265 844 313
8 852 977 550 2 887 620 213 749
8 988 380 34 189 383 349 833 953
8 439 784 326 874 275 87 20 374
8 459 143 907 674 581 949 138 479
8 722 61 625 969 733 720 30 759
8 65 698 390 23 386 7 592 28
8 979 142 832 29 817 21 815 714
8 117 774 472 534 203 493 463 445
8 144 326 360 303 361 30 517 94
8 169 420 346 172 963 243 351 830
8 412 308 394 827 826 318 503 647
8 58 617 167 66 205 260 100 127
8 818 742 759 613 992 454 764 213
8 712 119 973 942 661 447 697 558
8 746 533 58 378 509 572 697 793
8 565 747 436 16 973 899 569 857
8 712 752 701 257 788 114 270 234
8 963 329 368 15 168 320 961 723
8 171 678 773 247 70 949 511 749
8 338 101 286 977 172 612 215 374
8 180 95 900 598 99 202 499 379
8 179 441 734 528 36 351 670 376
8 979 190 911 825 954 731 506 35
8 185 629 638 130 367 282 881 631
8 731 343 661 859 332 689 955 236
8 433 806 976 211 59 757 503 219
8 427 665 270 487 847 653 2 648
8 634 299 527 307 105 422 693 515
8 498 616 617 771 733 792 506 763
8 813 998 95 874 475 461 627 893
8 457 993 840 432 706 843 91 315
8 337 454 292 484 806 359 370 137
8 805 804 405 209 547 484 959 445
8 954 592 838 518 318 556 235 849
8 436 152 143 830 713 581 702 104
8 529 446 177 606 913 237 799 749
8 562 721 867 396 455 611 579 648
8 453 296 337 116 205 839 711 430
8 977 919 632 752 417 182 575 367
8 88 805 153 608 812 889 597 601
8 614 116 665 90 580 693 460 521
8 978 508 842 241 696 598 510 647
8 24 996 55 140 875 699 346 355
8 562 67 326 904 27 652 190 817
8 352 152 275 627 443 739 794 376
8 241 303 950 534 108 779 255 762
8 344 157 510 93 230 586 983 670
8 176 386 973 29 97 905 231 578
8 206 433 135 171 707 248 942 284
8 412 565 581 386 149 289 534 873
8 246 814 497 790 537 579 838 854
8 718 777 738 494 756 581 141 136
8 861 919 998 468 828 406 853 276
8 135 665 605 702 57 757 279 759
8 195 368 747 41 276 471 14 159
8 565 964 869 181 4 132 348 35
8 712 982 190 107 828 17 239 193
8 46 26 206 344 509 611 832 450
8 538 174 180 368 80 119 223 425
8 816 931 135 736 958 353 237 883
8 857 154 639 807 641 365 880 389
8 264 34 840 214 452 779 110 895
8 429 377 175 789 958 124 765 32
8 435 362 552 462 423 916 619 568
8 678 896 360 365 382 714 5 503
8 57 217 651 97 81 558 69 668
8 522 139 706 872 615 205 96 351
8 403 747 240 44 559 511 568 626
8 751 81 679 398 336 530 282 626
8 735 771 333 352 391 181 92 942
8 888 639 142 90 442 32 80 43
8 623 501 358 351 919 948 506 76
8 98 116 933 691 622 62 754 137
8 139 848 569 748 628 140 470 668
8 429 720 773 285 516 685 406 749
8 468 805 302 698 254 261 563 959
8 67 712 352 134 577 503 76 37
8 494 148 929 100 847 90 904 136
8 676 383 39 143 781 631 978 510
8 684 6 826 538 630 259 351 381
8 491 490 814 106 158 204 520 792
8 776 289 372 730 78 161 799 591
8 160 211 387 969 618 69 66 21
8 302 603 839 962 977 271 998 583
8 951 79 95 6 155 919 718 45
8 498 108 529 390 203 153 357 190
8 125 787 307 256 524 985 900 470
8 123 589 835 364 999 64 471 25
8 802 565 166 4 603 307 20 799
8 657 593 902 439 542 645 219 595
8 939 222 510 97 477 225 334 425
8 936 643 979 274 305 259 410 708
8 65 60 66 283 590 297 686 84
8 173 585 232 8 764 923 569 168
8 722 27 250 641 271 648 428 819
8 175 122 28 756 986 184 461 595
8 288 246 709 615 818 747 439 897
8 203 224 852 824 470 345 547 576
8 978 768 974 332 916 488 447 932
8 950 477 223 850 11 751 110 591
8 891 904 982 320 577 483 770 332
8 722 748 195 664 381 422 411 689
8 117 34 383 882 783 953 124 53
8 917 759 610 121 573 471 80 500
8 200 516 131 119 493 96 661 90
8 10 93 821 78 977 118 592 850
8 453 598 44 634 18 651 32 198
8 200 862 840 587 892 940 901 21
8 941 285 326 698 189 332 729 641
8 722 397 162 790 360 666 561 938
8 814 129 114 74 410 84 846 883
8 378 795 955 270 630 950 287 845
8 89 616 759 218 617 341 660 591
8 238 22 793 39 27 104 102 407
8 411 395 134 918 853 372 801 744
8 329 841 365 236 318 560 234 531
8 65 661 301 911 269 44 660 993
8 722 497 624 130 152 74 91 714
8 195 510 575 425 563 73 779 695
8 924 281 156 267 190 965 235 926
8 945 816 882 457 467 193 745 697
8 246 643 742 811 940 713 820 908
8 18 622 658 406 11 786 698 165
8 620 842 9 116 724 622 543 535
8 596 890 760 323 50 84 234 611
8 329 192 582 947 612 717 885 763
8 387 404 423 421 540 733 891 799
8 998 189 580 362 693 603 782 197
8 328 352 282 358 956 706 198 670
8 108 218 605 269 132 689 745 279
8 752 383 489 677 938 671 883 873
8 394 187 316 682 356 502 733 126
8 321 97 589 29 945 858 147 546
8 657 353 638 776 320 438 799 350
8 423 199 963 231 40 100 334 927
8 917 56 114 942 780 979 161 136
8 88 565 522 878 182 76 664 595
8 951 321 390 811 723 524 697 263
8 495 195 650 633 155 820 843 389
8 427 536 617 154 691 871 955 777
8 219 152 562 929 580 183 585 342
8 426 99 963 737 605 609 234 995
8 794 255 560 41 395 198 221 35
8 599 532 146 400 836 879 80 231
8 81 912 680 37 524 252 908 276
8 481 652 785 976 740 985 69 110
8 250 841 494 587 349 915 898 318
8 60 458 433 203 827 570 638 898
8 882 677 313 356 314 775 94 601
8 152 550 513 413 364 517 275 74
8 613 176 812 855 877 753 847 507
8 950 748 197 899 68 862 334 521
8 982 160 705 646 985 43 779 728
8 482 606 553 650 457 495 802 586
8 60 717 779 540 455 643 375 519
8 701 487 4 923 834 802 256 556
8 131 598 894 214 892 998 220 889
8 17 321 605 564 424 219 475 526
8 152 398 600 2 813 279 136 895
8 288 317 805 244 748 532 91 647
8 663 771 157 622 318 464 413 856
8 831 682 439 431 205 497 855 883
8 453 666 564 154 184 926 83 25
8 933 194 529 440 677 404 934 231
8 562 427 523 790 426 987 263 221
8 912 622 678 174 743 805 45 660
8 988 786 765 190 569 846 348 763
8 459 268 863 351 419 450 252 820
8 988 928 841 401 369 350 197 883
8 352 152 143 757 695 953 697 758
8 852 98 750 726 325 978 155 759
8 944 203 256 315 69 358 826 384
8 552 249 557 711 369 115 948 595
8 771 678 836 248 729 515 990 916
8 139 57 204 971 623 834 500 927
8 686 933 720 177 122 472 641 606
8 147 835 278 233 543 824 406 793
8 174 82 828 74 369 72 36 460
8 996 860 497 449 574 528 625 837
8 335 377 674 886 953 470 128 72
8 963 652 353 693 553 737 959 315
8 474 913 34 975 510 103 950 113
8 599 134 677 556 336 5 600 254
8 493 611 859 708 560 720 254 44
8 491 914 206 528 979 531 635 161
8 429 358 378 965 470 256 104 255
8 157 412 487 158 469 122 471 486
8 117 528 125 325 293 580 707 799
8 776 366 859 341 811 333 995 73
8 434 410 106 85 396 302 890 69
8 527 427 48 609 840 500 568 801
8 453 394 658 765 327 184 94 382
8 101 426 581 357 666 267 318 255
8 508 504 284 676 657 41 970 193
8 340 416 501 784 220 323 578 84
8 704 106 169 404 473 678 733 45
8 160 239 902 170 557 397 8 526
8 593 162 728 307 847 901 563 695
8 10 241 902 701 597 829 265 90
8 523 275 500 594 495 182 652 943
8 455 816 258 357 440 664 761 970
8 973 116 41 378 630 209 797 479
8 919 9 954 135 831 820 801 763
8 892 148 458 550 316 201 804 507
8 316 396 725 620 740 610 78 672
8 790 156 727 493 585 300 266 197
8 796 277 859 14 326 672 254 384
8 427 66 495 781 654 770 414 804
8 769 641 994 798 978 606 583 819
8 412 22 910 99 963 170 64 777
8 855 405 362 187 448 62 661 153
8 67 914 638 215 162 804 857 350
8 107 874 726 31 949 190 110 883
8 590 282 677 495 184 345 198 384
8 299 542 980 807 78 271 812 74
8 933 523 465 887 58 204 384 591
8 650 928 674 963 220 100 165 94
8 641 103 886 986 826 108 873 957
8 811 257 575 707 478 372 225 127
8 89 106 49 701 435 183 909 758
8 773 726 944 785 316 592 91 379
8 933 878 955 825 537 300 679 804
8 163 685 544 971 418 788 223 621
8 278 49 684 958 446 696 357 942
8 778 473 587 83 2 548 184 43
8 434 642 242 214 857 252 932 723
8 951 701 433 976 702 831 723 956
8 501 49 650 373 901 304 197 845
8 452 8 446 61 849 327 670 407
8 356 33 544 803 709 940 219 903
8 424 798 708 757 924 548 253 168
8 46 742 53 835 237 339 21 407
8 589 16 241 579 251 949 563 382
8 250 48 214 131 369 810 389 959
8 508 588 368 265 713 245 797 198
8 491 222 22 217 541 815 640 749
8 329 93 281 258 989 280 95 843
8 690 509 58 945 131 723 892 502
8 491 456 620 179 598 655 282 25
8 860 835 399 573 255 881 960 485
8 590 989 862 737 24 76 981 639
8 152 795 510 834 406 842 413 180
8 435 509 486 312 215 515 759 758
8 149 455 998 239 569 129 178 376
8 150 65 590 467 536 737 52 757
8 501 435 729 518 141 226 83 571
8 54 200 840 363 600 377 648 670
8 638 306 831 468 466 90 921 159
8 295 98 630 995 394 197 789 597
8 979 951 902 164 982 623 37 76
8 696 931 125 803 677 997 202 406
8 570 718 598 423 725 999 514 777
8 920 377 660 627 905 832 196 35
8 167 390 469 598 58 661 94 793
8 915 118 177 22 725 436 465 615
8 222 998 650 306 72 220 782 862
8 89 434 214 838 718 323 489 693
8 614 727 945 686 282 226 216 196
8 258 982 748 417 809 100 761 374
8 252 149 642 781 292 593 754 761
8 839 770 538 783 313 740 580 354
8 362 169 440 166 392 572 697 525
8 67 301 51 713 587 478 20 460
8 941 244 380 587 404 998 5 937
8 538 556 665 162 354 694 75 670
8 700 458 171 410 210 553 475 25
8 435 37 21 610 96 512 885 32
8 34 149 920 148 869 995 810 132
8 210 17 865 924 694 905 540 534
8 181 779 373 128 965 327 263 619
8 851 711 587 663 211 141 191 563
8 737 466 755 857 557 52 595 862
8 306 510 680 907 497 741 985 854
8 385 936 834 469 559 878 653 304
8 705 918 313 837 295 370 263 447
8 614 523 812 468 653 284 345 410
8 835 642 537 687 560 83 986 611
8 755 184 993 908 919 642 968 194
8 988 60 722 329 527 517 42 109
8 453 602 300 167 49 260 79 267
8 921 257 65 716 586 924 974 493
8 18 738 888 699 256 483 20 697
8 433 861 872 544 188 411 688 854
8 131 7 301 61 79 367 154 44
8 416 984 700 58 509 135 339 628
8 434 116 638 618 245 50 886 20
8 713 716 469 914 196 91 254 72
8 337 708 331 282 520 451 759 525
8 989 543 912 368 908 888 307 631
8 746 148 355 280 862 547 327 793
8 456 716 286 271 655 44 260 898
8 200 924 606 806 413 470 441 379
8 902 360 257 177 835 968 373 593
8 917 796 486 151 592 3 528 886
8 522 162 433 516 781 205 602 579
8 398 582 513 455 962 440 99 235
8 776 534 359 179 791 999 916 137
8 317 925 807 312 387 815 968 645
8 427 211 303 808 966 196 884 350
8 994 494 734 395 446 889 315 479
8 268 978 667 232 164 689 633 102
8 600 495 589 919 248 825 450 137
8 233 948 802 346 514 610 775 535
8 386 596 455 366 974 756 481 446
8 491 776 691 984 70 78 311 465
8 455 312 505 511 368 740 990 19
8 487 176 721 371 530 267 61 649
8 933 284 998 77 234 975 212 507
8 722 832 538 770 130 12 219 653
8 701 427 451 428 737 229 363 407
8 982 441 176 494 293 835 859 887
8 89 867 416 383 996 298 211 376
8 338 980 590 95 194 199 736 450
8 861 812 353 52 981 369 214 886
8 504 840 769 187 7 964 540 460
8 851 596 409 282 792 959 619 327
8 839 827 935 859 478 644 110 843
8 281 538 677 755 518 822 789 891
8 722 322 156 781 57 923 180 153
8 264 559 592 595 850 862 653 675
8 539 739 478 237 931 323 541 36
8 778 371 482 31 367 871 284 744
8 400 627 963 409 190 514 425 94
8 658 271 677 947 846 649 909 571
8 139 45 322 564 806 72 618 488
8 258 939 332 577 753 313 972 644
8 480 701 242 833 310 179 94 891
8 117 552 907 301 422 710 408 586
8 147 742 182 473 545 168 124 801
8 325 223 368 91 577 631 408 92
8 988 742 781 908 466 361 497 995
8 163 467 924 876 494 567 829 693
8 338 444 593 535 644 635 682 2
8 694 734 259 496 564 870 194 395
8 582 491 458 319 180 513 739 799
8 667 259 237 394 794 439 812 832
8 866 629 103 947 50 794 732 653
8 200 386 566 674 625 815 672 393
8 46 796 328 247 802 817 987 583
8 766 283 457 217 987 362 154 21
8 54 584 728 64 593 767 477 80
8 982 258 338 518 527 703 698 826
8 420 242 997 730 583 939 698 109
8 1 680 101 536 691 986 202 832
8 227 325 498 398 922 64 240 500
8 201 154 548 371 855 145 706 382
8 54 928 176 363 927 844 425 857
8 529 378 871 40 786 370 619 298
8 920 951 780 772 856 348 230 483
8 888 593 950 276 789 405 926 927
8 10 750 162 160 725 884 971 369
8 556 638 66 335 561 45 345 161
8 657 144 981 624 347 874 102 450
8 991 638 458 307 484 495 898 739
8 269 249 954 286 691 682 411 561
8 457 936 838 26 263 12 604 445
8 912 119 423 79 835 366 201 476
8 917 587 666 91 878 797 154 407
8 144 377 123 797 75 908 348 287
8 772 678 824 788 605 282 43 960
8 187 806 308 743 484 774 196 274
8 385 997 592 99 261 327 817 68
8 152 860 435 392 278 357 906 573
8 482 768 435 564 473 72 819 571
8 722 954 405 877 950 764 74 263
8 727 712 240 131 706 181 261 146
8 514 768 690 794 373 731 4 512
8 522 858 784 455 791 668 963 449
8 539 510 615 672 642 551 950 765
8 570 296 125 232 99 302 575 558
8 272 89 244 865 811 879 233 546
8 174 684 702 111 693 389 862 744
8 501 188 195 127 272 863 635 409
8 386 281 657 328 730 477 259 943
8 954 382 553 695 124 679 733 799
8 951 16 788 385 386 694 668 32
8 530 301 473 741 891 601 733 724
8 149 994 753 704 85 728 481 757
8 991 17 417 861 964 886 408 761
8 988 278 752 436 606 449 889 856
8 206 914 980 310 15 725 496 12
8 727 764 650 912 718 419 486 417
8 894 51 907 378 449 343 78 885
8 892 806 497 584 660 15 725 691
8 33 537 272 218 817 678 15 43
8 488 800 543 694 615 786 689 376
8 246 976 65 805 699 196 471 937
8 564 616 920 440 580 805 578 865
8 429 55 157 224 144 546 346 165
8 278 772 96 780 924 980 786 738
8 329 11 363 639 695 897 697 749
8 188 101 808 774 363 193 751 621
8 589 755 378 252 1000 313 370 801
8 58 122 15 41 694 568 320 284
8 835 273 396 234 813 690 537 648
8 65 589 264 48 740 69 764 862
8 459 160 791 660 685 44 946 319
8 625 637 630 43 255 668 110 777
8 962 211 999 306 169 256 179 758
8 731 188 655 790 113 464 568 763
8 286 125 461 987 682 849 626 893
8 360 189 838 713 673 572 421 880
8 491 724 769 528 260 694 624 871
8 361 16 805 879 877 754 165 526
8 712 335 185 258 243 753 47 240
8 726 412 303 241 247 678 140 817
8 542 95 55 373 677 306 8 857
8 708 790 684 57 612 165 240 558
8 329 149 634 818 733 943 375 576
8 974 896 314 482 833 634 702 558
8 541 816 169 920 886 267 825 595
8 542 794 831 954 95 834 644 695
8 766 106 828 721 465 188 289 519
8 146 324 707 202 512 327 694 471
8 244 96 402 788 968 730 986 647
8 906 584 394 403 190 900 32 109
8 580 860 386 449 654 279 153 213
8 337 403 163 490 228 989 22 438
8 743 654 659 747 91 194 770 512
8 727 589 211 581 3 694 12 153
8 878 912 55 930 62 644 165 553
8 22 222 365 458 280 934 962 916
8 288 928 33 603 388 9 728 236
8 920 250 175 56 28 827 464 276
8 85 532 519 166 885 367 653 350
8 112 772 917 937 403 215 753 42
8 429 164 448 577 702 29 235 261
8 933 380 651 312 63 942 146 756
8 510 808 18 6 209 223 485 905
8 151 617 874 594 18 267 736 546
8 900 691 827 152 525 556 133 220
8 549 470 821 528 309 611 670 604
8 722 363 232 513 579 597 96 893
8 766 107 424 858 148 171 698 648
8 599 605 169 372 262 198 573 279
8 275 618 642 53 645 38 672 279
8 403 51 167 2 228 906 483 327
8 186 915 8 696 821 762 236 110
8 655 326 888 780 166 754 4 109
8 171 154 906 629 517 732 470 411
8 514 250 524 709 128 384 389 578
8 205 347 532 713 572 735 193 531
8 562 523 917 866 441 207 521 668
8 152 522 776 235 182 421 367 744
8 302 822 705 624 868 12 451 274
8 264 869 51 478 540 372 440 342
8 681 501 100 193 446 597 649 262
8 426 985 131 147 959 948 601 832
8 88 433 988 516 642 183 364 445
8 991 463 272 673 497 783 955 507
8 705 533 544 282 437 848 898 904
8 469 174 278 134 936 286 321 781
8 776 228 954 972 151 709 611 810
8 837 388 641 645 202 974 644 425
8 796 904 11 581 33 987 120 274
8 201 746 329 467 752 170 87 22
8 987 539 33 592 378 885 73 350
8 530 868 918 131 355 347 136 535
8 816 587 115 998 578 108 368 357
8 773 343 593 365 831 850 414 507
8 657 192 872 606 241 710 587 555
8 330 246 257 964 183 757 503 893
8 171 588 187 392 624 304 484 387
8 945 378 923 194 91 496 553 291
8 420 570 976 457 882 364 326 545
8 701 634 281 581 768 358 96 221
8 501 17 959 815 713 346 266 159
8 416 982 269 297 593 213 820 787
8 650 867 167 41 738 209 254 489
8 458 416 769 55 841 344 266 381
8 826 963 490 825 230 127 832 334
8 46 840 81 335 794 971 909 372
8 278 858 6 15 808 774 568 521
8 920 922 162 299 292 884 937 41
8 10 171 388 109 30 898 178 72
8 146 809 465 858 823 843 104 801
8 988 394 70 658 194 986 383 348
8 480 444 249 280 18 794 629 464
8 163 953 398 360 928 846 393 619
8 752 285 784 966 999 11 863 647
8 991 433 608 430 949 11 96 919
8 694 818 129 494 162 476 855 858
8 150 958 930 71 688 843 38 621
8 303 890 394 193 470 555 4 178
8 920 173 183 84 176 69 212 801
8 70 705 925 978 299 440 20 758
8 324 580 678 295 892 140 975 595
8 911 432 473 596 324 308 736 229
8 717 84 755 165 675 410 799 137
8 427 403 947 51 62 77 5 569
8 453 544 495 702 457 655 381 25
8 273 265 552 305 275 512 294 883
8 851 629 579 518 229 417 734 595
8 932 320 41 918 66 703 686 751
8 984 380 192 981 631 710 216 345
8 84 249 936 456 835 183 30 647
8 49 48 65 713 128 245 774 736
8 917 866 147 59 99 969 267 591
8 501 718 320 852 77 110 367 786
8 616 945 803 905 80 734 547 446
8 523 77 439 108 901 119 966 376
8 920 659 30 606 979 899 370 276
8 397 24 16 243 260 309 319 75
8 892 615 559 808 79 240 165 897
8 317 418 726 431 835 443 29 586
8 986 478 155 748 129 92 881 298
8 713 538 978 66 878 254 500 506
8 704 388 310 6 379 45 758 956
8 497 324 204 142 534 660 820 318
8 176 997 278 869 992 224 739 943
8 660 681 742 494 703 209 129 581
8 778 783 976 247 444 615 844 375
8 700 508 776 678 989 755 800 572
8 106 377 31 689 525 740 129 959
8 933 814 556 575 162 967 172 350
8 426 279 103 126 390 869 817 845
8 554 49 871 905 826 621 336 84
8 380 663 915 914 943 374 21 749
8 816 245 605 690 969 691 573 999
8 135 554 784 113 462 497 899 744
8 51 238 16 928 340 359 990 943
8 908 488 129 172 234 990 104 926
8 322 308 888 748 39 783 751 113
8 18 896 704 170 885 284 880 379
8 150 412 810 935 831 113 862 231
8 816 913 840 833 464 220 558 990
8 62 44 894 884 891 145 758 517
8 638 265 674 982 300 297 788 934
8 663 15 965 557 948 369 184 758
8 360 685 627 304 11 404 21 903
8 60 705 188 33 305 359 885 895
8 984 434 486 601 563 953 792 32
8 186 99 964 190 942 927 279 873
8 317 984 436 729 158 2 745 604
8 917 331 713 641 177 95 512 926
8 681 175 783 430 421 442 957 782
8 288 210 47 716 874 414 507 35
8 821 28 39 171 269 353 926 154
8 984 580 369 208 405 971 683 461
8 868 472 914 590 719 713 350 688
8 117 160 285 859 551 495 64 900
8 48 655 734 886 905 803 884 723
8 977 487 904 918 504 422 463 305
8 67 727 305 930 75 703 437 827
8 742 523 176 530 934 784 612 843
8 194 841 323 502 764 820 94 563
8 852 629 86 715 572 564 28 597
8 599 994 968 682 149 886 800 38
8 566 706 472 490 208 906 213 586
8 119 18 323 630 910 547 995 20
8 605 308 978 1000 519 940 511 109
8 416 528 456 171 667 478 153 463
8 991 722 795 710 934 519 313 110
8 769 378 598 565 789 233 937 179
8 264 865 49 301 224 874 745 345
8 981 727 617 955 254 138 215 372
8 65 332 657 428 510 575 76 198
8 306 755 418 921 512 263 526 445
8 721 617 666 14 517 654 212 819
8 93 453 708 257 911 411 756 648
8 426 167 722 929 807 870 118 23
8 194 757 201 269 489 957 158 775
8 599 250 54 160 467 301 688 36
8 807 636 866 228 618 430 782 389
8 717 286 505 265 284 679 675 640
8 951 176 338 199 527 294 428 499
8 582 89 545 941 748 973 760 2
8 605 328 199 831 78 452 973 311
8 67 565 957 703 524 395 611 916
8 329 53 70 125 852 633 211 580
8 31 537 72 608 158 664 586 330
8 292 598 130 931 859 987 845 499
8 93 976 6 533 785 805 966 855
8 701 819 449 642 730 863 451 990
8 912 33 421 91 319 723 354 334
8 338 228 106 87 690 40 382 671
8 722 203 936 940 707 428 569 94
8 242 912 780 530 84 40 263 36
8 329 260 827 831 610 347 27 401
8 322 967 577 363 122 821 602 231
8 539 49 349 978 875 397 146 647
8 8 130 534 308 196 621 37 153
8 280 644 768 602 81 921 47 76
8 491 149 612 306 179 295 759 127
8 994 584 509 752 477 366 857 479
8 662 48 750 427 719 305 91 576
8 390 727 637 131 269 797 803 756
8 746 869 23 531 443 410 320 862
8 96 264 165 484 557 804 571 276
8 480 299 565 529 214 949 556 521
8 112 81 273 869 938 825 179 901
8 700 251 756 796 314 757 61 298
8 988 978 146 667 713 272 864 806
8 22 781 542 120 600 245 387 963
8 805 239 349 470 319 43 447 668
8 15 734 633 949 742 275 520 479
8 88 823 417 142 340 783 622 648
8 599 984 866 486 311 661 440 276
8 493 723 586 33 789 428 806 287
8 590 663 875 358 848 853 881 262
8 712 278 66 929 642 31 904 710
8 366 564 470 733 852 347 507 664
8 928 585 365 13 326 797 830 820
8 987 471 541 267 4 74 546 408
8 378 795 403 618 905 304 916 763
8 191 715 548 340 415 507 159 633
8 711 528 815 661 44 346 990 445
8 980 116 882 435 254 295 408 43
8 821 482 699 155 293 889 346 649
8 599 144 632 696 781 44 351 499
8 182 335 949 191 293 509 672 12
8 97 627 489 569 430 231 630 843
8 984 416 157 457 609 791 230 591
8 411 473 904 690 677 90 153 897
8 538 882 504 540 702 834 621 109
8 459 582 929 277 760 477 162 493
8 473 16 711 53 857 136 351 547
8 230 142 665 397 739 546 514 744
8 681 755 400 643 368 120 375 571
8 662 246 771 467 965 310 24 847
8 750 205 494 224 343 72 655 76
8 412 951 437 1 481 397 123 212
8 998 721 874 667 875 7 849 507
8 919 772 550 659 522 180 109 375
8 134 2 146 584 802 487 561 409
8 433 247 146 803 840 494 22 462
8 46 34 403 982 794 918 419 90
8 913 273 884 646 986 406 623 126
8 677 492 566 618 809 556 463 406
8 958 81 136 909 692 586 464 42
8 360 811 332 520 826 461 345 956
8 878 259 378 62 119 253 517 419
8 296 878 286 8 295 348 477 648
8 980 855 145 311 628 221 40 406
8 134 194 916 793 298 159 626 571
8 977 280 928 842 747 845 558 489
8 851 773 250 704 236 363 513 623
8 876 351 144 486 277 159 575 94
8 60 53 836 657 629 140 540 425
8 694 566 289 971 164 476 298 889
8 244 260 977 755 593 4 287 489
8 493 586 840 748 430 121 13 73
8 163 871 872 175 387 164 11 739
8 681 565 432 905 732 767 159 932
8 163 211 56 28 665 62 174 548
8 746 139 803 397 255 274 276 793
8 492 638 999 7 689 98 802 172
8 680 169 482 203 155 401 346 844
8 795 617 301 622 763 332 217 863
8 116 242 232 429 123 705 531 787
8 598 556 403 490 888 379 216 409
8 398 34 637 47 347 874 104 765
8 474 185 961 464 399 315 406 407
8 530 983 774 84 190 87 857 42
8 46 539 48 986 469 515 855 77
8 55 522 876 64 593 487 985 506
8 371 828 484 177 220 151 630 948
8 929 131 780 146 685 774 42 327
8 511 598 211 550 924 367 141 499
8 324 458 968 336 547 620 235 873
8 106 116 977 57 206 450 141 765
8 68 537 785 646 434 836 313 348
8 89 577 536 524 22 104 558 178
8 632 556 318 458 974 711 509 805
8 978 627 870 249 556 938 408 178
8 388 813 215 121 870 691 78 872
8 467 994 216 195 128 884 972 749
8 13 859 263 585 525 521 489 291
8 244 789 205 289 39 511 215 806
8 663 195 800 113 237 963 821 271
8 474 627 558 90 842 184 728 153
8 662 189 981 660 366 341 699 323
8 657 227 183 145 56 691 805 679
8 192 308 442 125 908 521 607 161
8 106 621 570 189 1 303 282 297
8 933 358 437 109 519 37 706 846
8 875 742 674 39 541 323 496 415
8 241 587 975 643 693 583 127 571
8 218 296 851 150 283 293 79 672
8 65 700 171 856 59 304 102 862
8 952 201 24 355 84 240 455 648
8 98 740 497 533 637 421 202 949
8 980 574 139 564 692 245 389 849
8 288 950 831 638 989 974 340 678
8 701 410 953 518 87 557 813 450
8 704 565 569 260 742 678 504 2
8 753 800 404 1000 830 463 537 120
8 773 562 387 536 189 135 92 113
8 444 830 791 731 741 705 846 196
8 821 441 894 504 902 371 553 683
8 210 402 345 884 236 414 253 19
8 554 349 130 727 950 802 646 609
8 851 721 691 471 113 611 129 621
8 38 712 119 971 958 639 8 213
8 257 176 494 300 103 11 212 591
8 107 851 538 533 71 677 75 127
8 814 848 735 628 813 550 927 100
8 200 592 997 617 239 910 652 479
8 605 189 867 131 837 395 387 29
8 912 10 402 189 312 674 813 535
8 10 797 362 112 305 510 675 604
8 480 952 635 406 75 889 212 291
8 388 390 300 90 172 72 777 749
8 355 684 380 447 496 41 75 153
8 659 239 435 625 711 320 685 374
8 306 352 864 564 438 583 696 212
8 789 360 642 292 439 916 786 408
8 562 241 673 22 711 795 81 35
8 667 53 190 455 355 504 804 73
8 125 90 258 611 820 671 334 576
8 772 335 599 59 242 848 243 547
8 385 632 795 860 351 832 29 298
8 369 319 908 975 885 68 223 500
8 936 130 201 858 904 284 569 801
8 433 53 859 913 443 737 610 934
8 920 139 928 61 255 528 415 25
8 498 508 606 355 41 229 318 846
8 996 678 939 126 285 396 367 309
8 480 60 564 11 546 960 937 986
8 928 167 748 838 260 284 797 32
8 106 659 554 593 981 937 837 653
8 976 606 534 784 347 366 842 470
8 232 386 808 274 90 560 483 109
8 67 125 142 438 661 275 291 897
8 93 273 550 144 320 758 194 460
8 185 410 162 248 706 990 597 548
8 755 66 976 621 825 956 735 319
8 894 811 328 517 672 64 793 294
8 340 187 660 345 507 621 461 500
8 851 181 865 201 248 511 622 470
8 356 432 361 962 607 83 563 647
8 773 135 151 705 812 154 843 382
8 195 474 88 256 108 728 261 873
8 781 998 51 944 604 354 425 110
8 472 902 735 413 132 597 133 447
8 469 222 302 930 442 320 304 42
8 984 523 936 703 30 878 697 137
8 6 472 199 149 302 382 583 926
8 643 249 859 302 730 343 710 706
8 17 264 77 528 947 395 285 995
8 65 614 789 791 550 105 275 631
8 278 241 713 721 145 828 202 291
8 65 912 233 199 643 597 556 618
8 65 156 352 165 378 414 297 330
8 991 63 170 574 209 842 884 763
8 468 374 103 201 4 805 740 762
8 135 701 570 742 633 948 251 137
8 302 734 162 249 383 263 32 782
8 564 997 918 286 855 741 323 679
8 796 190 422 193 105 110 25 37
8 941 115 692 963 255 561 465 496
8 475 387 352 598 485 272 655 891
8 861 281 918 302 606 957 531 895
8 306 548 233 844 783 28 512 138
8 433 543 538 134 674 853 465 309
8 195 608 685 672 621 953 843 578
8 629 156 690 921 7 232 993 688
8 47 214 386 441 834 461 710 747
8 876 377 66 497 786 211 86 92
8 195 752 929 805 914 745 609 19
8 625 651 816 181 863 395 942 158
8 982 784 871 442 762 463 42 793
8 433 984 750 239 201 937 441 75
8 636 877 146 143 79 825 948 541
8 590 657 164 679 105 887 810 926
8 508 148 353 721 784 546 40 75
8 201 612 334 364 320 517 635 692
8 964 814 994 304 232 321 443 382
8 814 17 9 725 827 886 400 445
8 89 105 118 929 250 598 600 521
8 977 344 673 383 986 891 990 863
8 993 696 431 643 364 532 962 443
8 432 509 974 806 5 350 846 671
8 324 527 474 41 852 809 413 698
8 60 996 142 989 806 954 193 815
8 657 329 51 580 371 549 910 255
8 517 135 486 383 272 842 672 415
8 778 385 331 705 900 313 464 409
8 726 116 691 416 772 138 987 354
8 380 948 678 747 629 806 68 144
8 796 60 213 651 95 202 307 553
8 241 139 33 47 818 28 41 531
8 837 835 353 877 119 754 91 686
8 501 185 156 731 637 57 269 524
8 798 434 770 216 639 396 524 198
8 373 16 967 823 275 885 236 856
8 89 773 813 860 581 290 486 943
8 52 490 148 18 550 248 594 648
8 99 208 971 245 865 61 524 196
8 222 49 423 580 2 318 916 425
8 1 528 277 95 835 341 146 881
8 65 904 562 359 750 405 575 100
8 964 160 441 275 782 906 351 854
8 721 769 432 785 217 140 414 761
8 433 851 53 192 724 887 213 633
8 288 312 735 210 537 748 47 384
8 718 750 217 442 496 671 479 744
8 17 59 417 776 600 396 844 499
8 46 911 156 861 200 973 595 801
8 134 444 316 918 933 428 213 736
8 636 392 764 377 82 659 970 611
8 498 264 497 639 504 967 478 100
8 886 879 203 303 693 72 635 792
8 928 173 748 775 563 637 319 80
8 114 719 919 992 848 100 414 693
8 337 218 97 606 916 162 292 762
8 249 615 502 724 235 358 129 425
8 238 918 449 546 198 540 739 591
8 380 804 712 242 147 579 569 845
8 459 913 634 725 740 540 833 408
8 278 457 613 7 924 184 461 806
8 681 412 637 584 357 730 820 43
8 152 10 120 105 207 770 986 517
8 816 125 618 826 175 256 383 728
8 936 811 864 513 301 549 649 849
8 245 882 420 358 3 965 476 110
8 365 204 336 47 241 940 520 873
8 727 646 666 609 51 440 846 697
8 773 917 438 788 120 146 298 132
8 523 387 172 760 409 975 42 35
8 124 725 114 224 581 87 270 245
8 89 285 53 156 572 831 132 415
8 426 544 277 105 27 986 654 735
8 171 426 169 577 173 127 282 484
8 218 663 582 980 224 711 598 819
8 480 388 22 421 377 808 245 109
8 700 278 160 942 190 519 753 572
8 909 468 865 940 915 702 204 695
8 734 346 388 359 172 71 86 856
8 283 858 428 248 224 91 620 923
8 482 790 229 85 451 942 36 601
8 912 724 487 90 953 728 571 36
8 508 172 366 122 411 99 376 408
8 837 993 985 698 242 963 900 309
8 737 34 596 924 454 607 30 119
8 498 835 677 22 600 786 275 679
8 16 719 622 978 559 328 934 849
8 501 304 225 2 899 267 770 786
8 117 554 538 280 311 654 555 916
8 917 95 962 316 180 245 11 695
8 835 821 743 496 75 411 849 92
8 663 922 918 166 472 978 468 77
8 288 570 827 860 437 853 389 507
8 195 49 14 416 180 594 79 462
8 18 922 827 298 36 765 2 692
8 977 303 678 444 370 794 516 883
8 242 422 993 771 490 279 654 165
8 552 918 504 175 171 957 826 320
8 984 364 24 360 636 658 907 310
8 142 839 719 165 314 182 853 873
8 798 452 345 40 110 825 524 744
8 814 945 1000 858 113 919 930 723
8 451 427 47 552 57 853 26 219
8 491 411 260 822 152 77 863 20
8 549 701 894 369 430 165 212 591
8 552 542 99 435 245 488 957 483
8 544 457 980 344 371 740 77 624
8 432 17 103 748 108 789 572 762
8 504 423 634 159 449 987 389 231
8 912 299 582 165 531 318 90 37
8 338 162 13 725 63 770 92 348
8 534 487 61 11 607 979 236 158
8 404 285 627 143 3 356 854 198
8 722 256 188 575 78 881 775 604
8 971 164 458 752 299 786 909 339
8 337 9 969 785 477 623 421 668
8 116 498 105 831 987 448 981 411
8 677 206 994 203 306 253 935 64
8 201 905 940 442 745 132 414 591
8 468 452 222 704 111 946 357 831
8 599 149 386 156 627 904 543 481
8 386 398 352 607 688 349 759 20
8 385 989 285 692 445 251 979 341
8 913 361 950 541 22 806 897 42
8 34 453 82 293 982 476 502 12
8 321 811 900 688 464 585 408 553
8 917 89 941 203 278 960 136 744
8 803 369 269 447 776 351 321 460
8 474 912 622 209 961 639 430 763
8 917 278 550 818 306 615 781 437
8 790 359 337 382 44 348 979 35
8 241 502 661 31 547 450 842 389
8 6 982 753 134 111 8 3 695
8 101 435 429 841 148 911 215 656
8 335 681 550 788 177 514 110 408
8 125 126 205 487 556 358 572 983
8 324 60 562 509 618 211 714 873
8 70 156 560 277 543 180 282 512
8 152 867 682 779 592 141 671 436
8 439 202 326 850 698 104 309 901
8 616 967 17 104 267 243 995 219
8 150 955 898 999 960 485 161 648
8 769 550 286 27 705 283 497 775
8 281 999 254 493 930 699 843 856
8 991 238 888 804 361 664 410 311
8 427 474 512 932 637 32 408 856
8 227 205 488 842 258 123 717 655
8 101 895 416 602 279 314 857 862
8 492 600 762 397 100 880 601 279
8 616 980 296 306 295 102 379 881
8 312 768 912 429 326 214 255 178
8 663 632 762 937 808 939 349 675
8 587 293 785 210 797 942 234 749
8 491 976 273 589 377 641 463 922
8 331 316 217 847 669 756 428 758
8 988 616 426 494 838 18 850 465
8 894 485 58 26 191 720 408 73
8 317 752 17 915 972 489 714 856
8 308 931 438 731 711 896 823 820
8 54 878 364 954 188 530 91 673
8 495 829 971 685 183 245 461 506
8 288 912 917 997 902 275 319 734
8 299 552 135 631 607 930 611 279
8 453 480 72 768 435 585 867 251
8 259 662 210 427 474 676 775 763
8 991 82 961 466 879 670 547 862
8 67 241 482 782 197 879 758 35
8 65 554 510 755 470 760 111 703
8 9 590 522 884 215 78 109 374
8 416 582 966 162 541 83 626 856
8 896 263 602 93 24 831 644 751
8 766 808 859 516 277 493 378 483
8 112 771 720 418 958 20 115 263
8 951 858 661 418 208 740 955 788
8 397 720 753 59 237 504 217 348
8 473 498 406 642 5 889 597 535
8 176 691 28 634 986 573 407 276
8 807 652 434 368 854 966 26 451
8 416 299 524 785 228 848 357 36
8 976 832 207 935 391 259 137 76
8 39 985 743 978 156 972 442 341
8 954 121 112 516 624 345 812 259
8 977 902 954 269 430 703 339 819
8 785 590 17 868 923 568 905 184
8 501 171 469 454 974 422 743 343
8 328 302 55 402 268 290 350 648
8 246 135 286 750 306 7 507 763
8 650 299 207 838 481 27 467 533
8 328 442 18 669 302 159 900 172
8 344 368 371 586 797 129 279 262
8 125 996 529 530 980 377 14 43
8 482 148 352 91 484 741 887 782
8 426 882 632 742 457 372 754 74
8 435 498 459 195 565 59 914 863
8 923 962 581 297 672 343 709 502
8 925 707 455 762 561 889 45 339
8 107 570 613 687 313 357 279 132
8 353 39 194 667 313 656 942 236
8 835 892 33 659 673 963 743 436
8 390 930 706 3 525 786 908 647
8 466 463 494 337 961 170 108 647
8 841 952 81 431 469 25 379 350
8 288 131 841 840 6 181 124 595
8 827 401 578 41 158 513 553 350
8 481 982 915 340 174 955 903 775
8 669 715 171 909 345 651 4 165
8 941 268 795 162 698 602 217 744
8 104 358 516 364 594 155 514 146
8 928 310 734 107 307 548 314 488
8 60 257 588 228 998 590 202 346
8 217 545 615 768 710 310 962 647
8 117 170 353 541 789 923 428 86
8 536 790 796 788 677 162 901 313
8 101 588 369 974 299 226 601 987
8 89 554 200 404 704 931 394 946
8 306 851 552 975 403 282 201 812
8 712 192 705 373 266 922 449 216
8 353 955 210 183 513 656 750 311
8 501 472 377 946 627 441 414 990
8 774 260 729 461 805 27 471 558
8 774 766 681 868 721 175 826 935
8 766 752 39 341 333 44 478 76
8 933 314 281 145 922 260 401 72
8 788 205 504 428 830 843 985 604
8 427 602 394 757 827 121 853 670
8 860 590 827 249 579 307 145 43
8 539 908 811 778 804 31 707 354
8 918 308 691 277 586 279 165 751
8 125 625 953 331 641 347 786 236
8 195 352 642 785 241 280 355 374
8 846 449 569 374 631 451 683 500
8 434 941 62 115 301 826 595 161
8 565 85 790 168 743 689 230 287
8 715 532 496 310 622 765 265 974
8 149 882 281 841 494 405 887 883
8 40 427 420 326 271 849 136 172
8 442 625 201 82 512 424 425 159
8 491 280 108 82 761 675 384 792
8 920 742 281 771 8 249 962 932
8 403 428 520 294 709 154 5 32
8 154 966 892 369 357 417 350 479
8 539 443 65 457 948 810 567 401
8 135 386 11 906 536 923 761 266
8 388 524 909 600 22 192 660 315
8 352 51 143 611 860 830 770 932
8 107 941 896 377 201 541 779 947
8 776 157 377 77 514 419 389 604
8 65 634 589 448 69 970 348 568
8 769 600 582 95 802 312 323 35
8 150 326 667 215 162 437 262 801
8 316 872 717 328 809 394 947 793
8 453 386 267 489 741 153 693 80
8 501 296 112 47 630 183 787 462
8 378 340 418 155 282 468 313 906
8 616 980 81 111 90 208 561 714
8 940 969 361 519 266 446 94 889
8 934 48 135 65 913 340 959 334
8 776 537 660 368 68 336 243 382
8 746 841 352 618 333 404 693 932
8 398 118 292 275 728 11 342 320
8 24 888 183 759 406 96 889 535
8 176 784 214 59 947 229 765 763
8 613 332 652 639 900 382 819 899
8 164 496 403 658 513 919 990 604
8 472 824 164 328 860 546 621 354
8 575 200 661 569 349 506 845 35
8 513 810 435 307 671 153 792 19
8 664 153 399 514 844 775 730 80
8 216 835 157 789 333 379 41 158
8 416 617 299 551 764 64 323 926
8 249 838 496 364 735 624 336 653
8 116 269 467 579 774 757 471 683
8 65 128 426 435 857 684 724 154
8 427 866 47 798 359 158 71 407
8 496 851 920 123 490 14 561 393
8 439 162 295 401 942 374 8 212
8 329 998 157 193 422 607 334 995
8 822 746 130 561 484 524 483 415
8 338 451 352 328 387 760 965 50
8 726 566 822 211 690 249 504 620
8 15 55 474 125 643 655 207 963
8 534 250 207 167 411 969 788 159
8 185 112 554 826 608 259 276 571
8 495 536 888 225 618 519 597 500
8 850 656 474 402 609 652 607 903
8 216 241 247 170 949 806 179 601
8 662 570 206 928 832 910 887 672
8 614 861 242 824 555 513 19 138
8 89 657 998 58 69 593 309 400
8 433 170 435 53 713 369 740 736
8 528 304 209 639 861 205 966 41
8 422 101 684 996 166 140 635 389
8 701 7 385 83 847 759 957 745
8 740 624 358 167 387 347 299 872
8 392 721 293 823 463 887 553 479
8 980 872 629 225 217 732 687 376
8 834 189 690 364 242 211 232 443
8 722 538 629 577 592 339 350 897
8 828 458 627 62 555 696 354 415
8 434 27 47 625 130 676 217 373
8 39 278 954 740 138 888 877 744
8 952 134 72 666 595 399 730 604
8 65 840 402 333 789 342 714 132
8 888 866 902 435 577 496 938 792
8 766 222 440 301 985 930 363 413
8 928 244 840 143 520 210 544 825
8 780 554 808 119 733 166 113 836
8 617 513 225 118 850 318 586 489
8 800 103 684 858 313 56 623 325
8 377 227 104 950 860 14 441 231
8 778 753 703 314 865 154 496 905
8 516 742 59 900 442 325 133 379
8 402 582 922 95 217 628 916 738
8 588 289 942 945 527 809 633 12
8 989 978 869 442 209 854 78 287
8 835 823 577 689 22 190 1000 387
8 882 789 728 240 886 221 94 374
8 8 85 146 404 716 119 177 955
8 258 391 951 660 987 370 44 686
8 712 527 405 667 593 834 767 36
8 534 360 973 405 740 483 884 968
8 106 534 84 391 726 456 110 671
8 528 629 292 805 481 545 795 256
8 173 539 861 242 797 231 559 136
8 650 868 235 421 676 372 893 92
8 722 518 403 232 742 837 545 763
8 205 93 945 412 289 948 406 648
8 824 994 259 581 643 738 38 287
8 599 690 371 682 82 906 603 254
8 967 850 841 936 81 314 699 765
8 542 505 636 879 606 631 909 682
8 281 122 726 911 208 854 132 697
8 746 195 18 321 204 977 828 196
8 616 435 667 985 774 942 524 350
8 655 24 249 328 894 56 70 315
8 69 96 352 974 690 228 677 705
8 85 361 386 261 686 642 602 83
8 562 260 56 193 586 136 168 576
8 727 328 774 40 644 74 119 973
8 24 197 542 130 64 316 100 104
8 637 712 658 183 999 626 943 25
8 87 773 861 803 259 914 830 80
8 228 617 884 226 279 72 251 253
8 542 264 114 118 661 585 900 880
8 88 735 660 201 153 490 813 619
8 10 567 921 1 194 808 850 32
8 200 176 241 935 323 644 775 161
8 130 811 719 378 170 494 483 645
8 238 739 861 735 297 610 983 546
8 684 720 306 764 58 351 315 916
8 539 906 977 324 872 606 436 512
8 501 241 939 788 121 441 745 604
8 901 481 669 461 546 819 5 100
8 662 659 771 321 80 555 212 178
8 329 527 19 863 562 671 132 443
8 766 920 125 788 926 703 254 862
8 326 581 364 550 312 806 840 19
8 882 228 466 424 836 985 76 479
8 577 778 377 839 99 948 780 789
8 655 674 570 890 458 21 927 19
8 463 204 993 822 645 552 471 351
8 157 532 717 487 607 190 37 619
8 539 65 281 841 835 351 190 791
8 458 236 773 457 237 128 103 141
8 87 753 839 258 13 509 963 699
8 85 876 552 953 289 162 74 408
8 439 529 982 916 850 985 489 844
8 324 721 169 340 449 531 251 226
8 539 426 46 53 682 105 428 348
8 949 329 954 950 475 813 652 405
8 232 690 301 372 884 720 73 695
8 646 338 62 804 899 602 759 415
8 117 920 613 79 925 222 149 269
8 278 162 442 113 350 25 127 572
8 81 773 310 613 448 543 168 350
8 766 689 492 158 529 108 817 521
8 31 83 588 804 133 694 745 178
8 246 813 187 481 18 971 728 836
8 228 383 682 497 225 62 100 370
8 329 17 333 590 960 561 161 276
8 322 835 764 81 368 585 29 410
8 396 691 31 87 110 37 713 938
8 994 352 549 826 906 455 73 256
8 352 316 388 566 402 216 323 601
8 997 241 501 527 602 708 733 571
8 902 170 898 601 864 630 736 445
8 46 715 939 497 583 4 327 68
8 584 753 625 606 738 513 934 379
8 396 454 303 598 908 271 764 4
8 257 590 66 191 914 251 693 506
8 285 98 871 638 229 96 995 36
8 329 456 455 831 57 270 66 601
8 835 870 826 862 696 603 836 479
8 335 890 457 254 992 935 350 793
8 278 377 828 559 629 87 724 464
8 984 636 335 254 668 131 857 849
8 288 239 953 477 445 383 395 178
8 65 17 282 305 747 869 661 255
8 779 173 802 382 598 575 370 220
8 859 128 878 615 402 172 372 287
8 117 98 933 896 974 608 786 688
8 492 690 197 565 790 666 387 479
8 117 608 677 859 217 970 464 345
8 250 273 420 876 422 363 314 787
8 67 302 185 477 711 858 736 927
8 958 930 169 684 248 858 168 479
8 523 469 310 821 428 661 295 284
8 768 125 417 5 836 756 414 399
8 945 1000 632 128 50 517 583 810
8 318 130 550 237 486 272 916 754
8 823 660 202 673 363 140 25 635
8 894 795 838 263 669 831 347 11
8 472 564 260 892 115 775 126 607
8 769 207 123 509 139 765 863 604
8 890 118 789 171 333 36 138 381
8 398 684 875 449 212 527 373 417
8 637 798 930 103 394 943 578 298
8 260 270 835 574 226 895 943 744
8 614 130 980 877 798 194 688 219
8 564 176 300 764 395 188 231 415
8 742 281 421 292 828 693 558 276
8 585 528 423 181 237 196 92 415
8 281 518 550 545 818 240 158 109
8 335 638 954 66 629 47 1 128
8 24 725 807 757 27 487 775 845
8 150 855 636 14 344 428 843 762
8 51 40 183 21 738 449 547 883
8 10 338 96 9 90 520 284 648
8 831 80 209 468 706 100 699 419
8 56 952 380 164 319 546 23 437
8 210 766 939 613 567 559 686 535
8 552 365 51 432 627 618 798 119
8 662 616 608 75 463 794 354 697
8 616 807 961 613 93 114 588 214
8 492 561 185 835 643 886 948 377
8 386 822 516 301 484 196 86 381
8 377 474 333 585 423 858 974 619
8 89 39 60 586 685 154 19 568
8 411 40 383 643 308 32 481 758
8 433 81 912 34 472 939 573 619
8 191 397 456 290 256 836 357 197
8 945 887 128 955 672 843 619 506
8 951 963 606 872 702 621 489 375
8 338 638 260 196 290 284 393 856
8 933 890 815 818 977 633 795 960
8 52 530 852 715 86 320 645 729
8 117 403 150 637 175 232 103 992
8 250 51 487 684 326 449 955 777
8 88 1000 684 874 515 284 29 640
8 439 562 902 432 326 855 597 481
8 268 117 890 944 396 386 728 212
8 433 974 935 755 764 54 912 183
8 650 669 564 233 798 739 348 346
8 539 967 911 490 366 723 621 671
8 149 549 33 443 646 428 820 284
8 195 982 439 469 277 827 888 30
8 780 236 373 58 603 786 515 100
8 288 125 816 851 778 859 303 524
8 920 239 344 741 971 126 881 926
8 613 135 570 616 189 13 818 787
8 544 16 947 866 386 14 30 521
8 605 808 304 990 403 380 307 579
8 89 250 48 664 266 389 648 500
8 484 271 252 659 734 649 379 73
8 890 945 712 790 167 782 805 926
8 508 192 312 352 864 682 847 897
8 420 474 397 669 503 511 601 897
8 541 700 15 260 503 803 531 279
8 338 945 171 466 122 406 196 903
8 246 756 828 969 28 993 463 94
8 859 185 258 910 603 333 181 673
8 236 332 203 877 618 442 975 758
8 288 522 946 778 950 972 560 348
8 433 239 581 998 452 225 483 956
8 806 982 592 514 353 500 880 653
8 301 816 615 2 859 446 92 749
8 800 684 589 49 982 990 622 668
8 472 767 226 494 906 217 437 568
8 10 700 164 355 370 71 328 887
8 160 142 322 798 205 197 369 799
8 530 58 490 718 159 489 446 379
8 681 299 587 673 731 610 496 145
8 329 771 737 269 981 387 757 597
8 614 229 343 1000 978 869 905 885
8 188 163 689 831 742 673 301 594
8 46 539 587 180 659 147 45 213
8 613 676 669 255 245 519 129 276
8 468 539 724 189 47 241 937 223
8 180 892 174 750 218 786 995 804
8 244 220 308 661 615 765 417 634
8 103 286 359 14 224 902 953 673
8 310 325 764 739 639 960 854 428
8 116 228 142 710 618 146 927 749
8 22 714 818 646 207 505 248 32
8 498 599 822 249 285 593 410 777
8 542 273 324 678 513 27 336 720
8 557 99 172 585 486 477 4 178
8 426 116 88 293 971 507 668 460
8 412 305 939 890 550 273 347 648
8 991 654 476 297 656 323 633 923
8 365 114 118 548 823 69 635 908
8 246 588 589 397 540 292 971 44
8 82 637 848 144 651 606 83 519
8 722 890 82 999 475 32 745 462
8 328 929 566 182 836 124 672 276
8 480 265 542 910 589 514 745 661
8 207 54 598 655 702 47 692 787
8 866 173 439 694 325 981 819 76
8 515 118 950 833 446 620 330 591
8 580 936 608 659 915 688 382 697
8 480 369 735 783 382 713 846 406
8 994 481 750 13 665 58 515 231
8 306 505 788 597 213 202 137 576
8 993 490 516 9 760 436 871 560
8 473 423 490 451 291 83 856 595
8 467 124 842 654 682 387 647 376
8 60 373 577 52 915 995 78 137
8 139 135 377 221 179 3 729 43
8 426 457 969 243 82 541 87 846
8 876 949 307 69 517 820 891 775
8 721 442 760 388 295 961 864 471
8 482 260 392 928 970 188 12 370
8 49 518 62 282 732 404 165 754
8 712 992 585 964 154 102 862 833
8 436 826 216 115 885 843 797 862
8 615 769 824 958 712 971 802 738
8 912 650 921 632 714 956 819 793
8 773 183 82 684 607 812 836 476
8 766 156 257 472 190 311 916 966
8 565 527 655 143 618 245 272 595
8 716 227 666 420 71 408 132 571
8 338 238 135 757 774 855 414 409
8 629 931 387 689 771 973 347 254
8 984 756 1 218 556 486 463 558
8 501 716 15 828 948 899 446 445
8 156 349 337 301 993 740 186 654
8 646 235 423 123 114 971 363 159
8 93 317 637 930 494 290 74 229
8 390 504 72 783 757 311 127 787
8 989 868 882 325 448 282 949 25
8 448 659 875 829 311 484 389 983
8 435 582 111 909 737 307 815 231
8 211 458 237 510 249 655 906 25
8 144 894 171 366 724 765 953 287
8 54 103 560 423 805 725 254 744
8 322 128 368 906 849 384 231 415
8 530 839 737 186 458 333 791 583
8 725 242 963 578 786 59 515 604
8 10 629 982 806 931 797 376 683
8 991 67 641 824 823 242 277 212
8 296 818 809 403 147 52 346 61
8 56 719 454 9 875 634 205 100
8 209 838 457 195 598 446 652 621
8 433 289 710 449 500 451 231 799
8 308 432 519 944 240 153 318 447
8 874 1 743 934 252 12 881 370
8 398 565 653 345 481 261 738 710
8 182 467 316 978 579 269 673 40
8 386 952 432 71 836 948 465 74
8 599 333 716 606 947 652 819 873
8 149 701 520 760 390 655 354 20
8 472 364 847 260 199 770 3 37
8 662 329 617 861 265 551 62 608
8 933 403 208 387 642 115 812 363
8 946 246 875 867 328 686 569 640
8 322 258 435 743 586 830 26 787
8 203 410 362 955 560 986 521 557
8 338 56 150 978 272 2 196 914
8 174 682 838 906 803 915 729 261
8 610 24 464 511 985 304 284 883
8 472 933 778 971 649 481 765 856
8 106 589 271 49 378 869 158 558
8 768 931 325 383 405 971 707 837
8 412 989 467 673 276 579 253 959
8 977 254 301 384 924 850 127 336
8 93 173 790 560 454 833 260 354
8 721 705 606 478 649 686 133 253
8 344 353 335 707 7 162 397 741
8 987 560 131 945 468 332 961 41
8 577 39 125 135 336 440 251 500
8 157 9 686 94 767 899 763 136
8 139 176 748 827 222 913 394 127
8 776 770 326 223 675 957 40 133
8 373 474 657 216 592 938 799 445
8 980 385 928 120 633 391 164 802
8 988 88 403 891 791 680 546 379
8 249 662 545 211 171 641 424 336
8 498 684 566 388 175 124 660 31
8 195 391 343 156 361 213 76 220
8 458 152 735 3 143 285 745 672
8 77 596 8 267 900 191 154 263
8 836 508 169 261 548 449 647 649
8 705 222 636 93 680 578 294 19
8 851 814 613 636 702 69 484 408
8 218 24 119 779 366 547 460 793
8 564 533 162 494 913 887 342 445
8 331 171 362 243 763 37 336 291
8 163 659 705 475 765 568 262 576
8 135 39 587 14 585 510 904 191
8 281 52 870 686 248 8 133 738
8 85 997 121 130 183 756 105 670
8 616 702 613 690 226 825 276 648
8 988 727 218 8 723 786 346 881
8 10 564 677 358 719 152 226 339
8 642 840 116 542 964 179 127 697
8 170 939 16 364 858 454 963 487
8 46 616 312 863 158 512 12 714
8 642 294 886 546 419 320 956 137
8 879 474 157 335 162 236 519 640
8 616 929 394 413 225 825 190 290
8 288 107 222 644 310 553 462 526
8 523 962 623 112 930 741 276 891
8 385 360 781 593 709 348 683 873
8 614 390 329 337 554 298 736 895
8 662 585 278 743 366 906 621 787
8 681 239 175 509 706 762 354 262
8 46 658 641 328 643 820 220 568
8 281 241 936 829 142 602 62 953
8 800 123 127 16 482 476 289 91
8 680 312 786 736 463 413 236 229
8 785 798 440 196 620 115 104 983
8 532 673 413 71 478 251 820 683
8 95 828 438 711 953 69 207 181
8 955 363 131 973 158 319 707 737
8 338 112 818 820 52 309 825 843
8 592 335 504 23 438 297 355 706
8 434 377 969 858 154 817 274 647
8 293 431 85 698 669 386 872 184
8 722 996 52 70 101 432 584 394
8 469 227 88 920 57 826 561 761
8 33 772 457 545 612 795 679 853
8 192 701 388 522 883 905 108 983
8 58 131 383 463 961 279 223 576
8 186 322 504 423 22 159 628 346
8 727 566 269 887 378 709 296 209
8 306 637 955 69 557 110 445 132
8 46 222 742 414 400 120 68 843
8 718 980 978 22 971 611 295 12
8 910 156 64 942 540 448 345 12
8 848 716 556 96 737 339 443 240
8 769 321 580 303 252 966 384 696
8 55 184 860 186 755 709 253 73
8 193 281 617 224 774 314 221 327
8 98 62 266 871 677 699 260 180
8 93 665 7 190 565 77 229 815
8 377 534 268 205 114 703 2 284
8 894 339 612 811 207 282 788 415
8 160 925 424 209 342 826 803 889
8 750 420 788 428 96 656 555 639
8 39 282 513 422 1 783 913 736
8 65 227 114 310 861 556 407 178
8 444 898 567 822 5 557 995 158
8 170 894 497 156 935 253 395 262
8 772 171 821 400 83 348 604 287
8 10 172 424 564 316 301 499 630
8 924 998 75 63 894 285 745 635
8 353 296 813 435 999 166 53 126
8 570 834 771 931 907 759 146 87
8 508 363 831 717 367 342 832 460
8 163 205 214 344 56 382 193 466
8 700 838 264 732 760 475 384 648
8 686 719 160 976 870 915 417 500
8 982 353 669 691 999 832 833 295
8 861 505 677 516 663 390 716 226
8 694 871 459 199 151 495 256 212
8 930 608 778 205 377 436 373 5
8 116 281 755 211 813 631 842 779
8 599 200 778 468 545 401 734 648
8 308 128 112 396 820 283 563 775
8 652 264 662 728 293 383 425 115
8 617 97 258 773 847 690 635 864
8 713 13 662 234 973 104 471 370
8 150 194 265 261 442 697 793 348
8 176 52 589 718 490 202 517 832
8 380 432 270 226 628 787 844 234
8 10 33 352 771 27 271 675 571
8 988 876 875 661 136 20 94 526
8 902 474 772 365 598 27 597 595
8 396 121 611 670 813 315 883 672
8 811 277 997 199 533 895 756 693
8 665 920 233 840 15 279 194 124
8 498 82 180 926 381 618 820 626
8 972 890 418 798 205 351 129 407
8 936 599 112 38 289 930 788 460
8 967 345 632 497 867 668 188 311
8 457 244 430 851 82 6 804 40
8 625 816 746 377 565 282 643 676
8 599 233 401 950 105 290 231 367
8 163 861 628 811 944 228 743 323
8 200 481 283 870 606 272 644 361
8 246 189 954 319 8 968 460 35
8 700 665 912 260 259 905 930 557
8 459 665 428 974 541 575 788 723
8 65 855 398 488 97 270 502 133
8 152 731 878 651 825 47 374 863
8 841 523 552 260 3 703 30 63
8 828 538 980 119 592 633 955 777
8 250 732 788 567 300 946 940 965
8 773 128 330 484 923 318 985 374
8 805 386 680 72 111 976 442 190
8 385 259 682 948 914 328 842 342
8 317 303 7 490 935 11 957 141
8 157 722 39 294 12 644 334 763
8 143 790 960 299 378 698 265 42
8 101 577 361 216 703 437 21 571
8 876 949 151 258 174 832 191 932
8 636 444 388 911 285 859 533 431
8 202 637 27 703 524 850 649 756
8 768 700 388 181 509 623 517 168
8 776 239 495 608 22 442 775 327
8 344 529 962 225 328 842 856 557
8 283 768 339 959 489 235 874 35
8 587 131 761 318 500 698 330 276
8 868 201 503 487 879 512 820 943
8 187 532 430 863 180 245 610 745
8 988 987 821 458 618 517 573 563
8 317 641 344 780 612 356 837 888
8 599 982 176 82 730 275 603 990
8 701 867 358 914 310 734 413 611
8 95 666 243 948 672 686 219 50
8 107 504 615 130 377 143 450 493
8 684 186 513 978 318 100 900 647
8 150 260 108 611 621 414 741 957
8 468 419 892 887 798 213 370 178
8 931 269 271 344 308 448 506 900
8 403 666 70 355 207 844 77 889
8 912 636 183 447 53 770 694 461
8 288 617 285 68 892 252 819 80
8 951 539 100 852 972 164 720 844
8 842 606 203 829 961 891 843 714
8 396 490 440 608 828 202 575 670
8 991 310 335 875 497 225 424 970
8 976 508 34 826 667 134 844 751
8 433 484 872 770 636 842 26 794
8 373 746 7 630 340 513 374 607
8 385 725 431 906 128 216 891 671
8 89 281 684 51 778 847 975 576
8 835 163 126 413 791 408 161 792
8 991 902 31 308 587 69 783 637
8 771 836 667 540 528 405 959 686
8 917 613 112 4 138 533 938 489
8 435 707 860 689 362 318 425 793
8 169 217 678 199 584 833 914 479
8 858 712 529 771 669 850 889 856
8 331 711 809 86 201 594 792 315
8 246 50 126 279 128 140 82 593
8 807 44 834 805 75 979 626 693
8 646 24 875 928 872 79 470 789
8 996 188 771 915 413 379 932 80
8 200 412 377 865 733 236 424 819
8 554 429 41 27 884 470 38 215
8 63 320 6 869 688 190 834 901
8 833 281 301 398 267 579 899 604
8 357 989 204 935 639 326 464 983
8 233 281 366 108 7 421 652 853
8 997 397 677 835 839 193 180 553
8 233 543 826 489 408 484 342 526
8 340 269 365 565 548 652 575 546
8 89 712 964 580 711 666 174 36
8 123 660 97 998 592 62 120 408
8 665 727 860 386 768 864 666 934
8 118 388 699 570 45 783 69 648
8 6 258 233 691 966 905 686 738
8 918 193 119 743 383 425 350 706
8 380 385 806 484 470 631 430 161
8 657 192 430 875 715 925 990 604
8 195 223 752 750 194 172 520 165
8 469 365 424 249 232 356 447 252
8 458 228 267 114 271 75 736 744
8 180 925 977 176 859 680 685 670
8 148 211 173 378 331 205 368 499
8 46 230 631 836 256 184 94 745
8 17 748 805 658 993 710 217 626
8 879 238 892 24 989 858 826 893
8 752 925 795 577 719 314 805 810
8 412 46 616 400 757 113 651 442
8 246 288 93 922 536 120 378 856
8 67 860 250 684 848 838 102 899
8 752 776 11 709 152 608 588 425
8 988 427 288 211 608 550 131 478
8 472 718 603 631 77 295 331 209
8 227 890 818 769 390 550 121 353
8 123 708 269 522 490 713 845 445
8 472 816 499 732 855 553 502 415
8 53 778 520 404 840 2 447 563
8 60 746 608 850 248 631 546 568
8 101 984 589 333 275 557 899 470
8 994 850 466 809 655 208 806 843
8 117 200 194 790 33 165 275 540
8 612 864 6 770 707 267 793 479
8 953 215 432 40 483 489 932 506
8 317 841 650 234 972 863 932 165
8 156 49 403 678 303 440 621 903
8 566 422 118 836 201 579 110 595
8 798 632 98 62 255 86 878 113
8 199 657 976 326 97 362 274 949
8 866 790 527 378 618 981 893 43
8 51 16 896 378 158 209 660 597
8 616 451 269 608 357 854 488 819
8 909 605 24 357 248 401 394 689
8 954 214 329 44 423 683 500 775
8 325 984 252 509 690 490 29 141
8 613 702 941 269 440 995 908 620
8 477 602 936 552 783 923 330 350
8 498 828 778 278 105 245 211 568
8 277 363 939 866 821 658 519 675
8 66 517 362 665 87 871 219 884
8 976 454 108 734 954 719 693 547
8 296 717 12 337 922 624 819 73
8 150 709 196 659 888 358 833 503
8 824 112 786 900 211 961 741 607
8 227 920 716 321 730 393 202 26
8 14 868 77 607 598 323 546 903
8 175 321 572 510 779 441 557 370
8 205 835 980 534 930 650 510 223
8 249 835 570 357 400 383 208 40
8 527 550 773 916 259 464 850 137
8 954 312 358 373 82 767 110 445
8 317 823 502 530 593 679 905 376
8 589 269 914 23 40 231 815 304
8 103 740 563 597 21 695 460 736
8 657 655 30 512 990 782 234 793
8 835 690 302 440 61 898 191 36
8 484 896 981 61 854 366 888 525
8 589 216 940 893 26 975 413 407
8 492 257 131 118 916 765 292 648
8 542 599 835 699 673 69 974 634
8 16 17 413 696 555 310 783 581
8 508 497 570 231 918 421 833 586
8 609 189 720 812 514 557 20 132
8 565 544 715 156 265 787 5 843
8 506 111 346 320 235 594 415 695
8 557 371 349 94 251 759 556 138
8 246 46 175 958 608 69 777 159
8 60 160 286 9 999 443 259 653
8 742 140 171 123 955 220 791 485
8 51 303 981 282 446 670 777 792
8 195 614 232 887 275 146 973 462
8 529 753 316 437 513 655 926 255
8 344 788 302 439 300 332 299 479
8 269 677 368 197 96 332 693 751
8 536 681 427 340 190 219 786 327
8 163 929 657 488 537 977 47 648
8 474 135 636 399 697 221 407 408
8 331 371 770 913 392 184 330 479
8 991 681 95 296 835 655 547 856
8 984 858 233 699 5 763 323 889
8 67 859 705 386 305 187 353 220
8 239 210 588 391 336 255 714 591
8 67 335 468 867 125 886 735 863
8 67 928 296 299 705 12 375 843
8 852 869 509 762 673 26 804 801
8 459 451 878 957 971 282 305 339
8 866 112 981 245 490 215 110 507
8 186 967 659 236 709 440 649 231
8 637 498 504 805 256 496 563 793
8 89 480 928 7 204 448 526 856
8 548 602 544 654 22 212 121 462
8 324 388 130 746 964 627 230 252
8 936 11 283 469 548 506 408 165
8 60 548 929 82 126 141 399 449
8 527 304 528 971 998 53 938 749
8 325 422 7 347 650 143 810 1
8 941 551 590 593 182 319 38 124
8 988 412 421 859 999 321 891 430
8 82 331 85 752 468 517 180 792
8 244 925 296 538 271 198 749 744
8 222 920 481 39 260 783 465 76
8 118 98 872 122 747 830 449 73
8 772 765 754 230 999 221 198 375
8 67 753 654 963 71 555 521 749
8 116 258 936 278 537 29 871 318
8 570 773 492 467 28 913 374 832
8 472 520 205 973 581 968 115 959
8 295 888 481 256 730 370 579 747
8 523 534 297 822 985 782 723 903
8 371 461 772 152 293 265 419 714
8 581 898 307 892 753 879 606 350
8 989 255 813 337 710 973 447 408
8 238 704 244 270 598 213 972 576
8 144 922 371 800 743 314 470 2
8 173 257 54 860 708 621 141 330
8 451 659 28 467 220 586 883 591
8 632 201 266 451 554 466 221 42
8 358 617 981 965 848 820 132 591
8 403 822 650 878 436 274 78 526
8 624 282 361 985 108 735 895 76
8 928 528 508 639 649 309 231 881
8 101 936 54 534 366 737 430 346
8 453 420 47 876 324 298 502 499
8 480 492 824 188 121 245 319 506
8 530 183 411 256 919 136 799 738
8 678 306 33 383 126 217 83 578
8 95 173 764 789 80 471 59 231
8 116 189 441 145 676 240 833 92
8 459 613 347 188 300 673 784 908
8 721 912 98 135 745 642 216 730
8 989 589 731 825 780 628 261 584
8 613 322 39 328 572 153 513 178
8 696 949 2 314 826 569 762 959
8 587 635 580 515 302 267 968 276
8 275 702 902 725 437 50 290 792
8 17 858 180 228 653 646 760 42
8 434 651 127 188 850 762 75 19
8 866 17 423 992 361 594 797 221
8 46 565 186 584 577 80 355 729
8 432 28 325 267 639 651 461 787
8 163 62 199 14 257 685 738 649
8 296 812 190 86 122 14 211 561
8 669 416 60 704 296 577 972 375
8 429 181 188 975 314 321 754 384
8 74 674 51 477 872 158 502 793
8 912 60 667 994 472 936 205 881
8 712 48 413 180 23 438 446 76
8 170 135 297 364 146 734 594 25
8 200 328 284 950 464 345 146 623
8 217 722 853 238 530 142 556 883
8 125 403 293 623 108 985 799 744
8 522 772 24 806 817 874 601 75
8 952 444 176 30 40 995 159 334
8 614 912 933 721 211 334 486 96
8 814 461 717 9 223 105 23 714
8 864 1 830 40 267 672 942 891
8 933 929 185 372 267 764 253 32
8 980 587 247 921 43 563 645 754
8 712 456 130 606 313 993 671 445
8 56 17 874 978 642 50 517 758
8 429 167 998 123 823 798 577 262
8 295 325 273 411 179 525 698 688
8 106 24 250 180 373 442 37 943
8 33 794 737 61 586 202 86 744
8 484 785 346 682 818 575 45 923
8 967 978 399 940 913 251 973 733
8 150 823 923 541 511 593 68 327
8 303 119 324 967 300 855 713 109
8 805 208 128 699 84 414 741 710
8 766 385 523 915 783 644 733 410
8 508 600 577 442 929 757 351 111
8 944 717 978 41 888 513 301 633
8 821 96 257 734 633 266 777 198
8 953 200 796 495 496 66 349 547
8 306 548 979 359 23 983 133 382
8 491 480 67 468 527 772 343 710
8 169 357 211 315 999 909 330 42
8 156 780 328 656 232 835 289 379
8 680 681 851 711 125 720 25 889
8 727 741 7 627 997 73 153 381
8 753 321 585 767 533 826 370 699
8 173 509 803 405 215 900 559 891
8 588 680 6 2 685 836 653 801
8 268 896 803 77 538 622 41 762
8 991 49 472 300 798 233 43 517
8 661 962 49 81 645 540 424 782
8 772 783 800 230 655 630 507 990
8 577 639 253 776 347 555 893 521
8 991 976 755 236 104 927 648 749
8 896 170 838 977 660 59 463 806
8 700 359 215 481 547 348 561 568
8 101 750 352 519 947 375 229 547
8 816 650 657 122 71 960 36 576
8 587 911 365 950 411 509 946 496
8 404 939 280 182 593 357 626 893
8 329 22 829 428 608 651 11 862
8 94 490 780 120 21 489 519 856
8 444 116 726 649 829 193 550 414
8 780 17 720 22 441 584 326 759
8 821 286 338 716 363 119 124 406
8 828 134 812 102 971 583 995 801
8 663 624 769 139 222 50 396 315
8 242 435 239 345 509 953 992 560
8 434 152 49 347 172 804 942 819
8 163 336 574 156 783 130 728 279
8 433 431 518 632 425 118 586 559
8 418 264 173 608 934 551 503 463
8 412 7 627 140 315 44 461 25
8 338 835 980 791 237 733 153 92
8 286 776 277 166 290 648 820 525
8 135 584 630 608 115 372 104 687
8 768 858 996 555 108 464 760 208
8 412 281 615 296 946 938 43 92
8 982 458 729 396 845 842 447 668
8 239 176 961 115 548 132 927 535
8 702 780 179 536 1000 361 362 960
8 988 34 667 970 906 220 729 141
8 246 566 871 600 56 128 797 381
8 324 973 519 495 593 732 133 389
8 658 474 912 50 902 105 910 761
8 840 15 197 190 862 389 348 891
8 940 868 969 222 977 372 571 797
8 841 952 260 737 754 957 503 749
8 238 27 619 823 304 391 266 926
8 917 169 796 128 669 362 950 334
8 201 385 498 773 794 160 221 213
8 491 275 321 448 135 391 959 763
8 614 272 208 421 536 468 802 90
8 681 227 548 189 368 735 578 900
8 722 222 249 743 397 666 575 626
8 766 205 457 146 245 87 297 507
8 93 580 666 355 31 802 221 375
8 192 743 659 961 979 284 327 521
8 952 976 466 351 199 791 547 287
8 582 900 676 71 580 879 494 103
8 433 239 202 667 930 313 301 993
8 778 322 33 122 140 375 500 479
8 637 403 143 774 452 66 245 883
8 456 182 966 788 38 201 248 635
8 951 97 651 401 579 219 830 804
8 106 22 458 244 103 401 730 548
8 851 56 468 940 230 401 995 479
8 917 662 431 806 705 797 799 792
8 286 866 422 608 27 407 500 648
8 827 890 194 424 47 50 903 604
8 809 715 59 612 857 375 374 801
8 337 700 501 886 278 969 102 137
8 173 388 677 486 362 277 710 137
8 117 303 47 705 783 572 672 645
8 398 414 322 936 28 678 152 822
8 288 769 437 754 567 63 664 132
8 605 83 724 475 313 557 84 697
8 218 474 776 859 394 827 42 124
8 98 617 590 783 23 779 844 668
8 345 127 189 497 355 561 733 968
8 662 434 976 618 812 248 940 887
8 203 882 642 654 73 563 968 897
8 85 16 779 966 583 812 620 132
8 238 135 937 106 394 845 797 445
8 816 9 979 194 586 263 382 749
8 780 15 27 3 299 558 995 849
8 539 902 81 974 538 811 110 749
8 629 778 650 975 579 972 621 80
8 529 800 171 726 514 104 356 259
8 980 265 551 629 267 341 97 571
8 537 600 101 423 524 75 109 68
8 403 285 946 629 756 293 825 573
8 544 216 119 280 702 878 543 237
8 187 134 772 303 294 512 782 591
8 982 955 241 46 659 581 178 758
8 482 472 777 707 896 302 811 573
8 984 982 24 553 91 369 489 382
8 963 70 512 336 747 553 409 903
8 227 681 22 542 656 540 972 389
8 429 691 363 209 520 644 970 413
8 875 470 954 305 239 656 870 401
8 605 463 189 27 857 698 94 714
8 858 308 686 537 361 786 73 535
8 380 829 179 928 496 579 537 86
8 238 302 532 362 473 547 271 349
8 186 331 902 57 838 547 787 68
8 33 876 105 430 248 465 736 647
8 588 976 650 637 95 32 843 393
8 317 177 509 472 24 140 383 42
8 816 130 936 665 864 728 443 109
8 39 208 111 820 4 568 409 43
8 388 385 440 892 382 965 857 395
8 861 954 340 162 230 904 973 956
8 833 785 538 272 353 609 733 756
8 117 651 613 458 784 986 634 729
8 204 337 944 294 82 194 760 593
8 859 494 175 333 894 824 968 591
8 811 750 99 672 417 899 767 460
8 482 962 875 368 563 806 777 849
8 980 433 542 264 677 183 753 496
8 776 894 584 545 410 853 654 161
8 457 157 459 612 560 869 284 881
8 638 17 355 487 199 577 767 895
8 910 114 831 15 90 137 563 758
8 967 711 585 185 878 958 891 334
8 562 898 808 1 654 248 745 461
8 55 875 530 673 718 339 4 779
8 989 280 167 791 795 5 706 78
8 352 750 716 82 209 541 165 692
8 917 997 320 142 696 999 221 675
8 217 274 329 844 300 573 877 32
8 169 807 641 907 729 442 232 279
8 480 468 201 973 326 960 697 202
8 662 912 335 174 725 515 897 376
8 791 336 100 880 248 767 221 686
8 904 557 358 325 44 50 408 900
8 88 997 41 559 723 923 25 688
8 706 727 803 605 729 850 190 291
8 157 814 590 911 216 858 661 893
8 851 823 158 572 355 417 621 253
8 480 491 162 940 745 585 13 685
8 562 867 954 900 421 5 597 775
8 322 871 17 798 2 600 158 571
8 680 510 955 551 677 166 843 744
8 665 258 505 211 775 705 874 476
8 718 919 550 644 949 290 86 686
8 222 152 209 812 398 270 864 122
8 33 125 104 44 546 709 960 571
8 681 587 678 391 497 332 675 932
8 432 160 448 835 283 184 408 425
8 917 482 152 867 772 97 831 153
8 701 472 878 210 809 940 675 83
8 822 139 993 183 342 97 958 330
8 482 348 757 497 937 653 178 132
8 616 397 210 584 757 476 626 124
8 418 225 853 373 845 626 656 568
8 492 861 725 808 884 872 802 336
8 163 627 778 201 664 449 648 891
8 787 174 550 488 490 898 307 469
8 257 771 957 780 940 847 393 42
8 821 615 417 651 373 311 361 240
8 945 684 929 15 435 623 357 367
8 17 543 13 395 699 836 889 714
8 181 326 320 529 981 229 279 445
8 163 529 667 565 964 551 119 519
8 306 701 847 297 216 471 961 621
8 480 49 419 733 720 698 672 537
8 816 114 698 421 275 601 346 591
8 888 936 473 887 598 411 351 132
8 88 293 106 565 417 290 319 575
8 144 51 305 562 553 666 651 648
8 851 864 359 532 646 124 345 384
8 457 411 190 212 164 796 524 208
8 712 847 335 584 290 761 635 20
8 680 578 266 842 676 141 593 595
8 539 643 72 832 968 533 854 751
8 466 344 280 905 292 683 512 76
8 873 680 241 352 578 127 336 375
8 56 152 93 339 104 643 219 604
8 742 911 687 56 743 409 515 235
8 941 242 247 805 633 926 274 19
8 288 618 700 203 6 53 575 937
8 244 158 712 918 624 878 74 25
8 10 599 726 251 201 677 271 956
8 112 743 233 973 919 307 983 758
8 10 365 216 791 962 228 869 621
8 101 623 491 589 95 663 104 6
8 480 492 915 388 642 684 463 968
8 522 30 500 298 18 475 893 897
8 523 27 183 651 716 256 153 788
8 625 545 593 815 762 844 540 619
8 714 307 209 919 364 906 192 682
8 380 512 106 725 937 465 40 133
8 701 264 752 615 96 155 147 255
8 527 794 791 154 734 639 560 763
8 65 106 817 362 751 409 787 990
8 423 377 463 172 603 586 654 376
8 210 742 574 796 717 41 831 346
8 331 872 634 120 236 50 880 76
8 818 357 166 247 813 147 265 395
8 10 690 242 806 1 372 252 787
8 954 613 105 318 397 57 127 702
8 317 794 519 424 724 783 267 35
8 333 338 171 457 660 68 794 284
8 492 904 302 377 306 622 118 524
8 246 718 188 655 869 690 183 576
8 638 961 803 82 609 320 787 668
8 125 752 920 432 651 871 304 560
8 976 813 618 661 240 514 521 109
8 712 264 148 848 224 767 651 294
8 941 101 972 398 199 202 234 754
8 522 701 755 364 323 802 274 382
8 905 564 976 286 638 540 446 32
8 385 469 794 525 264 884 488 897
8 701 796 831 786 430 531 421 138
8 722 474 24 381 945 770 780 591
8 822 470 628 45 525 379 763 526
8 618 771 485 476 217 127 251 686
8 822 650 515 130 465 314 771 595
8 811 253 795 58 496 698 384 576
8 882 227 680 220 593 356 877 445
8 55 430 195 361 738 999 384 817
8 482 976 523 543 208 297 597 895
8 771 331 530 403 241 974 311 401
8 157 790 487 772 915 52 579 695
8 333 846 785 405 655 761 779 294
8 694 156 267 18 764 509 900 316
8 135 241 546 136 885 653 679 586
8 587 93 337 232 437 986 285 794
8 365 326 887 688 319 793 408 110
8 610 613 436 216 759 387 315 670
8 637 301 771 31 788 901 421 692
8 107 764 960 796 148 217 594 297
8 258 337 466 533 760 634 633 298
8 613 202 918 488 886 949 410 393
8 112 941 585 256 349 837 597 357
8 933 296 589 861 654 18 524 626
8 85 288 195 268 654 774 110 132
8 981 492 742 58 798 158 507 653
8 743 931 667 300 243 683 745 964
8 539 622 469 702 655 111 354 672
8 974 149 269 637 710 172 735 68
8 163 286 641 769 180 605 484 514
8 896 584 239 926 767 407 903 591
8 418 143 247 559 177 104 863 132
8 474 246 426 818 779 141 970 208
8 225 248 267 373 419 32 758 350
8 994 317 972 483 957 155 272 276
8 281 257 222 160 755 949 354 943
8 218 423 437 973 764 960 787 647
8 55 397 93 693 29 277 532 695
8 289 30 680 169 965 560 45 485
8 638 371 206 690 655 905 395 891
8 288 337 371 725 244 751 916 449
8 860 200 857 760 489 904 517 265
8 897 258 430 303 631 399 395 645
8 167 79 435 9 229 29 137 611
8 662 420 195 538 789 739 995 375
8 307 847 657 878 724 516 134 357
8 727 118 58 328 694 753 110 777
8 299 195 884 47 610 378 138 449
8 540 296 954 720 96 289 445 465
8 337 704 403 427 966 948 191 761
8 67 769 937 95 79 652 709 84
8 280 325 487 137 524 124 695 793
8 328 309 190 982 418 70 685 525
8 722 742 476 600 272 970 13 284
8 991 790 421 458 927 471 154 797
8 475 200 275 632 606 428 57 873
8 286 874 458 423 326 981 812 842
8 48 980 871 225 934 569 499 342
8 746 403 705 660 99 647 937 198
8 51 477 325 577 985 895 606 252
8 223 753 613 562 237 655 8 730
8 629 420 809 884 53 406 739 43
8 821 469 971 753 967 925 728 410
8 752 236 353 587 62 26 481 963
8 480 958 924 627 397 387 986 547
8 617 17 51 796 427 2 63 373
8 821 398 980 217 53 431 620 76
8 46 51 27 90 194 959 339 354
8 746 532 344 21 50 342 460 893
8 324 244 771 302 52 401 979 668
8 317 453 17 657 865 618 817 507
8 338 700 293 498 458 189 487 405
8 47 383 414 759 526 652 935 43
8 281 289 630 406 171 151 381 856
8 474 596 624 790 557 850 645 804
8 118 33 581 64 40 983 13 196
8 52 481 776 735 712 347 853 541
8 982 264 156 728 795 575 749 799
8 472 337 753 565 122 666 730 647
8 88 773 606 130 910 285 487 342
8 264 812 954 976 490 688 330 415
8 70 992 822 209 194 32 606 245
8 657 877 297 267 437 724 290 535
8 562 89 946 771 992 553 276 856
8 491 929 95 305 210 658 897 132
8 144 192 776 145 757 695 899 276
8 112 716 922 661 168 908 159 856
8 338 894 776 834 330 245 36 897
8 567 966 684 197 802 879 733 261
8 614 242 759 706 405 970 904 621
8 772 411 718 382 27 497 689 115
8 65 616 574 275 682 512 509 736
8 816 508 829 250 397 768 105 327
8 307 731 362 330 985 334 633 905
8 172 811 428 410 909 129 132 787
8 839 726 877 608 871 719 916 506
8 154 227 658 642 597 279 410 591
8 527 381 907 658 172 162 741 571
8 371 847 461 756 606 747 682 958
8 773 467 826 593 270 476 120 110
8 116 139 997 685 58 64 109 12
8 561 643 25 484 923 540 628 744
8 57 598 502 294 42 319 450 445
8 988 244 469 557 849 717 762 370
8 861 742 527 916 645 263 849 697
8 989 841 741 540 699 779 483 489
8 288 984 944 484 850 351 279 384
8 329 39 690 642 219 968 483 883
8 996 684 725 318 541 784 252 578
8 357 839 197 815 327 393 37 499
8 750 111 15 196 817 801 109 407
8 790 170 108 492 466 777 884 959
8 721 155 60 148 530 996 595 168
8 200 608 748 970 916 342 276 521
8 632 403 135 298 305 287 425 862
8 504 636 426 187 260 448 53 709
8 712 51 998 582 24 346 464 604
8 701 841 941 136 540 789 844 787
8 89 922 955 365 293 643 743 165
8 480 882 466 839 429 673 180 274
8 860 518 780 809 300 897 78 19
8 343 902 982 853 463 405 255 883
8 199 907 233 495 141 789 299 342
8 700 534 701 224 358 812 810 415
8 15 355 188 968 842 710 198 621
8 704 929 740 368 877 97 330 168
8 778 331 829 308 380 277 852 21
8 851 130 646 513 391 406 216 836
8 142 459 306 75 260 946 40 409
8 101 439 413 937 245 553 109 102
8 39 482 632 192 770 407 221 132
8 288 365 507 66 37 229 19 620
8 134 976 22 101 617 142 885 648
8 134 261 172 864 585 12 471 379
8 533 527 876 554 256 586 968 462
8 268 774 817 679 965 37 72 521
8 429 435 992 832 842 220 389 883
8 433 117 189 669 473 323 790 393
8 711 877 497 737 848 543 775 801
8 790 120 359 646 144 315 50 75
8 238 190 225 791 455 145 254 229
8 890 461 972 687 875 446 870 881
8 469 769 245 854 374 897 384 512
8 169 50 187 824 490 153 168 376
8 241 214 690 969 703 140 698 215
8 518 537 306 874 961 476 36 983
8 187 821 130 741 77 98 607 35
8 721 567 514 600 319 438 621 833
8 210 1 452 194 827 340 579 819
8 186 422 886 750 368 499 688 35
8 365 422 811 442 432 857 668 903
8 250 962 829 900 486 297 336 854
8 566 888 490 367 442 754 509 739
8 377 892 121 134 611 661 942 874
8 778 518 169 824 400 515 42 64
8 674 587 703 61 144 502 873 576
8 933 961 260 318 497 188 463 304
8 680 501 399 861 515 460 735 263
8 227 452 913 121 387 546 792 640
8 875 704 818 632 141 422 204 531
8 427 335 130 624 372 973 707 735
8 778 920 277 798 677 91 563 531
8 238 429 806 821 830 289 221 903
8 814 388 678 490 373 229 781 410
8 342 95 477 456 358 252 240 476
8 288 337 245 633 215 313 341 630
8 10 769 214 46 241 215 209 463
8 681 66 131 502 696 737 42 298
8 303 386 616 478 635 77 340 723
8 614 149 340 221 666 718 968 871
8 982 270 931 64 232 207 783 744
8 666 201 643 13 594 297 553 374
8 911 416 689 623 702 648 198 287
8 257 769 618 312 99 898 279 506
8 912 616 151 851 589 631 972 793
8 118 987 589 697 86 21 777 792
8 113 321 368 179 804 689 218 291
8 60 746 322 368 130 282 233 633
8 732 750 162 55 567 971 673 507
8 285 1 548 867 583 345 995 375
8 501 329 920 839 490 809 656 349
8 46 420 939 660 396 122 556 78
8 296 480 194 672 698 485 347 883
8 288 235 496 164 161 445 137 649
8 246 1000 677 832 301 345 621 763
8 246 882 271 395 23 593 120 339
8 416 340 239 386 728 704 640 744
8 732 599 279 567 6 99 656 133
8 929 781 386 527 135 642 23 626
8 34 392 322 353 259 780 660 775
8 107 705 936 733 146 255 292 801
8 933 554 6 737 315 443 276 231
8 308 24 545 484 740 578 417 926
8 913 200 542 359 851 394 465 626
8 60 566 790 705 578 27 267 382
8 742 403 616 513 153 168 75 604
8 798 928 866 29 541 741 642 583
8 667 160 742 632 452 935 873 262
8 150 264 668 200 573 655 393 76
8 662 875 228 860 824 946 960 720
8 637 435 302 64 286 895 12 761
8 928 277 37 414 886 987 626 889
8 774 458 157 53 650 29 405 571
8 344 329 190 734 178 583 425 571
8 991 34 636 9 979 871 972 526
8 890 590 702 658 537 314 476 873
8 786 737 822 391 559 810 1000 461
8 416 289 564 232 999 730 256 805
8 429 98 912 371 623 183 635 59
8 121 264 91 152 228 530 887 535
8 907 785 800 899 138 45 255 476
8 586 325 277 987 762 234 191 447
8 211 886 967 660 396 252 230 833
8 317 329 641 858 643 272 506 126
8 505 144 121 656 299 879 137 579
8 6 406 550 411 837 634 309 168
8 331 111 233 304 279 797 640 576
8 688 685 325 920 78 475 42 947
8 642 578 661 466 791 261 219 374
8 544 562 418 247 256 759 405 255
8 989 316 286 277 789 531 583 797
8 755 199 268 459 413 709 905 844
8 195 413 401 803 817 558 370 393
8 187 536 502 155 817 563 820 71
8 717 784 853 989 605 915 304 479
8 518 534 720 666 326 9 707 905
8 144 930 490 450 787 688 983 445
8 459 412 355 59 623 669 164 161
8 505 634 146 545 484 343 53 869
8 933 962 467 858 313 478 541 923
8 721 577 632 63 886 136 405 797
8 54 609 184 870 992 702 571 891
8 803 257 902 417 794 339 40 220
8 523 93 85 457 14 64 378 711
8 752 861 987 651 676 906 73 350
8 238 112 661 639 29 253 252 132
8 259 771 646 919 696 234 679 793
8 190 620 919 567 957 62 496 21
8 616 23 78 540 625 256 500 234
8 944 423 242 83 789 213 138 415
8 952 275 651 197 629 704 806 612
8 829 257 388 541 877 855 476 110
8 818 144 918 414 103 461 489 25
8 435 562 657 848 802 261 370 736
8 742 627 712 581 962 926 946 450
8 125 143 186 713 945 99 23 389
8 539 552 167 355 96 593 267 758
8 480 523 326 981 541 111 901 137
8 701 416 522 313 308 594 779 908
8 265 974 459 131 181 154 507 102
8 54 872 116 110 509 282 578 407
8 516 724 107 795 605 864 341 372
8 150 385 8 70 601 579 311 873
8 472 257 444 222 493 805 573 697
8 680 482 97 248 638 452 649 959
8 876 157 791 148 949 543 865 80
8 264 308 978 411 361 601 526 35
8 226 712 835 419 729 623 583 792
8 991 807 719 316 650 1000 292 844
8 638 646 892 650 325 66 43 374
8 600 543 737 229 821 910 441 889
8 589 307 800 151 276 863 883 591
8 725 482 88 821 587 765 849 745
8 418 838 243 660 204 567 546 503
8 453 978 501 537 967 940 59 253
8 589 429 920 493 422 420 949 569
8 386 442 65 650 484 265 229 213
8 34 122 622 800 483 275 40 462
8 908 868 655 403 473 164 383 419
8 969 701 99 632 660 628 925 553
8 733 186 965 201 947 384 969 990
8 609 159 352 216 820 597 219 521
8 482 85 663 866 859 332 854 862
8 665 624 242 947 355 758 987 799
8 461 210 426 222 31 368 545 393
8 321 928 281 890 585 434 197 601
8 397 684 609 398 970 225 736 383
8 443 372 66 859 823 826 226 102
8 814 952 301 386 900 179 804 893
8 642 890 717 598 486 915 202 683
8 135 177 585 553 925 728 990 893
8 988 98 188 527 122 639 846 619
8 851 768 436 62 767 275 483 240
8 931 103 30 217 879 21 471 668
8 253 780 680 210 756 919 140 619
8 783 747 450 735 50 611 754 376
8 902 910 589 505 645 593 204 724
8 498 582 599 8 478 141 709 401
8 991 114 167 860 299 470 263 446
8 769 642 378 122 428 100 395 381
8 718 701 225 105 770 998 581 960
8 316 420 976 677 578 909 405 464
8 523 701 369 949 396 321 348 393
8 491 937 803 155 630 670 607 334
8 542 121 199 47 310 786 723 393
8 832 355 66 1000 787 618 557 76
8 402 297 369 597 5 763 231 460
8 916 548 443 756 464 546 817 512
8 636 171 92 979 530 321 739 775
8 501 791 2 547 901 934 619 648
8 868 757 185 542 751 12 761 916
8 89 562 469 283 579 853 461 526
8 599 411 944 478 307 52 120 294
8 16 248 423 90 27 731 350 671
8 853 281 208 3 145 810 461 611
8 523 353 928 281 876 778 547 198
8 207 529 166 869 310 642 37 862
8 433 6 61 466 296 974 73 43
8 982 385 335 790 947 628 41 830
8 340 717 495 51 461 987 477 901
8 867 691 332 440 314 198 943 462
8 386 139 173 31 357 968 687 159
8 657 60 835 805 760 379 323 279
8 335 699 73 755 279 119 693 235
8 183 296 689 707 953 370 914 109
8 142 587 495 324 520 115 414 758
8 735 907 290 28 376 477 926 161
8 513 878 602 441 720 223 797 334
8 62 383 363 47 307 639 92 697
8 800 412 996 486 78 318 430 381
8 508 616 49 490 783 953 670 559
8 976 492 880 428 27 401 395 18
8 192 385 792 890 390 950 770 235
8 715 596 716 175 795 946 103 26
8 150 434 687 963 507 389 291 571
8 328 678 295 554 577 74 786 687
8 312 315 229 63 857 336 932 775
8 890 456 142 216 391 961 856 262
8 824 420 995 234 181 740 449 737
8 770 310 485 634 674 299 992 626
8 67 436 386 245 84 310 627 196
8 912 63 914 6 687 948 736 92
8 980 331 134 217 243 127 692 438
8 977 230 680 540 708 129 287 381
8 890 605 625 3 14 884 399 568
8 433 188 892 422 657 567 400 857
8 333 905 30 210 346 76 404 73
8 271 981 552 622 656 898 547 714
8 501 469 691 912 226 800 255 442
8 402 852 251 364 569 603 465 276
8 642 936 705 320 542 878 661 747
8 472 2 828 811 677 405 925 697
8 386 326 753 302 808 186 918 934
8 6 709 973 510 134 319 886 881
8 539 617 564 540 439 179 213 76
8 700 902 629 786 670 215 375 415
8 286 523 952 779 918 151 79 500
8 308 588 839 495 660 79 113 489
8 55 306 556 709 12 736 406 986
8 30 188 258 779 328 849 601 714
8 323 589 121 54 394 14 797 908
8 608 205 196 282 637 795 999 595
8 504 725 151 828 839 844 43 415
8 542 466 533 237 535 531 367 137
8 434 224 859 948 184 556 340 512
8 433 281 617 307 144 21 983 129
8 482 982 49 838 995 679 461 3
8 608 34 224 803 319 145 762 881
8 268 150 366 373 896 983 669 764
8 114 324 602 738 837 767 463 262
8 245 700 432 29 572 77 415 648
8 481 286 699 450 366 347 889 37
8 60 467 86 861 925 410 795 731
8 322 742 147 490 857 797 372 221
8 88 322 221 933 249 583 658 656
8 624 953 666 486 764 153 935 287
8 542 454 364 966 707 496 249 825
8 352 516 251 28 572 402 489 611
8 494 752 51 652 867 621 182 104
8 142 236 778 122 913 689 820 881
8 163 722 260 481 852 898 256 817
8 492 238 368 157 179 798 601 745
8 156 39 802 420 259 623 424 739
8 564 386 931 363 634 314 362 751
8 388 112 519 475 466 699 635 873
8 149 767 636 527 976 878 386 959
8 657 636 795 553 979 291 489 758
8 169 300 724 847 487 401 500 479
8 131 57 272 277 809 923 1000 956
8 988 325 16 9 829 759 424 521
8 285 637 11 36 5 330 844 649
8 945 882 785 551 334 135 446 442
8 112 860 26 624 845 709 279 425
8 822 948 905 31 600 829 751 757
8 708 590 771 867 993 907 728 254
8 941 691 557 708 378 559 881 647
8 681 385 976 416 600 827 406 864
8 128 976 248 175 332 785 839 92
8 480 858 530 352 537 847 854 105
8 403 390 570 998 256 411 476 654
8 662 390 427 642 833 355 553 350
8 329 814 805 394 735 447 601 692
8 190 278 859 331 436 237 381 251
8 599 814 504 325 953 279 445 99
8 711 177 329 942 5 863 231 76
8 427 474 170 519 808 981 528 72
8 992 203 281 8 823 754 323 26
8 781 356 244 871 757 41 578 832
8 741 28 752 179 694 837 733 100
8 625 82 657 743 955 252 515 903
8 600 760 128 220 621 968 751 36
8 151 474 380 237 574 207 469 607
8 385 494 878 641 27 891 640 744
8 894 347 371 972 586 235 630 507
8 991 177 693 311 699 670 410 862
8 920 686 23 827 488 913 179 531
8 457 666 865 250 828 540 133 407
8 107 151 268 169 848 914 524 12
8 491 385 487 864 461 970 78 35
8 536 468 495 930 825 73 276 763
8 928 742 380 824 91 208 619 576
8 599 264 435 271 251 198 843 507
8 117 70 125 700 650 230 356 196
8 114 919 166 108 377 420 637 854
8 333 53 738 397 62 586 687 959
8 498 17 552 242 448 305 166 932
8 537 737 643 378 409 887 507 801
8 216 894 574 543 888 767 633 327
8 742 577 955 130 798 395 983 376
8 585 280 105 765 729 954 583 777
8 998 22 974 364 578 995 687 221
8 67 822 51 305 478 688 653 883
8 455 242 365 44 660 603 92 274
8 227 195 895 565 867 441 839 182
8 952 624 853 294 515 381 255 348
8 917 48 331 623 558 421 645 576
8 416 375 61 530 271 918 405 376
8 766 47 693 264 637 685 686 345
8 537 594 171 190 653 120 484 460
8 410 148 237 387 75 243 80 675
8 841 821 213 205 515 541 644 901
8 929 377 896 116 437 11 315 336
8 10 872 992 415 154 586 619 647
8 385 199 946 509 292 221 763 932
8 549 912 307 584 605 192 175 483
8 716 93 717 318 103 343 575 926
8 667 258 807 106 103 552 327 129
8 196 492 890 850 490 471 438 572
8 988 712 669 556 840 311 653 21
8 283 199 818 123 97 226 842 138
8 10 501 977 987 364 219 793 245
8 997 557 965 710 367 327 376 35
8 1000 794 475 693 138 215 462 479
8 377 166 726 798 934 858 760 127
8 951 917 814 358 248 79 229 757
8 400 455 996 333 487 215 409 262
8 991 800 56 748 541 513 311 571
8 666 65 540 325 113 79 901 909
8 951 588 385 70 355 702 723 604
8 715 876 211 981 904 193 693 298
8 302 420 5 986 906 506 132 897
8 715 307 495 577 811 784 857 409
8 352 283 428 966 870 394 698 219
8 929 835 215 690 974 666 216 885
8 344 134 683 999 417 483 842 255
8 114 293 280 254 395 548 40 647
8 337 164 225 192 545 987 437 370
8 681 296 381 40 4 367 855 758
8 121 556 298 923 784 943 932 604
8 665 130 15 741 598 179 540 745
8 257 69 666 586 880 548 234 339
8 778 746 780 610 396 784 2 220
8 718 807 265 787 467 646 862 968
8 522 134 421 798 450 76 653 736
8 288 663 977 30 135 880 27 440
8 264 748 151 874 624 679 447 124
8 928 48 121 925 70 256 464 856
8 861 567 659 789 935 229 443 517
8 910 504 181 676 688 644 310 124
8 492 681 238 642 761 782 595 354
8 564 861 269 615 65 673 376 512
8 167 855 812 20 593 383 370 450
8 426 131 629 884 397 767 609 415
8 378 955 42 863 90 193 649 500
8 117 684 82 538 965 80 856 521
8 718 754 228 982 303 855 193 563
8 882 633 300 563 421 323 3 679
8 227 584 945 283 414 66 733 938
8 54 85 175 248 900 836 688 354
8 93 476 135 536 818 565 419 462
8 77 305 62 509 120 449 483 213
8 988 682 477 371 393 891 899 124
8 325 835 580 402 331 761 215 893
8 523 776 64 586 530 531 20 276
8 988 600 892 360 175 551 693 137
8 306 195 142 203 145 215 718 519
8 510 541 826 442 320 557 327 654
8 10 257 429 523 75 740 223 756
8 338 485 79 312 555 786 987 20
8 708 390 743 399 706 396 413 165
8 44 116 554 294 985 968 660 102
8 434 458 542 537 848 679 833 737
8 800 469 7 431 146 948 621 793
8 919 7 706 236 765 839 29 407
8 128 278 411 75 483 863 968 815
8 10 377 113 682 506 254 553 255
8 277 125 534 682 865 104 833 947
8 418 636 684 351 538 446 25 287
8 453 494 459 203 404 797 932 415
8 944 682 162 361 437 698 881 601
8 918 249 822 803 158 975 634 883
8 10 195 882 247 470 531 693 499
8 429 174 622 182 451 405 525 462
8 116 469 290 59 634 908 609 407
8 994 917 187 20 626 489 220 462
8 717 442 243 323 496 514 127 443
8 107 207 967 494 326 975 223 758
8 789 456 858 624 320 553 346 648
8 790 492 69 202 316 205 219 792
8 989 759 534 670 983 856 506 36
8 785 187 608 199 75 517 621 647
8 596 925 412 939 953 855 595 630
8 277 117 625 328 324 811 864 893
8 206 882 473 157 364 16 294 541
8 685 673 632 4 609 559 235 110
8 994 18 565 495 423 77 405 102
8 498 434 244 997 685 445 563 90
8 392 564 478 175 78 877 987 732
8 112 803 573 321 484 193 880 445
8 427 244 584 980 391 402 19 213
8 542 527 34 111 794 652 84 294
8 646 98 399 776 765 421 995 895
8 991 941 860 83 365 25 369 633
8 727 721 501 225 243 735 942 178
8 95 114 271 964 41 559 14 35
8 882 398 383 836 634 451 159 563
8 616 755 194 830 894 902 229 576
8 902 297 800 674 493 695 784 820
8 978 884 294 708 339 465 775 178
8 328 337 477 448 240 74 274 972
8 228 280 557 358 50 37 141 895
8 338 329 518 139 925 835 653 531
8 148 667 173 538 27 311 698 223
8 318 724 49 664 923 987 883 604
8 539 614 199 658 7 214 551 15
8 200 283 580 250 915 82 898 870
8 924 776 319 341 422 853 660 787
8 589 552 606 405 639 961 848 276
8 176 566 99 11 541 145 497 751
8 453 200 813 785 118 140 495 627
8 491 444 705 142 809 870 298 754
8 273 24 812 282 289 593 834 315
8 701 285 710 11 783 885 115 897
8 805 264 86 345 831 581 995 115
8 55 778 58 545 282 737 347 995
8 432 727 289 211 11 319 102 761
8 337 149 152 595 963 515 261 489
8 667 768 31 101 852 542 226 323
8 837 280 993 847 642 607 517 327
8 746 760 17 840 900 417 707 438
8 613 427 783 383 584 720 75 756
8 746 453 277 241 151 295 323 788
8 438 808 497 56 340 334 290 693
8 467 773 300 847 421 581 321 182
8 48 912 827 239 708 785 4 327
8 882 74 522 189 101 339 421 32
8 934 790 252 17 658 401 83 671
8 456 404 114 149 867 504 375 793
8 657 677 914 910 589 546 450 165
8 928 338 657 194 639 128 739 42
8 156 522 538 733 747 441 601 555
8 152 610 810 549 274 273 289 938
8 185 233 920 422 691 648 738 389
8 57 828 442 806 124 644 932 883
8 377 308 816 296 972 442 918 903
8 951 51 894 134 314 359 682 932
8 156 308 673 331 9 950 561 648
8 539 303 79 97 813 886 172 787
8 912 148 564 514 962 530 11 791
8 641 260 154 581 290 4 787 415
8 383 321 938 875 973 449 226 525
8 726 808 996 289 40 699 445 640
8 440 865 547 140 418 404 797 291
8 257 227 131 145 808 108 2 854
8 929 341 945 293 87 310 979 891
8 624 994 515 837 28 751 686 969
8 325 913 1000 465 375 26 601 406
8 636 53 831 548 446 113 449 604
8 991 681 398 544 577 459 1000 460
8 816 360 652 356 179 121 274 664
8 764 271 436 199 347 136 507 668
8 480 150 796 877 860 111 647 43
8 22 216 598 292 865 905 653 382
8 280 994 113 245 734 158 96 374
8 510 610 228 802 639 483 521 479
8 491 939 186 51 190 217 61 445
8 865 945 638 326 400 741 342 697
8 529 98 380 493 827 340 108 115
8 868 246 552 104 254 100 601 178
8 543 69 139 128 335 955 660 782
8 746 243 146 72 626 738 4 819
8 530 456 665 418 147 859 419 298
8 753 928 698 70 734 627 40 124
8 590 372 97 691 111 716 661 334
8 377 918 944 218 900 411 623 683
8 143 814 422 536 323 842 411 68
8 442 632 757 210 962 973 697 350
8 468 809 715 821 8 725 985 77
8 89 737 713 275 723 735 517 591
8 860 31 263 285 369 252 471 893
8 823 663 806 791 759 12 350 956
8 312 549 550 456 548 525 379 695
8 195 742 529 761 879 476 754 531
8 10 117 933 124 730 708 914 545
8 715 294 610 743 181 631 25 604
8 163 892 828 498 311 844 477 80
8 642 501 544 658 345 130 124 653
8 10 567 985 70 905 261 372 792
8 359 711 926 314 946 44 901 506
8 739 947 954 369 940 689 496 512
8 712 508 130 357 239 692 779 374
8 199 308 60 148 524 274 709 903
8 444 105 705 44 330 760 445 881
8 324 93 155 128 28 956 381 758
8 721 278 542 884 982 44 546 685
8 907 950 918 405 151 115 668 887
8 300 771 768 945 121 446 298 604
8 752 205 302 923 907 959 852 550
8 527 973 141 225 64 962 709 604
8 373 322 868 942 949 520 916 825
8 167 37 913 75 578 970 406 507
8 650 302 14 884 2 419 315 744
8 227 167 88 509 789 346 649 591
8 562 589 222 82 734 79 853 626
8 662 293 597 594 714 4 154 843
8 704 397 712 953 717 760 723 42
8 910 796 876 548 794 639 664 507
8 398 933 289 3 830 463 327 873
8 851 231 655 233 688 439 25 464
8 227 667 624 839 914 509 43 873
8 101 642 978 82 993 934 196 983
8 222 111 676 577 97 366 863 35
8 222 333 49 319 127 334 291 92
8 52 428 603 966 309 831 20 525
8 663 976 688 355 421 13 739 887
8 9 587 71 904 321 612 765 235
