10 851 93 256 633 486 847 867 417 741 936
10 979 404 199 324 724 638 273 688 413 257
10 768 313 123 898 152 358 731 679 857 677
10 306 933 483 653 963 298 494 177 442 790
10 731 960 484 673 848 693 746 127 195 680
10 541 842 421 328 864 85 272 970 775 374
10 919 218 136 683 697 296 520 243 445 966
10 712 95 540 855 932 897 304 944 336 55
10 315 452 648 508 976 68 393 794 67 273
10 777 762 557 847 875 34 62 237 280 619
10 691 207 466 811 776 53 754 176 531 374
10 695 203 960 615 687 647 163 866 338 790
10 826 423 512 990 118 969 463 157 388 399
10 80 396 76 166 614 930 173 730 527 338
10 345 203 450 301 878 402 261 776 300 265
10 647 392 479 195 534 813 843 524 977 946
10 867 540 898 84 717 305 560 626 900 941
10 340 986 181 122 496 619 518 94 121 410
10 744 142 135 576 999 939 310 402 611 133
10 299 667 568 39 87 3 50 457 195 617
10 631 234 362 684 136 515 368 629 803 9
10 827 718 79 793 539 288 943 434 248 5
10 536 38 498 657 717 204 76 437 574 506
10 807 556 795 545 3 650 706 188 952 163
10 657 383 559 719 613 972 447 65 602 120
10 729 821 522 492 81 526 387 430 844 476
10 414 118 337 631 239 965 893 375 951 921
10 397 427 79 97 286 467 35 758 300 790
10 862 350 234 508 58 755 981 136 442 788
10 829 204 296 267 878 137 705 594 329 883
10 898 743 863 634 423 286 68 302 445 78
10 704 105 938 689 601 130 961 620 445 955
10 660 411 144 931 437 616 118 680 371 384
10 701 461 601 993 511 463 114 27 338 433
10 723 522 386 82 449 249 157 398 532 474
10 462 985 137 16 726 526 662 164 553 686
10 419 204 232 426 904 261 186 471 977 730
10 75 561 418 34 148 813 194 116 597 380
10 825 739 863 101 984 748 72 574 525 127
10 587 297 508 637 904 181 684 511 281 742
10 204 740 637 963 900 680 360 410 36 338
10 723 687 376 874 845 383 510 789 8 688
10 226 909 554 472 332 345 305 442 781 883
10 536 986 802 415 897 602 140 416 266 573
10 100 890 477 430 583 245 449 568 849 66
10 42 124 925 483 331 974 510 485 229 98
10 100 579 469 499 477 440 845 998 163 433
10 2 319 632 852 807 266 235 566 32 78
10 812 204 898 501 318 888 745 897 225 521
10 41 298 269 279 644 132 471 939 773 120
10 77 762 91 722 911 954 17 682 399 790
10 347 843 1000 751 302 576 662 251 445 17
10 875 564 82 705 653 64 721 9 276 216
10 29 726 275 709 844 976 303 706 342 282
10 460 919 504 88 264 14 995 633 523 134
10 817 46 1000 18 301 425 33 845 98 548
10 429 152 405 770 135 179 129 209 752 537
10 322 411 230 57 639 418 284 365 276 754
10 20 143 684 457 416 293 656 532 102 139
10 366 612 289 728 707 34 822 16 538 978
10 75 827 113 582 260 296 123 732 365 548
10 768 821 390 143 189 578 518 992 820 32
10 409 313 719 990 231 611 525 797 933 214
10 264 395 968 689 432 868 794 641 85 482
10 145 979 918 105 463 901 801 889 936 814
10 316 696 495 556 615 842 595 175 25 125
10 533 815 348 606 905 861 787 883 624 725
10 625 901 556 487 338 653 383 754 936 947
10 541 237 211 51 662 668 384 303 597 742
10 42 319 405 171 854 321 858 129 335 377
10 825 438 151 359 328 993 187 353 493 488
10 266 503 986 181 856 607 840 945 739 68
10 49 394 660 959 577 518 245 822 892 62
10 301 764 456 331 298 926 268 239 39 78
10 272 283 824 923 970 581 676 417 830 248
10 928 687 321 118 180 448 147 633 615 25
10 723 327 376 211 667 962 503 278 610 926
10 385 10 292 331 67 799 417 320 191 25
10 709 190 737 382 315 585 314 293 840 86
10 431 145 198 782 321 174 228 610 253 947
10 651 571 547 454 311 543 513 866 440 532
10 386 536 199 988 67 90 507 621 953 742
10 81 239 846 795 701 152 45 341 432 655
10 620 51 67 45 120 250 224 884 374 290
10 935 316 652 673 273 956 698 118 210 303
10 411 868 712 331 118 130 329 506 458 223
10 855 371 321 563 294 432 752 679 403 430
10 875 49 812 143 92 416 526 859 910 951
10 386 179 333 958 981 270 837 711 335 300
10 459 827 500 9 834 324 492 209 811 489
10 976 839 510 759 422 834 375 402 640 32
10 200 318 960 944 858 988 334 562 632 594
10 226 43 288 464 693 932 591 835 538 456
10 504 863 61 673 288 988 164 614 133 758
10 645 587 761 604 13 964 503 755 210 677
10 859 49 337 330 314 724 753 269 545 682
10 672 137 718 423 885 332 324 307 70 624
10 571 555 97 420 928 399 698 755 355 790
10 957 826 815 526 901 643 496 11 442 915
10 834 777 862 180 379 149 163 963 970 624
10 421 687 566 437 969 850 604 365 304 940
10 982 138 791 851 980 682 707 441 166 117
10 154 469 406 443 880 675 172 686 650 182
10 825 510 965 891 503 617 809 225 574 816
10 935 88 806 824 449 779 185 868 603 127
10 222 277 967 84 370 748 642 614 55 635
10 316 729 181 588 322 993 546 214 591 281
10 118 430 105 905 717 842 944 470 82 353
10 53 423 405 348 928 909 499 329 577 905
10 703 668 704 845 14 150 468 89 627 134
10 158 990 845 720 189 288 887 357 519 681
10 311 179 760 181 882 114 624 741 674 714
10 449 292 939 762 294 213 375 560 270 865
10 999 961 160 35 197 450 727 781 67 246
10 937 252 41 821 888 358 762 259 776 682
10 313 239 643 414 272 939 593 617 569 134
10 394 691 894 703 590 510 751 374 950 569
10 712 515 731 161 188 136 199 903 599 765
10 113 596 651 43 939 70 732 360 433 640
10 215 812 637 563 270 27 379 779 573 640
10 663 850 823 268 933 951 60 27 59 884
10 459 502 247 160 598 621 341 336 257 748
10 522 215 759 241 51 761 598 893 562 125
10 704 296 812 580 192 406 451 281 603 457
10 221 504 690 1 907 396 366 785 818 320
10 985 363 760 518 446 80 162 911 127 574
10 277 669 903 160 154 808 253 491 271 73
10 376 584 685 736 692 294 956 544 650 925
10 971 654 54 439 169 785 458 31 175 86
10 145 395 15 337 153 149 739 576 976 569
10 77 58 825 785 981 38 396 547 345 558
10 937 533 111 754 629 68 337 471 424 833
10 643 568 111 80 913 606 74 92 582 117
10 448 672 450 628 136 784 335 994 445 900
10 392 568 477 122 68 891 604 560 369 36
10 386 768 603 570 948 299 706 577 778 532
10 964 815 238 33 588 853 401 644 101 816
10 750 77 445 940 429 242 173 262 399 915
10 13 590 26 872 14 221 607 137 231 602
10 171 631 215 862 211 137 309 235 435 946
10 497 181 853 330 357 837 805 148 320 134
10 20 967 77 366 482 92 810 637 943 191
10 57 96 366 756 483 492 849 593 265 792
10 812 277 107 495 410 322 845 914 433 530
10 509 687 854 279 177 778 433 9 248 677
10 123 540 347 829 357 109 485 951 67 133
10 344 626 692 890 446 156 671 773 351 758
10 604 853 71 549 469 97 960 798 209 975
10 541 345 383 534 975 332 190 905 90 186
10 465 868 409 980 437 37 759 916 102 232
10 34 918 128 331 270 232 101 892 307 120
10 459 57 928 329 163 856 518 801 370 36
10 339 337 71 868 562 458 757 675 547 162
10 437 603 613 497 142 354 811 326 105 640
10 974 283 672 802 494 334 762 195 391 774
10 313 316 906 118 76 528 471 593 814 820
10 942 979 482 151 932 342 6 338 699 410
10 561 860 227 739 681 270 397 870 653 229
10 511 169 352 881 980 203 688 854 474 706
10 652 590 366 863 409 70 287 626 177 114
10 428 945 571 43 648 793 505 940 393 282
10 469 364 988 211 505 780 185 79 287 216
10 34 829 411 427 817 467 678 281 92 157
10 104 704 149 899 379 888 157 597 281 369
10 927 604 663 477 638 801 813 920 742 530
10 279 918 61 92 220 833 111 303 865 162
10 463 641 342 584 630 844 137 418 910 995
10 704 654 76 333 551 43 201 228 271 926
10 625 147 346 990 28 136 953 280 926 175
10 549 42 990 348 343 153 39 403 938 125
10 452 539 750 91 463 479 638 984 840 447
10 768 842 609 628 653 567 445 401 387 303
10 797 364 669 641 513 624 700 65 144 532
10 533 48 581 546 273 101 178 808 65 800
10 163 246 483 507 432 417 249 335 915 820
10 919 931 914 429 806 767 864 242 286 474
10 852 882 989 33 584 715 792 488 116 341
10 431 202 497 696 621 208 738 800 322 488
10 191 297 46 354 780 928 605 624 653 435
10 2 570 91 522 389 723 498 543 969 796
10 723 460 740 59 383 554 752 289 282 775
10 842 399 844 362 962 988 881 402 493 716
10 839 165 740 318 406 850 281 794 582 243
10 704 386 212 297 95 998 958 157 134 175
10 107 132 848 208 626 751 837 271 615 276
10 274 119 124 589 492 352 132 424 225 941
10 415 769 639 928 464 391 603 953 558 62
10 100 612 325 390 479 10 4 953 841 360
10 550 195 420 821 826 704 909 589 130 72
10 322 61 142 534 852 978 391 86 148 21
10 815 454 767 135 501 282 388 59 90 471
10 544 750 240 324 5 463 45 177 646 627
10 508 918 756 116 317 574 355 688 387 938
10 713 2 448 140 306 210 583 24 978 790
10 230 522 256 242 638 696 167 17 184 224
10 274 814 158 372 58 172 656 128 994 66
10 713 541 970 587 951 876 564 443 83 619
10 942 174 719 678 197 442 574 9 456 531
10 642 819 864 405 182 860 650 614 655 300
10 411 497 641 932 227 43 673 144 861 975
10 203 212 198 255 211 694 603 253 83 535
10 14 252 119 227 801 288 507 860 303 257
10 431 63 966 745 984 754 482 424 267 374
10 301 234 684 159 592 467 904 661 456 14
10 825 896 508 864 71 176 491 377 670 538
10 734 549 150 44 27 246 388 865 228 225
10 446 414 824 196 403 969 944 741 287 688
10 991 948 294 551 833 276 435 496 517 765
10 571 234 851 659 654 924 676 14 702 67
10 472 301 423 870 359 741 393 689 45 422
10 645 222 906 169 590 934 492 881 391 120
10 366 364 469 580 876 84 641 456 860 706
10 540 874 368 795 486 567 84 223 532 351
10 666 352 63 873 845 693 886 24 926 921
10 731 359 970 439 566 784 519 765 374 733
10 462 826 944 672 986 152 74 199 172 686
10 77 244 389 784 388 441 975 614 102 216
10 490 89 852 432 577 270 843 560 338 455
10 584 825 500 484 389 694 69 342 403 286
10 509 145 646 122 294 473 510 293 62 538
10 541 898 48 916 970 40 646 59 346 86
10 744 77 708 91 215 573 883 441 914 947
10 358 576 766 791 742 594 272 61 523 640
10 200 636 516 857 953 113 324 473 632 936
10 490 732 801 482 984 111 296 210 878 977
10 457 279 576 241 428 891 604 766 141 753
10 589 420 861 791 604 45 65 435 532 790
10 38 448 750 8 873 461 997 334 236 781
10 580 723 204 577 421 419 220 241 361 830
10 63 812 744 328 135 751 753 789 280 525
10 277 15 161 539 641 69 593 407 569 548
10 743 196 325 504 421 92 588 858 380 170
10 260 917 707 852 127 369 341 747 265 267
10 924 541 906 745 359 372 632 360 223 800
10 786 853 398 147 638 112 260 507 69 762
10 890 390 944 113 932 605 671 822 769 267
10 957 318 80 531 724 648 574 769 971 977
10 749 137 659 666 911 299 733 927 823 133
10 389 152 987 816 867 725 601 950 694 86
10 211 825 291 47 292 882 830 926 401 820
10 395 181 985 757 634 992 514 650 640 725
10 540 291 581 916 489 424 706 531 355 236
10 319 648 77 18 301 1000 408 973 963 90
10 252 244 590 85 227 902 949 889 843 623
10 782 641 429 726 501 886 120 356 939 290
10 100 2 215 469 354 227 879 808 523 732
10 37 634 523 930 832 797 950 958 265 440
10 465 908 678 717 368 221 402 565 696 134
10 849 679 24 647 115 65 1 163 56 300
10 948 713 352 989 570 13 980 807 913 257
10 723 513 903 307 450 873 784 1000 565 816
10 484 777 540 277 983 904 562 148 574 975
10 279 77 923 385 878 428 333 916 136 243
10 697 405 512 86 599 177 410 78 369 146
10 672 660 152 603 363 9 36 671 214 758
10 318 277 372 844 691 810 188 724 281 435
10 634 30 756 746 566 70 59 243 921 455
10 989 672 8 924 464 763 662 337 228 65
10 406 825 463 310 454 830 31 270 871 734
10 51 383 340 701 612 602 360 566 921 248
10 376 853 467 510 46 794 424 114 245 998
10 468 169 49 221 28 745 950 59 434 803
10 41 230 418 787 770 235 834 883 531 21
10 703 729 621 313 372 585 989 900 527 320
10 465 729 174 688 342 616 116 893 670 184
10 462 217 174 132 880 33 864 742 257 295
10 97 986 539 712 498 441 473 496 355 216
10 424 122 504 141 621 688 184 711 493 978
10 371 634 727 416 554 950 456 573 24 774
10 782 672 466 457 63 174 254 98 401 258
10 857 965 825 744 547 1 443 757 781 25
10 50 516 637 657 685 669 555 965 325 351
10 465 922 316 275 733 52 312 686 342 836
10 30 389 106 461 609 292 796 575 832 320
10 431 701 418 382 607 347 470 433 120 814
10 97 58 913 400 45 547 458 188 599 799
10 710 205 663 111 923 408 658 769 381 799
10 989 7 315 340 709 948 467 816 148 413
10 20 860 460 579 264 119 246 823 369 224
10 684 18 780 371 74 62 451 3 619 742
10 431 196 821 256 51 978 326 163 594 714
10 729 115 288 750 712 808 457 323 914 353
10 557 13 815 29 499 404 955 638 360 640
10 196 318 922 838 757 371 633 593 915 265
10 93 92 904 879 463 16 458 605 380 779
10 678 815 224 794 913 698 559 71 523 146
10 999 743 898 140 896 235 464 149 363 146
10 115 364 49 450 899 116 458 517 307 99
10 618 604 556 92 578 757 127 39 756 168
10 327 707 863 657 501 685 165 37 561 133
10 165 846 261 654 451 765 496 350 597 574
10 264 821 761 724 154 752 632 828 62 640
10 556 449 587 558 518 887 488 788 619 608
10 497 968 444 654 58 636 157 454 878 488
10 438 846 193 762 314 225 715 312 353 912
10 448 909 74 249 605 952 741 314 182 276
10 509 212 753 639 112 359 685 101 795 927
10 152 559 1 171 429 39 312 165 149 724
10 937 264 770 853 696 916 857 387 727 486
10 235 795 238 101 6 403 545 607 186 974
10 277 944 282 292 643 842 881 653 148 72
10 659 449 745 559 961 417 322 367 110 166
10 107 385 823 993 778 927 280 90 494 258
10 181 862 526 434 747 379 170 243 860 290
10 540 669 390 439 736 279 221 10 476 696
10 111 898 189 359 703 345 917 494 342 78
10 344 910 427 934 844 242 312 437 975 374
10 563 214 293 793 507 151 296 482 86 139
10 881 776 807 34 696 561 298 485 929 836
10 541 459 812 46 19 659 890 747 231 162
10 23 500 782 615 60 955 801 917 266 311
10 54 87 69 604 445 22 935 545 600 103
10 313 173 535 71 843 282 706 622 524 947
10 319 497 556 523 853 456 55 939 823 816
10 855 895 28 829 501 614 538 860 98 134
10 703 590 745 375 575 195 365 78 792 488
10 431 852 555 97 10 785 92 506 904 611
10 358 570 361 306 192 607 288 773 347 759
10 990 49 420 208 397 286 79 434 336 317
10 324 38 935 853 480 14 473 299 975 134
10 631 630 540 297 137 329 51 574 453 56
10 279 86 889 67 208 3 201 728 98 996
10 629 638 264 385 44 736 127 17 758 921
10 812 234 805 36 588 762 24 573 711 337
10 327 658 762 737 227 7 263 36 6 560
10 459 340 537 65 987 371 582 440 748 295
10 158 196 583 198 760 378 326 525 125 820
10 87 169 171 705 515 293 917 889 149 608
10 218 740 906 719 79 987 891 285 254 892
10 96 611 810 337 37 39 245 617 640 133
10 462 472 15 690 761 449 331 860 531 662
10 668 919 893 908 667 687 712 357 771 422
10 421 428 838 842 528 940 342 779 229 346
10 672 812 30 878 718 991 902 779 276 126
10 366 603 213 646 70 698 135 162 943 225
10 539 392 330 616 131 27 165 680 545 458
10 15 171 498 45 545 485 959 224 921 600
10 837 537 137 940 305 369 573 811 258 342
10 446 222 57 536 246 838 380 464 828 267
10 431 255 400 656 285 451 609 527 258 265
10 583 283 237 76 349 771 336 868 576 627
10 652 69 79 726 620 220 809 387 303 32
10 492 919 807 917 405 882 324 578 231 974
10 897 684 426 554 838 498 441 646 857 356
10 313 689 484 853 916 29 164 384 246 361
10 321 601 872 412 106 604 342 153 943 5
10 568 348 667 780 492 592 811 738 611 134
10 449 890 114 348 727 976 349 567 163 146
10 540 197 296 917 437 948 869 182 877 374
10 598 593 203 34 190 854 445 715 56 300
10 585 625 395 570 104 890 642 907 320 912
10 20 319 57 571 33 646 65 732 682 773
10 389 252 253 657 766 19 708 483 866 184
10 490 710 151 132 761 878 22 758 569 216
10 41 79 885 82 537 101 424 218 955 830
10 550 97 502 306 101 722 475 591 369 655
10 51 158 657 19 89 892 671 121 62 236
10 18 515 876 859 64 633 602 39 700 258
10 563 723 227 481 539 529 434 769 755 433
10 550 979 208 528 898 137 835 224 275 996
10 371 57 587 439 839 739 136 638 121 231
10 625 750 48 553 718 682 756 644 170 820
10 207 298 167 660 709 797 668 773 9 758
10 490 660 211 806 853 930 553 265 320 62
10 634 959 375 114 592 176 748 882 912 442
10 253 697 587 535 783 853 737 124 845 602
10 371 957 556 507 989 864 328 474 337 258
10 107 237 969 188 105 128 177 219 589 399
10 409 549 217 766 167 164 141 689 303 341
10 226 354 703 982 27 179 259 163 387 146
10 12 636 26 419 371 299 526 944 655 876
10 937 827 875 463 969 593 442 553 134 455
10 174 751 764 759 944 148 738 3 280 82
10 327 668 406 328 868 803 478 525 485 413
10 659 333 142 893 854 708 520 293 867 655
10 51 392 704 838 643 366 90 265 788 121
10 277 713 503 736 279 993 992 608 523 253
10 898 7 603 327 256 129 692 440 831 338
10 463 675 104 656 393 287 690 740 918 983
10 115 837 963 886 745 680 461 779 816 841
10 965 502 939 923 509 581 837 803 757 19
10 222 122 557 409 544 784 71 574 166 187
10 536 150 743 332 31 335 639 757 865 307
10 207 313 761 826 372 856 721 880 755 877
10 446 418 317 342 854 828 7 90 402 521
10 10 244 492 215 560 592 494 728 191 187
10 107 854 452 862 449 793 824 108 910 748
10 316 418 939 815 349 671 17 938 21 548
10 435 215 989 668 185 560 671 517 156 374
10 85 562 394 889 206 535 599 538 381 231
10 749 833 786 596 882 834 137 93 170 401
10 75 855 991 657 783 779 781 894 102 216
10 670 557 857 80 328 980 70 578 591 624
10 550 48 322 985 654 345 356 115 370 290
10 664 88 838 757 430 505 259 686 209 187
10 704 872 581 141 448 452 272 836 377 455
10 438 982 846 224 960 190 980 158 10 335
10 386 438 664 373 261 309 932 368 61 808
10 740 500 869 617 418 556 756 160 565 952
10 654 446 143 786 528 61 180 561 753 380
10 768 30 423 818 668 326 36 378 187 734
10 777 817 472 896 621 155 748 471 84 17
10 428 227 390 953 60 886 523 324 417 282
10 215 104 428 638 678 463 714 784 525 614
10 344 509 751 383 149 440 70 307 996 78
10 898 948 372 164 155 292 47 153 206 560
10 660 505 662 423 969 767 542 955 887 367
10 503 793 185 914 280 609 325 102 378 596
10 588 579 923 473 69 583 649 742 191 72
10 972 137 412 601 124 329 43 259 774 175
10 344 579 575 837 760 808 917 208 908 869
10 957 967 509 761 235 221 141 624 271 85
10 427 155 190 770 326 626 742 59 210 320
10 2 313 140 53 513 839 544 671 401 170
10 979 821 212 397 81 599 661 892 36 125
10 409 652 76 735 144 74 638 1000 99 798
10 63 208 690 279 557 425 591 773 546 716
10 388 856 629 847 359 887 929 391 688 187
10 540 504 79 380 745 176 148 784 655 565
10 731 196 366 394 501 118 363 810 388 560
10 824 697 511 656 829 430 745 149 994 282
10 403 69 651 529 318 858 445 430 512 915
10 208 211 661 888 824 665 724 25 725 233
10 710 46 335 471 333 276 224 166 351 455
10 541 107 557 515 872 27 966 870 162 996
10 502 33 329 563 354 27 793 1000 148 866
10 339 131 42 868 516 363 959 37 326 789
10 982 241 616 356 649 800 993 790 422 380
10 508 848 363 481 776 194 878 153 622 216
10 540 982 831 908 618 980 214 523 998 700
10 249 888 776 252 811 379 517 799 771 577
10 821 581 329 662 659 296 90 945 78 338
10 370 95 275 759 564 754 73 531 24 811
10 906 513 337 933 730 524 224 576 17 614
10 306 766 940 801 605 503 337 435 489 381
10 906 783 890 630 242 966 648 558 4 525
10 107 723 801 925 332 363 409 758 609 124
10 38 948 837 676 661 617 180 133 531 326
10 305 526 844 930 537 128 993 90 381 742
10 366 80 755 863 890 309 124 857 90 754
10 129 826 418 296 79 472 990 789 561 745
10 20 197 855 821 753 269 842 93 221 905
10 584 697 171 529 502 617 149 677 753 146
10 723 579 510 786 540 837 390 368 126 406
10 401 654 761 868 948 516 208 348 471 627
10 919 103 613 211 796 185 201 892 320 938
10 202 631 76 991 210 831 850 477 249 523
10 349 782 328 208 466 294 787 828 243 833
10 12 441 907 151 681 608 463 871 595 771
10 553 543 38 910 832 51 272 367 94 300
10 870 389 428 604 28 90 481 696 763 355
10 875 534 50 140 130 275 598 755 280 912
10 138 345 406 515 842 53 911 246 627 927
10 30 724 454 990 621 537 914 305 219 25
10 389 188 101 43 907 408 263 377 772 186
10 901 510 831 309 904 367 184 201 532 216
10 459 100 77 394 601 759 304 368 477 437
10 824 240 613 583 46 658 973 758 997 473
10 768 411 309 314 846 449 605 118 912 790
10 114 480 64 762 299 39 668 610 519 184
10 642 657 261 50 740 861 157 880 120 303
10 395 390 394 174 130 850 183 757 769 772
10 664 340 515 662 804 435 615 623 103 530
10 771 755 643 571 762 982 34 779 883 546
10 815 564 31 861 253 532 950 209 3 184
10 49 920 152 922 755 326 24 303 600 455
10 898 821 155 684 583 949 92 875 471 257
10 908 668 110 734 115 973 624 582 55 300
10 431 44 465 484 661 992 795 180 871 387
10 100 388 709 310 69 449 19 275 647 715
10 230 821 293 971 287 878 727 811 593 975
10 79 132 394 231 359 227 183 927 433 788
10 240 426 150 717 408 243 434 699 674 236
10 551 203 14 659 641 682 128 998 290 700
10 244 376 642 330 667 861 705 389 589 424
10 902 531 551 307 626 682 416 832 287 728
10 826 683 538 335 592 163 228 270 756 493
10 982 497 590 513 343 76 543 936 610 125
10 196 54 28 509 312 523 586 831 644 602
10 723 344 241 196 650 441 996 229 367 282
10 713 761 29 352 618 916 184 384 992 94
10 515 514 357 547 917 711 757 475 156 144
10 923 8 960 709 237 184 976 809 626 627
10 826 354 437 847 485 89 450 71 882 884
10 465 113 40 96 466 451 745 127 757 769
10 390 354 339 873 174 207 925 242 392 295
10 230 743 859 646 948 276 343 336 85 32
10 919 16 483 99 685 669 586 732 925 300
10 768 654 674 85 925 955 805 998 635 413
10 710 812 647 863 844 354 383 423 711 996
10 145 813 895 551 981 597 872 30 349 382
10 386 490 736 82 776 564 649 633 98 345
10 279 54 48 327 30 775 180 997 527 36
10 376 315 106 155 739 499 892 6 755 936
10 55 759 38 88 69 830 749 962 425 975
10 985 222 501 84 167 838 111 456 25 267
10 196 106 254 561 603 741 304 732 649 136
10 12 196 428 819 514 470 943 56 674 619
10 802 579 554 38 827 188 772 785 265 346
10 768 815 104 47 958 14 385 224 323 688
10 859 294 312 16 977 995 224 369 560 765
10 547 911 810 684 190 889 902 519 864 790
10 188 339 193 444 131 11 823 110 689 163
10 484 729 448 514 840 772 311 741 74 546
10 967 310 420 822 612 910 582 471 503 799
10 697 460 268 194 797 428 923 68 674 941
10 100 389 835 587 864 940 808 429 595 250
10 329 7 590 405 347 314 762 968 220 286
10 937 334 878 823 244 22 742 263 233 320
10 460 791 266 309 832 142 19 650 253 975
10 438 201 227 868 871 231 443 31 860 229
10 147 556 177 349 921 843 686 367 493 700
10 466 438 544 206 720 881 259 721 519 271
10 851 708 511 976 605 152 609 779 307 792
10 226 802 301 131 738 647 591 172 732 125
10 462 220 523 594 1 543 253 36 413 72
10 590 61 872 34 246 59 429 705 482 753
10 222 327 42 948 932 385 443 214 430 728
10 240 719 26 596 908 268 914 228 464 506
10 230 35 354 194 370 693 144 808 964 39
10 88 564 538 655 998 828 670 414 836 398
10 729 852 571 105 284 792 17 741 377 437
10 376 620 40 370 398 335 586 281 282 78
10 226 457 205 222 666 788 291 951 379 905
10 827 612 654 348 477 547 904 293 83 857
10 376 244 278 247 801 239 43 483 135 267
10 152 465 684 952 118 783 159 68 262 190
10 645 636 330 690 687 594 900 850 938 765
10 77 439 960 847 620 65 886 854 125 530
10 448 869 84 188 866 7 721 74 474 201
10 84 554 888 669 601 893 834 934 65 530
10 200 618 305 889 981 910 40 476 961 929
10 846 297 868 789 784 30 560 447 246 765
10 339 604 173 235 279 840 615 178 281 677
10 297 465 966 705 285 735 16 639 458 831
10 697 88 588 208 404 834 1 408 686 983
10 205 150 426 729 562 808 91 179 350 653
10 679 33 899 555 144 769 17 993 774 374
10 448 237 169 312 285 140 291 801 871 527
10 154 808 293 86 868 133 717 902 699 219
10 541 474 454 386 414 604 795 792 378 377
10 645 817 906 309 220 379 902 3 915 251
10 202 824 372 526 291 70 444 842 168 233
10 37 385 469 435 357 111 289 962 772 790
10 75 459 405 957 955 191 778 978 565 992
10 394 376 568 316 362 725 486 789 334 778
10 985 881 384 605 31 154 544 4 289 774
10 976 41 372 736 476 741 784 854 519 66
10 564 997 47 40 337 380 1000 273 148 941
10 411 528 846 951 50 13 363 644 73 947
10 143 875 886 876 675 587 974 798 253 300
10 550 211 359 264 591 39 562 135 399 183
10 701 504 448 178 339 281 537 733 441 716
10 687 928 330 528 963 323 269 594 903 695
10 500 87 876 402 806 206 429 220 496 734
10 453 394 96 912 899 794 945 359 976 410
10 919 743 330 358 916 269 43 64 17 695
10 534 264 874 536 840 544 791 262 627 338
10 797 511 237 16 479 429 347 470 281 381
10 449 919 510 984 555 289 909 447 120 702
10 869 107 590 899 417 70 322 102 700 290
10 74 319 823 981 582 907 795 899 732 56
10 316 537 863 114 60 837 787 799 953 83
10 712 283 475 339 564 343 859 53 905 602
10 95 332 653 852 944 450 568 699 506 410
10 15 394 12 757 342 653 278 978 214 506
10 895 405 618 858 934 682 482 946 569 413
10 119 508 389 933 362 305 572 223 798 5
10 761 890 551 329 215 325 663 811 52 78
10 628 211 919 835 529 898 644 524 398 229
10 697 371 427 900 610 869 983 387 308 996
10 48 972 539 399 513 668 412 243 26 110
10 58 631 754 220 170 591 11 602 398 139
10 675 897 264 418 785 283 337 379 248 488
10 462 42 663 132 154 111 793 469 94 346
10 901 999 421 450 138 924 91 791 4 98
10 846 58 692 661 492 914 185 121 201 360
10 782 746 419 389 507 439 289 233 199 949
10 178 935 691 469 819 899 312 811 22 351
10 313 237 496 150 842 173 424 807 938 374
10 446 637 762 924 615 109 177 76 860 927
10 782 533 550 701 373 511 495 480 184 6
10 226 88 876 457 832 863 375 739 814 216
10 967 60 644 776 450 606 255 191 326 865
10 703 889 105 92 543 412 219 891 284 216
10 743 761 59 359 894 649 653 646 271 941
10 20 54 756 605 918 912 882 195 361 353
10 415 701 13 567 245 157 486 814 730 788
10 515 664 499 291 807 103 891 148 186 308
10 777 696 4 204 208 131 130 17 136 662
10 522 500 242 390 934 498 55 103 19 546
10 786 345 613 304 480 369 998 921 281 947
10 668 260 128 516 40 671 357 303 286 788
10 372 364 513 131 692 479 563 830 790 455
10 913 948 197 956 843 470 24 258 66 410
10 508 657 823 663 272 673 56 925 220 290
10 37 347 423 690 173 537 666 31 527 32
10 839 709 16 765 869 432 954 499 773 134
10 411 171 87 851 815 819 621 167 272 573
10 18 96 985 875 88 181 939 501 159 387
10 318 826 372 919 697 93 585 51 402 505
10 984 687 865 811 949 603 728 586 674 938
10 540 61 709 987 701 508 720 433 430 251
10 88 555 363 970 592 980 589 220 779 926
10 483 449 255 241 939 665 210 653 248 769
10 203 371 4 381 845 742 843 619 532 290
10 722 751 658 578 239 850 1 519 733 236
10 104 169 543 875 956 678 369 370 884 236
10 831 885 743 363 16 348 889 828 830 552
10 985 761 816 415 771 568 856 55 414 191
10 429 311 148 6 485 434 81 94 996 422
10 616 164 123 682 519 315 173 399 11 921
10 687 57 954 672 200 826 50 770 434 109
10 446 856 794 283 982 636 799 524 814 445
10 533 149 372 559 848 632 13 199 437 670
10 427 985 526 787 905 363 470 486 676 927
10 45 513 428 585 951 871 471 766 915 78
10 465 208 58 868 183 690 842 369 527 994
10 876 140 970 584 916 651 537 525 72 790
10 197 539 986 720 916 94 275 658 133 209
10 550 556 954 211 452 718 599 87 19 661
10 502 571 48 358 347 211 406 380 816 146
10 570 740 143 266 420 62 905 567 700 488
10 2 964 400 528 354 620 164 194 288 765
10 930 837 672 518 567 597 841 546 168 21
10 188 639 958 481 463 33 983 157 183 527
10 395 63 923 850 871 787 450 194 378 756
10 898 957 348 748 52 741 567 89 110 72
10 158 704 412 547 87 801 430 450 695 401
10 592 43 554 512 301 706 795 492 333 170
10 631 807 533 252 556 481 523 130 706 56
10 683 131 465 200 553 323 916 336 175 209
10 456 541 831 602 363 929 70 265 455 216
10 262 382 658 355 535 952 361 110 257 600
10 724 1000 616 276 269 646 224 335 139 214
10 928 504 991 613 425 544 959 515 451 141
10 500 87 562 767 672 943 10 847 883 248
10 991 509 181 327 347 889 461 456 772 983
10 679 902 990 88 217 738 223 805 865 338
10 666 639 477 7 558 892 284 572 229 552
10 749 812 897 138 104 97 539 510 1000 950
10 923 362 298 767 354 444 856 591 415 228
10 625 723 409 180 895 745 837 291 806 956
10 898 654 991 904 890 873 182 784 286 290
10 777 645 193 668 956 111 101 840 305 278
10 431 664 831 149 626 769 9 414 506 302
10 20 782 4 64 172 531 168 191 686 282
10 539 604 371 969 287 111 173 14 67 27
10 13 846 590 783 932 745 275 384 322 880
10 277 704 118 526 592 135 611 747 246 790
10 327 227 940 861 754 738 995 602 798 983
10 309 378 556 616 185 16 147 785 108 5
10 205 313 245 356 325 478 195 820 341 78
10 207 380 321 914 114 315 895 13 141 139
10 107 760 978 406 164 751 289 740 594 11
10 968 982 364 288 477 772 834 871 748 640
10 939 202 510 18 369 888 11 834 37 342
10 760 554 451 149 261 61 116 453 650 569
10 107 689 190 345 85 671 127 841 148 884
10 104 879 839 712 556 309 144 114 360 611
10 20 789 13 596 225 566 21 214 883 300
10 364 332 35 27 167 304 674 375 153 32
10 438 540 873 60 8 831 130 310 608 137
10 761 107 157 818 164 206 469 1 748 650
10 986 100 466 768 53 86 489 291 120 56
10 710 348 275 95 565 969 360 338 714 506
10 509 652 817 578 87 346 617 259 907 506
10 222 585 760 935 858 347 385 830 443 374
10 919 669 815 47 697 348 975 280 871 273
10 960 603 939 227 595 964 392 735 993 187
10 376 23 411 43 910 796 921 600 627 599
10 166 498 310 354 124 266 86 356 435 455
10 274 382 842 693 306 959 190 449 137 993
10 107 280 340 858 265 679 932 357 219 778
10 744 539 703 38 509 686 997 190 447 353
10 460 2 588 860 418 458 585 121 560 153
10 477 227 475 451 250 79 370 401 73 236
10 669 46 305 314 464 157 276 302 655 915
10 376 362 913 115 399 949 811 25 146 40
10 981 383 736 142 834 164 434 356 435 98
10 902 523 835 481 746 637 190 365 441 655
10 97 339 712 904 204 663 700 695 183 820
10 421 751 193 382 749 809 537 612 646 952
10 723 800 864 364 35 656 925 476 611 758
10 989 152 874 330 495 784 295 310 232 915
10 58 705 163 266 385 653 10 474 598 599
10 196 811 485 199 959 201 727 725 622 163
10 571 672 104 59 537 114 43 860 542 883
10 319 693 88 534 741 82 818 499 662 865
10 813 15 669 345 328 147 188 162 341 548
10 119 729 910 122 630 620 922 281 345 25
10 169 596 750 434 986 641 601 475 31 706
10 908 568 63 283 504 51 632 763 805 433
10 316 44 314 572 945 573 436 936 272 994
10 543 160 540 382 140 576 558 116 422 734
10 77 838 633 169 106 150 860 250 353 823
10 386 991 515 30 672 859 284 876 179 127
10 653 449 95 970 573 810 432 959 228 973
10 477 207 49 551 372 375 244 3 951 686
10 462 584 48 875 740 844 408 491 775 5
10 703 137 722 755 699 885 751 916 233 139
10 760 889 895 217 385 562 852 513 309 656
10 520 651 587 382 616 886 219 951 331 836
10 550 344 987 658 605 375 483 766 798 925
10 919 181 397 664 644 907 521 269 832 577
10 906 382 138 869 534 1 648 894 876 864
10 202 643 709 419 469 74 324 132 474 822
10 73 897 403 292 84 172 370 144 187 422
10 54 990 490 101 61 227 103 945 947 527
10 452 516 74 475 578 220 336 72 927 532
10 358 434 682 845 571 595 834 225 686 560
10 985 451 261 693 64 567 804 346 73 947
10 691 968 50 495 940 770 544 575 282 814
10 852 863 898 901 842 776 684 487 166 21
10 312 473 409 354 963 416 885 564 869 471
10 23 429 198 330 311 632 593 338 975 927
10 901 981 508 103 345 53 646 582 136 866
10 625 543 472 384 719 888 534 375 408 94
10 919 264 554 35 626 708 968 269 977 82
10 739 415 461 446 606 551 291 658 110 921
10 179 523 334 844 167 553 922 766 515 733
10 239 238 85 101 324 128 651 182 586 820
10 967 908 237 789 831 227 262 62 695 94
10 2 808 461 463 914 738 542 646 721 257
10 177 703 990 262 896 663 400 834 455 146
10 722 101 867 89 789 286 201 370 393 72
10 283 726 484 954 157 417 167 770 186 611
10 782 546 515 394 780 858 642 13 334 67
10 942 726 466 932 536 31 76 772 546 187
10 826 140 15 629 192 504 992 795 830 766
10 579 526 893 581 512 661 263 335 59 139
10 114 509 196 585 954 325 905 606 798 655
10 35 446 275 358 347 889 180 476 213 788
10 319 710 905 533 607 95 591 217 289 883
10 212 522 421 897 626 156 935 302 175 355
10 853 657 845 372 843 3 51 178 260 940
10 467 783 79 123 461 293 6 531 733 445
10 740 490 957 745 570 465 667 356 432 416
10 297 827 108 587 405 801 707 544 984 474
10 211 906 910 208 751 501 475 597 166 798
10 696 909 378 991 649 935 261 203 305 86
10 691 409 853 909 735 969 385 11 641 168
10 28 846 823 639 858 115 108 977 94 78
10 189 985 71 628 335 980 671 866 163 602
10 568 691 916 291 569 36 159 399 190 62
10 344 92 176 185 741 693 30 183 538 341
10 613 58 737 596 305 558 492 476 361 677
10 193 87 179 153 467 382 353 922 414 110
10 411 687 395 423 869 495 946 936 388 1000
10 331 353 666 310 869 525 471 943 317 336
10 590 202 1 712 329 853 60 894 837 251
10 319 682 227 363 381 969 626 864 610 623
10 57 77 484 897 325 588 505 792 758 638
10 579 59 406 71 350 611 925 191 401 599
10 364 409 666 304 348 423 499 735 223 163
10 230 215 48 252 204 721 699 342 320 790
10 104 657 897 845 705 486 254 377 422 25
10 313 516 252 180 473 753 707 276 441 290
10 719 746 716 604 312 483 387 593 943 162
10 866 660 75 650 848 468 441 363 551 393
10 2 12 956 85 897 534 375 783 336 820
10 515 679 4 269 895 594 480 884 608 36
10 313 362 629 804 872 507 525 538 946 351
10 541 411 475 859 802 856 698 984 648 548
10 660 323 154 58 542 214 263 678 433 351
10 319 192 200 708 101 665 992 591 615 677
10 460 659 554 220 260 880 424 748 938 25
10 75 570 679 907 96 951 10 836 725 561
10 462 390 629 329 357 266 336 773 187 110
10 967 12 484 911 203 393 309 160 721 374
10 53 819 129 662 904 745 725 377 860 959
10 333 284 297 315 527 748 904 907 887 941
10 92 580 294 775 807 119 243 65 267 295
10 462 77 344 80 294 260 728 300 955 374
10 113 726 97 873 309 791 803 40 864 270
10 441 234 547 162 415 884 558 524 276 413
10 541 301 534 642 154 627 443 172 144 530
10 395 827 368 659 211 760 864 338 700 955
10 48 665 301 826 629 588 457 498 951 295
10 88 467 269 421 842 632 922 166 491 530
10 230 786 509 889 156 913 808 734 120 258
10 536 891 34 275 527 458 401 841 323 799
10 4 898 673 152 854 147 154 582 567 732
10 169 859 628 514 342 219 795 224 68 790
10 176 171 124 436 951 224 17 977 734 11
10 777 79 556 438 192 318 444 253 695 871
10 226 898 419 247 123 851 741 61 658 953
10 264 372 460 531 475 907 685 512 275 542
10 679 554 545 882 934 451 90 401 506 184
10 47 179 866 373 200 157 512 696 130 800
10 319 817 794 570 356 879 157 391 210 375
10 20 968 311 340 834 635 521 887 127 236
10 396 829 861 510 155 955 487 110 527 535
10 908 451 930 583 273 808 574 98 476 229
10 142 526 513 945 27 156 574 706 163 381
10 580 327 571 642 474 221 160 499 799 66
10 597 484 572 990 739 306 144 869 775 716
10 325 516 813 3 969 315 607 246 538 253
10 878 466 7 815 19 754 519 565 416 493
10 585 568 52 781 837 520 329 201 162 335
10 100 419 722 566 198 519 984 457 506 600
10 802 989 152 678 961 126 656 69 905 915
10 234 622 632 91 68 572 249 507 586 619
10 782 297 979 316 288 727 503 656 848 136
10 942 827 230 207 629 966 24 998 133 335
10 145 198 850 57 179 847 830 558 117 803
10 431 819 746 84 924 64 682 538 317 9
10 663 592 39 763 461 44 266 99 899 734
10 409 986 309 644 829 292 484 671 121 323
10 145 313 205 705 997 10 302 139 688 975
10 240 179 829 634 754 348 615 417 471 257
10 463 768 825 296 251 177 591 67 56 355
10 710 312 909 817 457 784 435 627 97 688
10 227 874 678 213 661 393 334 245 24 231
10 749 631 484 404 512 260 416 163 787 711
10 20 703 919 847 802 925 115 281 102 941
10 438 468 802 901 427 241 663 776 469 201
10 935 449 353 988 432 598 180 370 73 627
10 113 256 570 783 415 767 26 183 458 493
10 579 851 376 534 578 74 694 685 11 387
10 291 858 554 646 872 582 51 443 670 308
10 899 364 498 902 831 639 187 263 569 747
10 579 710 808 159 608 210 920 910 491 73
10 469 901 260 504 451 554 516 711 674 134
10 465 478 41 386 770 605 656 528 391 682
10 985 581 637 88 499 112 24 769 474 422
10 107 13 1 976 780 512 272 573 299 338
10 768 350 981 142 844 326 939 609 728 627
10 692 232 791 40 981 939 959 789 702 214
10 263 193 852 332 760 787 296 599 895 399
10 411 29 795 142 241 217 485 367 89 299
10 466 336 285 893 874 840 315 732 718 229
10 20 363 26 315 608 843 725 210 961 194
10 768 174 802 274 291 328 14 658 271 52
10 928 451 324 45 71 382 902 89 682 531
10 23 344 658 944 388 807 266 436 265 774
10 23 448 135 164 558 921 259 820 139 996
10 466 687 208 606 868 292 192 124 726 455
10 835 706 684 244 520 853 499 604 36 300
10 234 57 536 818 566 219 946 814 623 229
10 171 863 653 396 130 737 49 674 865 936
10 50 202 897 607 310 837 337 883 76 518
10 459 446 492 546 509 154 932 106 561 374
10 319 736 819 689 807 99 132 673 477 939
10 998 426 931 921 646 269 194 628 569 172
10 438 558 811 495 543 843 668 929 27 289
10 756 93 737 776 733 470 329 605 604 474
10 849 910 929 621 692 415 517 159 883 752
10 957 495 982 424 658 269 511 494 281 146
10 791 722 12 954 808 796 566 173 925 139
10 703 330 791 690 44 253 275 969 792 90
10 817 528 707 188 35 13 248 772 232 72
10 222 672 743 344 586 555 214 80 950 445
10 780 895 292 807 628 65 93 864 803 156
10 479 521 862 756 40 586 322 784 115 781
10 498 846 731 13 260 154 714 65 381 146
10 526 104 58 667 571 935 519 266 271 471
10 972 169 579 29 855 859 250 841 336 506
10 664 87 909 837 574 80 3 803 233 530
10 751 292 356 740 310 609 133 833 219 610
10 107 354 657 211 507 505 515 718 352 665
10 911 660 804 184 952 266 106 128 9 788
10 593 483 327 808 262 48 571 164 270 276
10 389 350 76 987 632 582 656 505 747 11
10 100 541 347 651 923 602 591 551 355 530
10 427 256 642 444 791 383 208 811 941 223
10 277 634 399 91 757 838 367 978 486 544
10 35 221 1 865 309 877 560 98 447 162
10 174 241 826 625 255 933 450 387 560 156
10 584 596 628 828 748 653 295 577 213 25
10 537 890 299 960 969 914 335 752 700 275
10 614 979 855 827 880 587 752 85 978 883
10 181 568 10 559 391 255 859 242 442 21
10 898 821 376 931 332 866 881 404 511 413
10 313 547 421 872 13 772 334 120 73 180
10 776 483 164 641 137 14 791 377 441 216
10 652 198 189 388 591 156 16 915 638 326
10 910 502 752 97 65 893 182 560 271 608
10 502 234 268 167 543 265 214 375 983 72
10 969 189 899 895 312 248 357 136 78 216
10 942 269 310 899 305 3 939 377 925 725
10 846 244 301 467 933 101 127 994 682 655
10 309 570 400 136 484 784 531 399 951 281
10 685 500 309 959 994 954 900 926 32 790
10 411 812 894 869 74 561 505 623 250 758
10 215 389 115 826 612 259 553 800 307 355
10 23 528 999 304 776 644 732 884 90 228
10 196 815 612 965 261 876 441 311 437 922
10 964 891 944 595 475 121 823 781 658 360
10 529 389 776 981 416 10 917 34 352 473
10 589 636 174 340 735 6 891 378 674 98
10 541 539 522 8 406 140 295 253 602 96
10 750 439 719 354 594 828 440 369 877 302
10 205 40 634 692 576 403 537 973 518 59
10 274 304 452 400 370 13 633 103 55 686
10 515 452 847 292 933 632 246 117 646 66
10 431 497 664 503 536 47 965 334 627 176
10 107 988 345 618 738 396 534 45 425 187
10 652 116 667 567 65 385 124 689 943 258
10 979 972 419 421 509 357 954 911 261 214
10 500 323 409 240 16 294 116 51 936 381
10 462 602 657 686 959 615 495 948 103 253
10 697 703 51 976 903 111 478 757 436 552
10 427 985 921 847 183 896 286 593 342 346
10 264 549 689 288 103 949 73 407 387 877
10 582 115 904 185 669 119 496 116 774 120
10 994 317 268 978 924 360 811 966 356 926
10 23 555 276 129 198 839 558 980 470 758
10 787 797 969 811 628 880 509 194 941 915
10 244 504 917 728 551 735 312 263 752 700
10 500 891 482 243 400 738 312 567 538 600
10 539 916 218 994 698 292 348 547 680 290
10 515 782 529 833 318 392 923 861 835 216
10 107 348 296 881 559 913 19 596 738 90
10 354 502 944 428 750 418 403 478 150 405
10 667 666 739 262 300 118 480 603 644 804
10 542 924 863 108 52 22 83 941 360 267
10 713 834 160 272 722 633 185 781 757 860
10 237 886 588 392 587 853 617 789 378 68
10 729 942 751 930 403 845 773 314 899 391
10 646 667 289 48 722 977 951 195 809 1000
10 138 651 292 641 746 112 188 137 527 807
10 462 768 536 528 6 804 719 85 78 836
10 376 580 726 92 393 940 882 968 128 831
10 313 897 105 256 284 895 190 521 232 116
10 695 97 95 851 381 804 112 733 689 608
10 681 533 29 482 105 292 111 977 953 883
10 306 188 604 738 38 965 189 253 407 790
10 319 363 991 360 951 365 553 662 527 361
10 226 607 528 344 817 563 678 966 348 854
10 366 696 333 603 528 798 553 1000 336 700
10 844 770 495 391 304 396 124 940 120 748
10 768 851 812 428 961 917 868 715 705 243
10 46 312 218 472 151 210 84 262 170 865
10 327 967 279 181 443 114 784 228 725 387
10 645 438 818 720 933 742 393 474 3 127
10 883 306 395 26 345 137 737 857 99 178
10 208 896 992 468 520 545 551 73 52 59
10 499 542 339 217 653 908 940 823 843 94
10 23 482 693 822 74 605 191 715 243 308
10 222 738 119 18 705 780 609 665 740 144
10 386 980 343 332 874 899 378 599 788 341
10 212 580 930 923 835 503 844 591 370 162
10 160 581 839 356 935 818 31 162 952 946
10 743 607 516 556 289 851 575 686 958 307
10 894 318 568 994 195 787 365 494 688 456
10 368 155 673 34 654 291 6 512 257 975
10 675 829 432 105 916 482 347 283 655 224
10 999 636 665 870 865 261 959 806 624 5
10 744 8 426 89 227 116 879 219 272 216
10 14 571 138 588 606 140 811 345 375 470
10 693 559 697 247 359 373 681 96 635 209
10 319 768 672 392 284 244 596 839 228 229
10 683 143 667 559 454 54 442 477 762 997
10 726 550 913 897 479 358 486 815 280 790
10 551 989 570 406 299 274 839 507 992 334
10 100 580 713 853 557 764 375 489 592 432
10 344 171 918 543 329 968 801 633 341 865
10 540 576 976 571 61 970 869 16 491 774
10 230 861 291 524 371 385 804 589 425 177
10 107 554 160 535 682 598 640 758 229 455
10 142 181 504 980 467 851 44 797 52 302
10 768 712 203 365 945 486 489 562 772 975
10 776 293 720 760 436 622 779 498 573 567
10 359 329 581 428 736 49 593 730 934 488
10 145 2 495 8 580 921 659 218 94 531
10 585 928 743 128 479 220 551 311 391 531
10 852 685 19 973 880 554 925 779 622 303
10 462 438 539 87 403 243 263 836 997 822
10 230 309 44 969 587 709 430 653 221 225
10 344 337 636 590 922 755 84 249 351 530
10 429 751 749 952 755 412 243 9 236 975
10 264 960 811 488 890 37 637 785 121 73
10 722 386 705 510 634 353 268 52 210 447
10 550 637 718 53 294 526 251 432 793 300
10 20 80 651 292 463 795 879 593 915 471
10 442 667 135 14 83 963 369 320 711 280
10 508 362 291 890 166 111 992 102 865 351
10 330 366 639 885 336 991 727 792 228 546
10 710 4 492 405 651 262 639 53 37 714
10 188 202 415 179 331 132 805 219 90 742
10 226 747 575 780 505 288 498 371 105 361
10 710 112 516 348 935 471 355 779 351 790
10 824 999 392 708 850 871 963 721 320 351
10 658 285 146 104 699 40 693 184 24 66
10 100 594 980 644 260 529 582 564 312 243
10 535 745 256 714 146 16 64 238 191 816
10 15 515 469 458 520 969 463 62 365 320
10 288 660 578 166 425 526 432 811 377 984
10 675 203 954 563 215 705 408 237 243 695
10 29 419 58 60 381 142 566 380 163 120
10 583 908 637 279 714 952 124 464 527 271
10 466 140 427 823 28 112 783 315 911 176
10 870 203 324 302 754 581 159 653 565 512
10 937 205 123 315 151 65 993 775 89 792
10 553 981 298 447 480 307 224 85 915 814
10 522 145 143 888 962 350 737 83 565 766
10 901 540 26 709 555 263 92 665 607 640
10 559 691 726 425 388 82 491 792 168 236
10 723 159 143 404 647 616 3 945 353 608
