1 0.029138980548184874
2 0.8532222790329339
3 36.7305549556871
4 2.8636470055720737
5 3.9046286214754122
6 0.09653450795500511
7 15.90031147416846
8 0.4088628447291979
9 2.2089692457149224
10 1.0800810947492792
11 0.046586980378388834
12 0.5819499149548438
13 5.29256880504053
14 0.7311358069140621
15 0.5782678677084887
16 3.772698095734437
17 0.06362248606361806
18 1.1699416863012102
19 0.03998185332538317
20 0.5859077766780157
21 1.8933501723775394
22 0.13716003027249113
23 2.832456552602597
24 0.3402946217773243
25 0.05930940022240478
26 10.376736373815278
27 0.05162569976089072
28 5.025110311654349
29 1.315667956242633
30 3.6147501255217778
31 0.27871374273073873
32 0.5339933360367776
33 9.490521435628787
34 39.32638105577006
35 1.1305533336656681
36 1.6758185976571696
37 1.0805071705762486
38 2.2488828622265293
39 0.3565675231433197
40 0.17700951609618873
41 1.7856841430669985
42 2.900605325830513
43 1.6866463471659394
44 0.4956679855016101
45 0.5751676152917581
46 0.18632808386508945
47 3.076826839153572
48 1.7505337079815062
49 2.0348166251163624
50 16.241805642277853
51 0.3514439859655563
52 2.5529362445671566
53 0.036061202840755806
54 0.1182593341789847
55 1.8334448450627772
56 0.3706210377265181
57 0.185155262535707
58 1.131424893367391
59 33.09233009261095
60 1.2598376997195377
61 0.1853736224964264
62 0.1829950399624154
63 2.805651076762464
64 0.15268326603613644
65 1.3055744254449118
66 1.4002217393329377
67 6.720536766003474
68 2433.741879145946
69 1.7909706116558366
70 1.7068418736643165
71 492.9503748081907
72 5.232874790829938
73 5.300603969607429
74 0.02847501041859773
75 3.100171005489927
76 0.7300049109165606
77 0.05820298231026479
78 0.4130932042607519
79 0.40144868894335095
80 0.10893937619019035
81 1.4226446597385036
82 3.2391997950225506
83 0.4265897740680601
84 0.9996863408380406
85 2.446182172111428
86 1.1957974319985303
87 1.8690660640340173
88 1.834457311012619
89 1.2058818548236165
90 0.39929978666803967
91 3.285039062318859
92 0.8553323081104515
93 7.593742140721612
94 1.6157081046092265
95 0.6288536808403025
96 5.702907517708133
97 0.7404226649768495
98 0.002580727223940397
99 7.439075210478966
100 10.11183131022214
101 0.08246825383238894
102 0.6207927308561497
103 0.5106874312615494
104 3.4679734781544003
105 0.28695314909038033
106 0.5985908915005594
107 0.08280952298771266
108 0.32607708290947535
109 13.172961110084632
110 3.4708545309132264
111 0.29198529442088456
112 0.0333957193835489
113 0.027105857785056208
114 0.02847225785635609
115 0.5063200688084768
116 0.03018277277580237
117 14.452400424927555
118 6.760115891419384
119 189.5711812556206
120 2.765877428477761
121 0.026057671817211907
122 0.39191321913102695
123 1.3042260179155076
124 1.7974458120803913
125 0.1252422716670179
126 0.27190458985473326
127 4.29951916144777
128 3.6835852807494973
129 1.6993304165878538
130 1.3194762495576953
131 0.028468801354484888
132 9.010349156127866
133 0.02617515675596734
134 0.4996607253628559
135 1.0446922715376745
136 6.739417237812898
137 0.15234043615959353
138 2.5343215462691826
139 0.4721469901679916
140 6.089369860691501
141 0.4749657686786609
142 4.989334278976021
143 0.2363011602437167
144 0.006687550261920159
145 114.59232122636533
146 4.314060199342513
147 8.55038052436661
148 0.7947864650448061
149 0.45456597977698254
150 0.19976698522709202
151 0.10788176792026602
152 1.5955516107487673
153 0.2837347745374879
154 3.001494142990495
155 0.37627596639079824
156 7.952541456565054
157 0.5357225174552201
158 6.82788087747873
159 0.18038796928912787
160 1.4059104788063417
161 0.4992463041293626
162 1.3249747281818485
163 0.4764683193670814
164 774.026481118586
165 1.4182342617534334
166 9.068623448545674
167 0.045928843411176874
168 3.452648817647613
169 0.30841123032605094
170 1.5027939955399985
171 23.556755814739233
172 0.7253331474990359
173 1.4811502256405136
174 0.03735880852676417
175 0.18929486635490597
176 1.5296158908860094
177 0.9292677942044854
178 0.449196066661112
179 1.7832692127535066
180 0.36247342135765054
181 0.17530731571212077
182 1.085660632292533
183 2.054427281989959
184 4.140347682273624
185 0.2763395312683226
186 7.39953359195671
187 3.593867717236826
188 1.202176310173299
189 0.6542330368716922
190 0.1281288101565919
191 0.4487453850708153
192 0.30317681095785504
193 0.8496608111532263
194 0.9126019969245296
195 2.8720637819800268
196 1.155612625861883
197 2.7110008370258774
198 0.2689852874211598
199 0.027727953386301386
200 0.07709658362999407
201 1.5379035353476507
202 0.2661825534068872
203 0.26807371427289867
204 5.893694433135672
205 0.27207611680740956
206 4.125548497586779
207 6.478591771173433
208 1.1573793622475002
209 1.1502792558087893
210 5.831314180276156
211 0.15611690595787317
212 0.5896019460117549
213 0.6769517486680934
214 1.7937763839619862
215 0.40133418241034585
216 7.207605676945941
217 0.9835147048426534
218 637.2153163349086
219 11.799682852479515
220 0.23516220370235727
221 3.350856682491979
222 0.017019376461615002
223 1.1724910363521266
224 2.6254798028564412
225 17.677436845553384
226 1.383537393287575
227 1.0459724775829216
228 1.7981051393993446
229 3.37918179978016
230 0.46252311240931526
231 1.7905822038506993
232 0.17389150980003124
233 0.16110195663609927
234 0.7698689109033228
235 2.347157026903304
236 0.30084267460827
237 74.15465069455942
238 27.478199404715877
239 0.6458834063435284
240 6.151873355077976
241 0.20122107592558278
242 0.036808262280027766
243 0.08805445776527862
244 0.9721404816753576
245 2.796267868676258
246 2.2453638398050817
247 0.308061686579537
248 1.2721201436628389
249 0.8383651965364503
250 1.5137673104108247
251 0.3596454165392782
252 1.401838007966349
253 1.0400507366149898
254 0.9317772587288387
255 29.67781318579629
256 2.9303902081268114
257 0.3224228407275933
258 6.941669512640697
259 0.8337328908993097
260 2.8010409006019006
261 0.19579494548828377
262 0.4166175820049633
263 1.28510816604674
264 26.922212772789234
265 0.0926496124357363
266 1.333842630405598
267 7.86169771708246
268 1.757754058563273
269 7.44007597594467
270 46.07843302236484
271 0.9969864435659336
272 5.977345361721898
273 2.5709039644617815
274 0.9925419253441982
275 0.8011743759650599
276 1.5492474549064972
277 1.908742154393195
278 0.7715187319054011
279 2.6356812469187045
280 3.303998232368092
281 1.0348770290751148
282 0.9044431391695175
283 4.243001609133893
284 0.034295240962429405
285 2.3019638255245845
286 0.9214798384746181
287 1.7794402476553592
288 0.42133657861833207
289 0.3364405577188162
290 21.697999339924063
291 5.494888066259926
292 4.91060228939187
293 0.723023023887442
294 0.8523036174994866
295 1.7015036067770657
296 1.1297900687278999
297 3.9966397674255414
298 0.432123664908928
299 0.019283202898236936
300 8.608334585211963
301 0.6741684850344422
302 0.4755317678236202
303 4.854598892963987
304 0.8716655139538114
305 0.10712499083415938
306 3.3029850614727922
307 0.22204780733564705
308 16.94767517044045
309 3.2068565613904587
310 2.4562167616957353
311 0.14063937627706027
312 1.0575807020784231
313 1.6261845236254546
314 7.901058312137412
315 0.63166678553202
316 2.0797299940537424
317 0.34730586304843025
318 0.030892256428882364
319 3.043386787847413
320 0.26194784290319134
321 0.5094953998249477
322 2.4485940945948896
323 1.9224570874217957
324 0.30090098493117096
325 0.8076584835608456
326 1.8916318054994217
327 0.19951886297572455
328 2.0457685206646987
329 0.4892624402011557
330 0.09477483562009041
331 4.76140491549546
332 0.7318447400639404
333 0.595739279280882
334 0.27887180796183686
335 0.37020275927918744
336 0.22624427599981492
337 0.8658463634899642
338 0.006639360334241942
339 1.340598964437758
340 94.03461471087576
341 0.6402953073463181
342 0.37655611919251986
343 1.1574921849775548
344 0.028934307767087858
345 0.1879317595916702
346 4.019052477848961
347 0.9005789289160685
348 0.34223464053281366
349 9.258570099268374
350 0.45112788531113396
351 0.1251465098243244
352 0.5059641785711183
353 0.3652228238109919
354 32.472443608348705
355 1.1518400665739694
356 1.8402747131709116
357 0.22514785993222955
358 0.8281782078012011
359 2.206778384675153
360 0.2885384579467278
361 0.2004989454104064
362 0.39014398039936005
363 0.8089340264641612
364 0.04714212873788627
365 0.6251028607434719
366 0.8094738994002987
367 0.07768554887671282
368 0.03688429542433482
369 4.452028613080384
370 1.6047493498892573
371 0.04769914780091272
372 1.6034630065665327
373 4.529620535974321
374 4.5364247949808245
375 0.13833141379114422
376 0.5265336699314354
377 1.0368975828481855
378 2.8171918047353386
379 0.06805690430662367
380 0.03400128180726819
381 0.13499720190974385
382 0.967705413110632
383 5.537428776180702
384 0.2236792058379215
385 0.23098788920026875
386 1.8471432249864055
387 1.5792428053805305
388 0.5450690181949363
389 5.80775150717663
390 3.9653360964035342
391 0.21198033618372605
392 52.56004735419962
393 11.802426326913032
394 0.11321434800011922
395 22.88949075128907
396 1.5147512132085004
397 2.9222973555727627
398 0.7202331934898981
399 1.2753399695061902
400 1.0247703233238026
401 0.0695068613256209
402 0.4514840383212776
403 4.773700266438385
404 0.3451412474087573
405 0.9527608471327109
406 4.171973657610573
407 9.242631279061312
408 2.1390713431382387
409 80.64976879577526
410 1.0668386766450142
411 0.08533570823589212
412 6.240436257110517
413 3.8685750506015046
414 0.6664652058408286
415 0.517407641022875
416 0.16937393120924635
417 0.42585382160267915
418 1.0221197002728049
419 0.3517064064299611
420 50.63687777705639
421 1.0268699241366788
422 2.1361281818857742
423 19.041178250576777
424 0.9507675105765936
425 0.20172518711068552
426 2.8177603302459686
427 0.36856617607467473
428 0.9207207347068199
429 0.10040791856737812
430 2.5752907975582784
431 2.39868592412456
432 0.49045207823750075
433 0.7507098162542379
434 0.4129610848195885
435 0.8324976959518221
436 3.735191698032292
437 15.457381361567355
438 0.3311844554587598
439 1.712256647282556
440 2.0581906583398184
441 1.630181967588084
442 0.28901303264797895
443 1.3686870771758326
444 1.0831384482129005
445 0.22793266990784752
446 1.9442003689801188
447 1.028525588727265
448 0.6019729908794802
449 0.45262535879280485
450 19.978193896911755
451 0.32042164793171574
452 0.5414388228158501
453 0.9051680167308619
454 0.9208451240714949
455 0.34281806919025365
456 0.32327614888339884
457 2.2110279925331127
458 3.9176379618979613
459 0.8835963073324133
460 0.9460829498584316
461 2.0649642118490235
462 0.06457289045671494
463 0.74794120904008
464 0.2967249008247297
465 0.40529707459021286
466 0.9204025592718655
467 0.6747115405046924
468 0.38547045355675796
469 4.08737791900736
470 0.36023409821144403
471 0.017477584270785097
472 4.368036987006803
473 0.3869276284809303
474 0.5106340225887145
475 1.5047304152488423
476 0.40328802785409196
477 1.5560269525630845
478 1.1838211480516885
479 0.16712722632939303
480 5.693799670309192
481 0.13944683608173172
482 2.0721818005450694
483 0.12045763275801867
484 0.24904916281476414
485 2.7415063641659643
486 0.7875085846098493
487 0.5648375049121642
488 0.26252402945778763
489 0.05393649601964192
490 1.7712118069799485
491 1.0125782517924007
492 26.152196216336232
493 1.0380307333150696
494 3.271139721736056
495 10.35976517558948
496 1.1973092318661094
497 46.49655670651524
498 2.6422303705034986
499 0.26862829418115614
500 0.4542291318775058
501 8.377120765949655
502 2096.565773912561
503 0.5344565984996252
504 0.6970729859109187
505 0.9681485122140878
506 39.78992054683228
507 0.3724571706324958
508 0.05505748794142518
509 0.1045615170817086
510 149.1787588438779
511 3.532560173552413
512 0.05170805947267692
513 13.656944482138258
514 3.2153414934273665
515 0.06622206789620332
516 1.0605028514936645
517 3.417185896607259
518 0.5278315982955688
519 3.6723424561016595
520 1.3784203776475843
521 0.6812689188799578
522 28.009002362974602
523 4.165141045499766
524 5.562203989272791
525 0.4498647341790779
526 4.846381163705569
527 0.487774908108883
528 9.992568967350845
529 0.6395347403354871
530 1.7149874475489568
531 1.6817131313779725
532 1.603153297531005
533 0.024483523797358638
534 1.4352302416871188
535 4.091549979426526
536 3.8394340867366528
537 0.10941209787218434
538 0.3889708364622076
539 0.32086862634887103
540 28.53487284081072
541 0.5377080720461316
542 0.9294927235506109
543 0.5544023007137141
544 0.010730173415962172
545 0.024589529891263704
546 2.9094774463602695
547 2.4181426761596727
548 1.2990851293094279
549 1.2559353934685116
550 0.13776079685880896
551 0.48249462775157614
552 3.188642495353224
553 1.836116212644202
554 0.3228702868920887
555 2.8920544971004376
556 0.29205738213385757
557 5.996313285301151
558 2.3841006346377425
559 0.9896445248206844
560 0.7114827441179071
561 0.39732490399035597
562 0.4139160397171083
563 0.9549280469182203
564 0.04525165447727627
565 1.9011375495896672
566 2.3623608476909603
567 4.606366109184849
568 1.8166158379015769
569 3.149771594495159
570 0.28121797647623115
571 3.2860155392544637
572 0.4629556179213193
573 1.5169356230832616
574 0.3955022529289595
575 1.909548507167069
576 7.4922107605338555
577 16.38571173876736
578 3.92649932147573
579 0.9571114557584638
580 2.084961084597049
581 2.307692730556281
582 0.7728588417359709
583 1.1409055221497806
584 2.8300296006010077
585 0.19968020917111354
586 0.5278477688182935
587 2.601540944091603
588 0.44823036175738074
589 1.5101481284351994
590 1.7376947980480197
591 0.833687049214572
592 0.8010857993817058
593 0.10119496541959273
594 3.2938336264932513
595 3.367583754528192
596 1.8034668502450966
597 0.6815549924688042
598 2.6762328172258023
599 0.23097964389781775
600 3.9802615066531355
601 26.478758075280393
602 1.3595335847198984
603 29.365024511354626
604 0.04992158300907211
605 4.822555844669419
606 2.239994894711371
607 2.4163087078147125
608 2.2314827769982672
609 1.1986510484096329
610 11.369893154454845
611 0.3614353117114657
612 3.0241117260173733
613 6.254268884358333
614 0.08519832324759767
615 1.3274742120199825
616 2.8644788227134446
617 2.4811093429795448
618 0.4538953640713154
619 38.3306346742526
620 4.729254114859556
621 0.5785561126602965
622 0.13191672537444754
623 0.27923673396629267
624 2.0548640364623973
625 0.03613298048432931
626 0.7080400193528255
627 4.026654453325415
628 2.770291413193547
629 1.1123116251287544
630 0.4116725900257649
631 0.8782708887185716
632 0.8329159139528322
633 5.951816059869751
634 0.44835703712394276
635 2.9120752363434415
636 4.258640531572329
637 0.16269020887860994
638 0.7166757103807768
639 8.325940848206475
640 2.1705949051248066
641 0.830472818532346
642 0.5916141504081704
643 1.30210389482194
644 0.2471030135392967
645 15.210060497882214
646 10.18197758148844
647 5.445842803600727
648 0.12570894293502372
649 0.920760260660962
650 4.899104196801515
651 0.5906918426357053
652 2.0714295302204455
653 2.458855258845552
654 3.261841073551559
655 0.26744367246692013
656 4.336187952486769
657 0.3313352526666904
658 0.0602257862274909
659 13.57988563333792
660 0.7157151348041251
661 0.051314170400513205
662 0.5242386030218129
663 0.9880868619958927
664 7.875534786241425
665 0.7843460174253767
666 2.0452365166621487
667 1.1566993948115272
668 0.8921254182541786
669 0.33887084538535456
670 1.6091556398152351
671 1.021002254904006
672 8.084793515119205
673 6.0421543340410375
674 40.60465469908173
675 1.7135578253304538
676 1.084107670501038
677 2.012374191210683
678 0.23643670531043318
679 0.2723690127496901
680 0.4187076947973965
681 0.5279004647648652
682 2.680239073188734
683 3.5667549133482654
684 0.7721028824431887
685 1.572259749508607
686 1.0301077196769004
687 2.0366764667970556
688 1.1329201922567187
689 28.370606693997967
690 6.172799236445917
691 0.28611343338851897
692 2.384001133158731
693 0.22765319481777452
694 0.629030831525932
695 4.868855648366769
696 0.6176373766100643
697 1.1719210226183847
698 8.490262753439673
699 3.9259327901204295
700 0.39967503712201663
701 2.776191327191673
702 0.17713653364834245
703 2.2845238364336162
704 0.2091374211283821
705 0.46957581765711326
706 0.10508652752326926
707 0.04679265228567668
708 3.110590787463481
709 1.2719519239789454
710 2.685503069212091
711 0.02589109791327954
712 4.554342054651788
713 0.3528785541454248
714 1.7454380533917664
715 0.2951174100306259
716 87.32110528904498
717 0.9658339521091948
718 0.19200033714833548
719 3.9428657192372336
720 0.1546955414168727
721 0.7384264507033728
722 2.8456234947214143
723 1.389390663717831
724 4.197665865613615
725 0.4651339681695683
726 0.5379673845281001
727 0.3545666014786823
728 0.08320909963193353
729 2.110150644627704
730 16.69532707625788
731 1.6395601286510013
732 0.3241458665865601
733 0.23316159536260786
734 0.31019308139462753
735 0.5160133749440603
736 0.44838438926790725
737 0.4397292240192464
738 3.6364193350225333
739 0.11313316774761913
740 1.2968495653254828
741 0.4685107049839457
742 0.7621088513557972
743 0.02754291374541095
744 0.982988691321586
745 1.335918725027746
746 11.724870724958764
747 1.8148586129371689
748 0.9279980636853475
749 3.1436363344478337
750 0.2163445242088767
751 0.6222438212828766
752 0.45003778235212516
753 0.40548971148772406
754 28.58790478627822
755 1.7134127033033208
756 0.666675672102975
757 3.54577594279276
758 0.804209725095238
759 1.4421199762215224
760 4.67406888995325
761 0.560371535182013
762 1.7523287147364193
763 1.4186595410806768
764 7.275582857853898
765 0.25186396730584054
766 0.3597989958210798
767 0.5238392253180446
768 0.3823830041963368
769 0.44536871172849435
770 1.096522095546542
771 1.8981397006815923
772 0.5191147655285849
773 0.9313493774909061
774 3.4228514371578176
775 5.202400077558401
776 0.46665231645422806
777 1.7251876023230388
778 0.48475304876411124
779 0.28765126677728886
780 0.30319912770331614
781 0.276139532821769
782 0.9124759887365133
783 0.06225974328130478
784 7.016161440332777
785 0.9995449021981538
786 3.2888124565130212
787 0.10942143495119902
788 0.6009388463970172
789 1.8970811377612273
790 1.3354025195880181
791 2.6065664139094644
792 0.05503604271257468
793 0.08173554639756174
794 0.3549055281554846
795 0.6512023275870125
796 0.5325703103397507
797 1.8382581796313227
798 5.119178230959696
799 0.34724359668815236
800 0.005522621935665372
801 0.5042282915631932
802 1.7830967884029767
803 1.0886829250016685
804 0.7814057053622343
805 1.1342168749318302
806 8.765556983659595
807 2.2422339401937745
808 4.385854850731628
809 2.6183016307516156
810 0.49342339267312585
811 0.0728860358210832
812 7.125986695077565
813 0.44563846663598045
814 3.0113314232239445
815 2.5396134704140585
816 0.43471976567552506
817 313.64485469902195
818 1.2042998399190659
819 1.1626183288688163
820 0.06380414448013412
821 0.5924486121518766
822 0.6001609133848014
823 4.5752133636391
824 0.47731924872500386
825 19.56693939126122
826 4.420486988615448
827 2.2199203782614534
828 1.4719186353622264
829 4.235237233139834
830 0.4177222890694112
831 6.838862831203112
832 0.28483381122719037
833 0.5724202626527285
834 4.744974503799758
835 1.700833278810644
836 2.6384039950644445
837 0.5411127117271203
838 31.391527605547036
839 17.922668551721387
840 4.562760550785003
841 3.501362372484716
842 6.971013627505541
843 0.07501395714059926
844 0.1862412672645511
845 43.2752922585513
846 9.813029193303734
847 0.0016050518543759002
848 1.2939096754154154
849 0.3932861490666339
850 0.11557319565194625
851 1.1285027022069032
852 0.2297010806788247
853 0.2964919768617692
854 0.7290390886614182
855 0.1404602732532026
856 0.6588138826489314
857 1.0777952714415027
858 0.14524629629297625
859 3.081008303445834
860 0.5181810175174465
861 2.1624194588453514
862 0.8385725074195288
863 0.3350218881084076
864 1.4467898755795838
865 1.1096521394443235
866 1.1183479181134228
867 0.1927631175479532
868 0.0804403065030123
869 0.050415451916991344
870 0.31530334684926425
871 45.60994668473375
872 0.5890904596736182
873 0.026811091158328453
874 0.13502869499321835
875 1.7616190769036573
876 0.021372785215598426
877 0.38209059791376626
878 0.08088131263454425
879 0.41596619725937234
880 0.8679088995585996
881 3.2427023304908813
882 1.086096272164803
883 10.89506629102376
884 0.22112331428266913
885 1.282948241618814
886 0.6856027463279812
887 2.4190427667541146
888 20.521655734624883
889 1.8670107859214877
890 0.60700109997614
891 13.311110225573385
892 198.12259999063394
893 0.8618350682475192
894 1.9769829762344029
895 0.031064015096212084
896 0.629587070281543
897 0.2409915486012214
898 0.26529778797372966
899 1.556775230924744
900 2.780803583268614
901 0.4896416664478911
902 1.5612081774229096
903 2.5663337858497415
904 6.266451612044561
905 0.24778993029272758
906 0.009517571378663693
907 0.013906776714652402
908 0.726333939264574
909 0.07366584383123853
910 10.001586943001316
911 1.523167614405119
912 3.6626826238989785
913 0.6142165312912312
914 2.354820953794657
915 0.023133524769552837
916 18.615401189589555
917 0.10750023793003506
918 2.4970809727262937
919 1.3090879903458583
920 5.552515534998177
921 394.27466014378564
922 0.06967981202666611
923 0.904851344928726
924 0.02781251067996213
925 9.821308666575108
926 1.9281682770283446
927 0.4796367812371784
928 1.5903568915888588
929 11.376156234888773
930 2.5927061011387424
931 4.9481905887735
932 0.5059146555059615
933 0.06967050933656119
934 27.956725124832985
935 1.2044071024421052
936 1.9323641622404044
937 0.09824280166247516
938 0.5951854629779656
939 0.1388419109939272
940 0.7062776416835437
941 2.243539592518578
942 2.89583169401144
943 2.0814186610051486
944 0.4557107946859247
945 1.1498881235307215
946 0.7585550355312051
947 0.08989001152967614
948 0.1291929047980568
949 2.077285495438317
950 0.07864461330754968
951 0.8163439045655579
952 1.6226433524490107
953 0.45156132213748135
954 0.6117849321916675
955 0.07444863559156173
956 0.32679306246531914
957 2.314132512804462
958 0.06471462230661171
959 0.3927356602399211
960 0.756218501672969
961 0.03712755170428061
962 0.058454153286392356
963 0.7579276056813207
964 0.04421146755971227
965 0.24205090503938959
966 0.726358312824236
967 0.9298150522988127
968 3.8747316700138588
969 0.2189822410579794
970 2.1848356400414
971 0.2778889191238746
972 0.017685504681683145
973 5.381795055906407
974 1.0434408445202104
975 5.999030757361247
976 0.48177073350927896
977 0.47153815403376437
978 1.3383191328682613
979 2.952150995843537
980 20.144127546216783
981 0.9161698622582902
982 0.3860571942670333
983 0.031914708775514965
984 1.773631467929637
985 3.6126403064397783
986 0.5370900839018915
987 0.07318317223154142
988 0.03747219645318995
989 0.22505817426140826
990 0.22514102280996778
991 0.5336914650558097
992 30.362251150673245
993 6.890889209780393
994 5.1901860964570865
995 15.105568878195452
996 5.242028212443808
997 18.013670457470916
998 0.20316022501003847
999 0.5602437870000166
1000 0.14008456059391938
