1 0.7002259350638442
2 0.10306106857648915
3 51.99215097233194
4 0.017177220812142516
5 1.3297291941106226
6 1.063494430933678
7 1.6404822070961302
8 0.6483348554332086
9 8.800394641335535
10 1.812877254510437
11 1.3339657361195953
12 0.049518619736391795
13 0.42693921290025666
14 2.970995187076051
15 28.63687969069456
16 0.11905428376495156
17 0.03638622631376985
18 0.5969011916778362
19 50.00556887509066
20 0.17070038590392078
21 1.1474860402046234
22 2.1407436596652043
23 2.3399640925874388
24 3.035129944733835
25 0.33403106997597565
26 1.4767802551398417
27 64.8708171246879
28 0.6801029197931482
29 2.383595694946783
30 0.24342577209435137
31 1.4825351012139865
32 0.011253756665480726
33 0.28296849449793504
34 0.01628539923827155
35 0.15245525802545018
36 0.6501155855914214
37 1.5721422730118058
38 0.5008633725123697
39 98.17000402528053
40 12.377709142723337
41 0.4412092376127676
42 1.8627283121783929
43 123.7394266769389
44 0.2755236907311941
45 7.269059383935832
46 0.24705701311164904
47 3.4259407531444523
48 0.7706837051729144
49 2.1514642784125853
50 0.7542994717094892
51 0.6314402541526047
52 4.7115745723812505
53 5.141938097781743
54 4.516361095614911
55 3.4279599536081937
56 0.02529956169239036
57 1.4357035338083468
58 5.196363005925443
59 7.107420145895161
60 0.6465551911228814
61 3.988275985442449
62 0.027331370202113976
63 5.241644940403843
64 2.044046996866793
65 0.8677130489993892
66 1.205905658370339
67 0.11210981108180096
68 0.04265279464763918
69 17.625806321779073
70 0.3605782852382959
71 3.2040300614506574
72 2.1451355915533634
73 2.904821447254436
74 21.027389774710965
75 0.15239876237528285
76 0.05286132472962865
77 0.01884090423193563
78 13.970763697337121
79 4.435799304636209
80 0.41408367776327304
81 1.4628098708607296
82 28.061998026284016
83 7.093973808237875
84 0.8455245955453193
85 1.4036425291068295
86 34.420704855724125
87 6468.793157017274
88 0.13837144843058405
89 0.7133441421321758
90 0.003942933838013172
91 12.3007374125626
92 0.7238189318832712
93 9.245918902976463
94 0.8159035051001807
95 0.5305607248206905
96 2.5576941829216824
97 0.02489350702788429
98 0.4432058050855517
99 0.05699569072013928
100 0.5069060814302091
101 1.6042050719504086
102 0.6801920427045601
103 0.023120925281499255
104 0.22544245461440984
105 0.5900681396225804
106 0.45231550236056906
107 4.306053824542249
108 57.16815930080514
109 3.646079249386252
110 1.5419769817544051
111 0.7456218672658098
112 7.386766577278114
113 0.13490173735836233
114 18.820783227077936
115 0.6322391684353268
116 3.640116690772202
117 9.049623439410551
118 2.026648163400103
119 1.4950650555693334
120 8.33035652947112
121 0.34171468814848976
122 0.058328492646254906
123 26.908562518080362
124 1.428082969593068
125 0.4173462949300507
126 2.0710331659871395
127 2.6623592939398333
128 0.07642474626427599
129 8.019708258399136
130 6.794542425394053
131 0.13468021640093078
132 3.576939334747692
133 0.29494400899092466
134 23.77168959627636
135 1.3647109697762394
136 4.702390842428313
137 0.44486236472406704
138 0.3260406735188788
139 0.12532730515269502
140 2.7729320463100278
141 0.013668124170988939
142 0.4365070272923368
143 0.16855137369247633
144 0.2466612945226157
145 0.2276759913765159
146 0.39817881807028027
147 0.7646166970554427
148 2.0262862872329097
149 1.0344621426078364
150 7.822902520332562
151 0.19363958064600956
152 0.1883643428350402
153 0.2119489241818548
154 5.326159076522876
155 6.502539763462083
156 0.19165922501356897
157 0.5155247411775278
158 0.23988550974408399
159 0.8269276398037853
160 9.705343313956144
161 1.7131329974649736
162 2.712272071577099
163 119.38742795652756
164 1.207310887635804
165 1.0102957241577397
166 1.4797184903786018
167 0.2038049735717035
168 1.6299697884757505
169 0.46606795648215943
170 31.178338330859372
171 12.277260339695365
172 1.0993409508309187
173 2.3310684537511857
174 0.9818033419561769
175 0.4981993431696876
176 2.021516577272481
177 3.227297193277243
178 20.879541615923884
179 1.4306657749471927
180 0.05994147992992152
181 0.5756177597751784
182 0.3402318312578505
183 0.6215942046377996
184 0.05389051991749318
185 1.0498218782855868
186 0.16580074807241385
187 1.178453757587473
188 1.2609979384690557
189 1.0473592162590368
190 160.84994467521275
191 0.8400471558485314
192 0.18766194053070862
193 0.12475638366554397
194 0.14607505534396198
195 1.9619617270206813
196 1.609475053693539
197 0.909813566917026
198 0.009275383260528782
199 1.0927397986302596
200 2.768894029584146
201 0.38185772368112103
202 0.3112995308034926
203 9.859831581054207
204 1.6437017930720308
205 10.790865334401976
206 0.2009780896277044
207 0.41446127430379515
208 0.7688251739162875
209 0.1888487161340092
210 0.34300473612132365
211 2.860904756206495
212 0.15802851628512918
213 0.6372748755121342
214 0.40530561980789537
215 0.04761548535339494
216 0.0819920327635407
217 0.4724713942691133
218 1.7758897046862772
219 0.7111868363126449
220 1.3607075209054456
221 1.2581879700446643
222 2.203710556460088
223 0.08186153223078932
224 0.86892577871393
225 0.9953611369123229
226 3.332776778779428
227 0.2819031779129609
228 28.551828036638906
229 3.25766250722838
230 1.0787738536792115
231 3.3663231402613643
232 2.916100911919814
233 44.04189435635109
234 4.3370477382706
235 0.1821464195146167
236 2.344104942182827
237 1.7555781737942497
238 2.1279668641288985
239 0.9880008708968708
240 0.052944955175042774
241 0.06679246092722704
242 1.8344994431664332
243 1.7217320342778195
244 9.877247752825006
245 0.6971557045152154
246 21.833535265161764
247 6.307572638638874
248 0.1976450653890558
249 1.4649250544959191
250 1.8161750710598592
251 0.20937559464626868
252 0.826360353089699
253 0.31611626175723606
254 1.3277738029213182
255 0.758569994102605
256 0.05810149951569167
257 3.271366984392331
258 5.927270694511972
259 6.263750515804331
260 0.06634338287748016
261 0.20186022636478518
262 1.060887045707947
263 0.4337266663496824
264 3.265608318626134
265 2.4283439957326336
266 2.018751856120759
267 1.5556971345776776
268 0.4426338852830024
269 1.0042283366597808
270 0.19417508818250354
271 0.6447312572363231
272 1.463875424931099
273 0.9184158714377391
274 1.4362149611497532
275 0.6439956922169555
276 2.5451511612783735
277 0.7382951501100983
278 5.388821561299678
279 1.3110484729171226
280 0.6555946382718696
281 0.2862982878762148
282 4.151328473039734
283 9.161252491261816
284 0.022167415160185958
285 0.482505321212476
286 0.24855776341048205
287 0.4395208913522821
288 2.001944266884744
289 35.057851747509005
290 2.5657747958832196
291 0.2282193202763426
292 15.859927218203831
293 0.8241259048993036
294 0.8602136226975946
295 0.3867161003679183
296 0.46759930141002626
297 4.007158033883562
298 1.1267699430090314
299 0.5993948729945788
300 7.4946709324216325
301 0.49741166173182993
302 1.2355191657190112
303 0.07353907199953409
304 32.411038052424054
305 0.4294476623959539
306 0.6687969221847803
307 0.9001534148093286
308 2.254818774699834
309 1.2242640901203814
310 3.422073865209974
311 0.5261685720459942
312 28.15657955623882
313 0.7633049723380314
314 1.0888669017996966
315 1.1129010528940677
316 0.007899050022497566
317 1.257555681620663
318 0.12413752014525234
319 0.17702046577805153
320 0.7977060347051346
321 0.5838148222408743
322 5.1834203518803905
323 1.2145450755624065
324 1.858528790605589
325 15.340055190051178
326 0.47675281206294223
327 0.7531101110669554
328 0.5097374107656178
329 0.8769507122610994
330 2.1877965078168797
331 8.196928982613619
332 1.7503453770065887
333 0.07229623547133063
334 4.447651715797664
335 0.7843002044188174
336 6.048511477412706
337 11.30303061932639
338 0.08129934568922301
339 0.49329752232485363
340 3.0370888216031315
341 18.05058560459965
342 2.163579647071988
343 0.010626058616269685
344 0.6036401854305552
345 0.00010941100186535325
346 0.23961563552932794
347 0.5414406369155821
348 1.0523373933749567
349 0.29006203820596915
350 1.635480889333637
351 0.7018656184268098
352 1.1401824910829215
353 0.4395690348765511
354 3.1280054255226397
355 0.06518011392681217
356 7.283388062370811
357 3.3876401718871403
358 1.049599738266753
359 0.5344364794018059
360 0.4033638216274202
361 1.2778868602713733
362 109.15421975514533
363 1.499996071422264
364 0.23142518090729838
365 3.1681485527785456
366 0.8652817384818918
367 1.4572291604266747
368 1.6473648311181324
369 0.40829895057360366
370 0.3464641827069426
371 0.8995865746518138
372 10.801760846298873
373 4.607243386162624
374 0.4355921731595157
375 5.062046728301398
376 4.979506416511118
377 1.1052368970397906
378 0.8610317310143959
379 5.332321776509096
380 0.2770365707205847
381 0.07437616295438929
382 5.204877041405125
383 0.4882865006520913
384 0.15297638182750814
385 0.4530933530467612
386 0.42464829296190115
387 1.1232869869432072
388 1.3543298180943748
389 2.769302028343536
390 0.3159026365867433
391 0.5145289030245177
392 0.896201786767433
393 1.2912380729558104
394 0.612100774573913
395 0.578682595196919
396 0.5008514041521626
397 0.2021253803636628
398 1.9475578524659551
399 0.12567540602541194
400 0.18020444819506898
401 1.213300637451518
402 4.371012885292027
403 0.07405672891347571
404 0.22249519981396024
405 0.048298859096371126
406 6.420078104763754
407 1.6215519412615433
408 0.7051411316476237
409 0.421884967219289
410 2.984147789416913
411 42.86349464666748
412 0.3373197883517452
413 1.9522875408403122
414 0.6365938960932407
415 12.647416869144395
416 0.667504688290528
417 1.7006920584361092
418 1.9115408081643206
419 0.9669082814641933
420 0.7228652187258381
421 2.3261151983734445
422 0.2303251743291482
423 0.8229854012158956
424 3.645030924796254
425 1.4758150934018976
426 0.05752147577619625
427 2.764479910387545
428 5.097391052279435
429 0.19939292734629135
430 4.5421408251596995
431 0.7933238859820576
432 1.718526774040244
433 1.0748815492227761
434 23.60868085370223
435 19.934717882562722
436 3.140182667068987
437 0.2120092852399879
438 0.07546301630207165
439 1.0069236054346562
440 0.7990202820958576
441 1.0027975544715586
442 2.0325419180125976
443 0.5842948653775804
444 6.634912147080359
445 0.2696949448813774
446 0.08754819689618824
447 6.189274046917414
448 2.8325130245160093
449 0.3004791869068264
450 0.3630630542897527
451 17.621078202553885
452 1.6989579876468859
453 0.355206340883866
454 0.4974504193693841
455 8.222472641247087
456 3.322596457565587
457 0.7703310403858421
458 1.493798489038881
459 0.516600236964425
460 0.29174622587312843
461 0.40467683477969185
462 28.050218888098918
463 15.006913059030556
464 1.585073453654227
465 0.5036188955287538
466 0.6899147691898814
467 0.19851681737714988
468 0.3199860314723687
469 0.222105200424704
470 0.6096753020208386
471 1.1964383927658737
472 0.36751506038622195
473 0.27501742025988307
474 0.6405026898811308
475 2.2192425208918523
476 0.7860420600073909
477 0.36385836767573015
478 0.4261068274427961
479 0.22683955058003977
480 0.41792523887886057
481 0.26066590787884564
482 0.1363572949482439
483 0.5629817059566101
484 0.7316489085460223
485 168.26530319460713
486 23.75992271146463
487 0.320165555012157
488 0.9078193084867868
489 0.15908929517959808
490 0.06808231766606303
491 0.06328320251649194
492 11.286632872319174
493 2.713276376145489
494 0.5183189297375264
495 0.23274144600743032
496 0.31454435841040335
497 0.317099657984597
498 0.3540222920863845
499 1.8074146293417765
500 0.12745834068781728
501 2.83455609064874
502 3.343230166780044
503 0.4339648791529068
504 2775.4256213647495
505 1.4194602468458262
506 0.9729851510924973
507 2.3734203699790837
508 0.7188037270515374
509 2.6682017705141563
510 75.97238370383037
511 2.702484341630033
512 0.7329762469702645
513 0.5358531334262228
514 0.4430044086188697
515 0.004029660023379242
516 0.44303979217468403
517 4.256433995313379
518 4.862907568793548
519 0.7717876918767722
520 3.1152589879826293
521 0.3265910480953694
522 2.709703249548713
523 0.019906956472283206
524 1.2250247556277936
525 0.3163243513686179
526 4.342209833741451
527 1.366149643921281
528 0.6534830860199093
529 0.4800113065904892
530 0.6034661732392761
531 0.7686869314094404
532 2.764310347994405
533 6.374260801543617
534 1.0826306690075587
535 0.11655255589361556
536 0.0948609149331409
537 44.86004823631337
538 0.3580155789312561
539 0.2426580551820057
540 1.015459147491068
541 1.8739504954959596
542 0.7122604119474071
543 1.6934131228222393
544 0.03066801610215864
545 0.05813798874495278
546 0.678302840209715
547 1.5965015747637752
548 1.6990771287071038
549 5.098921520955412
550 0.02579467881538532
551 2.227876484495767
552 0.28602518581402825
553 0.229339744799487
554 0.5612465266377065
555 3.1387611707653305
556 3.1442503586938315
557 10.061559890633973
558 0.2152661299074629
559 12.190984136836796
560 0.5390075645902828
561 0.06313507379282253
562 0.5345339342074178
563 0.07640106091667442
564 0.4571408509145889
565 0.8171317931785779
566 0.29799862177194664
567 0.47642015724454256
568 0.10593646596476797
569 1.5292553792208285
570 0.2717282247566011
571 1.7450389598195302
572 0.5726271775916222
573 2.057999224623657
574 0.13795094798676566
575 0.6910406226442738
576 0.9373729135724084
577 2.8610644797345506
578 5.12986815078051
579 0.3704359176318342
580 3.2184808385220367
581 1.4253854311544891
582 0.01328086962466939
583 0.0415887631876772
584 0.18478349503951633
585 1.9071958738577197
586 0.624308612299941
587 0.7164860176420692
588 1.5071087858248586
589 0.6556984710592876
590 0.16370581692586458
591 0.089276653226819
592 0.7222222209476857
593 0.31983404243291946
594 0.022330449366528084
595 5.738655475624824
596 3.058054047152203
597 0.13427822885337887
598 1.8008546035282669
599 2.2495723698159553
600 0.9061188981243509
601 0.1344394310596398
602 0.14312273375115708
603 0.16609151421368493
604 0.30775361079737085
605 0.31733661629195
606 0.694675659527208
607 1.4829616042818228
608 0.5984559315560565
609 1.4074807836090388
610 0.6641749502558062
611 0.1893864577388992
612 3.079137374576257
613 1.7065935141488966
614 0.06730668051234656
615 0.9170659085367169
616 0.11095066201974625
617 0.3884731346513557
618 0.2787921067472416
619 4.577376131104632
620 0.5433862860691846
621 0.0621288095992858
622 0.8788646968661004
623 2.0562582023565583
624 1.9113932410063497
625 1.9920364144372524
626 1.9953195277774272
627 1.9662854177731133
628 1.7355059425537989
629 3.6481069478974697
630 3.473099513501897
631 1.6802098358155402
632 0.29382290057414195
633 3.4201120792415836
634 0.16708057502360735
635 1.8722410568550822
636 1.9652233415741722
637 0.06504624308260226
638 2.314217273039691
639 48.19101566129627
640 15.921107784229859
641 2.549238208972125
642 0.003817745680510496
643 1.7634487320249779
644 0.8317200845009151
645 1.9106035455756865
646 0.17710068540446558
647 6.3707834036631334
648 0.389689278605773
649 2.1675092173555606
650 24.90872296135496
651 5.307566807870559
652 0.12312483561611179
653 0.20934471446560216
654 1.049065483368464
655 0.10573400380237549
656 0.0017210556463313107
657 1.2526039783381178
658 4.315939605106823
659 1.6761952507030144
660 0.6949719655758703
661 511.2288424090044
662 0.7582769374811364
663 2.348421026669671
664 3.971711160450002
665 0.3315757603298294
666 5.885635142836292
667 1.7835827244129907
668 2.1952184576445988
669 0.4011753202801534
670 33.255175638359376
671 2.7203944163949636
672 0.3648000529740087
673 16.966116818730622
674 0.3452779574255932
675 1.235303329357163
676 4.845037967165464
677 0.09434582570111652
678 2.8573504979382487
679 0.9793986959756263
680 1.7389050426948462
681 1.1729016279196498
682 0.4998870562178191
683 10.911446881578657
684 3.099053184052784
685 1.4638829016476866
686 1.4551133523321496
687 3.232419353982368
688 0.864859283729582
689 0.9493470659766474
690 0.6750101429206988
691 0.04639803955202966
692 0.8804789287834878
693 51.54564351497131
694 0.5850248877782319
695 0.2579883337304475
696 7.697454064353156
697 0.22099952204719406
698 12.486945264030993
699 1.1464156472386964
700 5.146808577945895
701 1.4326402738687758
702 0.04326400171734807
703 0.042989472859658776
704 0.4245314835617962
705 0.5974415402841403
706 0.43558282958490907
707 0.20095823276367827
708 2.783659804688952
709 1.526444339906755
710 5.015460929882201
711 2.34968086716852
712 0.20957271217400952
713 0.4631626086252702
714 23.051495670821986
715 0.29278179369531376
716 1.2581126735977912
717 0.25316341749216714
718 1.7638883549136855
719 2.0562594678575796
720 1.0966059303266569
721 5.447956657394165
722 1.6312568459711232
723 0.41679443798301236
724 0.5792542499160304
725 8.531785502409202
726 0.33373769402242126
727 0.7474296670273295
728 2.0674421972754082
729 3.176496064352181
730 2.230941834217102
731 2.6450118393155266
732 0.10650958623760921
733 3.1842186429190877
734 9.476566811488237
735 0.4404942750440495
736 0.8689501173767387
737 2.1822865961004236
738 2.5259260115419386
739 0.697965013476986
740 0.5226265095121536
741 0.5847818202446722
742 2.808626275422686
743 3.3098604384325774
744 0.35226052748165526
745 2.583155695175545
746 0.7299819627481977
747 1.5277822982003246
748 0.2262605013089803
749 1.5309421298873873
750 0.492364011468643
751 5.4187952004079145
752 69.76022509581546
753 0.048634375574899795
754 1.5263620400999878
755 2.20697331801217
756 0.007734292623548752
757 15.07341496636621
758 2.5227848355357665
759 0.016972538105397367
760 0.07995402448490677
761 3.3528320218735765
762 2.3354346681179123
763 2.9495364750545745
764 2.1020557965507196
765 0.28779289892165943
766 74.65755652546552
767 1.9430900244335385
768 0.356979101395009
769 0.11338833512231251
770 0.702415550573207
771 0.11979045883443865
772 4.53238226051168
773 1.134726861068438
774 2.6666832707639583
775 11.62053620503522
776 3.2877030308135886
777 1.781254914008473
778 0.583202628638784
779 0.6422232090204886
780 0.009255872707332979
781 0.8727089560101216
782 3.4352992010485486
783 1.3104079902198704
784 0.45754487970530566
785 1.707333310925166
786 0.0005961158460024953
787 1.028148349107413
788 0.6485465789041834
789 0.2848530212517676
790 0.14217230386804808
791 0.413333490715548
792 1.9495086443206855
793 0.28149968804607306
794 1.0484177808213342
795 26.693180126800584
796 12.411007331992387
797 0.3245484820534821
798 21.85508919315003
799 6.740489040810456
800 2.987761428785548
801 0.3764114011546213
802 5.7302751701795875
803 0.18738531262377692
804 1.1718055264526468
805 4.596206210784081
806 9.688213238594578
807 0.042943657926815655
808 0.7333136382830866
809 1.380702493192452
810 0.21684905120118755
811 1.1722823213292015
812 0.004825368329259982
813 0.6114680748947068
814 2.1116699463355526
815 4.772672138777966
816 0.30680977747212873
817 7.003320438478349
818 16.103489407656003
819 0.37659232488077604
820 2.0731141618384568
821 0.24172344974067078
822 0.8961140036596683
823 0.029335306377849587
824 0.3706870507697429
825 1.7392616227039674
826 0.5462301661625041
827 0.02064688773068549
828 1.692448820165095
829 142.85399962759934
830 0.48141201304013914
831 0.24384140953373282
832 0.3119833735385849
833 11.799870310340818
834 0.014653600552059857
835 6.190886043540408
836 2.344260948854398
837 3.6258639640000645
838 0.976378572478651
839 83.51930419003018
840 1.5621843670475097
841 1.8158495443808573
842 0.4208436314575474
843 0.3522943793504761
844 0.5155624380623152
845 0.060999761489520694
846 3.3549695634147985
847 8.275942951427618
848 0.2799163528271604
849 0.49982983983261126
850 0.6954329924141497
851 13.412475243279292
852 0.5792991225764271
853 1.8509013780677812
854 32.57790983039528
855 0.7914528069775169
856 0.2540827407151767
857 3.8294480656734136
858 2.0768888041724787
859 0.21682188212787054
860 6.781039993271086
861 0.5548944473367059
862 0.08264945454550558
863 0.6241310548261392
864 5.072944612442252
865 1.3118655227478915
866 0.6504925133269895
867 4.531406741304746
868 4.89517131318211
869 12.402891817724933
870 2.7323018122929517
871 3.5212914931209296
872 0.13718525097282572
873 1.0625140575424705
874 1.2202610974397337
875 3.2711028123113404
876 5.408751526304304
877 4.093751483211458
878 0.78629309654881
879 0.5248536361752562
880 3.570839033429726
881 1.363166619789557
882 18.269181467570252
883 2.273194587791107
884 0.16296485960660717
885 0.6520090220146393
886 0.40663275783690817
887 1.0033953291150766
888 4.1059313532527595
889 0.2734692461909192
890 3.3150194474591053
891 2.3673663880825417
892 1.1629631402412521
893 0.10035925191800825
894 0.863794019580361
895 11.672652541872154
896 2.566112507385676
897 0.5133033459027296
898 5.598601244113101
899 1.1682836272176236
900 2.413095275924553
901 0.12156956846388685
902 0.24957683263611943
903 171.42132555855056
904 2.5616223707993693
905 0.0404878350978952
906 0.9014812849266075
907 1.6059131861513698
908 0.36713419570353967
909 5.9778288522151595
910 0.09616905743345125
911 1.130787955700906
912 1.1174514421260033
913 0.09700201796972245
914 3.6988983361343886
915 0.3288103629499104
916 1.5917822527113525
917 0.3345908542452835
918 0.161534732228183
919 1.0626692063329655
920 2.5415644215496354
921 4.188981560530807
922 0.7204830497811885
923 35.59849821678271
924 0.5476964432937108
925 1.1840650110411803
926 0.5669297536485718
927 0.7447241187974337
928 2.615403934104141
929 0.3788961238934718
930 0.4588872850474916
931 0.9148139381398335
932 0.06356767257001182
933 1.8550725729216593
934 1.7904697817804187
935 0.7186968004964535
936 1.0506120976248512
937 0.6412111036780489
938 5.41622839051673
939 4.092250179569599
940 0.20906936926088898
941 0.5488814825340633
942 1.7692823447826012
943 163.56355994491534
944 0.5200914143797161
945 1.0074983698544464
946 0.5995934754821345
947 3.8729586291116447
948 0.4062092516381317
949 0.2373377469171007
950 0.21243412359757963
951 0.8510240580670851
952 0.6297918816985744
953 2.5079775956333754
954 4.974104336151444
955 17.57697526064827
956 41.85137151981669
957 0.9216788739038279
958 0.036079863189099996
959 0.4272552280741722
960 4.458312306129726
961 6.550334884227824
962 12.599380062225672
963 0.6887660228286834
964 0.17220786650120992
965 0.6358460166977051
966 0.034392088055834005
967 6.990205187256571
968 0.37607167495515137
969 2.8037056816617922
970 0.1656169764261811
971 1.9162436877301179
972 2.477698662768738
973 1.1398057611704804
974 0.33459494698014386
975 1.762624867323053
976 1.0250982898672993
977 0.19792359626597228
978 3.4124250836614856
979 14.472143794543497
980 2.588899960585387
981 0.09046228205049774
982 0.8517151464743634
983 1.910407900099273
984 0.040214242973377945
985 0.11607481863099736
986 17.545840817758297
987 2.429151748951816
988 0.30104147840299983
989 110.01449731621295
990 0.2908117574886202
991 5.985355309501937
992 6.01881179884113
993 3.4763424945263446
994 0.9688621039685096
995 0.17345192323210482
996 0.6815621661469259
997 0.03011775440284674
998 0.41137274645502103
999 0.15848368154843018
1000 1.018030243071481
