1 1.031331360377838
2 0.12342960491111167
3 0.22776410548582088
4 0.7793894058536237
5 6.61498950347099
6 69.969680806507
7 0.6857352684569656
8 0.9589816003093423
9 0.11899576858433869
10 7.1830603373864745
11 0.1442053222453938
12 2.3718530568164695
13 3.029717219212229
14 0.23941157702961952
15 2.199815660874174
16 0.3677903515392329
17 0.4541995074421469
18 0.48089377586084536
19 0.44320350893877
20 0.47687833475243235
21 26.36257852899665
22 0.27505970710815597
23 0.38295305259767726
24 4.088232455376879
25 2.3629110464398444
26 0.06095073016941284
27 0.7384448113089682
28 3.6805415082182447
29 4.562444904079794
30 9.439765803972824
31 2.686649502453727
32 0.03389579975527856
33 0.20360120832233483
34 5.872350215109424
35 7.405251613413899
36 5.419627054901176
37 2.1832945454314086
38 9.21427831677928
39 1.2276989002537113
40 13.807241841987652
41 0.7117279908549369
42 0.11183540028932497
43 0.17473526931358888
44 17.293314331243785
45 0.9538977985417292
46 0.7526977152592219
47 2.1091093799159997
48 7.8638594237353185
49 5.801929558226679
50 0.8690601048050972
51 17.48832804568497
52 0.1295719854243854
53 1.9097859088828135
54 7.820442515127152
55 0.5040787327946952
56 1.4648790756726846
57 0.9489836386983412
58 2.427743587207675
59 0.578246956675388
60 4.59953512809066
61 5.296643710391143
62 1.8963603027120388
63 0.8537781073040419
64 0.7295286862686235
65 9.364909094696332
66 0.053606823730119324
67 2.0977922948302683
68 0.23510575752407128
69 13.25562052942537
70 0.535987001182747
71 0.047570267552751726
72 8.107983654191955
73 0.33971603791301586
74 0.31583522903667893
75 0.9980364703172571
76 41.12775915402128
77 0.18638254290576353
78 0.6489477340260008
79 0.4644079514430458
80 3.2108003897066277
81 0.9486056591515933
82 0.7186436661619964
83 0.4842647335402545
84 0.044811355846326936
85 0.16565219488239927
86 0.38283804800896337
87 0.1920218210751796
88 101.5206298313045
89 0.10139961761774512
90 0.10131979402746737
91 5.342776155994242
92 0.7311502288300449
93 0.6470565128869107
94 0.18709812839176354
95 0.27600890319672555
96 0.7016326541307778
97 1.3361310075828041
98 0.25278333393290314
99 1.9163605381869653
100 26.556890977494753
101 4.535952973457387
102 0.16300901615378163
103 1.247912730878341
104 1.4886987995918273
105 2.068322053271286
106 0.2605987773841216
107 0.803869836852704
108 0.27221193972535573
109 0.10508157425323271
110 0.20782252323533232
111 2.909290601363898
112 1.7028513801492975
113 0.6805694939363167
114 0.1381170651605337
115 11.022632612054418
116 1.8139819744794932
117 1.5843130967045007
118 0.05038630989229687
119 0.4020327201451837
120 1.2477905460260306
121 0.26747364302457594
122 5.630151194287205
123 20.409031338462086
124 0.17612595755747362
125 18.557484592197262
126 0.3010254595505909
127 1.6988256106376995
128 3.7997769454062182
129 0.7580694554930207
130 0.7897955367556608
131 3.526053242947406
132 0.2283897311821753
133 0.5317746368148513
134 2.3512654105988298
135 0.05389068951014548
136 0.3751218783968923
137 0.5763471402558635
138 0.2852832020931227
139 0.15806070071704764
140 2.4968098958828167
141 5.1471662123353275
142 0.3929396473463897
143 0.14483530902969768
144 0.6275872947093144
145 2.570221297090583
146 0.4959661901447024
147 2.3987627126151803
148 0.05584458503032675
149 3.23320102795713
150 1.1680986113954712
151 2.9576722606778976
152 0.8884312406943369
153 1.4811280290314381
154 0.15031070688160028
155 0.43688071304688164
156 0.0319904872941567
157 0.6427321333980569
158 0.2891605422448425
159 0.008232821593073364
160 2.938156439583155
161 20.9448433799929
162 6.928396658993612
163 177.09827209759138
164 19.34825569377982
165 0.030195121287495984
166 0.7288858842161753
167 0.7876179338024392
168 0.07488171062059502
169 6.832946252783846
170 0.3542104734953154
171 0.8905726868962377
172 3.946058843491152
173 2.7550615044629816
174 0.20321746383448477
175 17.101382700497382
176 14.777571462367185
177 1.0477352429368372
178 1.4046483008153858
179 1.0496772996781665
180 4.504415359147204
181 0.37762132864358966
182 55.03495870959912
183 0.42976208116316134
184 5.573703541539545
185 0.17650141482977524
186 0.4147614052461128
187 0.20856497747047456
188 0.6660795241987486
189 9.885311692720114
190 0.7560550981948118
191 124.51033935724507
192 0.08913661253784468
193 0.19478059896542735
194 1.2637648188568802
195 0.5924346123484299
196 0.5096314880516803
197 23.548715155352447
198 0.7352293850735308
199 1.691985677246616
200 22.45195536902958
201 0.4505203808536957
202 4.314188387915989
203 0.3942504380125598
204 0.0009080203249184142
205 2.315124276523281
206 0.3824856341215068
207 2.1441716493504557
208 0.02124138580018219
209 0.5965018895045846
210 0.685498646096884
211 0.18221286767770892
212 1.4126921860770891
213 0.08044459520391513
214 0.10628548530098168
215 0.7371983320664964
216 0.5346646135363257
217 12.682220382005097
218 3.9296492180264884
219 0.1216443827224436
220 0.39270657039975215
221 6.858649369595077
222 17.50653328113436
223 0.04820928869094264
224 0.05027468671181007
225 3.5716075506969966
226 5.105238292464742
227 0.47864437519343944
228 0.6800360970377075
229 0.4693366954575254
230 2.3488222211987595
231 0.0993939247259384
232 0.5143630093376372
233 1.2063558884475802
234 0.33948738496758357
235 63.907066113430886
236 0.25891930689963866
237 0.20423011910887678
238 0.03282255344709353
239 3.0760895706962503
240 4.814323890604623
241 1.0716690588798738
242 5.1411881849123535
243 0.6305284626823343
244 0.09199277271667959
245 0.17125785306446284
246 2.492122654065283
247 0.7649662771492751
248 16.90454952135207
249 4.36573970181318
250 0.3146524287916772
251 0.831044279961086
252 0.537519286009375
253 0.19495048254862016
254 1.9777284013277778
255 0.14507124105620103
256 0.21670476601115335
257 1.4120788573486098
258 19.8690961938458
259 0.06089262318733345
260 0.17185176740050095
261 0.17459803314007036
262 0.09700186124162825
263 0.015903294461435413
264 1.7864370260972184
265 1.6239803592082596
266 4.546759680697677
267 0.559383505636732
268 0.1546152116463391
269 0.017098710705109675
270 2.4055691969912525
271 0.3641649407843268
272 0.13611777539399247
273 0.6904796141805888
274 2.0780058386023246
275 1.2349219734322414
276 0.2962772556771038
277 0.3444379765254619
278 0.551635745948582
279 0.5535199766033965
280 4.908658322115666
281 0.10892513545900528
282 0.8936776004191325
283 1.1123258792640685
284 2.004482703325333
285 0.8812048552889267
286 2.140029929024472
287 2.419078316410185
288 0.435242075777219
289 0.10570735186618536
290 0.12002458598578043
291 0.445538939108177
292 3.5946949008502775
293 0.36439676260423526
294 7.929074857385639
295 0.558596678514221
296 1.0773854818000999
297 0.7828291267550416
298 0.48214901970176266
299 0.4611767203235963
300 0.27135521749576347
301 8.549178677827742
302 0.41347003321306547
303 0.1363777797226793
304 0.1787699145770021
305 1.2194574898233828
306 6.915273354416268
307 0.5047520863770453
308 0.5212949957298189
309 0.2033779648996555
310 4.608301177374465
311 7.164270207237789
312 0.8177688795878769
313 4.783436044339846
314 1.7521014492255957
315 0.2167616868639315
316 2.236043944514903
317 3.4053249265373715
318 0.4200346111729041
319 2.793177707133005
320 0.6238688660292527
321 1.720853163705872
322 5.0341160784436925
323 3.6838653504366485
324 3.243554534610856
325 0.9935405221553842
326 0.7116765164234772
327 6.509813945135683
328 3.60186160643813
329 9.637816734732192
330 0.9463796019455283
331 11.085974548628592
332 1.7989512036512174
333 0.15591497400675883
334 3.1832048729718836
335 0.8044362112358164
336 0.20875338815414124
337 0.5843693281657183
338 0.0011295534120593412
339 2.7698004998900476
340 14.921906527162834
341 2.360222098129205
342 0.6823138381305598
343 3.02599295044207
344 1.0141292019281958
345 0.2008099940477399
346 0.21757512074064356
347 0.19544901968503808
348 1.5936044530401507
349 0.5755551463227293
350 1.7986090541639113
351 0.2900569605813449
352 0.8491372336472355
353 0.19124731254422475
354 0.16500538781738316
355 0.24993460124360675
356 0.3387727640174534
357 5.399350377173962
358 10.554547813078257
359 2.9582471864747784
360 0.9702238502571386
361 0.6733570299849618
362 0.7122878699923715
363 0.748699034476391
364 1.8500679830375153
365 58.89032016441614
366 2.090285882508134
367 1.1012669320724753
368 1.4855979961252088
369 0.2991567116357795
370 14.81082393992921
371 1.5271499184553867
372 0.3418892180430318
373 1.738878711391989
374 3.1233781710495725
375 5.865168824645035
376 0.46735406459246254
377 0.6788515163648096
378 0.0038281839998980625
379 2.3344807907792506
380 1.7123418147952316
381 1.822428182620363
382 1.0225357781513964
383 0.025053029695736893
384 2.1331950461390665
385 2.7051890870042756
386 5.40042865380508
387 0.11752327416346897
388 1.1785621854466783
389 8.989984335657939
390 92.78025788515585
391 2.1497564921604604
392 0.22307676829791112
393 0.006733978845518143
394 1.1256598630310504
395 3.3540214730498574
396 8.975857808838402
397 1.976885555661307
398 2.1675133816691945
399 27.85269006425151
400 4.875159957055885
401 1.2953061332758873
402 0.3456196170915048
403 1.2398312580350177
404 0.7798297613076179
405 1.4937818057631185
406 0.98960016334158
407 1.1229320759099004
408 4.204003945499626
409 17.2510524049031
410 2.0028543626794844
411 1.084023519145846
412 0.4865912269024627
413 0.13367332185241576
414 2.7189944207187255
415 0.09756917190998186
416 4.820992365521013
417 1.0165098912732327
418 0.025113679950242506
419 30.885424466381334
420 0.5964590903097355
421 1.7253825753511682
422 0.6924682178250032
423 0.2841636394822568
424 2.9541904872523084
425 0.29233629590418414
426 0.915669344526941
427 0.3943711749493428
428 0.4631845366749595
429 0.341866658868687
430 1.4298995011118203
431 0.04272340824915211
432 0.12168700184398408
433 3.6633323485895093
434 1.799675456610854
435 3.12475367189804
436 1.5520706251066965
437 0.38351872534200354
438 0.5865748959503176
439 1.8356219498218138
440 3.009068403167714
441 0.3105172233153917
442 1.2697792963298447
443 0.9256266521538377
444 17.7374457438199
445 2.15323232601697
446 1.0052336504907002
447 0.47398014477713984
448 0.8132722433496196
449 2.7396515412219937
450 0.36396830423404936
451 0.6875800291727782
452 0.6227374107312453
453 0.11766523508570755
454 0.13856342779937314
455 1.4341222177922681
456 0.1608032981776327
457 1.7454191492572328
458 0.038179823925608765
459 0.10424183334314573
460 0.18646937313653006
461 8.062353049354263
462 1.2687067288412255
463 0.7706480377566647
464 3.215465247847264
465 0.40858637234973605
466 0.6725306777120722
467 0.20739698579493945
468 0.8833304593871739
469 0.4117865275743345
470 0.8453013428891776
471 0.5938581879150697
472 1.868781160230944
473 4.219832952007015
474 0.8925932646036514
475 7.565232303460271
476 6.458409502694552
477 2.1829609416639975
478 0.2614324944595676
479 0.4370374146447824
480 0.24875753606498627
481 1.1253673955037715
482 9.209013569464055
483 0.47158000152806284
484 0.8681326152009035
485 1.7029131422926145
486 0.5074850226576222
487 0.18359262360738218
488 4.637735636696906
489 0.588397666294381
490 0.057428700157999855
491 0.5784723564766905
492 0.407808862466566
493 0.14680429771264578
494 0.20577541798122304
495 0.4738968911215132
496 2.03803485957112
497 0.33800462532433656
498 1.8707798830616418
499 9.504347085201097
500 98.48824995524365
501 1.1056474013876225
502 0.026583362935107765
503 0.02944602023858186
504 1.1215298956213002
505 0.03218975000710653
506 0.32501944312430603
507 4.9511849936242465
508 1.75415472589734
509 0.036156408943550815
510 28.635390124883735
511 23.219614482180074
512 0.3900570664010516
513 0.26125230293293333
514 0.7258407286874523
515 9.8896177934193
516 0.13931258307538721
517 1.1324302260777535
518 0.22535291188599565
519 1.0875110196687254
520 1.7167094922936872
521 0.23377389037642246
522 0.5930028468180053
523 0.154529728101994
524 0.539285025197485
525 0.014628895555729018
526 1.6591042089603785
527 112.52794270445237
528 0.1431975052953946
529 0.8641791763289909
530 0.5117369349684606
531 2.7768636760153025
532 0.06183187262401935
533 1.481444217632514
534 0.6329458485588644
535 0.4048520977301009
536 0.11884559616428336
537 1.360643509899881
538 72.85220729484638
539 0.587107929200663
540 4.6392692655003875
541 1.6272135775314311
542 3.1270054084359877
543 0.12257369249870266
544 0.6063153403730661
545 0.2972806895435026
546 5.5492417847028825
547 0.01697907416438269
548 13.720293029985381
549 2.245269182950828
550 0.000759502389104895
551 4.587625057619919
552 0.4587375488666196
553 10.748650606354905
554 0.25089373564171663
555 1.585051282550958
556 8.931455575436969
557 1.0022273205188728
558 0.19603190057290623
559 1.0247166998769461
560 2.7021475782663216
561 3.965583035087206
562 1.9130389480107723
563 0.5012863380674049
564 89.48883761284554
565 1.4970727000490278
566 1.5824476494933806
567 0.4936448468237613
568 0.5530760024815996
569 84.61186983514047
570 1.0798930127679855
571 0.0824790494721187
572 0.02400467284431133
573 0.28628539151473054
574 0.4787877466715504
575 0.8386925825215312
576 15.598411357829383
577 0.19293188009865753
578 4.812619715426998
579 0.30246527848912164
580 0.07382498527718008
581 3.403409053394773
582 2.6985822345071586
583 2.459767384030394
584 2.6999764507115684
585 1.702389758597461
586 0.0773407130134858
587 11.777127626869312
588 0.3785026159788898
589 14.677165214934027
590 0.547617846294477
591 0.43152831046450457
592 8.474424273013572
593 0.39969532457940943
594 1.7935100425436064
595 0.07867839886709312
596 3.4403074380201604
597 0.2855689003490951
598 0.7580382456459868
599 0.3530030590782791
600 0.4148739270680125
601 0.9348452395097324
602 1.4753585536209632
603 0.24997854728707497
604 1.7198592188144879
605 2.80555458416277
606 0.12980129709466057
607 0.33988701812253524
608 0.8527376959912301
609 1.462094419872505
610 4.366449311556392
611 0.7011970759566579
612 0.7734781175111233
613 1.9180984527816187
614 0.22114819559656268
615 4.17185564569996
616 1.2324102007792666
617 1.3156870511866483
618 1.423876078883956
619 1.9865756396454137
620 0.2622558495694881
621 0.9038428146162645
622 0.03294015239404891
623 0.2555886735937226
624 1.3244717783047792
625 0.1287196114302283
626 0.64472788986593
627 1.0160074483251793
628 0.23641367670022212
629 6.32660668939249
630 1.2533397490094156
631 0.5997814360673301
632 1.1990716456192776
633 1.113335210572431
634 0.08107057791069812
635 4.038501844473815
636 2.0683706398889816
637 0.4546488804147918
638 0.2053289339776771
639 7.403390341748964
640 0.8614711198255236
641 0.17359204293745326
642 0.10760575840932506
643 7.85356505942361
644 8.685322366884952
645 4.4520497102105585
646 0.6665028303422132
647 1.5170050333247311
648 0.4210214896866149
649 0.189833123412631
650 0.009463113872295292
651 1.2638024331636102
652 2.420453192797199
653 1.8461923422306004
654 0.07662300221428
655 5.638276809278978
656 0.06390216821473785
657 12.911270657223838
658 0.21777995691585536
659 0.8968014440442684
660 13.285224232507368
661 1.460510862034211
662 0.8337012693635818
663 0.16009405785836767
664 0.11611788287373288
665 2.285390317669493
666 0.11281558575544001
667 0.15440946444203676
668 0.014553283747284648
669 3.8651108266708905
670 0.19687760971230311
671 0.043704496822580624
672 0.34176707931079436
673 0.5817030402777507
674 5.4695767584032255
675 0.37286426680873186
676 0.8674111888899201
677 0.23887171490347145
678 5.1255285550510585
679 26.39139748351495
680 2.419003956297858
681 0.5627725357108352
682 0.9458252333439491
683 31.0573467108152
684 0.45773873408621046
685 14.276741261068485
686 0.02789373125087555
687 0.983306908541879
688 1.0601647364538154
689 8.987050446770864
690 1.246599687795165
691 0.5008962918613503
692 1.1890430650346202
693 0.34230548429725527
694 5.801851462414073
695 5.934450690967848
696 3.4122331788271705
697 0.6228258595719928
698 3.529127188930787
699 0.0024977391915611746
700 5.213833053402642
701 0.767391017682477
702 1.674631507211124
703 1.8003847065069312
704 19.143775841443798
705 0.38388485884506707
706 3.3965242515723504
707 0.37162038167336064
708 5.216645502620413
709 0.5900192934159829
710 1.3794849434059546
711 4.555068653832404
712 1.7794900668111542
713 4.024328317246182
714 1.033850266568655
715 4.600479936699742
716 0.9478530148036509
717 10.45572190722224
718 5.194253151684501
719 1.2616222203821224
720 2.484618833469731
721 0.27092734567495025
722 0.16637349353559738
723 2.1534477691596345
724 6.025688521211095
725 0.6418976754019835
726 2.3958507829674414
727 0.4533180193023179
728 0.05449934034023571
729 0.7129241713358309
730 8.254439529202253
731 0.24475028409864866
732 11.091045779253538
733 0.12350455760382738
734 0.11941548939418269
735 1.1321864626633698
736 0.42349593218288883
737 1.0581805040894634
738 3.66295788802332
739 0.5956084196565866
740 0.8673647999004817
741 2.4388983839186578
742 0.31521576210896174
743 0.27464517800506677
744 1.5983630522735321
745 0.5894175512074894
746 0.15018998083054755
747 1.6524371122208918
748 1.590710258383009
749 0.8074245260607618
750 2.0104767683892253
751 0.5672631799588783
752 0.8785392770259961
753 5.516428262295929
754 0.4260955560411555
755 23.815975914829103
756 0.9350479858387104
757 3.473138339493129
758 1.2904850833087804
759 0.5730432243263198
760 2.0644313780541044
761 193.16475158740323
762 3.7682355761639954
763 1.1725830874622338
764 2.579727200047657
765 0.7490951216739011
766 8.857156795515342
767 1.6312912340413588
768 0.13555235464369805
769 0.8067470060578105
770 10.644792484580773
771 3.464463700526104
772 3.215199484213295
773 4.996873873442854
774 0.6836052140204011
775 22.658000579251343
776 1.8741196176920154
777 20.77474118190653
778 0.02063436170984741
779 2.96739021448658
780 4.1370248745059985
781 0.9299004795326301
782 0.2016626792777257
783 1.5932807300537208
784 0.26197463311656227
785 0.5272059981043549
786 18.88995345869667
787 0.522001811093297
788 62.43560247454801
789 0.09784972610991445
790 0.22289398744852995
791 0.24381494418947625
792 1.288403006029589
793 2.0919145735710276
794 0.44297672713349207
795 5.847776914582568
796 0.9609951294091353
797 5.201553563053926
798 0.05692265752760621
799 12.931467656765054
800 6.563733908962509
801 0.8385391238622193
802 3.243315847989996
803 0.09821365302344484
804 0.3535206777729956
805 1.4134139936092673
806 2.6380601794752563
807 2.6216014599545465
808 0.09543234133798555
809 0.16728948871504373
810 0.8102023308754169
811 0.9924492442147441
812 2.2004006989365577
813 5.521940362614466
814 20.634692832565477
815 6.600735711273402
816 2.4533947747375877
817 0.40847153563376004
818 4.604447778869381
819 10.535842883088604
820 0.6994989704926217
821 4.672916217080079
822 45.15466174885847
823 2.076954075023184
824 20.59437957713052
825 0.32279159565698884
826 0.08365661064267985
827 0.6998733715075894
828 1.7754237933437305
829 0.997429993380976
830 0.002761024829075167
831 25.564447591818695
832 9.678604690640778
833 47.1301365032623
834 11.061589469051757
835 17.46107212281433
836 0.7105587041605455
837 5.536344336021129
838 2.720010060250308
839 0.1381654474832485
840 22.41900924030228
841 0.3288488296102194
842 2.630391871980029
843 0.40105449969276613
844 12.381355847970935
845 5.192924763014822
846 1.0189197178880576
847 0.7302477970716422
848 11.670282554207912
849 0.27535153718559807
850 2.5325144750921083
851 0.21413072246757972
852 1.3687106509211002
853 0.36070663858919566
854 1.5750836721536512
855 2.0791127029338368
856 8.982143342841649
857 1.1586776974851605
858 1.0911498269874658
859 0.12551169304355894
860 0.6458705022432445
861 7.962938879323909
862 9.23368840661825
863 0.7163198765044322
864 0.08169015960745851
865 0.7092699764010112
866 2.0327698844882587
867 0.09123366407300723
868 0.019966182024838484
869 4.633164014216474
870 52.35675390577438
871 0.19606070675988171
872 1.8332277954196885
873 1.6803111959360801
874 1.9782866690516032
875 4.464089084448346
876 1.94913278787361
877 4.053060275895745
878 0.8205994192072934
879 1.0075852307597708
880 0.14129091246656858
881 0.11381963873758143
882 2.483055872701301
883 2.772620757099972
884 0.04257602836658851
885 1.0462599671291641
886 0.4591608793149664
887 0.34025030188924005
888 0.17215369650444493
889 0.9659875007882924
890 1.249665791808711
891 2.019284193246364
892 84.64016948144811
893 0.2263899812133717
894 3.9454831861503705
895 2.515791917730613
896 0.7011571222919548
897 0.46134744028805313
898 3.361166959931119
899 0.7976801851135373
900 82.42376886660234
901 1.6969736675637952
902 1.099206269452734
903 18.871939067420225
904 0.2330794223153905
905 0.3547001421235243
906 0.3254473598327062
907 1.7484642540414503
908 1.1393222107434389
909 2.831229615390589
910 0.11471823762430958
911 0.17179412910975497
912 0.16621469153169674
913 0.07514381476722792
914 6.6930104757285
915 1.7264577849934586
916 1.5948985823406967
917 0.1776230209439543
918 0.2213936470820007
919 0.7862520586896102
920 0.27691715810801715
921 8.00987882436832
922 1.3418780954007936
923 0.6974266137428947
924 18.70173374353278
925 2.4484235665815133
926 1.6535887035059156
927 1.50144821512121
928 2.7034474810887805
929 1.8106270436814547
930 4.4876797172305025
931 2.1993055040258604
932 4.458431870373206
933 0.957741791056453
934 0.9014944394964338
935 0.670504447118791
936 2.7216553374645884
937 0.5118752445843063
938 0.962821461298789
939 0.03877204644469155
940 0.30182758248890984
941 0.12300472902983461
942 2.826477454037135
943 4.486087019273633
944 1.9713769433210337
945 1.317760810648708
946 0.24271084703568954
947 0.13929109187601568
948 3.256516570789776
949 0.20696571352570958
950 1.9978699696942381
951 0.27031962358384176
952 1.1591274670332954
953 0.28305620135211296
954 3.1030673738823804
955 0.5444370129739738
956 7.379898318060946
957 26.77771624929763
958 9.540661214782931
959 0.18973826724982465
960 0.02720357791333393
961 4.691592805392642
962 3.512609373400153
963 0.8360199177282178
964 0.8560160372391971
965 0.5700103235831324
966 0.937541512413818
967 0.06493763293973909
968 0.08326209459220897
969 40.60430917830354
970 0.34698893542711307
971 3.4564115319164634
972 0.44254803294214956
973 4.164155484796828
974 0.5090447500612592
975 4.08982083599899
976 0.21642459082264556
977 0.10756096230980462
978 0.8372576391423033
979 1.32821315692826
980 1.0612526858444102
981 5.1860792047378785
982 0.8380822565021083
983 27.224896631886754
984 0.15804038947321097
985 5.735777392604794
986 4.318287284521733
987 0.2645184621079696
988 2.9122268900751265
989 0.12780620063860437
990 0.21046981897760914
991 0.7330713863466893
992 24.602975434531075
993 1.5877203400498752
994 0.14434730550456734
995 11.074701302849125
996 0.09956732512486206
997 3.197414977095968
998 3.1374450726481258
999 1.3106718135886308
1000 0.44391030846694535
