4 845 761 888 681
4 507 604 180 937
4 424 933 644 456
4 342 33 50 228
4 377 43 444 137
4 466 433 225 739
4 131 322 168 798
4 653 395 43 762
4 622 599 187 874
4 706 870 407 813
4 217 495 640 450
4 959 803 622 460
4 803 988 348 497
4 372 659 253 220
4 945 605 107 481
4 755 527 126 428
4 200 872 294 514
4 957 815 351 156
4 933 208 147 534
4 110 946 458 98
4 435 792 436 174
4 144 418 532 598
4 451 684 645 54
4 410 498 907 292
4 549 838 815 450
4 579 968 165 639
4 22 182 52 468
4 438 688 154 673
4 472 805 906 496
4 128 277 354 51
4 222 968 897 25
4 565 359 899 905
4 857 767 79 986
4 282 904 30 235
4 57 479 650 74
4 549 259 139 613
4 419 919 867 468
4 646 985 630 374
4 552 74 920 999
4 4 546 414 67
4 703 225 640 854
4 645 134 837 702
4 231 812 184 556
4 86 923 348 789
4 439 132 796 544
4 945 903 396 442
4 70 845 220 746
4 763 727 532 583
4 57 987 644 964
4 93 774 659 674
4 463 333 490 372
4 227 408 994 736
4 768 72 54 710
4 19 71 759 276
4 968 577 784 934
4 410 869 784 66
4 982 818 347 149
4 654 954 776 149
4 970 24 501 316
4 640 814 672 910
4 967 220 243 608
4 234 566 401 846
4 619 434 42 240
4 913 351 858 696
4 525 438 100 209
4 229 817 429 255
4 228 646 93 894
4 560 242 735 8
4 121 216 556 772
4 493 944 515 907
4 803 38 476 976
4 56 83 887 565
4 463 31 2 799
4 952 705 572 773
4 982 114 120 483
4 718 190 730 286
4 981 583 98 379
4 595 576 1000 668
4 370 521 254 158
4 863 589 858 368
4 895 371 921 488
4 763 814 813 382
4 29 427 844 126
4 684 365 378 994
4 491 152 1 91
4 430 606 540 741
4 458 681 497 742
4 492 630 305 583
4 864 623 32 272
4 17 819 332 156
4 732 975 879 147
4 185 495 533 209
4 530 232 758 457
4 487 642 91 744
4 267 526 187 60
4 863 805 16 321
4 970 290 16 173
4 684 571 133 950
4 548 81 280 312
4 582 545 203 714
4 869 740 554 36
4 819 632 406 90
4 227 771 841 462
4 839 271 678 756
4 817 11 491 8
4 800 201 301 208
4 402 632 145 644
4 300 183 325 462
4 303 273 659 496
4 519 119 361 673
4 831 897 903 52
4 61 232 825 964
4 718 307 907 393
4 331 527 710 686
4 622 35 916 540
4 777 157 603 119
4 846 919 343 837
4 238 276 904 214
4 35 309 907 317
4 437 124 83 780
4 924 470 745 261
4 984 20 590 747
4 451 663 535 881
4 20 277 355 323
4 930 2 985 334
4 70 569 733 322
4 432 282 554 367
4 721 387 633 973
4 141 110 856 854
4 558 651 174 583
4 752 426 2 112
4 952 237 43 127
4 892 487 122 902
4 420 821 172 680
4 764 579 857 628
4 981 589 446 828
4 610 989 576 2
4 835 361 60 801
4 155 999 362 323
4 423 827 450 683
4 42 282 531 656
4 902 262 929 94
4 370 803 344 125
4 15 59 82 510
4 781 914 101 824
4 941 882 709 211
4 557 423 18 461
4 479 735 719 986
4 370 201 802 112
4 920 938 377 103
4 578 246 467 620
4 646 464 545 969
4 251 158 965 481
4 495 679 118 77
4 705 270 273 893
4 646 870 322 992
4 514 929 602 364
4 11 352 640 867
4 956 878 709 123
4 418 607 134 933
4 45 134 50 283
4 984 37 713 87
4 22 315 785 972
4 122 389 264 230
4 475 504 331 166
4 9 548 277 913
4 798 209 980 88
4 884 189 253 600
4 181 363 41 739
4 109 328 791 480
4 193 192 350 611
4 204 187 263 245
4 335 759 914 206
4 926 946 305 345
4 178 815 232 503
4 966 485 22 964
4 970 761 873 299
4 76 406 23 477
4 57 730 232 132
4 552 903 591 292
4 64 558 989 413
4 466 774 919 244
4 177 202 460 350
4 672 931 500 398
4 718 820 513 893
4 574 96 680 375
4 152 938 896 960
4 973 989 108 173
4 155 395 381 87
4 16 758 590 103
4 669 329 161 746
4 781 208 148 305
4 110 548 146 738
4 432 735 935 363
4 282 528 791 687
4 705 219 544 685
4 630 370 632 107
4 927 203 702 912
4 133 172 413 77
4 261 133 154 597
4 336 878 896 689
4 909 513 518 676
4 570 149 865 252
4 31 517 804 979
4 776 564 621 612
4 429 633 101 907
4 653 459 491 58
4 167 270 601 442
4 952 871 13 236
4 956 678 871 937
4 466 651 210 621
4 800 754 547 94
4 513 274 798 526
4 641 455 279 285
4 254 33 234 309
4 17 845 231 918
4 891 603 54 505
4 394 571 680 734
4 965 491 569 133
4 400 25 126 473
4 371 483 10 441
4 484 539 119 345
4 815 296 203 694
4 424 327 940 147
4 33 833 821 884
4 671 57 219 935
4 435 992 362 65
4 425 628 100 147
4 732 69 101 739
4 186 369 849 894
4 908 688 411 173
4 155 479 50 698
4 839 834 207 746
4 33 601 532 779
4 848 778 362 220
4 815 174 85 14
4 456 2 299 816
4 823 782 905 157
4 365 827 742 528
4 594 334 854 461
4 241 884 938 359
4 33 798 172 339
4 251 551 10 828
4 680 589 430 702
4 282 232 776 720
4 408 705 380 129
4 260 762 779 244
4 842 910 491 72
4 56 711 73 625
4 274 493 46 481
4 820 504 464 452
4 833 385 199 994
4 536 378 587 573
4 202 508 500 10
4 694 630 795 94
4 982 131 530 503
4 310 252 711 88
4 595 803 599 12
4 571 572 677 152
4 973 417 784 311
4 424 247 81 304
4 568 545 165 481
4 847 155 88 156
4 589 134 925 686
4 176 653 696 871
4 929 220 332 625
4 624 281 210 53
4 282 347 621 183
4 17 340 332 794
4 785 815 664 516
4 247 496 447 526
4 930 271 622 486
4 666 886 579 251
4 917 651 603 765
4 170 37 681 368
4 751 848 747 60
4 394 842 771 456
4 386 803 32 245
4 608 444 279 999
4 222 968 147 440
4 638 389 681 54
4 704 248 439 740
4 435 9 203 450
4 282 417 520 746
4 704 888 345 599
4 425 692 856 311
4 425 404 728 62
4 181 202 74 67
4 131 489 327 973
4 305 32 406 36
4 80 191 120 510
4 878 855 853 900
4 850 466 166 510
4 814 805 744 503
4 356 629 834 305
4 335 543 904 285
4 92 478 212 853
4 57 147 744 710
4 227 656 216 191
4 662 124 420 827
4 602 667 362 696
4 151 711 807 699
4 948 324 857 10
4 447 667 514 860
4 472 430 361 243
4 24 49 585 118
4 995 659 48 723
4 189 943 987 916
4 391 146 173 213
4 553 908 143 636
4 118 355 452 461
4 951 963 405 36
4 703 237 763 349
4 732 495 753 807
4 844 816 958 349
4 216 921 113 576
4 990 163 686 986
4 957 104 80 824
4 169 119 358 760
4 110 172 937 867
4 704 892 434 767
4 200 990 308 756
4 23 214 524 413
4 303 129 72 832
4 594 439 416 802
4 928 276 376 573
4 677 17 42 491
4 422 532 455 90
4 114 231 698 492
4 293 773 782 312
4 573 397 132 928
4 335 427 498 385
4 866 480 839 278
4 908 150 348 311
4 726 891 931 383
4 7 638 516 614
4 259 655 963 608
4 61 45 518 980
4 757 558 478 272
4 150 633 434 931
4 214 84 706 296
4 651 421 935 467
4 778 892 364 414
4 178 606 882 351
4 109 138 278 287
4 562 331 880 916
4 907 433 317 308
4 39 297 925 90
4 310 616 181 223
4 642 328 465 929
4 820 743 923 596
4 182 142 669 636
4 282 796 598 880
4 237 713 964 750
4 843 361 681 136
4 945 327 156 122
4 29 185 415 1000
4 752 117 598 403
4 217 416 562 51
4 957 407 390 700
4 20 922 772 826
4 330 56 706 398
4 507 450 902 715
4 480 22 108 935
4 168 544 782 976
4 533 887 850 739
4 879 728 968 73
4 607 13 821 785
4 466 246 618 712
4 348 659 594 758
4 778 734 388 673
4 946 65 66 667
4 846 538 658 547
4 528 501 224 599
4 271 729 429 410
4 78 280 863 806
4 267 747 731 907
4 56 485 870 318
4 109 351 305 440
4 336 499 998 460
4 652 180 119 676
4 910 852 126 934
4 217 219 179 950
4 842 495 559 835
4 585 277 812 493
4 68 388 713 198
4 106 871 855 108
4 823 985 353 47
4 945 168 346 420
4 835 787 214 804
4 984 886 544 255
4 372 253 220 457
4 763 622 414 490
4 671 756 371 827
4 514 369 391 430
4 79 801 599 877
4 764 333 463 359
4 132 847 190 95
4 19 998 737 88
4 6 42 519 826
4 656 787 219 625
4 803 680 13 457
4 902 75 212 468
4 402 277 749 697
4 602 80 603 527
4 306 479 636 481
4 831 834 111 694
4 809 586 74 458
4 177 400 264 41
4 348 117 251 138
4 642 853 249 154
4 863 182 558 526
4 878 764 311 381
4 504 81 773 623
4 297 957 719 376
4 142 825 610 58
4 179 288 387 119
4 426 143 269 821
4 679 611 728 893
4 909 100 846 453
4 372 351 31 384
4 162 847 311 414
4 70 865 232 940
4 652 255 881 689
4 511 81 17 779
4 419 134 100 72
4 92 201 644 600
4 33 59 183 361
4 438 124 622 385
4 293 954 536 393
4 234 440 935 685
4 965 815 893 937
4 637 337 545 137
4 978 145 173 672
4 771 165 943 951
4 886 134 273 811
4 835 561 678 535
4 767 143 398 584
4 426 475 753 345
4 259 30 112 714
4 7 715 289 118
4 963 768 388 638
4 655 498 668 658
4 64 944 509 667
4 514 642 193 49
4 885 35 800 25
4 803 78 256 612
4 948 605 686 63
4 446 539 85 977
4 781 184 441 898
4 788 846 171 720
4 420 678 356 826
4 958 781 640 806
4 395 287 494 943
4 693 579 928 650
4 971 917 1 382
4 341 191 294 63
4 525 478 886 899
4 258 372 667 60
4 126 598 870 27
4 708 28 123 283
4 396 774 434 265
4 991 550 276 168
4 3 480 219 255
4 22 297 128 919
4 724 501 845 972
4 144 509 307 750
4 303 375 20 577
4 684 862 831 486
4 553 832 648 828
4 558 987 992 38
4 664 315 866 798
4 681 624 325 462
4 956 947 580 996
4 842 589 627 413
4 449 400 726 340
4 109 329 703 488
4 266 479 10 688
4 724 169 482 38
4 862 71 413 986
4 933 229 405 801
4 199 234 623 801
4 424 67 489 325
4 456 702 64 774
4 232 190 833 873
4 818 756 932 561
4 956 181 711 983
4 412 271 992 394
4 507 379 201 76
4 314 15 875 898
4 716 965 339 867
4 273 544 74 621
4 645 163 462 413
4 545 533 73 138
4 303 204 240 283
4 933 411 962 758
4 788 924 965 620
4 271 341 185 307
4 516 335 447 145
4 164 914 994 245
4 291 508 305 107
4 932 159 160 320
4 269 968 130 149
4 199 414 949 869
4 859 195 905 983
4 973 950 626 154
4 820 65 357 31
4 284 96 814 322
4 267 364 623 245
4 610 475 282 857
4 961 485 54 779
4 476 159 940 811
4 595 728 695 746
4 199 594 879 263
4 6 32 184 942
4 829 270 527 321
4 324 27 188 874
4 674 608 376 158
4 412 121 978 694
4 217 295 221 506
4 248 862 494 922
4 952 147 35 252
4 192 792 845 694
4 509 8 523 292
4 788 498 961 239
4 666 615 514 528
4 336 343 517 915
4 246 743 966 453
4 631 681 841 90
4 719 692 415 17
4 726 678 655 526
4 508 680 782 404
4 402 564 8 175
4 466 57 452 493
4 477 875 66 123
4 646 551 686 804
4 448 820 838 676
4 567 721 593 302
4 282 645 580 30
4 647 989 366 924
4 559 967 124 787
4 386 707 467 250
4 243 192 315 38
4 895 911 699 876
4 645 887 390 992
4 415 881 681 614
4 234 601 769 914
4 210 515 991 632
4 207 574 534 58
4 329 146 165 810
4 950 297 870 599
4 238 427 761 489
4 164 64 803 349
4 549 369 65 497
4 568 668 924 739
4 647 766 592 392
4 253 118 311 375
4 26 680 436 209
4 49 949 21 34
4 218 434 442 980
4 222 634 656 794
4 464 235 518 841
4 476 966 545 128
4 533 133 799 393
4 579 541 715 66
4 926 248 871 980
4 631 699 539 860
4 796 361 272 763
4 377 191 120 239
4 435 703 649 333
4 25 27 321 503
4 25 149 255 559
4 174 863 350 468
4 663 903 538 89
4 578 324 935 564
4 81 920 467 223
4 649 214 949 304
4 484 851 58 496
4 704 939 18 738
4 402 716 897 603
4 7 458 867 414
4 483 107 362 440
4 393 806 880 573
4 479 664 923 544
4 704 551 554 216
4 455 679 484 48
4 785 339 916 440
4 862 946 49 528
4 32 724 846 801
4 63 835 298 154
4 302 49 879 736
4 935 112 739 854
4 829 93 68 396
4 820 296 682 527
4 646 709 951 556
4 797 950 954 318
4 701 977 597 689
4 732 218 203 358
4 868 804 258 240
4 444 740 213 880
4 602 432 399 294
4 226 701 769 938
4 499 771 513 139
4 464 595 147 794
4 221 36 74 94
4 260 586 875 600
4 755 655 178 635
4 882 205 89 361
4 197 571 268 789
4 847 493 769 746
4 281 456 534 38
4 112 42 298 940
4 990 65 204 683
4 817 833 166 739
4 605 274 810 854
4 820 177 843 115
4 813 795 332 196
4 99 543 97 972
4 404 295 680 168
4 163 825 307 581
4 57 654 62 688
4 421 707 504 285
4 80 968 492 383
4 7 97 556 212
4 432 409 489 300
4 254 57 642 156
4 162 929 603 391
4 79 40 58 213
4 433 116 817 778
4 647 652 263 180
4 842 318 512 599
4 371 293 861 524
4 691 619 792 583
4 899 429 415 69
4 926 604 793 122
4 862 748 669 608
4 110 165 635 39
4 6 27 678 825
4 930 642 492 454
4 919 49 337 44
4 471 81 152 355
4 57 446 382 661
4 689 252 660 154
4 522 572 758 545
4 595 990 287 624
4 641 443 425 709
4 229 437 298 762
4 395 133 197 938
4 532 695 339 323
4 670 22 636 406
4 178 35 682 500
4 959 436 596 160
4 403 816 268 452
4 786 380 349 801
4 377 585 175 538
4 76 515 748 744
4 334 887 82 689
4 806 453 888 640
4 201 430 919 360
4 19 595 655 252
4 398 877 968 600
4 859 567 443 811
4 788 308 463 353
4 448 102 541 258
4 197 891 95 138
4 55 775 700 774
4 908 534 493 311
4 963 589 507 640
4 539 770 991 362
4 581 618 453 84
4 669 341 115 255
4 24 79 759 880
4 507 675 719 258
4 75 4 465 347
4 177 176 354 934
4 543 445 431 244
4 548 865 477 287
4 878 968 58 311
4 661 603 475 657
4 280 604 159 980
4 177 378 197 861
4 765 312 193 66
4 303 246 128 741
4 743 124 390 413
4 771 868 204 13
4 645 566 372 779
4 515 832 1 512
4 412 589 234 901
4 365 645 885 636
4 957 338 472 716
4 412 631 368 113
4 724 730 1 304
4 549 926 77 446
4 70 773 890 474
4 901 436 725 975
4 330 209 101 526
4 633 1 876 193
4 704 833 65 248
4 529 759 903 762
4 57 220 188 880
4 139 905 317 381
4 984 665 680 591
4 698 177 203 261
4 851 291 947 689
4 755 654 30 89
4 650 818 830 190
4 909 919 269 980
4 365 872 499 194
4 799 376 448 383
4 513 905 1 873
4 64 817 203 722
4 795 273 760 277
4 93 58 123 473
4 271 435 997 377
4 370 419 190 23
4 246 139 676 583
4 770 68 759 703
4 445 456 181 630
4 640 228 3 505
4 568 652 30 631
4 541 919 622 477
4 422 24 548 183
4 5 136 367 722
4 666 725 962 611
4 724 394 869 581
4 396 352 73 413
4 662 647 986 657
4 973 136 472 236
4 76 285 677 38
4 577 444 938 379
4 552 508 435 492
4 819 591 664 473
4 768 605 898 8
4 661 273 220 283
4 848 417 555 879
4 521 671 425 284
4 981 546 211 691
4 186 379 203 779
4 268 680 873 977
4 381 112 861 413
4 761 595 518 321
4 782 172 875 313
4 684 394 932 152
4 229 253 321 789
4 695 655 919 983
4 754 364 208 613
4 634 266 107 1
4 904 878 212 279
4 447 121 869 421
4 695 353 285 431
4 329 637 564 567
4 601 629 499 787
4 427 521 5 180
4 425 247 202 526
4 803 753 742 683
4 616 289 518 66
4 59 159 378 657
4 847 418 525 632
4 967 140 126 949
4 641 622 661 333
4 822 103 652 89
4 768 21 452 561
4 572 823 252 953
4 809 594 792 793
4 5 404 391 478
4 201 721 73 928
4 908 820 986 220
4 495 139 951 355
4 466 553 519 928
4 670 80 405 907
4 32 313 77 999
4 690 974 705 560
4 165 377 612 361
4 981 172 143 690
4 338 244 122 524
4 43 243 655 538
4 849 723 197 240
4 451 966 172 239
4 167 784 444 216
4 485 629 620 468
4 981 857 76 528
4 395 207 194 987
4 771 430 5 8
4 188 700 536 910
4 923 377 993 971
4 553 769 13 849
4 397 767 235 395
4 226 167 6 437
4 939 988 827 960
4 228 365 618 807
4 671 525 16 873
4 43 320 530 318
4 923 424 530 527
4 277 582 73 193
4 200 949 23 874
4 267 570 554 913
4 771 509 778 731
4 309 185 701 861
4 466 820 263 239
4 92 187 871 784
4 302 920 993 251
4 15 705 270 349
4 509 435 708 95
4 134 291 569 223
4 651 771 991 685
4 525 291 405 94
4 170 993 708 705
4 260 660 827 979
4 341 559 477 54
4 219 465 793 263
4 143 420 651 379
4 665 661 810 913
4 421 384 274 583
4 859 813 51 916
4 293 629 777 821
4 926 31 163 612
4 735 697 877 173
4 299 767 71 274
4 371 168 75 697
4 956 862 724 731
4 704 633 405 496
4 754 956 607 401
4 155 768 620 738
4 562 665 337 850
4 217 161 531 60
4 487 81 359 58
4 186 847 215 870
4 629 619 17 136
4 32 783 599 48
4 529 26 893 814
4 431 634 93 709
4 549 243 358 368
4 427 622 178 190
4 636 651 474 225
4 927 463 121 136
4 864 44 574 852
4 80 33 102 129
4 819 206 145 166
4 167 771 107 772
4 81 488 640 611
4 823 528 852 105
4 228 290 285 860
4 143 660 876 25
4 338 691 123 461
4 417 793 511 911
4 370 670 248 333
4 835 832 551 972
4 847 606 397 71
4 9 765 826 263
4 842 725 701 203
4 276 352 69 510
4 9 113 297 874
4 789 294 751 888
4 20 25 132 337
4 5 827 316 977
4 75 257 766 380
4 155 134 530 497
4 186 956 235 938
4 186 682 748 547
4 572 430 222 891
4 696 359 745 592
4 466 756 365 277
4 80 558 962 828
4 897 701 410 552
4 871 705 148 126
4 770 906 694 376
4 792 305 500 608
4 227 869 802 658
4 654 470 887 379
4 204 756 715 674
4 847 375 527 739
4 222 822 279 538
4 22 381 153 298
4 601 310 825 987
4 594 364 615 333
4 652 251 777 456
4 839 295 354 762
4 35 27 320 440
4 984 902 682 207
4 831 237 421 77
4 743 285 173 536
4 521 476 747 488
4 96 319 766 891
4 648 132 969 209
4 928 214 73 873
4 633 671 16 379
4 75 111 320 943
4 730 943 651 350
4 410 595 700 243
4 885 656 624 34
4 19 155 188 913
4 774 206 154 940
4 110 232 776 709
4 975 85 564 836
4 906 758 825 486
4 310 580 544 2
4 544 711 393 854
4 919 557 543 497
4 155 627 989 722
4 13 32 277 300
4 767 911 69 66
4 627 182 624 14
4 984 502 793 784
4 771 346 367 876
4 592 8 456 620
4 574 558 342 778
4 879 810 311 942
4 268 674 706 394
4 803 890 957 331
4 309 754 318 122
4 259 435 44 289
4 163 735 826 41
4 381 729 132 794
4 71 931 128 444
4 666 641 759 116
4 791 612 151 85
4 479 437 480 536
4 604 914 135 404
4 175 601 523 468
4 682 295 592 690
4 755 716 242 304
4 703 815 203 264
4 435 522 262 409
4 155 83 992 374
4 109 175 346 554
4 438 958 892 373
4 13 534 758 960
4 350 996 965 783
4 630 301 748 317
4 975 8 636 912
4 426 573 390 739
4 588 522 139 434
4 988 30 279 783
4 548 928 835 506
4 593 525 30 187
4 451 566 564 515
4 945 343 884 508
4 818 328 153 505
4 412 243 447 337
4 602 698 111 63
4 630 904 111 931
4 78 991 585 404
4 472 817 918 94
4 140 659 118 274
4 227 728 760 88
4 288 756 714 576
4 114 709 94 772
4 331 593 888 999
4 487 887 55 34
4 857 40 910 146
4 766 877 66 837
4 963 813 699 741
4 769 433 601 916
4 490 757 90 528
4 131 25 671 540
4 198 77 15 274
4 809 59 164 174
4 200 800 608 337
4 788 436 153 46
4 306 195 173 526
4 165 262 544 915
4 417 500 205 63
4 466 504 992 599
4 730 593 404 760
4 240 281 12 355
4 819 288 715 316
4 549 280 86 812
4 86 70 425 821
4 839 509 433 736
4 637 574 140 411
4 930 922 2 874
4 943 788 118 882
4 86 706 455 394
4 70 390 846 850
4 222 336 527 800
4 952 754 705 731
4 227 134 678 434
4 354 197 776 994
4 210 347 673 461
4 879 851 311 30
4 680 334 160 95
4 963 643 120 1
4 218 336 670 132
4 55 378 550 203
4 886 139 235 848
4 859 990 932 591
4 261 497 940 937
4 521 205 786 367
4 849 58 435 801
4 376 885 363 634
4 53 906 855 220
4 641 571 592 440
4 542 732 870 779
4 61 469 429 530
4 226 820 933 899
4 849 80 667 388
4 764 267 94 383
4 591 376 34 780
4 837 734 522 319
4 280 522 322 749
4 328 663 104 652
4 467 327 875 313
4 793 707 44 898
4 991 504 907 14
4 845 844 911 211
4 982 582 65 664
4 786 45 850 265
4 194 293 372 826
4 379 64 176 18
4 781 35 361 292
4 863 941 649 622
4 494 500 785 715
4 617 950 630 715
4 43 294 486 720
4 469 856 866 383
4 143 305 896 807
4 228 397 756 311
4 834 74 404 332
4 835 51 785 530
4 487 253 308 535
4 800 336 95 292
4 778 912 690 968
4 7 820 766 799
4 589 511 615 301
4 662 43 82 798
4 971 86 677 476
4 281 311 532 924
4 815 312 397 443
4 823 142 250 136
4 241 132 65 901
4 437 599 879 705
4 552 574 530 837
4 942 844 221 714
4 363 672 361 828
4 679 979 124 147
4 330 687 410 240
4 167 971 626 398
4 909 840 41 194
4 33 395 589 702
4 954 553 588 87
4 499 233 664 274
4 635 533 307 120
4 208 439 198 145
4 408 404 799 151
4 819 578 913 915
4 512 397 544 722
4 773 460 35 153
4 579 604 710 750
4 919 334 74 875
4 281 44 787 428
4 726 218 825 962
4 193 172 510 934
4 803 81 400 23
4 982 653 605 816
4 567 949 562 685
4 305 240 795 746
4 247 343 32 816
4 553 78 927 599
4 930 387 653 498
4 167 629 732 640
4 269 216 16 58
4 335 231 342 515
4 469 812 443 748
4 431 537 355 540
4 868 311 853 275
4 546 816 972 688
4 370 285 936 118
4 181 299 140 735
4 635 762 946 977
4 508 364 97 213
4 998 24 560 1000
4 704 931 214 461
4 813 698 608 681
4 214 713 858 613
4 233 675 487 917
4 475 659 580 628
4 843 581 398 384
4 521 699 129 486
4 871 152 745 108
4 984 518 428 382
4 978 269 398 907
4 365 959 407 477
4 170 214 314 766
4 293 964 796 580
4 781 704 751 608
4 335 586 680 712
4 823 390 191 308
4 422 331 585 411
4 876 123 597 539
4 266 418 287 85
4 692 666 125 736
4 546 709 403 97
4 231 761 188 894
4 164 949 380 325
4 849 76 891 350
4 106 859 997 245
4 815 499 630 317
4 605 648 143 298
4 130 823 277 121
4 814 632 501 289
4 823 940 103 696
4 457 162 308 940
4 87 733 614 156
4 549 774 909 239
4 851 242 729 349
4 412 795 44 105
4 61 513 445 625
4 859 519 789 101
4 414 945 27 461
4 831 472 993 626
4 29 153 319 28
4 890 841 706 898
4 182 830 219 212
4 86 737 32 91
4 886 208 293 289
4 18 409 994 972
4 607 236 325 461
4 268 302 976 90
4 437 391 985 47
4 974 886 57 986
4 32 917 686 294
4 23 165 780 714
4 910 22 575 976
4 646 703 57 784
4 864 32 542 286
4 437 322 389 156
4 358 120 619 913
4 684 919 974 745
4 654 419 511 668
4 280 856 193 689
4 215 774 861 854
4 707 992 462 745
4 335 93 460 493
4 150 175 91 316
4 843 353 580 163
4 469 739 943 592
4 150 941 871 323
4 303 529 148 610
4 161 113 133 347
4 536 414 700 72
4 61 189 772 190
4 191 615 668 317
4 868 586 728 142
4 596 915 741 503
4 275 165 129 52
4 817 917 59 843
4 642 522 758 601
4 730 21 501 360
4 504 39 780 852
4 293 949 76 34
4 918 803 682 915
4 716 561 189 349
4 896 449 287 198
4 530 325 794 738
4 217 566 471 290
4 49 93 506 249
4 177 927 81 935
4 61 21 714 913
4 767 92 713 172
4 14 638 790 658
4 568 671 247 493
4 684 673 986 457
4 141 946 450 794
4 585 168 333 722
4 315 236 195 585
4 422 709 734 614
4 415 585 190 584
4 16 537 446 758
4 320 5 347 749
4 649 559 212 916
4 979 191 113 852
4 121 872 685 36
4 338 570 481 85
4 803 588 460 880
4 195 61 322 505
4 415 83 498 423
4 970 942 935 658
4 195 796 130 573
4 768 42 853 405
4 19 16 887 269
4 6 863 618 443
4 815 176 892 535
4 182 202 580 584
4 452 577 145 968
4 295 993 601 807
4 549 851 525 802
4 389 889 307 612
4 352 433 693 841
4 458 187 987 149
4 642 905 381 576
4 580 641 142 848
4 518 183 535 994
4 32 165 425 701
4 899 913 986 440
4 449 349 536 175
4 21 680 897 854
4 3 319 250 283
4 78 777 615 672
4 984 660 431 103
4 979 665 896 108
4 855 71 318 532
4 49 45 278 149
4 431 911 932 287
4 984 569 835 38
4 260 862 275 877
4 988 192 702 600
4 836 458 127 467
4 586 427 876 867
4 498 747 297 934
4 857 508 408 279
4 644 132 486 355
4 967 346 140 838
4 644 392 341 403
4 387 475 476 841
4 792 224 748 467
4 509 601 461 591
4 827 666 537 160
4 941 7 826 626
4 227 92 957 993
4 342 538 147 380
4 988 855 832 505
4 198 256 712 360
4 222 633 892 900
4 589 236 47 54
4 232 818 712 893
4 299 899 805 301
4 945 727 471 406
4 972 630 338 309
4 415 341 85 898
4 856 199 528 583
4 167 452 849 190
4 724 445 589 677
4 943 24 737 937
4 448 217 861 648
4 975 1000 796 748
4 303 495 837 547
4 429 634 672 860
4 21 910 953 690
4 221 322 231 920
4 466 579 627 394
4 878 234 833 875
4 169 312 983 147
4 253 971 358 48
4 291 929 979 127
4 549 572 987 561
4 558 275 166 296
4 847 838 608 225
4 659 680 780 849
4 833 100 559 787
4 537 966 777 550
4 9 516 992 694
4 659 226 818 250
4 106 914 846 72
4 737 498 481 540
4 578 355 210 720
4 464 343 880 278
4 271 434 535 960
4 926 259 395 500
4 469 120 499 922
4 53 495 817 367
4 680 354 298 980
4 775 37 147 921
4 315 805 255 624
4 743 276 634 296
4 192 966 874 828
4 82 203 219 279
4 514 197 921 873
4 463 476 601 429
4 806 384 337 739
4 982 395 796 294
4 859 487 594 492
4 70 294 621 584
4 358 717 462 14
4 847 979 747 694
4 533 310 881 245
4 718 475 471 364
4 936 566 294 242
4 131 341 353 611
4 266 552 193 223
4 5 502 958 501
4 727 365 615 913
4 104 398 148 460
4 206 235 251 874
4 466 165 261 375
4 595 97 28 123
4 970 682 949 980
4 822 778 596 242
4 926 967 73 736
4 563 378 734 556
4 635 705 379 539
4 20 369 648 929
4 630 412 626 91
4 570 448 363 367
4 269 567 350 798
4 889 536 671 341
4 69 138 66 461
4 606 166 560 912
4 979 485 684 782
4 306 281 972 172
4 914 933 49 582
4 487 534 757 621
4 608 269 940 937
4 781 878 555 667
4 558 622 274 940
4 973 852 958 667
4 230 725 871 544
4 704 996 477 888
4 143 248 898 137
4 378 126 996 377
4 926 201 389 211
4 966 511 629 262
4 829 559 243 609
4 473 791 149 799
4 649 924 423 706
4 364 365 421 936
4 418 734 73 236
4 329 844 252 72
4 684 128 397 205
4 859 581 212 609
4 654 536 745 776
4 568 111 333 681
4 768 163 268 700
4 787 903 145 97
4 967 354 565 455
4 646 357 953 614
4 564 692 209 58
4 226 409 348 774
4 93 734 332 811
4 412 773 304 733
4 823 544 993 739
4 568 395 972 108
4 637 764 69 777
4 862 104 142 946
4 726 195 723 60
4 664 427 940 473
4 984 334 26 492
4 708 313 470 668
4 589 582 855 722
4 303 338 315 734
4 957 961 189 456
4 514 306 699 208
4 555 608 45 265
4 366 109 273 323
4 334 836 681 526
4 227 641 118 398
4 638 395 42 486
4 541 886 568 755
4 966 525 975 706
4 370 13 502 770
4 228 237 397 614
4 823 728 550 917
4 422 487 640 393
4 837 844 871 639
4 721 585 859 423
4 553 856 164 760
4 653 580 498 763
4 289 417 224 795
4 582 746 273 294
4 474 415 852 758
4 967 648 893 599
4 62 804 87 657
4 238 664 288 942
4 616 387 386 976
4 679 151 693 360
4 293 176 460 806
4 117 752 615 131
4 537 822 703 576
4 610 905 288 461
4 142 996 108 318
4 721 602 634 965
4 713 703 896 601
4 970 635 932 846
4 9 644 74 932
4 11 748 683 54
4 228 645 219 779
4 752 183 931 149
4 925 177 32 5
4 189 762 320 898
4 226 395 164 883
4 218 610 663 558
4 508 622 991 362
4 280 821 212 838
4 470 795 642 380
4 33 205 255 955
4 654 293 766 467
4 451 557 43 443
4 759 30 624 960
4 419 508 522 834
4 480 93 991 974
4 266 561 996 540
4 433 871 184 875
4 271 571 978 262
4 99 856 622 651
4 543 552 375 597
4 494 679 279 791
4 777 689 489 916
4 845 357 128 123
4 278 8 317 113
4 558 242 896 31
4 467 641 923 510
4 706 879 325 209
4 595 623 97 787
4 415 516 949 354
4 800 342 486 860
4 150 737 437 764
4 917 120 608 912
4 259 418 773 111
4 419 463 279 66
4 90 572 42 252
4 862 529 586 319
4 653 426 132 714
4 817 342 17 747
4 765 76 682 774
4 622 803 123 87
4 476 409 116 581
4 697 544 877 127
4 422 589 50 690
4 525 989 77 510
4 586 551 454 123
4 363 424 441 777
4 407 763 225 48
4 712 762 375 811
4 525 504 153 551
4 445 3 1 913
4 973 814 689 722
4 829 411 101 853
4 788 610 418 661
4 541 894 296 962
4 756 191 537 165
4 402 70 4 464
4 787 988 756 107
4 878 487 37 289
4 911 405 565 523
4 567 533 224 944
4 759 675 618 489
4 663 612 665 944
4 331 691 378 610
4 605 11 334 883
4 369 504 293 107
4 959 634 680 894
4 3 798 597 349
4 582 312 298 576
4 610 432 400 968
4 391 761 866 502
4 346 366 877 893
4 455 918 559 95
4 427 853 142 526
4 155 905 426 649
4 282 569 898 499
4 858 628 992 639
4 956 70 419 561
4 403 508 588 951
4 181 347 539 454
4 948 967 571 802
4 255 430 932 368
4 735 492 928 194
4 764 108 973 798
4 829 22 696 836
4 170 449 682 626
4 49 732 567 134
4 290 236 615 591
4 327 250 322 550
4 218 33 548 634
4 170 278 453 398
4 234 423 701 265
4 638 44 780 316
4 840 982 499 249
4 569 982 57 473
4 548 466 347 369
4 271 982 9 603
4 740 59 943 996
4 520 365 428 861
4 455 219 103 325
4 662 289 777 987
4 926 988 108 739
4 466 529 93 741
4 253 759 861 195
4 173 556 853 60
4 788 452 919 60
4 834 627 611 520
4 748 889 188 283
4 862 273 128 72
4 513 489 453 193
4 514 476 355 491
4 309 130 661 994
4 315 181 777 440
4 970 704 341 869
4 578 123 463 720
4 926 729 165 962
4 885 996 249 753
4 666 982 327 209
4 578 310 791 294
4 589 559 708 880
4 241 437 275 378
4 567 954 119 127
4 167 978 446 349
4 178 849 379 995
4 778 61 842 891
4 290 117 332 497
4 401 185 932 197
4 671 728 392 156
4 612 580 38 63
4 724 109 998 979
4 864 103 180 323
4 868 329 464 598
4 402 30 865 63
4 451 59 324 286
4 377 188 903 547
4 800 877 55 394
4 422 761 813 72
4 945 941 647 609
4 889 162 937 1
4 557 517 53 465
4 674 559 560 492
4 472 530 353 879
4 417 858 774 264
4 128 643 129 836
4 162 716 903 526
4 894 717 877 255
4 840 471 894 720
4 606 310 652 127
4 718 521 426 720
4 79 343 129 430
4 607 654 299 211
4 884 524 176 739
4 433 742 633 291
4 589 183 919 880
4 233 562 464 676
4 319 642 469 506
4 923 884 477 976
4 131 537 180 977
4 291 489 100 322
4 878 418 643 877
4 241 449 147 601
4 17 242 615 900
4 957 967 349 852
4 784 968 457 976
4 606 271 424 211
4 991 582 861 875
4 756 284 575 599
4 660 844 71 168
4 422 936 432 593
4 417 863 148 517
4 930 567 279 326
4 107 331 613 742
4 247 742 744 505
4 771 761 604 879
4 728 635 588 154
4 606 554 112 650
4 576 989 423 493
4 495 473 124 46
4 966 148 571 456
4 889 835 556 734
4 429 257 442 137
4 917 607 797 142
4 222 114 400 158
4 202 11 465 325
4 840 196 160 576
4 169 578 695 134
4 314 75 364 814
4 366 700 552 89
4 201 338 50 292
4 110 318 18 462
4 215 545 826 544
4 948 380 460 45
4 331 539 750 657
4 659 94 378 325
4 945 86 409 806
4 819 869 381 958
4 842 580 612 556
4 191 690 810 750
4 169 306 933 821
4 231 638 524 28
4 508 131 479 799
4 956 985 877 376
4 217 385 64 404
4 336 902 195 556
4 645 782 996 912
4 724 370 912 292
4 956 693 253 828
4 679 906 896 122
4 288 173 252 156
4 256 863 643 113
4 70 349 766 556
4 708 314 688 762
4 19 973 862 528
4 276 147 931 94
4 543 124 642 284
4 984 840 887 367
4 427 167 406 557
4 511 570 365 779
4 143 37 1 322
4 7 689 687 94
4 841 933 802 244
4 945 128 961 725
4 542 188 963 213
4 407 172 333 593
4 755 80 33 250
4 303 985 643 442
4 293 511 938 726
4 972 942 794 48
4 952 94 332 345
4 282 35 450 673
4 80 168 322 639
4 919 780 473 744
4 551 958 734 77
4 809 208 500 325
4 665 806 123 63
4 295 412 521 269
4 233 608 261 699
4 910 310 580 58
4 290 504 601 593
4 228 420 897 528
4 487 256 789 710
4 775 215 163 488
4 896 511 485 363
4 78 15 995 160
4 970 662 866 557
4 266 366 204 530
4 11 55 813 593
4 863 929 684 353
4 661 475 979 946
4 446 630 350 597
4 786 167 302 14
4 602 346 985 448
4 819 572 460 672
4 132 346 604 353
4 698 716 991 563
4 200 890 593 801
4 743 868 459 404
4 926 901 949 900
4 703 365 747 63
4 11 263 194 325
4 1000 559 684 40
4 427 497 119 173
4 238 16 693 958
4 259 844 772 27
4 872 47 747 832
4 178 9 175 75
4 729 698 307 810
4 63 480 801 609
4 552 189 425 243
4 606 781 910 374
4 29 130 904 294
4 863 221 971 893
4 254 65 400 710
4 81 777 478 480
4 901 682 2 272
4 369 185 120 171
4 721 220 727 27
4 942 151 962 154
4 963 792 27 677
4 106 295 172 249
4 217 7 391 137
4 877 399 680 361
4 981 237 584 934
4 165 33 659 287
4 100 401 74 14
4 231 457 691 710
4 555 375 396 835
4 895 276 3 117
4 656 516 749 113
4 306 270 15 722
4 165 863 729 530
4 770 372 428 915
4 564 690 194 378
4 549 336 399 21
4 973 747 766 147
