2 123 386
2 752 454
2 885 572
2 989 858
2 232 154
2 101 796
2 929 628
2 757 254
2 856 31
2 505 488
2 776 199
2 793 869
2 750 357
2 28 281
2 332 769
2 193 199
2 648 883
2 780 383
2 808 787
2 185 645
2 435 89
2 788 380
2 715 601
2 655 682
2 148 560
2 948 510
2 756 316
2 788 414
2 860 619
2 29 745
2 995 842
2 678 750
2 740 919
2 449 316
2 791 21
2 580 935
2 866 906
2 706 814
2 30 100
2 256 290
2 28 578
2 55 548
2 15 135
2 8 162
2 171 880
2 976 191
2 654 551
2 144 993
2 278 299
2 88 5
2 331 834
2 684 686
2 924 969
2 518 262
2 193 918
2 592 132
2 263 591
2 619 950
2 680 105
2 876 746
2 278 147
2 963 851
2 649 658
2 789 134
2 529 856
2 519 177
2 725 200
2 423 689
2 683 145
2 15 746
2 791 391
2 328 971
2 581 628
2 55 255
2 878 481
2 835 908
2 290 197
2 207 563
2 869 783
2 356 473
2 416 671
2 702 661
2 951 470
2 839 711
2 405 79
2 894 420
2 66 340
2 203 283
2 257 548
2 698 692
2 885 967
2 680 816
2 127 774
2 863 26
2 264 930
2 767 241
2 703 527
2 288 602
2 185 516
2 181 56
2 555 939
2 860 476
2 999 966
2 172 849
2 575 497
2 743 854
2 463 157
2 779 565
2 827 608
2 15 546
2 749 31
2 970 363
2 620 193
2 672 945
2 193 17
2 518 427
2 100 993
2 927 100
2 577 123
2 511 311
2 865 547
2 268 273
2 614 955
2 506 561
2 278 987
2 682 170
2 103 404
2 554 624
2 595 747
2 638 785
2 158 747
2 678 449
2 899 667
2 684 908
2 521 248
2 999 837
2 189 851
2 610 200
2 446 92
2 794 936
2 384 153
2 404 660
2 969 7
2 338 317
2 527 339
2 931 973
2 109 33
2 683 390
2 248 415
2 728 911
2 229 521
2 703 196
2 133 254
2 268 674
2 15 168
2 111 328
2 181 624
2 165 353
2 746 957
2 491 510
2 610 582
2 342 184
2 29 158
2 836 916
2 859 105
2 55 245
2 674 589
2 52 885
2 816 403
2 850 524
2 774 586
2 186 890
2 522 294
2 21 360
2 729 816
2 336 79
2 336 110
2 795 1000
2 477 274
2 658 247
2 67 31
2 376 460
2 534 610
2 706 291
2 941 415
2 689 885
2 934 345
2 698 137
2 811 504
2 220 460
2 707 14
2 515 874
2 609 459
2 999 559
2 199 918
2 766 9
2 133 803
2 762 754
2 426 252
2 845 595
2 553 528
2 786 304
2 451 294
2 115 542
2 718 661
2 885 637
2 551 459
2 233 770
2 350 553
2 652 109
2 660 760
2 426 637
2 330 529
2 634 898
2 491 631
2 331 440
2 487 526
2 303 669
2 750 395
2 609 17
2 585 744
2 563 981
2 792 767
2 770 706
2 94 713
2 970 886
2 506 621
2 369 237
2 682 651
2 466 742
2 280 680
2 948 694
2 856 772
2 532 564
2 198 923
2 496 961
2 954 271
2 629 749
2 138 209
2 860 83
2 894 427
2 713 293
2 65 625
2 468 968
2 138 447
2 161 773
2 701 440
2 647 565
2 930 968
2 413 98
2 551 300
2 293 556
2 126 555
2 303 729
2 317 396
2 271 934
2 64 870
2 879 898
2 589 922
2 164 600
2 736 972
2 977 251
2 876 273
2 249 452
2 10 865
2 664 491
2 915 6
2 122 793
2 560 243
2 367 347
2 451 663
2 301 65
2 546 268
2 28 932
2 731 508
2 728 200
2 402 737
2 502 293
2 616 645
2 502 183
2 534 347
2 654 546
2 664 326
2 125 590
2 126 51
2 426 476
2 461 785
2 985 159
2 847 186
2 393 165
2 282 668
2 384 637
2 3 570
2 592 908
2 492 866
2 279 712
2 34 658
2 816 740
2 65 312
2 978 963
2 580 948
2 374 841
2 656 249
2 220 174
2 187 164
2 264 310
2 447 794
2 299 825
2 449 339
2 664 162
2 868 819
2 272 97
2 21 85
2 784 154
2 685 161
2 369 117
2 685 452
2 287 662
2 225 620
2 888 972
2 953 686
2 346 314
2 86 489
2 14 26
2 773 132
2 757 236
2 752 350
2 34 563
2 36 979
2 817 981
2 22 623
2 272 868
2 24 560
2 397 758
2 259 769
2 575 297
2 277 323
2 13 724
2 885 95
2 182 152
2 680 105
2 954 944
2 435 619
2 134 104
2 11 23
2 413 78
2 74 306
2 291 460
2 501 171
2 622 562
2 639 98
2 925 17
2 920 472
2 254 329
2 570 703
2 791 319
2 272 625
2 680 826
2 931 305
2 722 104
2 743 168
2 173 440
2 98 694
2 30 943
2 161 916
2 211 104
2 274 464
2 267 946
2 301 420
2 264 694
2 871 743
2 251 519
2 983 99
2 522 447
2 379 424
2 957 948
2 594 179
2 393 480
2 230 57
2 496 796
2 121 807
2 443 165
2 668 213
2 744 308
2 256 898
2 919 849
2 378 480
2 821 724
2 931 549
2 44 528
2 585 612
2 655 279
2 27 906
2 759 744
2 999 709
2 932 247
2 479 53
2 55 194
2 118 696
2 616 859
2 453 908
2 232 381
2 484 838
2 704 952
2 913 252
2 139 789
2 490 391
2 724 147
2 552 185
2 879 811
2 320 164
2 576 991
2 8 655
2 279 415
2 779 953
2 299 719
2 877 312
2 807 536
2 51 648
2 703 490
2 428 454
2 679 585
2 567 226
2 492 159
2 459 835
2 387 855
2 16 913
2 390 694
2 465 623
2 349 755
2 738 711
2 672 813
2 366 750
2 8 863
2 484 765
2 871 445
2 451 203
2 646 6
2 730 79
2 543 241
2 776 300
2 818 463
2 233 291
2 663 205
2 54 903
2 542 205
2 389 985
2 949 101
2 19 85
2 156 951
2 229 788
2 943 651
2 804 433
2 139 856
2 592 169
2 979 138
2 138 198
2 789 461
2 930 468
2 649 657
2 395 299
2 190 353
2 829 956
2 179 290
2 595 76
2 221 932
2 585 241
2 21 815
2 32 347
2 66 814
2 493 454
2 757 992
2 346 200
2 316 178
2 376 53
2 86 115
2 872 529
2 111 106
2 639 53
2 512 230
2 112 764
2 599 373
2 731 9
2 276 141
2 49 213
2 683 651
2 816 925
2 650 883
2 786 766
2 935 988
2 814 973
2 273 312
2 8 895
2 848 750
2 481 196
2 867 711
2 786 410
2 69 132
2 701 215
2 104 450
2 708 584
2 877 590
2 832 460
2 351 478
2 979 767
2 74 429
2 845 887
2 764 361
2 44 116
2 835 342
2 642 416
2 282 577
2 111 959
2 166 105
2 378 608
2 252 888
2 960 523
2 566 343
2 272 637
2 23 194
2 146 710
2 303 779
2 218 917
2 998 339
2 626 885
2 654 219
2 961 450
2 260 717
2 858 497
2 60 418
2 499 485
2 62 422
2 915 555
2 276 637
2 357 188
2 656 127
2 605 767
2 158 209
2 424 178
2 606 706
2 57 151
2 187 974
2 843 479
2 716 439
2 775 89
2 336 239
2 685 605
2 990 769
2 195 557
2 529 77
2 394 202
2 345 432
2 614 780
2 422 2
2 753 433
2 303 904
2 962 910
2 487 137
2 721 869
2 473 590
2 131 532
2 903 19
2 754 667
2 491 676
2 905 70
2 313 397
2 610 924
2 484 81
2 761 760
2 318 368
2 373 30
2 150 842
2 320 117
2 787 720
2 216 869
2 365 761
2 401 619
2 247 291
2 534 234
2 118 542
2 370 428
2 848 572
2 619 914
2 9 807
2 603 483
2 422 896
2 696 998
2 123 280
2 568 548
2 595 164
2 214 748
2 291 68
2 578 318
2 203 145
2 758 575
2 848 432
2 584 182
2 824 487
2 876 670
2 933 623
2 445 21
2 242 101
2 937 380
2 299 507
2 277 943
2 718 237
2 586 892
2 951 450
2 414 702
2 565 796
2 102 200
2 728 873
2 583 659
2 471 455
2 349 386
2 269 494
2 466 97
2 301 89
2 349 179
2 207 408
2 547 632
2 953 692
2 871 113
2 587 926
2 832 114
2 400 355
2 139 817
2 580 854
2 190 571
2 294 457
2 191 611
2 514 601
2 167 33
2 886 560
2 703 57
2 30 392
2 319 883
2 400 197
2 112 962
2 49 891
2 522 969
2 813 82
2 400 863
2 187 615
2 435 424
2 883 68
2 665 466
2 593 107
2 65 788
2 841 474
2 788 941
2 615 215
2 314 77
2 485 24
2 913 6
2 195 241
2 611 636
2 90 194
2 127 871
2 705 442
2 891 115
2 955 173
2 999 588
2 327 838
2 318 312
2 937 428
2 189 209
2 431 604
2 877 191
2 612 255
2 150 799
2 42 315
2 218 541
2 610 238
2 283 806
2 278 80
2 534 997
2 22 236
2 720 43
2 177 870
2 498 144
2 499 407
2 518 804
2 274 586
2 244 963
2 600 129
2 835 251
2 390 963
2 245 416
2 443 20
2 274 53
2 1000 880
2 480 403
2 489 69
2 752 917
2 640 873
2 542 219
2 982 80
2 404 911
2 904 511
2 469 454
2 490 407
2 201 158
2 317 688
2 889 335
2 286 572
2 655 606
2 73 990
2 792 158
2 916 714
2 603 771
2 439 526
2 304 960
2 289 189
2 246 295
2 656 625
2 405 535
2 520 813
2 654 928
2 309 913
2 157 644
2 495 418
2 858 337
2 52 1000
2 720 800
2 382 501
2 294 418
2 702 503
2 208 306
2 554 706
2 195 248
2 715 375
2 117 278
2 871 157
2 314 80
2 494 913
2 651 652
2 767 455
2 154 186
2 499 642
2 78 766
2 896 361
2 76 427
2 951 202
2 808 67
2 344 742
2 649 178
2 444 912
2 650 398
2 468 108
2 394 497
2 377 667
2 261 880
2 657 667
2 212 864
2 816 638
2 662 309
2 400 872
2 449 284
2 3 597
2 750 985
2 386 383
2 502 378
2 747 131
2 691 870
2 30 101
2 155 813
2 792 87
2 493 810
2 449 391
2 57 189
2 138 719
2 672 663
2 559 41
2 232 873
2 277 925
2 314 507
2 675 955
2 534 748
2 112 852
2 215 493
2 545 938
2 777 87
2 49 199
2 616 503
2 678 761
2 809 124
2 506 920
2 99 199
2 584 621
2 490 98
2 70 303
2 221 201
2 413 779
2 782 755
2 264 452
2 885 639
2 104 550
2 605 320
2 646 942
2 321 63
2 841 387
2 620 572
2 269 197
2 148 209
2 595 457
2 786 26
2 449 237
2 979 51
2 276 24
2 316 33
2 350 806
2 259 833
2 705 455
2 649 239
2 637 952
2 262 197
2 365 615
2 220 235
2 419 570
2 931 983
2 4 770
2 457 315
2 299 418
2 827 265
2 780 548
2 191 512
2 712 558
2 776 914
2 182 53
2 200 248
2 639 660
2 841 14
2 799 248
2 808 560
2 643 592
2 50 173
2 649 174
2 216 922
2 924 97
2 4 475
2 305 558
2 700 432
2 881 17
2 573 847
2 988 79
2 212 538
2 490 198
2 191 422
2 697 687
2 400 891
2 580 434
2 988 797
2 249 454
2 868 267
2 571 821
2 964 293
2 294 321
2 177 799
2 275 953
2 431 715
2 934 30
2 541 741
2 632 237
2 911 546
2 86 817
2 290 768
2 217 707
2 284 265
2 682 203
2 291 722
2 81 847
2 338 147
2 205 452
2 285 178
2 942 821
2 648 938
2 998 608
2 758 587
2 410 993
2 676 121
2 464 79
2 544 780
2 336 943
2 766 865
2 255 711
2 918 744
2 438 483
2 737 231
2 738 876
2 148 544
2 249 476
2 501 798
2 103 819
2 421 248
2 503 857
2 416 609
2 609 403
2 810 832
2 54 135
2 895 652
2 418 949
2 808 120
2 902 887
2 490 81
2 134 179
2 970 989
2 439 26
2 431 984
2 750 445
2 329 17
2 136 266
2 444 717
2 760 772
2 166 163
2 969 117
2 350 121
2 443 140
2 487 368
2 45 497
2 489 499
2 32 805
2 286 797
2 874 976
2 955 349
2 279 260
2 578 219
2 264 347
2 848 747
2 831 213
2 710 863
2 354 192
2 546 811
2 643 167
2 584 438
2 206 946
2 29 668
2 792 915
2 875 885
2 100 310
2 715 364
2 877 734
2 852 937
2 690 394
2 394 531
2 44 632
2 998 806
2 268 701
2 227 125
2 964 297
2 440 432
2 245 212
2 295 587
2 728 347
2 193 277
2 578 187
2 674 352
2 823 89
2 321 811
2 60 710
2 46 540
2 468 312
2 316 905
2 930 13
2 136 350
2 39 926
2 746 476
2 935 722
2 513 629
2 835 69
2 364 638
2 9 416
2 276 679
2 413 499
2 922 720
2 246 437
2 161 679
2 586 549
2 669 464
2 632 591
2 105 926
2 730 736
2 663 215
2 752 360
2 466 188
2 561 158
2 653 228
2 885 569
2 689 570
2 491 776
2 150 520
2 991 23
2 916 760
2 12 737
2 675 446
2 903 331
2 553 696
2 638 158
2 715 269
2 798 611
