4 229 840 17 773
4 462 522 733 50
4 115 828 399 691
4 74 683 439 714
4 999 503 950 905
4 605 714 624 991
4 223 394 690 921
4 227 225 301 128
4 1 792 529 17
4 230 447 218 336
4 890 774 30 57
4 139 957 773 985
4 673 258 516 366
4 771 816 21 988
4 688 303 940 718
4 659 601 282 867
4 122 638 106 86
4 571 20 77 64
4 160 904 764 33
4 609 25 55 62
4 35 3 376 946
4 326 764 593 174
4 215 642 898 28
4 412 121 689 325
4 605 734 527 936
4 910 926 20 784
4 309 923 152 100
4 176 412 630 763
4 616 801 761 340
4 998 674 650 55
4 288 681 619 276
4 845 829 159 116
4 181 546 212 672
4 455 693 598 808
4 641 205 322 797
4 27 599 712 871
4 183 331 975 53
4 580 709 208 972
4 276 518 953 806
4 828 584 485 781
4 148 877 248 99
4 144 364 756 982
4 652 766 516 180
4 293 173 724 945
4 913 437 461 750
4 349 184 332 869
4 747 375 223 339
4 164 345 67 635
4 421 852 988 30
4 428 544 120 516
4 623 104 739 115
4 532 970 228 684
4 854 302 415 715
4 846 606 325 728
4 332 632 746 6
4 85 710 858 564
4 54 316 646 473
4 453 391 489 451
4 483 262 614 953
4 722 941 49 868
4 52 175 637 701
4 355 287 303 632
4 590 946 569 650
4 659 383 91 264
4 578 621 6 106
4 719 160 420 464
4 509 327 982 358
4 98 524 324 334
4 554 756 133 805
4 465 101 348 3
4 112 360 398 968
4 119 540 778 402
4 381 463 628 531
4 667 426 379 391
4 524 332 841 363
4 172 939 997 359
4 377 214 825 691
4 43 45 834 516
4 241 633 264 615
4 898 260 450 278
4 292 912 665 740
4 216 302 606 906
4 13 707 902 773
4 828 144 858 658
4 512 791 651 270
4 723 963 637 56
4 51 135 175 140
4 392 968 866 47
4 133 199 113 110
4 34 346 666 22
4 687 422 701 336
4 118 742 977 581
4 108 946 554 843
4 81 694 279 342
4 952 282 657 132
4 780 41 949 198
4 574 419 355 12
4 602 409 645 60
4 449 251 99 207
4 126 995 637 614
4 823 728 982 830
4 468 633 770 324
4 813 12 692 357
4 69 145 115 685
4 303 959 378 915
4 148 397 685 978
4 275 813 84 593
4 721 469 884 252
4 105 735 319 919
4 742 702 643 2
4 35 163 897 281
4 379 105 103 3
4 831 430 517 455
4 341 682 820 79
4 679 745 60 744
4 54 350 310 251
4 480 795 472 405
4 94 631 962 20
4 283 846 804 210
4 947 175 365 454
4 421 81 907 597
4 117 379 524 848
4 515 106 155 471
4 34 535 377 630
4 865 342 897 978
4 621 855 422 145
4 437 772 515 153
4 35 40 719 28
4 483 774 375 402
4 488 641 93 124
4 54 634 738 498
4 705 65 905 889
4 234 786 12 220
4 425 586 515 785
4 952 34 454 800
4 465 544 472 325
4 560 341 559 670
4 329 669 752 776
4 307 872 434 805
4 238 65 758 907
4 810 456 930 602
4 837 410 22 402
4 644 45 820 467
4 722 366 903 365
4 607 273 724 664
4 595 289 17 340
4 618 554 791 348
4 609 457 371 563
4 223 598 128 748
4 34 620 62 646
4 717 602 342 628
4 138 48 966 974
4 566 242 153 209
4 417 348 293 143
4 944 786 697 434
4 609 212 895 509
4 74 716 586 485
4 318 345 728 856
4 152 663 942 252
4 199 310 849 905
4 231 994 345 155
4 690 160 580 638
4 625 294 77 476
4 427 31 341 989
4 909 877 22 948
4 67 909 231 20
4 682 755 343 660
4 89 636 44 362
4 640 970 559 670
4 322 76 86 881
4 609 354 461 531
4 97 699 943 553
4 127 222 139 833
4 611 22 980 615
4 326 383 648 608
4 928 989 180 140
4 395 170 495 585
4 696 901 859 356
4 357 341 623 340
4 486 196 916 124
4 705 611 656 423
4 824 318 519 752
4 427 329 780 635
4 369 304 193 633
4 794 861 474 740
4 588 409 453 86
4 515 657 786 451
4 789 645 677 797
4 427 897 403 400
4 488 617 794 19
4 313 299 600 806
4 348 385 339 784
4 611 741 867 961
4 59 242 472 498
4 690 731 107 579
4 655 239 777 137
4 67 292 201 833
4 465 611 506 129
4 676 603 415 621
4 475 958 537 290
4 138 170 67 451
4 368 466 3 982
4 794 465 371 75
4 265 211 849 975
4 815 40 66 202
4 105 933 84 670
4 229 588 929 990
4 435 111 557 575
4 651 939 782 701
4 146 313 965 58
4 437 666 638 433
4 427 46 346 758
4 61 433 65 152
4 933 929 985 64
4 160 3 261 994
4 300 257 377 916
4 569 626 984 731
4 945 422 974 543
4 356 946 319 778
4 898 382 434 420
4 641 557 440 44
4 23 582 760 247
4 644 524 960 195
4 246 525 301 450
4 311 392 770 464
4 243 442 474 653
4 644 322 319 581
4 76 16 804 921
4 205 855 245 670
4 425 645 752 833
4 651 234 708 870
4 623 735 620 650
4 549 755 490 778
4 676 315 865 447
4 156 84 78 635
4 208 582 579 195
4 947 313 921 889
4 482 913 146 175
4 443 980 486 791
4 556 487 812 762
4 499 156 191 737
4 792 133 4 330
4 521 22 291 363
4 93 818 784 363
4 199 777 556 802
4 280 142 47 968
4 863 815 20 978
4 567 600 613 926
4 609 885 460 734
4 332 921 29 889
4 292 504 756 909
4 90 861 789 920
4 609 54 834 516
4 292 551 558 327
4 595 325 522 758
4 26 307 630 738
4 501 655 130 204
4 861 58 200 38
4 580 30 109 60
4 435 319 475 653
4 242 391 361 137
4 644 862 623 907
4 943 686 960 82
4 444 7 720 897
4 493 455 352 419
4 549 455 853 131
4 619 542 894 646
4 119 174 756 301
4 995 951 758 870
4 854 22 899 58
4 15 40 771 898
4 30 209 578 204
4 712 338 766 385
4 961 144 293 607
4 184 716 790 971
4 477 331 784 140
4 747 751 794 897
4 51 467 33 21
4 632 79 672 80
4 549 154 320 232
4 199 62 29 217
4 231 739 479 537
4 87 912 663 128
4 771 614 624 42
4 753 594 118 972
4 112 373 678 152
4 178 130 810 565
4 519 751 62 212
4 108 481 792 735
4 353 683 508 249
4 19 492 115 479
4 87 717 373 715
4 24 527 985 544
4 12 614 132 100
4 853 610 267 800
4 616 242 894 175
4 586 626 954 893
4 976 616 703 792
4 146 119 892 416
4 501 520 6 553
4 605 445 219 347
4 898 558 678 954
4 160 625 734 486
4 170 41 725 762
4 717 547 852 638
4 935 184 226 986
4 90 165 399 964
4 842 206 904 932
4 794 390 451 431
4 318 114 176 672
4 809 874 294 251
4 450 681 263 212
4 186 604 203 769
4 846 934 84 611
4 227 176 30 187
4 993 136 504 939
4 470 693 332 110
4 970 35 459 906
4 268 669 924 298
4 611 608 658 531
4 384 368 976 833
4 815 264 809 476
4 661 853 593 451
4 958 309 933 428
4 147 965 220 180
4 501 740 118 581
4 383 48 1000 639
4 54 475 784 916
4 981 258 352 279
4 15 906 175 436
4 245 729 960 450
4 300 884 115 664
4 568 727 787 53
4 456 394 893 404
4 603 377 307 36
4 199 227 538 947
4 914 106 321 715
4 599 620 716 115
4 355 270 901 362
4 887 951 352 21
4 208 344 649 883
4 509 196 236 445
4 74 710 677 454
4 861 845 505 163
4 777 125 432 685
4 861 313 55 896
4 315 714 860 364
4 492 802 1 142
4 390 610 413 689
4 640 322 30 668
4 40 163 413 358
4 254 987 641 926
4 61 512 319 289
4 626 921 897 960
4 341 567 148 336
4 290 805 232 337
4 652 241 120 955
4 514 475 393 252
4 283 169 491 771
4 680 635 791 293
4 648 721 946 301
4 757 528 255 271
4 268 277 885 986
4 220 170 943 88
4 101 416 21 279
4 258 403 625 22
4 705 420 630 684
4 482 291 52 564
4 976 798 993 564
4 621 620 725 511
4 863 605 755 48
4 114 106 697 191
4 214 287 404 926
4 136 39 114 720
4 799 533 847 195
4 622 539 304 611
4 810 907 12 228
4 332 911 163 129
4 898 852 85 5
4 211 782 921 189
4 288 712 828 899
4 992 880 831 776
4 186 6 993 807
4 587 505 454 145
4 34 38 897 385
4 674 451 7 127
4 33 249 741 864
4 421 467 718 529
4 621 901 365 735
4 787 643 102 358
4 135 737 215 755
4 216 13 891 496
4 146 171 635 585
4 551 67 40 180
4 333 648 450 857
4 158 603 384 150
4 309 952 408 387
4 944 730 724 72
4 78 367 153 893
4 478 963 785 884
4 815 99 527 21
4 845 506 507 415
4 89 31 72 42
4 361 303 138 155
4 929 807 263 415
4 967 104 642 257
4 554 29 786 430
4 590 467 764 948
4 778 511 613 77
4 937 126 414 294
4 168 417 810 468
4 727 168 751 323
4 732 382 796 192
4 438 882 335 704
4 679 148 295 271
4 740 777 658 763
4 911 373 860 152
4 103 917 662 535
4 281 445 70 291
4 390 169 837 301
4 366 238 435 678
4 51 79 775 939
4 909 414 587 263
4 211 805 295 100
4 934 465 780 990
4 186 648 790 408
4 490 39 379 340
4 177 568 951 217
4 380 460 104 735
4 384 255 579 102
4 813 201 55 44
4 457 215 632 991
4 570 288 928 274
4 590 269 843 978
4 57 75 883 744
4 49 540 73 581
4 826 45 698 369
4 550 173 869 450
4 606 378 354 653
4 551 432 716 864
4 395 43 455 946
4 965 113 926 513
4 183 291 752 446
4 716 657 833 996
4 547 947 70 860
4 983 697 670 761
4 229 210 142 477
4 721 551 183 23
4 31 96 761 278
4 987 852 780 481
4 98 701 267 12
4 305 850 681 195
4 345 740 909 789
4 422 219 809 860
4 634 793 633 694
4 67 831 366 271
4 331 577 352 187
4 850 97 304 543
4 911 633 981 278
4 600 729 953 140
4 640 98 293 506
4 496 272 993 905
4 772 900 537 750
4 695 995 258 939
4 574 704 965 25
4 851 427 328 337
4 920 396 836 259
4 160 197 511 19
4 941 496 92 795
4 228 273 365 88
4 676 571 439 469
4 618 378 370 973
4 606 605 730 566
4 606 640 951 375
4 676 345 593 821
4 168 692 694 271
4 88 390 789 992
4 253 138 417 361
4 107 1000 918 867
4 287 162 660 669
4 485 800 709 994
4 354 357 526 767
4 799 98 333 242
4 199 939 872 452
4 230 62 630 476
4 551 320 487 722
4 611 621 660 948
4 116 701 366 204
4 275 756 830 448
4 122 125 393 630
4 969 957 950 589
4 471 820 942 757
4 230 836 63 942
4 391 714 141 250
4 424 736 613 97
4 893 859 58 537
4 695 717 526 132
4 290 736 912 394
4 909 88 426 966
4 917 495 116 715
4 290 840 902 834
4 490 980 997 920
4 328 673 873 245
4 421 489 663 96
4 957 873 128 972
4 976 490 788 635
4 705 255 975 249
4 632 139 859 494
4 620 987 530 765
4 987 866 726 865
4 438 98 885 663
4 134 663 474 278
4 101 799 998 474
4 119 778 985 397
4 300 243 744 730
4 772 494 937 296
4 9 475 865 446
4 546 517 897 860
4 612 641 769 220
4 270 636 733 100
4 159 911 883 747
4 438 619 5 864
4 492 721 141 531
4 793 316 918 504
4 709 425 727 361
4 176 162 59 257
4 87 329 101 394
4 522 590 692 377
4 436 982 196 31
4 824 357 97 204
4 437 840 800 241
4 874 103 183 104
4 867 492 240 21
4 488 241 118 450
4 521 253 419 96
4 894 957 787 975
4 550 161 583 36
4 732 85 131 579
4 74 425 327 42
4 576 824 577 80
4 344 82 730 868
4 921 8 255 455
4 186 217 932 543
4 145 268 739 918
4 297 186 322 937
4 37 447 724 982
4 299 255 408 890
4 274 946 355 710
4 493 545 731 416
4 901 723 315 653
4 126 723 402 745
4 863 536 366 241
4 159 245 114 891
4 728 226 768 684
4 760 323 354 701
4 163 203 444 617
4 53 64 72 404
4 313 655 798 404
4 780 756 94 683
4 652 449 594 508
4 913 283 389 94
4 457 313 640 617
4 616 135 39 982
4 588 236 430 809
4 177 438 797 366
4 390 43 526 866
4 640 3 856 328
4 260 252 997 685
4 668 392 974 936
4 351 764 31 22
4 695 789 385 803
4 586 967 518 829
4 582 698 294 527
4 55 246 876 250
4 979 553 55 829
4 82 430 943 468
4 999 187 801 161
4 512 275 146 7
4 24 422 41 57
4 169 838 495 657
4 934 239 715 763
4 253 311 384 337
4 549 885 135 905
4 262 111 451 704
4 952 165 510 378
4 818 224 758 806
4 780 615 735 264
4 688 364 985 955
4 341 469 966 821
4 818 819 165 450
4 492 322 656 890
4 912 901 816 876
4 13 272 596 643
4 280 620 787 336
4 528 343 683 942
4 484 51 359 956
4 425 11 592 276
4 455 655 357 936
4 457 581 776 938
4 418 911 898 204
4 193 949 962 50
4 424 116 745 674
4 315 719 314 63
4 823 677 26 905
4 960 379 114 864
4 367 567 786 978
4 983 619 237 756
4 158 534 153 673
4 852 494 939 707
4 713 281 228 22
4 768 680 505 973
4 74 712 648 821
4 90 830 500 957
4 529 474 479 214
4 975 802 467 84
4 500 778 980 730
4 380 526 771 453
4 495 680 12 578
4 764 84 115 706
4 605 428 271 100
4 818 385 459 187
4 747 683 856 700
4 361 858 408 729
4 21 245 888 906
4 119 686 804 279
4 831 574 869 808
4 177 833 992 718
4 258 791 152 685
4 980 43 70 938
4 470 580 287 426
4 611 140 862 966
4 917 755 856 323
4 515 367 524 455
4 818 477 789 915
4 799 958 895 281
4 743 983 20 653
4 717 836 398 856
4 790 612 831 781
4 199 779 410 204
4 716 542 359 937
4 336 492 37 783
4 51 623 590 973
4 611 438 902 352
4 944 826 601 159
4 435 499 747 986
4 302 571 491 899
4 77 12 883 68
4 717 288 521 552
4 112 381 601 241
4 907 379 997 707
4 534 499 853 19
4 16 975 698 773
4 635 19 530 567
4 554 710 573 189
4 381 23 222 525
4 904 751 228 733
4 983 747 890 628
4 364 153 94 821
4 290 456 736 76
4 390 871 738 21
4 826 81 740 243
4 549 980 519 250
4 239 983 942 891
4 62 623 891 38
4 840 248 235 513
4 874 5 997 504
4 650 841 866 31
4 210 271 219 174
4 712 128 830 121
4 478 344 743 953
4 421 894 636 646
4 913 607 265 44
4 667 338 277 508
4 539 418 786 364
4 632 719 828 639
4 292 798 752 760
4 64 33 43 299
4 973 93 524 951
4 710 123 469 891
4 826 171 781 722
4 231 847 197 942
4 590 962 925 403
4 813 816 926 296
4 304 105 961 956
4 223 756 897 581
4 139 112 949 553
4 772 719 88 836
4 111 885 498 862
4 505 840 60 284
4 142 103 414 374
4 13 86 932 630
4 634 996 968 860
4 851 416 706 23
4 270 466 834 886
4 410 498 860 387
4 388 393 171 99
4 16 119 751 703
4 155 463 908 299
4 135 303 386 129
4 598 562 888 553
4 675 607 170 316
4 446 248 737 703
4 62 774 196 155
4 594 869 83 731
4 101 788 85 396
4 811 300 998 900
4 607 38 36 285
4 54 136 607 151
4 303 528 725 864
4 501 106 439 954
4 111 185 187 310
4 867 162 658 821
4 509 25 908 65
4 84 895 423 924
4 139 99 395 955
4 786 961 214 734
4 305 696 958 301
4 361 368 197 324
4 392 783 352 671
4 519 29 52 939
4 498 383 748 433
4 342 644 203 891
4 51 964 174 333
4 69 776 219 987
4 928 805 946 513
4 67 520 837 670
4 898 667 670 198
4 609 262 111 972
4 742 967 730 727
4 847 667 766 432
4 442 308 834 707
4 111 780 635 564
4 232 233 1000 291
4 160 643 545 269
4 898 855 53 220
4 480 880 780 864
4 168 522 387 234
4 952 678 531 689
4 727 697 775 31
4 599 840 44 974
4 275 103 288 537
4 577 694 275 869
4 35 652 304 7
4 243 861 762 866
4 483 510 805 723
4 752 859 276 992
4 98 344 372 559
4 309 345 604 191
4 588 795 896 975
4 979 805 766 523
4 219 151 98 391
4 90 199 595 922
4 549 292 827 355
4 827 590 850 328
4 438 578 925 129
4 799 696 528 914
4 840 994 526 24
4 424 366 151 2
4 391 138 925 654
4 101 561 535 145
4 836 675 211 467
4 500 816 626 433
4 412 772 97 448
4 592 382 334 324
4 164 298 40 639
4 437 934 959 516
4 541 578 174 204
4 487 523 420 296
4 732 268 593 446
4 48 76 513 761
4 788 954 757 198
4 168 194 809 80
4 590 320 391 720
4 188 896 671 402
4 485 26 522 144
4 327 78 829 576
4 411 784 152 202
4 577 368 326 431
4 283 804 4 249
4 900 473 616 834
4 493 148 66 649
4 667 170 843 249
4 560 777 142 50
4 563 523 206 559
4 283 687 151 791
4 593 813 447 436
4 421 52 749 670
4 8 912 387 906
4 887 392 879 907
4 389 619 868 633
4 993 824 8 91
4 480 526 52 365
4 935 903 873 801
4 892 314 377 816
4 668 397 298 946
4 58 489 649 928
4 694 607 919 990
4 848 467 751 956
4 907 1 17 864
4 846 508 371 973
4 11 838 624 518
4 682 158 181 334
4 636 536 663 722
4 882 562 347 628
4 160 855 731 97
4 62 393 628 564
4 108 795 928 881
4 635 79 561 192
4 882 574 807 581
4 490 86 516 926
4 842 651 577 782
4 199 373 756 860
4 401 303 675 771
4 465 554 410 767
4 823 183 408 57
4 533 352 172 366
4 573 907 172 502
4 438 595 338 870
4 153 55 144 961
4 381 606 622 122
4 746 463 573 180
4 930 145 918 255
4 333 840 524 436
4 853 288 987 249
4 248 300 912 768
4 399 623 740 22
4 90 243 395 94
4 330 456 908 141
4 316 159 491 395
4 353 223 594 354
4 625 818 809 538
4 831 248 99 137
4 693 816 750 955
4 666 749 726 351
4 549 462 37 69
4 460 720 547 730
4 203 828 736 442
4 959 754 460 233
4 918 172 116 430
4 819 119 439 767
4 612 517 140 888
4 82 183 928 643
4 928 319 22 628
4 287 598 961 853
4 976 596 966 833
4 843 670 777 38
4 560 930 453 476
4 734 869 841 733
4 492 66 203 785
4 492 110 893 803
4 240 228 890 663
4 749 127 143 115
4 520 411 569 562
4 130 73 445 604
4 512 588 779 2
4 759 323 502 503
4 512 498 935 179
4 370 595 889 886
4 236 179 453 763
4 550 541 869 796
4 732 449 152 505
4 704 598 787 410
4 470 142 323 775
4 171 364 693 312
4 23 780 564 955
4 836 939 642 531
4 497 796 890 423
4 741 403 152 889
4 210 790 624 206
4 469 632 538 55
4 11 914 351 886
4 173 558 996 801
4 267 732 953 139
4 26 678 947 279
4 200 867 249 821
4 913 819 118 891
4 863 501 731 46
4 601 384 432 129
4 134 776 149 608
4 234 582 257 70
4 913 458 436 689
4 609 144 82 2
4 603 660 86 249
4 126 9 736 80
4 967 414 581 662
4 223 535 509 361
4 178 381 318 306
4 117 93 369 203
4 27 571 825 832
4 101 532 273 969
4 749 211 616 206
4 341 460 667 132
4 231 836 467 291
4 424 372 554 775
4 442 621 128 559
4 318 411 654 140
4 197 778 293 947
4 607 548 94 334
4 342 859 838 692
4 944 721 690 385
4 742 786 337 393
4 920 845 422 273
4 980 81 407 915
4 181 524 284 585
4 826 412 376 461
4 51 525 20 433
4 24 333 871 987
4 452 254 3 733
4 13 812 706 808
4 427 794 977 456
4 587 163 153 241
4 599 722 711 498
4 769 407 77 56
4 144 875 754 102
4 499 850 893 4
4 880 940 954 931
4 817 848 382 80
4 111 728 510 707
4 815 545 221 86
4 680 139 951 531
4 528 891 366 72
4 854 851 528 963
4 270 403 992 724
4 460 495 250 809
4 197 593 962 397
4 57 76 646 981
4 969 210 993 825
4 756 632 225 797
4 954 924 429 991
4 398 659 555 236
4 371 457 792 741
4 526 996 665 337
4 276 266 336 25
4 795 723 939 956
4 732 952 730 684
4 253 557 454 153
4 163 71 196 720
4 326 269 892 41
4 506 31 660 386
4 483 715 464 585
4 25 725 162 20
4 493 622 934 218
4 832 315 339 985
4 720 879 962 86
4 196 847 115 150
4 297 166 497 3
4 783 371 858 912
4 3 706 973 195
4 239 898 699 987
4 717 51 884 982
4 403 946 260 392
4 477 577 243 537
4 854 883 301 210
4 260 39 557 322
4 153 419 778 22
4 274 689 537 767
4 27 399 537 750
4 669 391 234 933
4 429 241 339 498
4 164 824 802 334
4 804 600 154 25
4 930 105 90 636
4 323 462 388 860
4 394 548 623 829
4 317 489 998 243
4 78 618 771 942
4 268 368 465 333
4 592 883 150 700
4 815 548 258 217
4 460 968 942 132
4 46 158 361 600
4 887 818 370 585
4 922 371 486 848
4 283 192 247 543
4 783 55 68 223
4 457 758 738 344
4 913 970 479 12
4 316 668 730 169
4 229 34 553 956
4 592 737 10 973
4 794 86 143 400
4 101 211 131 767
4 26 723 23 334
4 467 19 945 4
4 907 909 132 56
4 627 35 614 919
4 676 717 758 751
4 240 205 517 114
4 609 230 563 461
4 154 800 339 576
4 627 908 877 17
4 163 318 507 781
4 989 838 126 238
4 874 492 926 141
4 153 616 319 76
4 332 839 70 306
4 934 782 489 919
4 79 726 612 487
4 754 792 458 715
4 82 121 974 336
