1 1.093561694941439
2 1.7805567381403542
3 0.44786141445228134
4 8.126885507048755
5 0.56929314969484
6 13.921929883515853
7 1.100843086187325
8 3.3411499217314002
9 0.15937331259352316
10 0.4935010317818636
11 3.370167105822898
12 1.5674167219282762
13 0.08353167699381156
14 3.638126358327566
15 8.774246373045099
16 3.6102765052169348
17 0.7889150617175031
18 39.660338306605304
19 0.0799069411840101
20 0.07548704113351107
21 0.5687913362072852
22 1.05091072318928
23 16.71733847332048
24 0.8737425572313073
25 1.9537931731335139
26 0.9279053309156097
27 0.19009416729285028
28 0.22756954504024746
29 2.820137357468673
30 3.6985120019922766
31 0.41247461874288516
32 0.018936721517289992
33 0.662092343237235
34 0.044191398545438076
35 10.522125180742353
36 7.438689003869029
37 2.432572610755724
38 0.1616931533290218
39 0.3487553604036589
40 3.8526903982162173
41 0.5776445659001566
42 2.047402141131071
43 1.3510000894334269
44 0.2599038185071299
45 1.0140787714874124
46 0.5614775809908865
47 0.9254171058872567
48 3.827944914379119
49 1.3329640803479346
50 0.9455214096746042
51 1.4133254894092624
52 2.734038042972303
53 0.021544508024389182
54 1.6490980301258753
55 1.6445029535493214
56 1.465330319206873
57 0.4243228933158378
58 0.7588433743151031
59 7.228275505290192
60 1.1489450506562489
61 0.4881635756428813
62 0.055255316493654096
63 0.4565021476302476
64 7.336296704899841
65 0.036838460885767955
66 0.08545655120455825
67 1.910984121461978
68 0.44704976370303123
69 5.367804030447764
70 0.037048110821130666
71 2.3210334789287934
72 8.907537903446396
73 3.1087713969046247
74 196.90057272934973
75 1.2905817997909979
76 1.408716639166156
77 0.29542384224142765
78 0.4616438515172814
79 1.4787226907131759
80 0.35615046366277087
81 0.2542483194080414
82 0.44433734065496583
83 0.08979424728981542
84 0.5042726268385547
85 2.5318146268975377
86 0.5198789117753003
87 1.9611596161823055
88 34.947788156337275
89 0.8140926502396341
90 6.411987575665557
91 0.6246354653222284
92 0.016647816615476273
93 0.7889047944966107
94 6.150890357254903
95 0.005512307758194859
96 6.834621529492015
97 0.10599309583117382
98 1.8599009970156624
99 0.959584632523214
100 4.4979686532916885
101 1.7801668943377251
102 0.8440211855030694
103 2.011531908009216
104 0.2304386855346961
105 0.9902568630583315
106 3.3964188565315876
107 0.18240952617562603
108 1.1350199709002537
109 0.09563129583821797
110 0.27279996195999984
111 0.20579663049948732
112 0.14367536439356307
113 6.609847485274639
114 0.12882045639589138
115 5.051644982698981
116 10.82494641613819
117 0.005562098542514853
118 0.5647899715490027
119 2.379095011132143
120 1.0599253816814904
121 1.2771373324476498
122 1.6036766155254494
123 1.0421218730255875
124 0.19200904801997926
125 0.37991915227384365
126 0.8285374047081929
127 0.2411509924951986
128 0.7921920992669585
129 1.7341883996765814
130 21.76984732189645
131 0.004792700058798292
132 1.7273905605298447
133 0.442438999412865
134 13.31972704007934
135 16.05527408893048
136 7.31373475975998
137 20.26755119743979
138 0.5560013318131993
139 2.779024056949666
140 0.10106962181089724
141 0.09928683111002341
142 5.283048792205188
143 0.05030366508113544
144 0.25718303948197185
145 35.97653209551437
146 0.6357582618074619
147 0.6508433069881747
148 2.724686417007401
149 4.666740558713164
150 2.8855132188488954
151 0.894930695419042
152 2.187738469835142
153 6.594190650129335
154 1.8335541696244066
155 3.4788437027842227
156 0.024472597007991106
157 0.549935250648922
158 0.8102816253159493
159 2.5806554058697433
160 1.180746249749002
161 0.7421282315457471
162 1.6566810051687764
163 35.830131553714814
164 0.20177417852940865
165 0.4785960550790176
166 1.540335896044821
167 0.49262981725024224
168 5.237556769792748
169 0.5234200755990617
170 2.1030012901950323
171 6.110373724193818
172 0.1517315722569854
173 2.878634191686418
174 0.6098380348896529
175 1.2837244213233898
176 0.6066757517422454
177 0.03927175520470701
178 11.374015981731503
179 0.6902373283236675
180 0.1829212303047157
181 6.289415939180474
182 0.05268894289540884
183 1.4909098821891724
184 5.336371292840535
185 3.1842830387499093
186 0.31249606477940217
187 5.377041068248588
188 1.9419746646435296
189 4.757175273980663
190 0.5720407095965409
191 0.5284847442430185
192 4.268356549690578
193 6.710769539582056
194 6.806876482698268
195 0.1691960776592485
196 3.318819480614619
197 0.17485137231805953
198 0.47951418433479165
199 10.926450386117773
200 1.697393534022645
201 10.983233123200625
202 0.9952092620058332
203 0.0732544522729218
204 2.045022238159852
205 10.493333685988471
206 0.2610461957727794
207 3.055021360436494
208 1.0357973313535798
209 0.5990147795531746
210 0.03749317153254363
211 0.618246605553066
212 0.8843930238579147
213 0.23361572880748327
214 0.23293373330278122
215 0.5995172318735338
216 6.5099761555055204
217 1.7903969995322226
218 2.0788444189137674
219 0.15764567283852682
220 0.10882019598536671
221 0.5051560807855823
222 0.16676643089496548
223 2.640196894728076
224 0.051973297286851246
225 2.2473076039370743
226 10.45763785739071
227 2.0021685892839125
228 1.8769978276810124
229 1.8999006057898926
230 29.25416475638605
231 5.060828198613684
232 0.2602502597658915
233 1.826241227349981
234 0.04617211435957091
235 1.2614009191044493
236 4.2441307793378575
237 0.33667101877140165
238 0.33720739184810705
239 0.26354433639325753
240 3.357268684070653
241 0.17364398779090817
242 2.336400884771612
243 0.2390766985852921
244 1.2088021714046115
245 0.5430379738885182
246 33.083975074768
247 2.5889582343862374
248 0.16899498629749732
249 4.791148276051431
250 23.583730970972198
251 2.050431246408379
252 0.25776410144847006
253 0.3039087367943286
254 1.6547770487292695
255 0.16535894211745616
256 0.3295732168184658
257 0.03253800462804048
258 0.21397635496683579
259 0.2573169466432171
260 1.144725367149432
261 0.8616422750174321
262 2.641226552492337
263 0.32937563717163815
264 0.08581030295636138
265 0.3415961783785053
266 0.08188891468719817
267 0.4356411886687711
268 0.6588028674516485
269 1.506348454677767
270 0.03447072268258634
271 0.5398797634900135
272 0.1427873771517138
273 2.7846820291900656
274 0.26602523972347647
275 0.021894483034963875
276 3.7168468363996037
277 0.3369807441576458
278 0.15385894729142724
279 0.1817394507291414
280 0.48153464125105866
281 5.369420819054857
282 1.075376091531363
283 1.0447578004490596
284 1.330004099689552
285 3.7026955171803824
286 188.4626179006235
287 0.5176856353496917
288 2.0618333887109594
289 0.1159418252592844
290 0.020847596326245922
291 2.3673049587372836
292 1.4474257152385046
293 2.4134297731941707
294 7.777147237952035
295 0.5465474687158968
296 0.7950410615870108
297 1.4892001144104239
298 0.04896894730156506
299 1.6000526301610145
300 0.2255891631558846
301 0.04377614519916042
302 0.031487244613040234
303 8.302533644333602
304 3.332870872938006
305 1.7537329272408086
306 2.1843375679259522
307 13.246725113026873
308 0.6512856026059785
309 0.4163967796094497
310 0.4458260028204338
311 4.147793478691145
312 0.31102740283468827
313 45.48730930874944
314 2.1237128121457727
315 1.0163071518704803
316 0.20293098409001606
317 4.752804314217525
318 4.811083956475637
319 0.487830347110081
320 8.510768217819644
321 4.942976468983761
322 0.09814758608487133
323 1.364558931231859
324 0.9708408154335405
325 2.818011920004504
326 0.10237295691483701
327 3.9677549868998296
328 7.827933362764427
329 0.6854093312868289
330 0.4105758326530185
331 1.6624087474864466
332 4.573483704508934
333 7.057538480237524
334 0.24487359070083223
335 0.3947440587715453
336 46.274604880197586
337 0.01595807185553405
338 9.15531218978201
339 1.462058570689608
340 0.25627808821710985
341 13.86790732236839
342 0.08604866294378571
343 1.6512446347796765
344 1.173482939397233
345 1.5506371647296298
346 112.4790550474126
347 0.535213298207554
348 0.46734351333216645
349 6.288418282492987
350 1.6078813932917684
351 27.261138186287152
352 2.176746444741242
353 0.6791103845822646
354 20.09210565864476
355 0.6051764463993664
356 0.8800410167375828
357 34.47078381487798
358 0.3742326509150764
359 1.2249711595203683
360 0.3578476932417157
361 0.21895857765124224
362 4.60174425083755
363 0.9716842826534102
364 0.3653871880168134
365 4.1443208429031015
366 0.33248319341414034
367 0.8631995414979244
368 5.437732666758956
369 56.11099479654328
370 1.0800176362767708
371 4.834801255570155
372 0.11993047448188407
373 0.07281610331238698
374 18.477207665582952
375 1.159685652071122
376 0.9261536635573386
377 0.7393424663369691
378 2.7795793822331207
379 0.023176144730038442
380 0.2705052321135491
381 2.5003171886009867
382 0.4977299292342439
383 0.6510034814681905
384 0.4083824560616973
385 1.7406375121446336
386 0.8584093553664481
387 0.16820245170151785
388 1.3417719631128688
389 44.91111947124366
390 1.1686837803549042
391 1.909647932386421
392 36.44814661037364
393 0.0023777828442109682
394 0.0096153847126808
395 0.0027337398767995273
396 1.1293325230637086
397 2.362280923806595
398 0.9306409896424082
399 0.32049453010798207
400 0.022182757126560593
401 0.446990848039449
402 0.7118223050135684
403 2.0877765881555232
404 2.6302058149637335
405 4.901066593285863
406 0.3523932813988173
407 0.5936022807522219
408 11.255384004208972
409 9.564814834010411
410 36.442273981524565
411 0.14037899313096439
412 0.6849222167769577
413 0.2636261178963612
414 0.3999781336782013
415 6.07821794640075
416 15.44063733608944
417 5.459592731386409
418 1.320868812151804
419 1.1321405629671344
420 0.06264844024133634
421 2.6284510653299273
422 0.5026449923562204
423 0.8346473519918663
424 2.1890521952322657
425 1.142574185911088
426 1.0444436129211108
427 0.08837734030548113
428 0.3219535327104134
429 9.369824623608835
430 0.11123334458436665
431 0.21548066550335304
432 0.9346641645514249
433 0.362407448798144
434 1.0447355508113216
435 0.19108744238490438
436 17.705033897391147
437 2.0108785289368987
438 0.7088155299107531
439 8.119732480984636
440 5.420791597238654
441 2.5059852816941315
442 0.7074663061306361
443 0.08546327787771671
444 3.1137033646817405
445 3.8814393460998806
446 1.3851130753363181
447 0.3614653145380506
448 0.44808163777087323
449 3.73495647115185
450 4.296469682647012
451 1.486080199309247
452 0.5249545798811364
453 4.671887069545427
454 0.13983742229545168
455 88.29418269851288
456 3.275764980382108
457 0.7784113284501424
458 0.60820690055251
459 0.42695033915634234
460 1.4293485177188265
461 5.343425618210516
462 0.04876517538284539
463 0.318669238165559
464 0.5807760177647576
465 0.8199448705445382
466 0.9558049038277323
467 5.919093240641153
468 0.17608838493853773
469 2.0070859148893048
470 10.312093973356115
471 329.58421386204236
472 1.3866752175101786
473 1.132883884339342
474 0.4493878381995197
475 0.28332869643756037
476 0.36641991093414433
477 1.0796319568442354
478 0.08833017485731591
479 0.06450450739477383
480 0.22815978392726435
481 0.10445574611991187
482 45.9874908559227
483 2.410858157973116
484 1.6507879555672107
485 1.2417827188130235
486 1.0435398683811463
487 0.3265965281691968
488 0.3829117563557181
489 233.0832411976046
490 1.993806696374323
491 1.6898449541648481
492 0.6964252780823097
493 0.8141732469806252
494 1.2071264570050015
495 0.28919009905919835
496 27.37852376799511
497 1.070043748702896
498 10.455412015045424
499 1.4786605621938673
500 1.7011342682389057
501 16.869128084751004
502 8.392436876259703
503 0.04820783989683073
504 1.6328919795224748
505 3.2199948687866136
506 2.693455010007617
507 0.6099950927924862
508 1.4577003751251412
509 0.010973868131975885
510 0.3228399547808036
511 1.753891125599409
512 0.545415145259668
513 2.261992723484294
514 14.606337542422787
515 5.382713615952372
516 1.1580123249969527
517 2.0424302130954377
518 1.1366563099479359
519 0.37244948381954424
520 22.546501957770698
521 30.13643155791915
522 71.35517816681146
523 0.06707981075175681
524 0.586093149782154
525 1.2178919265270485
526 1.990950666546312
527 2.650747389160912
528 0.21888811668727817
529 2.994208870007274
530 0.6969999577491566
531 4.739293215190171
532 0.623362982002702
533 6.1826530598155465
534 0.6191742908837612
535 1.775719972503156
536 0.8734059954308743
537 3.2673914420229138
538 0.49644860826179316
539 0.5347672738979967
540 0.08996626810436922
541 2.079223896181267
542 1.0624972917407023
543 1.4139534639642988
544 2.7615736536872126
545 0.39926728926428084
546 0.602139238698682
547 0.3075047287139315
548 0.031476754907827184
549 0.424575301581709
550 0.9173440609155705
551 0.20496662886298853
552 0.8107113986913953
553 1.2151259413252269
554 2.73173103910475
555 0.03864241258093969
556 1.0027723970449975
557 1.821696611513518
558 2.5287074400327065
559 2.1417303994604606
560 0.26330430390076065
561 1.1979857033011523
562 3.9403182691094463
563 0.9913564761649151
564 0.8473542284519721
565 0.3599869489767814
566 3.7034002004404707
567 11.537010349602571
568 2.414238276766069
569 0.16852752163926177
570 0.18606639325740965
571 0.12426308648822834
572 1.5342028884047567
573 0.12919905780986793
574 0.007861565426255742
575 9.113157548264391
576 0.44578297408758194
577 1.2810659643212898
578 34.073282371464146
579 0.1446954376773871
580 0.4550937924812736
581 7.630833879890301
582 6.99087986062653
583 0.1432107928696916
584 2.6892501609066124
585 10.212193976211035
586 12.714344345976508
587 4.159311023332877
588 0.8470568758137996
589 0.7181059022459025
590 0.06574595076858725
591 0.9638594430577581
592 3.0945567994430982
593 1.1737712097466528
594 5.011941435153301
595 1.9715655265443588
596 0.36506527805256483
597 0.10652922010534814
598 3.6640090141787907
599 0.7081866640074241
600 4.278171687304471
601 0.2794551910001937
602 0.2882292882776942
603 3.450089461548628
604 0.30570923872062744
605 0.25151524138623205
606 0.8629957021781777
607 0.41620544378457797
608 0.25206873890898346
609 2.485782373236189
610 0.32692375362984144
611 2.7755839882978064
612 3.010116593945747
613 1.0061274513938843
614 0.8424341282899365
615 0.34768571022657047
616 3.1299715182529573
617 3.1794798237726525
618 1.1005029431708153
619 0.4964406151063939
620 0.1933650121300146
621 0.34723337049184044
622 0.4357889659893637
623 3.554226465509858
624 1.539765108630085
625 40.278799181544315
626 1.8293031096549994
627 0.7557772564891267
628 1.9109576812877709
629 23.06113853845807
630 0.4544298396107202
631 0.34709883355218524
632 75.43178505717633
633 0.05555336046254491
634 36.73518348576855
635 0.6680613894022671
636 1.5066718323987078
637 0.0285609577825292
638 0.3859675885319998
639 1.5224562935928447
640 7.254790191663531
641 0.19975094379097444
642 0.4521863719886039
643 2.2304614726766356
644 0.02154764408443261
645 0.03981934954895751
646 0.2152481296132974
647 0.8164409653468302
648 16.15217759625777
649 0.7077376471443231
650 0.12756404579782038
651 0.3880271007218712
652 16.757239317472425
653 4.1956266711952015
654 0.4574974834923112
655 1.2334738905153737
656 4.9977146125916345
657 0.9074223808360135
658 0.8213069230134581
659 0.9725946424232721
660 0.9705172087080639
661 0.7213066865272365
662 2.965853739093018
663 0.08423364764869307
664 10.015374258209974
665 0.1254920116791199
666 0.46925256029304857
667 9.69815625840853
668 0.32041562783599026
669 2.892498581539615
670 0.004611841373731075
671 0.9302422594699669
672 3.72699218665079
673 0.22621514237642593
674 0.10530341466699211
675 12.222614705023615
676 0.27947130333655423
677 0.3021036978301879
678 0.2574361943259177
679 0.0061104053878164935
680 4.638940220318892
681 0.7957194249237742
682 4.383905163825129
683 0.5456672915657674
684 4.990326090466543
685 0.29673099487852317
686 1.6068357343257345
687 20.89676665963915
688 0.13676947606213183
689 1.3752117974479705
690 2.107169690166151
691 0.6466893851489924
692 0.49178344619654885
693 0.3367382002157408
694 1.240238626262815
695 0.7443269247079921
696 0.29220227272424004
697 2.571447433035106
698 7.932145207171382
699 0.1796160514816979
700 26.302379489480433
701 0.09525519988524356
702 5.478866175482556
703 0.2109610003571988
704 0.4583646815206746
705 1.5677335732476585
706 0.1509797914737058
707 1.369031481741531
708 53.7115157977865
709 0.4114943929132688
710 0.11131800253565241
711 4.802686995226424
712 0.9614322009552723
713 0.3426417834629923
714 5.823039448725549
715 0.37170145021685014
716 2.123842588529881
717 0.4725190141657629
718 1.9955113711952097
719 0.1264266481110306
720 0.5419747163071172
721 0.048282180647295524
722 1.4953401343709434
723 1.2621614636437446
724 0.425011725639215
725 3.791207750020696
726 0.28211708307872235
727 0.03741375829716834
728 1.0478452986658824
729 7.070775461323589
730 1.549242166107276
731 1.3316582685863878
732 2.147502340462586
733 0.1212074270739377
734 0.7203848161158625
735 12.31756990017697
736 2.8856333504360556
737 0.5197486605651577
738 1.6389286551920097
739 1.99399481160983
740 0.49889687634422136
741 0.5835558213690527
742 0.12012913003946148
743 0.17640908872621575
744 0.7107606193119577
745 0.8509197368414013
746 2.5595053646618715
747 2.594146614209188
748 0.99166140130704
749 1.7025864104892237
750 4.812814779570654
751 3.330565275400231
752 0.20050998406414608
753 0.7914155880801732
754 16.428754789593803
755 3.8665990430428603
756 0.8807631059065797
757 2.12044098945628
758 0.11816875338242963
759 0.7045351201332286
760 12.532717375133476
761 0.41990989440230986
762 0.40992063397176176
763 12.59800212733356
764 0.18052973412642942
765 3.2928419377911897
766 0.8801505232846564
767 71.4195169545435
768 0.6744374199483176
769 0.5293588722076944
770 0.2773687372592403
771 0.8395213032284614
772 0.15232919204533293
773 3.539792222745598
774 1.3024092643670906
775 1.3738211656780046
776 0.3384803753699287
777 0.7524383039882572
778 3.414459865778259
779 17.772394069592938
780 0.18953581929113922
781 0.06956563730628246
782 19.138897342333237
783 4.152219031233149
784 2.0074073512511776
785 8.828361985905495
786 0.28044091340072563
787 0.1992426865404807
788 0.40059073235414877
789 0.5582188203689198
790 0.08446663056685078
791 14.53903971541323
792 1.6842147924960014
793 9.234603182089376
794 1.4745265780081083
795 0.25230981854616846
796 0.21363046800087357
797 19.975612065865736
798 4.541586367145918
799 0.40431559552779134
800 0.5383493896204281
801 0.1687499768523395
802 0.030114893610491578
803 0.36716201958639366
804 0.13744716146790717
805 3.2559095176413697
806 0.07972722494752314
807 0.856042502933768
808 0.03792944892291491
809 0.5841262917189997
810 1.5161185256843979
811 0.877835728729
812 61.1050429192956
813 0.8323554650021652
814 2.6616400726298175
815 4.980057789983881
816 0.28376506322934747
817 8.754977503256077
818 0.6738171973763086
819 0.05770517483659227
820 74.93544646926681
821 0.4577196020925427
822 0.21140448530942701
823 1.9962799465767431
824 3.1203306912354933
825 2.5291914962172055
826 0.4571267314001152
827 8.7878079381738
828 1.8388095837684388
829 10.42233926852054
830 0.4726615018204408
831 0.3356260377022889
832 0.6600107380608314
833 6.35245503046452
834 1.1388193276058274
835 0.3155981434995328
836 1.8642294804717081
837 1.1291413580501188
838 6.838129750464
839 0.9586830655207468
840 0.4677476955364593
841 1.2488554351645993
842 0.16464866100119754
843 2.75129232273767
844 2.7382314304602926
845 0.4030326221444265
846 4.806269760124883
847 0.015431787220342866
848 0.9978371253172279
849 1.07532259646686
850 4.416260913693765
851 0.3610324967832839
852 30.46784951811318
853 0.3712775418508276
854 51.74763648639155
855 2.2844017824164347
856 4.6079292823941165
857 77.36442094313128
858 1.3506499885135583
859 5.595371037075989
860 1.713544818825168
861 9.191903986171647
862 0.3601051979267516
863 4.839336475954342
864 2.0487477631119018
865 0.20903588035821702
866 5.908757267815002
867 3.2986053743281376
868 0.02785809780665306
869 2.7013004486778702
870 59.30808507786582
871 6.223894203225387
872 22.32395884660021
873 2.590770354023992
874 3.2377440719877133
875 0.14518419520165435
876 0.27070497230122387
877 5.661162939418506
878 0.13526121788801818
879 0.5318520614864324
880 4.67295321379799
881 3.815198830319516
882 0.17270659345637324
883 33.967481342571375
884 2.146056505384092
885 0.6562959090400222
886 16.378313982523714
887 2.1777316582977275
888 0.5789335278319615
889 1.046459562309277
890 0.22161227198332634
891 0.6014304173130935
892 1.728100302375505
893 0.6177978655980998
894 0.06078193291038217
895 4.939933012913829
896 0.8238451503248636
897 0.220035853627622
898 1.7635649430885671
899 31.043803599706337
900 1.0487772529608688
901 0.8219971212848536
902 0.1891535437007866
903 0.7404776104614462
904 1.2323142175493866
905 0.9525501618837894
906 6.927480199237295
907 0.6140427944633347
908 1.6442777652658214
909 1.2863063269607697
910 0.025956866127781756
911 2.4717206115038537
912 2.9295323363662056
913 0.054618257187334436
914 0.5285915519965065
915 1.0030759905958604
916 1.0471278557128303
917 1.7956863027184262
918 0.45513637678161795
919 0.8726895759583191
920 0.19134122279204913
921 1.4771437312822946
922 21.347715767832383
923 3.0610572997009506
924 27.28999880276538
925 0.2057580126894049
926 1.3624828265961424
927 0.7379392005308967
928 3.764363699101769
929 0.03618656955397984
930 1.8278215696540139
931 0.23727167462737028
932 0.5890777889049208
933 0.09844727256826312
934 4.107215373372881
935 0.37971575009821384
936 4.98493292772924
937 0.05995670526267221
938 26.237382787211224
939 0.5497853795481954
940 10.857201209159422
941 1.2310726607077194
942 0.09409188995713051
943 0.06885179786085063
944 0.38055266877492183
945 0.1422646988662569
946 2.1545962633239917
947 2.9980292173224767
948 0.07845156513141549
949 0.06153658593116863
950 2.2886956120239783
951 0.4749309982580733
952 1.2289075096439814
953 0.03283257622890975
954 1.1956010562121433
955 1.6329170306306298
956 0.09088661735454671
957 26.4056323782317
958 0.2893937504333396
959 0.6080888373135547
960 1.778750216791001
961 0.08579548250739255
962 0.04556376933528931
963 0.4014957397908634
964 1.0005955104816806
965 21.73418082669356
966 0.0202127541061811
967 0.07780429906532148
968 0.02240836106156416
969 0.2945716646829852
970 1.916113836316258
971 5.2564507211385605
972 4.166348038324008
973 1.7897535183813829
974 0.1281996555290131
975 5.3848036212739965
976 0.2575187711352508
977 4.178028697713575
978 0.04426655612668593
979 0.019834318079288985
980 0.7279453842704064
981 0.3815947126061959
982 0.21484249048765627
983 0.36898556858208786
984 119.87303605861348
985 1.5125066922890715
986 1.5482639295612808
987 0.9941363200166217
988 0.057912048107227304
989 0.5789596058387798
990 12.108088336368963
991 0.48776832124099734
992 0.1870756012825807
993 1.8966025903384645
994 1.8638107444983842
995 0.30108368962785853
996 0.7424760389065774
997 0.9346410801547466
998 0.8495042518084917
999 1.8409278275618286
1000 0.6783840239413846
