10 127 848 711 732 365 389 77 794 849 435
10 437 741 800 61 848 253 306 513 35 776
10 555 213 373 269 619 200 980 656 831 91
10 423 898 914 260 139 188 463 433 499 2
10 278 10 772 655 70 577 959 545 24 486
10 891 518 409 627 487 885 700 320 310 176
10 823 888 441 506 389 779 944 636 485 241
10 621 458 844 199 143 999 547 738 566 34
10 55 953 45 152 856 748 333 331 101 403
10 507 302 120 630 351 18 389 85 656 926
10 137 315 481 760 182 758 877 794 271 846
10 604 409 173 679 353 315 752 153 321 794
10 680 758 282 101 257 685 499 631 910 262
10 413 707 43 473 323 247 200 891 254 769
10 449 411 76 525 701 251 655 669 360 817
10 335 279 353 11 453 205 705 734 140 959
10 802 164 698 612 555 264 446 201 99 810
10 844 615 30 311 546 387 873 810 309 118
10 870 649 542 572 63 580 488 410 898 613
10 305 477 523 25 947 258 758 432 620 415
10 39 824 963 954 227 913 773 730 4 295
10 203 773 40 364 998 38 941 854 873 889
10 154 345 961 784 508 70 974 175 575 970
10 422 712 394 183 232 57 318 42 984 601
10 446 864 587 656 487 101 848 685 925 377
10 211 434 881 147 564 184 267 432 383 822
10 741 516 411 607 364 360 334 795 694 623
10 203 518 322 649 210 385 604 463 623 85
10 259 661 274 610 651 314 323 128 482 366
10 317 932 626 642 750 489 901 921 990 829
10 61 13 883 418 505 386 731 32 234 513
10 356 677 175 43 731 434 239 509 850 959
10 455 429 565 326 915 81 991 534 218 703
10 562 307 452 610 346 381 856 898 125 636
10 714 842 466 304 458 648 713 420 753 44
10 422 624 112 410 733 280 372 296 833 736
10 141 528 70 347 565 722 467 737 748 44
10 436 473 780 404 841 343 816 57 809 881
10 10 399 137 299 67 16 779 495 513 110
10 922 167 721 942 146 93 479 910 912 430
10 512 112 694 115 443 263 498 747 83 905
10 191 282 292 827 328 931 778 230 838 375
10 845 657 558 264 124 764 676 196 429 898
10 27 979 738 560 416 268 912 337 888 395
10 699 581 67 43 836 791 141 42 45 194
10 58 205 225 48 858 480 719 673 351 44
10 477 421 465 26 592 897 501 275 826 731
10 686 836 606 346 147 735 948 38 638 926
10 957 275 488 193 57 897 994 548 660 234
10 385 126 553 228 643 963 913 31 218 382
10 860 346 904 152 162 370 469 666 324 177
10 426 33 524 942 742 470 710 14 810 271
10 707 348 680 982 888 303 783 200 91 846
10 997 582 118 101 489 125 295 382 386 451
10 317 47 6 788 541 798 331 301 386 65
10 625 992 847 390 26 906 56 586 789 962
10 126 760 649 663 171 976 865 977 537 310
10 189 633 190 702 119 541 601 681 513 846
10 58 670 538 881 4 681 155 247 747 955
10 621 458 866 23 784 254 702 220 965 169
10 599 75 641 434 847 86 381 732 482 451
10 883 436 500 961 268 221 694 818 239 689
10 307 693 481 64 217 763 107 599 230 689
10 507 911 988 149 282 304 311 534 522 482
10 87 599 692 764 395 527 955 912 397 494
10 1000 860 158 942 661 525 311 733 254 139
10 31 394 733 76 864 915 316 764 162 927
10 682 302 918 755 818 263 432 947 179 493
10 644 582 780 576 111 151 198 776 65 283
10 534 43 804 244 605 489 825 459 234 169
10 688 214 733 742 315 994 785 527 148 747
10 13 562 542 553 974 303 385 229 665 460
10 61 592 338 170 653 632 171 6 411 12
10 422 104 767 708 163 637 51 127 135 482
10 756 968 473 896 81 35 543 15 337 369
10 979 1000 966 842 145 126 349 668 38 34
10 682 952 1000 895 674 76 263 526 993 659
10 372 741 409 940 590 66 251 914 669 752
10 971 356 283 771 515 242 728 980 424 297
10 823 952 940 261 394 510 176 591 730 874
10 436 729 973 664 50 464 522 752 438 970
10 895 660 538 122 615 975 573 511 856 991
10 225 3 491 258 466 363 118 915 306 91
10 413 690 928 137 650 276 258 894 826 466
10 952 507 327 606 475 712 259 109 709 418
10 474 481 394 642 807 31 374 723 303 809
10 939 131 47 990 475 676 370 491 734 144
10 108 666 394 183 819 627 980 258 142 975
10 755 510 178 112 126 914 618 90 828 947
10 183 853 922 793 738 647 378 706 359 80
10 249 532 27 686 788 724 69 393 255 687
10 126 245 378 531 260 610 172 661 415 854
10 872 908 559 107 76 585 614 254 253 825
10 282 390 497 709 332 867 933 375 382 793
10 971 474 997 626 505 651 898 637 483 396
10 231 421 4 532 804 612 790 461 921 970
10 256 558 920 442 882 524 331 238 675 656
10 707 528 489 557 92 320 267 931 694 567
10 372 330 630 211 562 743 784 66 789 236
10 786 884 88 30 761 92 7 722 138 14
10 217 649 124 577 864 350 890 230 575 253
10 875 49 514 129 28 880 12 229 589 622
10 417 225 235 598 951 357 35 809 789 543
10 49 242 504 624 607 36 704 467 560 513
10 672 421 282 502 801 398 339 272 617 837
10 215 58 342 256 41 399 43 95 579 566
10 245 355 807 168 681 114 607 869 456 540
10 388 354 961 484 897 296 492 361 325 829
10 286 635 820 19 562 112 840 210 231 128
10 269 641 316 371 777 722 31 234 783 83
10 705 712 739 823 421 447 348 521 165 779
10 688 340 249 786 24 272 315 546 517 323
10 871 957 861 556 998 493 284 290 561 955
10 895 490 74 559 439 778 119 805 415 81
10 156 102 798 586 93 118 43 197 991 247
10 848 777 409 261 51 398 898 479 197 803
10 120 813 963 908 400 434 944 593 159 796
10 189 565 199 284 158 175 933 806 430 257
10 342 455 495 209 686 706 227 410 207 71
10 125 739 33 568 274 220 85 736 782 927
10 210 678 14 863 859 177 468 912 570 454
10 8 156 287 730 113 221 969 116 593 290
10 992 507 216 210 512 29 903 194 90 854
10 569 771 668 313 523 146 426 584 51 253
10 156 562 487 219 815 508 620 381 179 140
10 891 802 512 882 445 56 620 328 924 554
10 376 588 58 284 555 277 200 116 182 367
10 551 47 517 995 645 334 719 309 148 91
10 937 108 972 930 117 40 230 182 740 735
10 408 635 360 597 961 982 113 352 547 890
10 693 538 843 778 520 375 665 495 127 616
10 866 185 928 104 808 890 442 713 994 941
10 10 100 895 993 918 469 375 748 470 438
10 111 939 417 421 170 452 918 864 169 615
10 701 647 816 103 713 162 610 520 817 793
10 131 222 195 820 630 865 857 134 727 482
10 693 902 26 131 807 984 122 430 776 694
10 756 928 141 735 271 504 618 837 694 420
10 562 516 189 728 903 752 439 609 182 44
10 583 872 701 97 590 472 875 480 85 412
10 824 770 963 872 991 545 331 70 12 803
10 422 55 48 555 772 880 631 367 106 914
10 555 621 865 604 936 239 787 459 172 186
10 402 855 409 915 754 918 826 554 636 874
10 354 591 515 813 187 819 679 355 797 776
10 852 307 137 414 236 704 439 101 655 703
10 108 909 261 472 101 280 713 694 597 995
10 335 298 61 711 18 763 934 478 653 291
10 18 480 124 912 851 264 42 314 748 683
10 449 627 366 711 638 660 924 854 668 15
10 47 368 840 401 608 779 676 795 931 266
10 705 419 89 579 21 978 746 987 809 15
10 963 966 246 813 816 264 441 809 127 905
10 972 709 836 431 307 942 590 435 101 176
10 562 138 203 98 247 530 544 94 560 794
10 26 842 385 590 624 78 908 890 36 456
10 971 272 365 201 364 303 986 482 325 291
10 192 112 344 484 213 107 431 389 316 361
10 225 28 501 286 533 277 38 994 864 435
10 402 252 836 113 532 809 146 850 188 160
10 185 465 875 260 489 976 105 186 938 451
10 27 149 320 114 359 942 443 96 231 200
10 716 643 860 348 885 368 311 75 809 1
10 832 581 331 639 950 764 90 521 4 561
10 47 225 8 834 28 264 378 706 162 660
10 596 958 620 932 619 396 856 325 383 567
10 209 437 217 591 999 401 592 261 122 494
10 120 677 104 977 171 111 798 32 639 224
10 536 572 250 256 154 3 786 889 36 349
10 757 596 410 770 211 294 829 896 926 451
10 757 907 26 717 237 973 151 858 367 480
10 928 149 544 906 360 358 139 103 320 76
10 49 245 174 126 465 532 749 162 348 676
10 966 954 692 536 833 406 935 851 747 492
10 729 842 256 834 423 990 530 45 975 965
10 204 57 75 315 725 856 710 567 479 44
10 280 414 894 184 238 443 566 271 255 451
10 858 802 160 498 725 311 772 213 965 32
10 240 860 693 263 111 715 29 132 701 281
10 640 844 20 833 804 610 318 829 698 37
10 949 273 853 634 3 536 640 764 138 73
10 215 212 178 827 848 968 239 664 188 509
10 427 928 708 219 38 381 314 468 71 941
10 285 401 53 761 731 294 207 762 747 169
10 43 731 528 901 687 648 864 46 38 95
10 402 845 657 670 205 828 251 547 961 124
10 63 23 590 205 723 985 844 991 810 905
10 771 823 472 137 379 466 257 35 597 486
10 739 863 921 313 50 749 305 960 660 71
10 123 515 804 54 237 950 687 796 186 34
10 9 318 805 836 745 163 440 469 224 415
10 459 223 834 228 248 746 561 944 637 736
10 279 313 431 867 816 679 920 363 854 94
10 455 484 272 866 534 949 93 434 652 900
10 963 708 835 476 103 759 116 179 501 552
10 265 708 61 629 939 975 485 125 980 927
10 760 154 35 870 16 618 11 732 550 740
10 455 98 351 588 723 538 934 778 52 884
10 649 787 10 733 447 24 463 594 326 614
10 488 500 303 319 178 523 836 662 157 271
10 625 401 63 555 954 795 232 617 994 300
10 711 937 90 718 645 163 70 434 82 493
10 587 908 819 997 18 894 851 1 337 815
10 442 277 738 813 856 530 80 162 257 44
10 807 717 666 582 791 71 271 907 46 534
10 174 282 158 461 930 18 856 631 995 905
10 204 327 422 867 401 378 913 144 291 696
10 672 755 176 997 131 184 986 214 371 175
10 699 997 23 154 602 687 255 296 984 133
10 242 165 419 594 18 724 602 404 619 675
10 164 734 232 137 945 23 564 368 405 106
10 658 336 312 534 119 105 206 915 810 91
10 41 957 848 772 110 336 893 35 683 324
10 729 422 738 559 783 45 899 94 290 396
10 839 945 321 250 219 571 823 759 43 731
10 156 219 733 973 572 908 727 543 406 110
10 154 28 316 602 633 821 560 312 980 377
10 62 19 508 346 769 640 245 890 218 675
10 453 49 672 963 286 718 350 818 492 502
10 635 960 280 243 863 931 206 550 103 850
10 518 618 18 644 64 795 657 37 431 312
10 87 20 229 692 954 352 958 263 781 382
10 780 540 853 937 531 833 794 689 294 595
10 646 858 591 857 869 450 325 150 179 430
10 529 922 976 620 543 273 589 638 617 42
10 799 129 726 581 416 491 113 33 938 234
10 225 307 538 177 443 676 124 75 815 912
10 861 245 445 338 205 111 519 350 505 17
10 718 532 429 594 59 554 328 310 578 438
10 608 568 426 572 366 700 715 37 456 188
10 853 802 954 819 998 35 673 268 594 94
10 971 419 982 301 216 498 125 778 801 365
10 771 633 173 117 233 343 944 570 560 815
10 465 641 626 536 969 865 651 381 595 703
10 330 58 13 88 517 135 901 884 362 613
10 507 988 558 496 117 216 520 297 493 969
10 69 57 590 376 466 283 457 998 322 107
10 317 857 931 511 396 464 241 456 140 776
10 949 130 475 967 908 715 495 901 560 806
10 49 444 767 52 872 319 235 944 386 73
10 780 283 23 939 346 808 499 493 467 638
10 757 373 299 295 445 479 326 623 691 255
10 108 225 301 311 903 447 102 948 329 675
10 242 231 338 929 374 676 691 942 398 600
10 581 538 388 293 644 601 368 348 961 623
10 250 265 322 754 321 592 573 955 697 905
10 820 388 353 455 867 791 999 602 825 464
10 823 199 693 705 323 409 987 456 955 548
10 949 242 143 816 416 923 645 266 550 566
10 302 930 246 615 279 63 70 497 522 236
10 58 166 591 860 558 245 414 371 352 238
10 335 918 646 875 433 387 645 776 736 689
10 22 256 866 394 37 233 653 364 258 639
10 718 283 407 27 311 536 341 632 692 527
10 191 249 333 721 760 352 411 467 446 560
10 842 242 391 734 897 571 308 4 162 689
10 249 278 724 891 388 950 564 981 863 593
10 922 152 989 506 207 529 365 84 151 749
10 820 964 155 989 358 883 478 360 788 901
10 860 60 267 299 662 124 710 70 987 105
10 756 944 604 786 529 945 301 53 81 776
10 827 763 824 455 387 452 711 734 917 110
10 10 911 353 686 800 948 227 96 944 751
10 187 305 588 531 266 577 762 357 980 996
10 562 767 693 1000 398 343 607 950 486 681
10 215 756 563 873 198 962 267 785 140 837
10 154 93 784 532 37 86 885 82 177 224
10 422 27 956 908 246 878 748 889 894 486
10 376 203 920 279 3 114 476 493 704 254
10 335 489 852 718 39 307 309 896 854 796
10 55 174 323 958 799 981 348 281 197 681
10 209 496 734 21 544 921 623 15 681 5
10 971 649 49 211 504 178 53 702 777 35
10 729 246 962 320 525 702 433 431 704 595
10 871 449 939 745 863 903 21 933 134 397
10 129 749 709 945 319 275 704 266 793 648
10 191 718 542 919 24 411 208 959 483 970
10 422 528 347 713 200 143 674 51 747 83
10 189 124 500 3 584 347 600 30 578 81
10 304 645 832 516 277 550 551 884 965 914
10 249 112 216 217 484 912 873 64 858 224
10 402 972 121 940 537 734 858 2 944 645
10 836 629 199 426 488 403 428 765 751 44
10 273 717 120 40 345 543 105 535 316 683
10 957 882 64 546 457 760 384 66 119 731
10 635 649 85 844 525 948 785 396 561 460
10 588 993 770 36 31 838 98 713 245 248
10 149 242 19 961 104 159 222 23 561 970
10 677 1000 293 354 356 627 515 496 797 241
10 47 671 488 536 153 38 789 898 169 689
10 28 66 514 165 598 106 535 143 263 318
10 807 209 880 328 504 159 346 924 140 81
10 189 824 27 500 273 82 271 946 438 91
10 952 895 242 426 708 88 473 526 406 720
10 867 27 879 149 819 378 42 21 56 783
10 48 249 558 960 933 520 352 597 998 753
10 55 662 832 838 859 651 889 499 148 831
10 195 213 867 484 288 122 632 689 234 486
10 682 8 582 709 461 590 372 818 367 959
10 581 525 331 597 476 826 912 206 172 776
10 897 221 936 849 25 367 884 489 996 769
10 123 591 988 422 825 852 383 767 116 44
10 60 639 153 497 170 869 197 797 369 438
10 928 55 25 832 20 788 884 271 659 44
10 63 443 289 679 320 849 984 57 79 29
10 757 86 830 23 954 647 76 788 833 765
10 824 728 524 595 107 276 585 715 536 175
10 663 413 878 963 671 534 111 701 573 177
10 282 928 10 339 228 667 446 864 89 456
10 25 43 504 68 301 7 245 42 84 638
10 445 902 213 38 859 114 363 574 986 207
10 481 974 940 761 350 731 592 358 687 623
10 682 907 621 389 62 473 223 375 943 575
10 211 922 123 436 632 283 144 344 877 52
10 39 674 203 108 932 479 947 272 333 297
10 592 925 719 474 245 633 758 442 138 125
10 413 117 812 477 602 21 17 90 706 172
10 988 804 565 181 384 87 433 355 486 595
10 780 709 160 615 311 309 349 889 803 5
10 845 408 299 464 186 877 745 522 105 599
10 402 48 879 78 786 775 326 837 962 636
10 373 679 773 826 387 930 116 405 469 926
10 390 141 47 161 118 618 237 56 169 193
10 97 371 487 86 474 111 824 511 862 143
10 174 189 87 558 886 834 454 951 893 366
10 427 530 960 999 506 891 978 146 202 395
10 711 688 126 292 891 178 359 429 791 703
10 771 182 152 61 333 826 917 439 482 83
10 791 506 445 119 924 103 947 931 403 2
10 145 244 842 960 783 17 638 83 955 44
10 865 239 515 472 5 936 928 585 430 224
10 707 671 739 111 897 787 121 471 12 751
10 718 421 952 872 827 481 794 796 263 367
10 1000 711 167 496 799 280 913 737 381 810
10 372 194 299 340 967 618 240 496 62 704
10 246 223 626 559 424 160 351 948 893 17
10 707 759 274 96 777 658 264 523 696 383
10 979 758 542 631 355 227 308 296 776 412
10 971 401 517 318 504 141 104 139 469 127
10 872 557 427 458 155 622 223 325 660 456
10 902 447 374 342 602 459 155 961 570 429
10 756 55 317 279 799 487 349 325 623 56
10 317 256 529 769 929 348 715 600 412 941
10 215 183 259 897 759 374 530 638 295 884
10 911 633 99 198 277 812 498 753 683 689
10 682 207 31 229 289 313 777 537 917 703
10 606 688 210 21 201 463 508 109 258 946
10 895 721 280 120 587 581 882 22 918 194
10 166 690 779 190 179 961 304 347 704 521
10 354 113 848 455 845 508 358 125 874 241
10 649 330 40 546 974 797 610 232 310 509
10 341 671 901 4 139 238 429 72 134 806
10 211 680 571 733 493 964 818 498 636 764
10 287 282 101 904 124 357 110 396 526 586
10 481 719 373 355 810 3 339 932 585 661
10 401 840 516 141 624 268 35 561 825 901
10 622 434 481 22 527 790 416 907 761 239
10 401 70 319 330 694 442 153 803 753 887
10 228 720 409 201 921 59 814 89 990 575
10 844 189 909 530 906 25 591 746 998 829
10 481 408 435 809 627 586 885 223 248 914
10 853 836 309 465 472 588 979 583 800 81
10 922 129 143 476 355 227 25 71 943 975
10 771 423 74 922 370 481 54 29 901 561
10 930 621 582 287 995 316 439 260 99 933
10 490 581 371 203 240 630 914 318 545 854
10 408 891 84 229 583 795 133 665 782 689
10 682 229 544 414 115 990 706 32 464 324
10 635 332 330 511 272 346 705 285 368 425
10 123 145 928 908 763 474 968 885 324 294
10 682 510 164 875 530 469 549 807 442 95
10 937 1000 166 631 388 68 53 461 996 83
10 413 302 317 329 441 42 315 594 636 438
10 944 649 50 777 857 616 360 560 32 683
10 35 582 238 459 536 866 990 14 239 398
10 500 423 12 667 177 885 896 446 462 266
10 964 453 587 564 41 899 337 904 610 241
10 233 792 498 4 805 580 778 464 367 605
10 133 317 279 644 679 944 45 7 903 907
10 315 6 679 535 180 532 808 361 69 241
10 707 853 217 572 976 821 906 350 38 575
10 236 853 500 544 631 285 480 662 933 912
10 178 763 524 467 416 116 877 645 357 638
10 278 356 515 393 481 680 977 501 752 927
10 757 507 27 861 592 715 66 731 488 91
10 390 436 860 922 447 182 693 632 740 796
10 212 620 739 67 643 487 157 828 697 359
10 695 808 18 733 739 641 371 921 306 948
10 895 30 506 909 368 382 331 230 464 332
10 834 646 629 128 571 53 537 951 935 412
10 845 342 908 203 378 577 167 843 138 290
10 302 226 9 370 559 33 604 363 618 907
10 733 908 608 533 878 140 147 850 142 418
10 174 17 902 436 744 37 790 552 681 15
10 61 738 489 914 826 454 938 527 128 887
10 745 976 804 870 60 259 212 991 889 762
10 423 937 823 770 891 345 129 267 85 143
10 27 123 934 180 387 544 816 206 652 803
10 204 952 709 123 61 890 11 947 958 575
10 827 936 624 321 104 454 50 798 837 95
10 603 755 209 582 761 571 459 349 713 689
10 289 53 770 626 627 219 489 573 619 703
10 132 226 590 530 700 253 890 84 488 24
10 979 477 957 461 465 180 381 634 72 915
10 916 529 170 723 583 961 343 851 312 403
10 429 447 632 25 602 859 281 301 806 266
10 699 342 542 345 487 972 844 589 858 220
10 40 563 743 521 954 275 443 199 975 316
10 957 966 84 637 340 104 998 779 331 740
10 928 532 811 358 138 431 386 567 574 806
10 952 802 558 299 923 241 17 168 430 486
10 930 261 88 934 68 325 653 46 208 740
10 756 965 664 643 92 974 731 152 241 127
10 562 347 376 891 730 301 764 958 11 850
10 273 515 481 349 630 43 322 343 793 198
10 342 721 78 403 92 464 521 637 128 266
10 781 870 356 579 847 201 999 869 454 218
10 48 166 847 286 21 806 777 796 616 611
10 502 49 195 592 974 461 75 779 794 223
10 110 371 167 671 419 440 320 159 101 511
10 60 500 202 45 379 976 435 29 874 550
10 592 619 673 28 425 924 814 200 660 675
10 52 637 453 500 818 493 151 1 665 44
10 506 47 621 635 624 728 554 14 797 921
10 399 557 581 559 560 217 260 456 594 753
10 393 287 217 932 479 790 668 938 46 901
10 413 167 672 304 359 212 623 65 98 575
10 922 93 876 798 627 163 140 877 951 996
10 757 879 219 663 30 726 746 84 999 134
10 47 233 312 338 488 961 176 75 797 494
10 928 559 693 354 657 187 832 186 374 846
10 335 888 855 641 141 632 51 815 793 938
10 882 916 608 742 641 969 229 125 552 377
10 853 812 657 765 649 680 597 907 577 862
10 514 181 530 549 445 428 125 892 14 747
10 963 718 526 796 898 304 56 148 73 846
10 70 718 447 442 200 157 856 617 854 197
10 952 189 760 301 973 276 999 975 837 965
10 875 468 111 934 221 490 355 530 247 314
10 528 701 562 981 951 401 299 115 844 657
10 864 913 121 46 720 91 969 648 175 736
10 801 508 882 309 903 894 522 290 740 941
10 327 609 605 642 849 623 224 24 430 614
10 215 498 590 445 915 765 337 291 456 814
10 385 966 440 337 59 11 832 356 29 968
10 581 47 165 63 346 891 526 70 460 34
10 797 278 507 612 559 724 267 118 431 271
10 335 302 997 287 279 312 917 782 600 133
10 646 724 171 358 21 556 730 505 303 134
10 196 635 366 235 681 863 72 599 776 938
10 205 229 599 152 954 489 829 889 806 710
10 202 944 878 501 619 80 481 324 946 290
10 145 713 763 481 601 130 428 567 207 969
10 584 613 25 552 944 843 321 53 628 697
10 9 419 930 20 117 441 260 312 793 796
10 650 252 375 270 298 637 326 173 907 467
10 10 205 732 525 153 705 360 101 523 736
10 335 74 399 9 422 650 713 490 832 230
10 278 249 994 864 459 931 85 489 358 926
10 879 891 573 708 96 529 615 669 567 75
10 349 284 161 141 12 865 380 785 480 83
10 745 458 151 954 307 914 735 253 367 34
10 538 963 235 228 611 135 636 769 236 946
10 413 481 472 711 954 709 594 7 309 438
10 971 502 959 954 597 694 424 361 781 616
10 592 408 717 338 687 857 715 747 262 959
10 693 644 256 902 242 834 506 604 349 299
10 928 192 274 338 693 696 202 406 832 331
10 436 126 559 893 500 983 808 643 14 522
10 117 553 141 734 212 52 296 859 258 751
10 331 28 929 742 604 533 265 92 290 803
10 860 719 591 896 873 190 287 385 849 470
10 104 120 126 136 69 613 496 523 38 446
10 827 246 952 515 538 566 951 462 602 713
10 249 988 411 310 915 81 638 239 575 736
10 879 503 693 9 721 244 7 147 324 659
10 27 635 165 108 633 548 319 93 406 887
10 164 756 983 680 770 252 7 609 466 71
10 8 553 161 88 106 738 366 898 395 134
10 678 604 922 70 203 639 809 168 294 255
10 917 426 459 980 310 522 600 521 172 822
10 226 141 65 32 769 297 725 420 15 782
10 729 976 908 528 64 624 103 599 238 806
10 60 802 963 349 749 495 653 656 297 509
10 507 603 282 844 892 553 78 959 803 751
10 164 9 67 478 33 217 676 325 793 509
10 473 100 860 780 298 881 597 68 915 593
10 416 242 274 667 52 745 783 850 713 392
10 302 649 819 685 940 740 316 139 617 94
10 598 671 450 126 281 844 877 64 776 218
10 448 709 63 640 405 367 128 85 234 420
10 507 833 982 298 299 385 709 615 406 105
10 335 606 716 674 96 54 387 903 919 150
10 401 971 269 97 557 791 938 160 764 535
10 354 549 653 945 233 309 349 917 898 831
10 502 159 388 476 90 401 83 118 482 395
10 842 457 487 821 35 749 539 764 961 398
10 839 823 864 872 954 259 473 406 574 736
10 344 479 705 997 604 540 101 290 72 815
10 938 558 645 686 908 492 343 977 358 412
10 372 371 19 338 882 9 442 188 622 167
10 504 732 596 563 29 311 309 809 822 927
10 215 620 279 667 701 13 230 961 182 81
10 419 350 257 896 666 568 706 396 266 668
10 183 542 251 700 66 489 694 35 46 5
10 820 41 329 295 158 764 794 752 94 593
10 185 716 553 195 531 56 303 548 312 412
10 237 569 450 930 277 864 151 395 681 380
10 847 122 875 16 238 961 566 214 776 456
10 804 891 209 642 459 836 848 965 517 316
10 233 625 639 291 381 818 800 238 837 970
10 423 728 112 13 358 167 124 868 374 803
10 682 737 100 500 667 425 4 457 467 887
10 421 474 320 870 327 328 598 182 318 133
10 895 937 167 723 35 93 70 173 548 575
10 302 379 866 187 87 117 472 816 750 862
10 417 672 667 181 227 365 165 747 480 297
10 841 608 615 53 355 51 454 7 118 188
10 530 109 72 197 102 439 430 308 722 234
10 302 364 484 207 211 445 612 396 51 94
10 871 841 940 299 858 324 725 103 561 776
10 841 394 364 163 878 541 483 590 670 177
10 152 532 232 273 843 458 601 230 746 253
10 478 13 119 629 492 789 36 779 858 257
10 671 641 292 674 973 742 723 322 71 44
10 465 249 437 658 807 23 344 304 321 567
10 549 871 845 504 213 515 232 693 825 320
10 183 808 598 950 250 416 849 86 368 224
10 203 422 240 979 676 633 193 14 263 258
10 695 558 708 643 797 220 357 51 150 959
10 493 19 517 512 610 208 318 912 396 946
10 757 9 672 599 897 179 617 98 71 910
10 606 643 459 795 179 461 96 325 77 691
10 470 553 6 811 975 745 432 970 300 910
10 971 972 154 48 530 170 974 375 201 614
10 635 199 260 203 662 466 847 790 134 2
10 47 977 944 435 897 794 306 697 890 586
10 847 286 975 649 711 817 566 864 216 138
10 693 640 93 463 580 752 585 124 168 912
10 335 542 120 401 778 378 322 530 747 955
10 949 700 622 552 365 986 997 570 800 666
10 417 484 956 587 539 488 305 826 4 513
10 191 126 449 774 502 61 349 615 907 809
10 385 26 132 299 214 828 331 339 748 858
10 48 849 334 637 368 515 498 713 177 486
10 390 465 688 347 450 281 98 754 182 970
10 635 878 553 402 273 261 826 530 703 460
10 436 532 684 962 889 318 78 420 312 73
10 61 86 849 918 856 177 568 201 404 998
10 538 879 864 791 303 33 304 511 316 931
10 722 279 39 698 993 75 389 877 935 362
10 141 345 303 205 750 921 229 128 37 362
10 802 945 465 625 385 146 642 496 460 186
10 423 625 459 282 997 426 66 483 208 420
10 191 25 408 918 293 182 72 521 248 482
10 518 967 736 903 566 719 609 668 316 735
10 163 533 741 16 530 240 236 79 667 344
10 598 722 650 723 214 15 296 122 157 857
10 642 557 483 813 907 321 36 430 534 815
10 215 581 194 572 951 1 435 607 238 560
10 569 853 986 331 657 968 276 501 105 45
10 871 562 38 129 937 553 64 440 700 926
10 212 573 705 631 64 434 901 410 118 451
10 871 909 705 663 711 203 942 778 122 912
10 67 844 285 625 238 819 253 321 932 783
10 834 556 707 58 395 750 385 254 560 208
10 10 828 469 602 101 2 239 138 854 814
10 549 13 209 119 381 789 318 622 326 570
10 514 568 827 355 308 797 176 681 440 169
10 333 706 847 940 118 762 324 609 732 890
10 925 937 835 686 722 749 786 222 679 492
10 174 688 646 481 467 147 378 676 521 831
10 861 658 97 993 341 366 323 238 987 912
10 232 437 530 444 776 766 748 681 432 571
10 867 845 679 565 41 471 749 713 578 460
10 928 28 112 228 612 763 85 71 162 362
10 145 116 54 601 495 585 360 51 295 946
10 845 123 423 865 70 206 913 932 713 710
10 625 552 243 365 223 439 314 788 901 214
10 191 756 427 780 950 881 363 361 82 451
10 686 311 353 502 925 559 124 809 81 753
10 422 840 225 10 33 233 543 177 182 527
10 18 635 510 690 929 482 490 520 725 696
10 379 114 504 340 589 286 144 559 190 601
10 372 427 672 717 399 270 826 350 490 456
10 631 563 352 391 724 236 322 71 969 638
10 906 788 303 785 478 532 921 498 980 595
10 972 806 676 108 431 685 192 627 173 305
10 699 379 847 758 279 198 144 647 648 876
10 157 927 865 760 295 474 210 160 22 683
10 937 716 629 265 115 127 285 668 589 81
10 154 592 210 696 540 2 72 148 208 887
10 120 145 991 470 399 320 323 547 907 959
10 215 47 848 937 849 246 910 978 935 32
10 629 341 608 813 98 359 816 713 430 837
10 987 563 724 132 772 676 139 933 567 614
10 895 87 137 505 963 340 888 391 951 155
10 229 603 261 38 790 942 387 150 874 44
10 879 282 649 477 869 425 868 263 32 910
10 196 477 245 909 46 152 441 886 999 893
10 31 203 974 940 743 738 734 468 987 561
10 427 417 388 995 213 203 564 858 197 377
10 10 57 518 102 487 826 983 653 121 15
10 215 344 336 199 236 634 285 148 52 850
10 844 223 295 686 331 511 854 601 357 456
10 427 643 503 165 495 749 69 163 103 35
10 971 811 209 173 903 3 610 710 931 884
10 449 629 313 968 892 618 36 597 200 172
10 413 746 667 50 3 653 180 365 1 4
10 74 557 33 455 544 705 785 579 485 900
10 242 770 123 464 63 94 210 732 272 176
10 417 865 737 190 637 975 965 329 328 941
10 951 939 498 330 201 510 858 730 452 892
10 416 378 642 672 690 279 346 837 133 652
10 285 173 758 859 602 96 52 314 103 294
10 756 76 400 49 856 919 52 797 254 955
10 895 1000 810 576 147 66 290 80 148 369
10 444 161 545 510 40 627 573 508 857 987
10 757 518 531 684 817 428 80 406 586 430
10 120 767 533 108 812 989 881 981 1 438
10 598 976 448 835 930 712 515 998 784 493
10 503 149 242 665 721 750 76 541 631 294
10 126 335 968 137 333 704 32 188 91 611
10 225 563 307 983 612 378 488 764 68 44
10 531 758 919 272 590 792 337 943 480 397
10 244 402 443 110 763 548 182 295 32 636
10 530 608 409 16 474 761 293 388 303 406
10 120 988 22 104 667 673 700 98 329 962
10 680 988 500 780 847 734 609 479 769 110
10 189 55 344 114 671 476 765 809 324 17
10 839 928 457 635 43 157 309 720 584 769
10 447 908 519 982 631 769 735 155 296 639
10 327 235 963 65 388 288 789 406 696 68
10 154 9 845 588 820 304 759 541 138 451
10 342 673 813 385 735 147 352 639 921 425
10 699 677 945 868 956 14 64 24 620 438
10 265 259 48 953 450 29 483 82 7 235
10 635 39 445 711 307 404 914 311 965 2
10 331 649 50 790 633 227 6 710 931 435
10 865 158 22 346 734 230 324 271 485 206
10 707 414 38 117 464 670 184 676 893 652
10 812 536 6 491 106 552 365 890 751 172
10 166 399 219 171 925 694 11 151 574 927
10 465 504 279 661 406 508 304 260 283 258
10 937 884 544 59 408 21 213 132 815 300
10 514 298 190 655 281 690 459 306 683 846
10 972 543 916 991 400 485 447 281 142 935
10 39 292 755 246 487 808 991 720 337 380
10 240 849 649 384 755 45 640 441 412 740
10 757 674 879 698 23 653 613 283 207 980
10 341 922 242 964 443 961 709 98 900 15
10 582 842 251 269 80 584 40 431 973 898
10 707 960 842 847 435 935 892 745 715 632
10 510 63 402 512 497 864 554 125 670 15
10 267 414 219 667 916 38 125 130 73 271
10 882 924 824 29 144 259 881 56 829 746
10 384 649 734 714 414 963 821 244 920 271
10 427 67 811 478 547 314 505 567 814 397
10 512 97 216 988 299 739 708 994 312 900
10 553 695 860 303 886 677 620 758 751 594
10 221 465 840 27 199 103 527 651 125 65
10 191 273 391 534 222 935 36 314 297 83
10 289 558 59 336 746 620 288 153 856 935
10 120 471 824 96 508 294 675 415 151 905
10 891 145 756 419 358 773 331 158 613 329
10 514 97 649 269 305 111 467 238 229 94
10 285 699 526 984 347 633 171 907 144 573
10 503 992 146 717 411 501 522 294 492 806
10 28 278 416 511 710 33 821 170 527 223
10 219 870 530 816 201 719 150 540 837 432
10 299 724 809 270 378 571 731 220 218 35
10 465 388 642 856 80 602 869 56 271 517
10 839 898 878 158 148 710 315 980 305 912
10 729 58 249 711 631 982 388 330 908 276
10 988 911 963 757 861 533 743 214 247 567
10 695 770 402 840 655 479 513 207 291 418
10 394 824 992 870 131 841 519 227 447 304
10 939 16 233 411 644 835 679 147 529 626
10 475 78 88 84 457 79 322 239 352 255
10 640 606 964 823 552 272 723 425 568 589
10 335 606 345 700 180 1000 827 291 910 782
10 455 528 533 594 960 819 818 153 530 186
10 841 834 856 54 894 601 410 106 439 675
10 771 646 856 864 192 18 425 223 177 753
10 191 682 644 50 828 12 375 817 469 56
10 168 453 323 654 797 230 683 825 492 912
10 992 692 409 898 46 480 194 310 815 56
10 498 465 284 381 908 179 287 789 418 935
10 183 758 104 127 628 793 873 352 787 482
10 950 872 67 158 78 536 284 69 900 850
10 225 114 666 602 312 227 461 206 75 561
10 500 156 227 121 381 102 65 91 846 605
10 47 292 112 855 840 719 39 113 152 82
10 302 671 273 539 170 990 304 660 927 703
10 895 976 468 285 129 891 878 713 343 271
10 174 47 853 60 722 898 260 360 943 874
10 991 957 192 993 693 579 702 628 800 172
10 302 721 924 795 560 16 107 753 198 142
10 729 792 896 866 723 967 193 297 407 263
10 149 603 359 450 20 824 376 16 551 887
10 871 916 647 881 908 940 715 539 324 263
10 988 481 672 556 56 664 754 995 75 554
10 26 949 628 363 993 281 248 666 81 887
10 317 553 279 621 563 478 875 384 406 710
10 537 302 292 631 665 994 271 266 197 34
10 750 444 889 852 323 863 163 736 432 109
10 947 758 954 196 618 124 885 316 735 218
10 335 629 991 780 601 4 480 61 45 926
10 581 774 718 378 376 889 420 231 75 654
10 980 842 48 556 228 974 118 4 291 321
10 204 48 43 313 237 78 293 783 387 469
10 295 664 313 954 442 709 906 524 898 430
10 528 584 732 11 657 524 410 884 383 71
10 635 328 57 584 833 661 443 605 122 420
10 64 514 18 631 723 431 220 396 691 73
10 59 256 715 50 863 733 331 999 186 681
10 488 940 557 194 219 706 305 110 736 656
10 839 413 252 677 158 786 921 815 479 357
10 750 853 739 100 580 344 177 645 915 492
10 784 647 97 514 608 737 543 617 103 578
10 953 834 468 76 633 792 923 745 896 935
10 126 458 4 596 768 830 651 539 368 367
10 394 580 57 979 251 333 612 14 568 921
10 682 500 773 171 238 873 79 868 687 253
10 455 376 664 490 138 534 991 194 585 34
10 249 384 365 227 240 933 856 654 661 747
10 47 195 413 15 237 216 98 116 457 362
10 871 908 966 137 348 824 170 457 594 395
10 908 756 770 733 558 336 239 339 127 382
10 733 677 33 878 754 358 913 664 222 234
10 302 194 539 387 653 125 469 605 736 169
10 164 302 498 709 986 573 297 586 456 935
10 436 707 519 934 524 223 789 431 297 970
10 827 58 463 39 531 866 814 865 554 454
10 174 820 641 114 754 116 207 645 309 94
10 87 341 693 288 206 810 222 369 128 377
10 437 47 13 960 803 907 420 144 150 486
10 347 243 140 852 24 29 275 135 294 283
10 10 376 445 189 526 975 296 764 552 257
10 500 112 432 808 848 544 813 833 359 190
10 340 310 211 826 117 92 324 566 851 659
10 120 398 633 25 524 231 132 448 88 856
10 953 265 496 402 287 669 366 364 56 605
10 603 723 979 939 960 907 981 752 412 509
10 902 1000 379 702 425 792 483 634 263 412
10 507 162 315 982 631 43 983 885 862 543
10 204 394 153 678 446 532 727 673 393 652
10 126 516 339 966 555 394 981 574 420 150
10 139 724 20 388 506 479 23 404 703 689
10 729 210 865 653 746 535 387 800 854 703
10 390 203 89 702 679 4 221 737 797 586
10 596 786 770 615 33 702 832 2 7 133
10 988 507 301 555 885 176 152 177 248 254
10 528 289 74 949 615 984 778 900 169 377
10 555 437 86 888 358 85 554 975 831 308
10 246 312 801 986 825 349 885 150 51 509
10 922 612 60 481 576 989 904 214 373 541
10 515 216 384 484 92 511 155 231 892 362
10 682 804 87 26 792 577 653 762 727 955
10 699 387 678 408 777 914 165 294 78 660
10 957 635 699 664 875 510 75 868 11 330
10 123 74 66 764 831 90 896 725 868 854
10 203 744 60 852 545 664 628 179 420 438
10 106 336 264 501 442 141 277 661 571 495
10 549 834 558 475 72 119 283 748 735 462
10 372 672 466 848 391 304 37 654 79 208
10 390 919 832 116 372 432 23 651 15 751
10 707 957 677 171 170 934 153 489 846 806
10 390 635 74 984 43 426 872 118 996 985
10 317 961 59 327 678 615 481 261 50 896
10 28 631 601 599 950 958 271 575 375 910
10 906 582 802 33 559 37 774 138 550 959
10 342 621 658 799 61 334 881 319 220 398
10 555 718 42 18 662 717 622 560 81 782
10 953 187 93 431 909 597 983 487 446 5
10 855 606 873 546 913 283 105 856 797 486
10 950 450 343 466 89 326 838 683 383 782
10 427 563 503 367 389 359 951 64 921 438
10 756 866 193 644 475 526 801 570 537 614
10 183 824 820 524 113 102 738 331 404 334
10 532 883 231 899 118 787 610 609 613 689
10 678 841 202 979 857 340 631 152 599 467
10 164 834 888 223 736 651 393 535 696 75
10 788 353 96 615 706 574 676 125 933 271
10 966 916 100 598 767 268 893 213 103 200
10 346 40 770 479 323 745 837 454 904 175
10 507 897 942 453 966 948 849 950 997 493
10 225 422 221 680 997 341 718 403 315 648
10 864 964 890 774 491 52 31 168 271 753
10 289 106 244 894 587 607 146 933 109 522
10 686 342 63 137 708 908 701 464 395 905
10 902 780 198 886 773 876 667 135 923 806
10 27 59 824 345 184 993 884 276 691 854
10 797 53 333 860 10 547 378 759 828 962
10 402 663 295 102 435 783 257 580 946 490
10 189 842 126 914 546 69 785 605 589 241
10 342 832 114 536 358 334 127 428 980 420
10 531 231 372 746 529 754 903 490 494 241
10 916 9 855 50 649 641 601 248 398 727
10 799 137 221 389 914 818 334 109 329 73
10 136 936 686 281 773 748 551 715 396 258
10 209 280 470 414 274 804 269 893 404 681
10 699 716 911 192 706 766 578 2 218 970
10 30 695 989 219 240 806 400 361 836 898
10 604 203 923 181 552 723 789 517 12 683
10 286 166 331 86 520 995 321 931 795 495
10 149 695 41 515 855 409 610 792 109 34
10 423 953 19 448 57 919 765 927 109 831
10 976 205 450 239 409 906 371 309 829 822
10 658 919 699 629 364 392 805 198 73 133
10 939 141 61 770 36 774 470 157 486 659
10 334 468 411 146 101 836 432 862 42 291
10 19 111 542 344 855 664 168 602 134 169
10 752 423 477 248 115 163 572 851 415 395
10 677 956 627 711 279 684 713 873 138 600
10 961 792 709 899 914 617 540 857 638 291
10 674 445 649 531 491 371 923 323 15 412
10 563 649 476 667 498 575 586 328 696 509
10 402 686 330 340 531 146 668 654 130 46
10 953 816 709 251 391 387 643 692 851 611
10 427 557 685 104 205 426 785 727 380 451
10 84 940 474 641 367 347 331 441 691 207
10 226 549 528 923 760 50 35 749 42 874
10 618 358 232 715 404 434 196 305 994 776
10 58 313 401 868 638 250 360 681 938 927
10 544 924 883 604 297 632 469 858 109 44
10 603 642 582 345 33 745 406 478 2 329
10 705 10 181 734 93 305 182 534 941 814
10 608 765 16 135 530 275 306 713 469 833
10 701 834 59 590 210 273 930 375 339 396
10 478 413 802 479 860 393 167 498 95 420
10 376 3 799 38 559 365 170 506 534 495
10 569 904 805 980 378 364 645 578 969 998
10 166 629 338 840 748 821 470 200 109 656
10 516 25 475 356 524 690 237 794 829 946
10 557 136 475 195 914 201 359 186 534 683
10 108 633 39 709 554 113 863 231 52 933
10 716 820 841 84 251 426 702 913 213 901
10 164 902 834 129 408 456 170 176 207 681
10 46 772 31 693 626 832 970 61 205 985
10 149 672 714 678 545 763 196 315 794 193
10 671 930 847 349 446 253 601 713 681 689
10 909 755 292 182 485 257 193 494 831 253
10 93 104 334 370 10 173 627 880 735 75
10 199 537 48 606 421 670 852 236 849 793
10 568 949 646 671 446 873 641 859 297 175
10 192 862 436 346 764 199 987 809 652 377
10 286 358 305 295 459 628 793 198 197 776
10 553 857 620 717 884 119 987 676 499 482
10 686 313 587 983 267 645 33 116 283 543
10 971 27 693 120 259 891 893 545 586 617
10 413 968 690 739 864 795 599 657 69 584
10 516 221 139 491 391 704 892 463 857 395
10 737 413 183 278 43 978 747 572 585 653
10 225 925 444 737 721 75 546 359 938 130
10 199 690 481 336 158 160 885 362 386 383
10 503 88 966 295 158 720 366 994 731 127
10 123 928 358 364 560 797 580 623 103 765
10 766 508 394 877 863 237 968 615 554 846
10 289 349 673 288 945 467 896 781 806 751
10 439 658 872 343 45 726 135 818 585 395
10 183 743 855 899 858 954 37 237 339 814
10 137 18 801 841 111 104 416 384 35 970
10 853 478 481 694 65 496 466 578 781 17
10 529 860 504 28 184 497 551 101 430 438
10 612 717 342 564 193 327 602 797 521 396
10 585 631 192 105 787 962 731 139 858 403
10 444 405 189 571 447 356 103 703 266 224
10 813 833 693 733 92 639 962 609 938 846
10 317 784 790 424 907 62 243 554 366 15
10 216 201 384 921 657 141 424 53 674 636
10 236 458 434 452 762 179 888 794 720 593
10 209 385 745 743 559 84 676 639 328 509
10 786 242 177 696 100 320 237 443 247 854
10 313 777 672 487 459 11 938 324 933 681
10 625 813 317 842 628 730 610 998 494 415
10 646 956 25 41 960 989 157 296 172 955
10 149 718 612 999 23 559 958 502 52 5
10 718 867 180 120 139 18 229 439 698 778
10 70 22 251 517 528 146 488 664 564 704
10 780 282 497 328 646 906 529 541 808 42
10 116 842 211 362 447 592 715 82 175 926
10 42 23 180 90 433 429 122 5 933 815
10 830 514 771 181 790 66 568 163 430 125
10 203 630 799 159 139 619 65 769 616 887
10 204 597 246 964 883 944 538 515 106 694
10 646 695 688 755 14 29 709 986 906 647
10 320 356 501 314 888 944 765 125 482 81
10 503 221 416 340 854 640 651 554 392 751
10 10 452 650 384 749 908 785 809 904 169
10 465 63 199 728 78 277 767 213 294 736
10 399 688 777 145 343 525 815 877 762 186
10 185 821 612 99 648 517 75 358 271 747
10 191 385 721 355 331 849 497 687 692 797
10 390 342 354 384 414 143 103 789 441 924
10 879 784 901 764 584 404 975 260 526 659
10 180 685 734 588 865 986 121 80 229 271
10 87 63 811 212 830 685 432 106 255 509
10 842 269 411 473 299 232 223 599 929 905
10 181 786 101 401 954 52 102 360 638 128
10 47 756 601 933 326 148 483 746 764 17
10 427 104 906 299 1000 686 830 977 400 94
10 720 646 701 576 372 628 452 869 241 753
10 843 61 263 864 414 57 106 361 17 258
10 178 111 457 612 543 858 368 943 151 377
10 695 283 952 63 152 939 940 856 610 948
10 562 18 76 587 364 102 301 893 80 959
10 756 890 366 684 945 132 796 747 692 290
10 709 242 18 114 447 113 502 573 463 230
10 563 93 120 339 719 10 954 712 322 230
10 569 802 882 883 434 407 858 411 305 99
10 112 180 47 862 33 849 864 91 918 208
10 971 465 537 350 18 318 545 251 77 614
10 338 370 633 468 309 258 534 781 296 887
10 178 562 146 991 605 446 821 614 660 253
10 971 402 922 704 52 158 210 567 962 290
10 233 491 866 625 251 219 869 785 404 534
10 848 642 158 475 474 276 275 441 484 585
10 278 286 976 227 632 248 486 545 337 796
10 196 211 144 180 146 43 579 184 202 133
10 860 603 389 730 348 205 23 396 831 609
10 672 940 279 755 444 745 968 597 730 541
10 167 399 966 706 867 905 813 730 559 821
10 845 672 754 472 126 800 587 42 863 329
10 112 870 608 650 205 162 233 545 452 692
10 763 489 717 582 57 103 231 127 328 616
10 823 620 86 943 243 892 218 140 656 175
10 27 871 988 376 479 181 320 370 254 703
10 771 265 270 448 666 254 192 810 124 300
10 879 532 321 546 583 18 288 924 326 785
10 701 265 693 517 627 339 78 601 994 300
10 67 472 37 812 785 392 541 889 617 151
10 902 411 437 880 187 222 881 231 118 2
10 500 569 176 23 62 748 186 197 255 616
10 113 137 284 875 655 209 924 645 749 206
10 771 719 165 961 259 653 4 65 490 168
10 755 662 54 551 216 617 409 994 305 675
10 447 663 845 528 16 960 127 68 383 247
10 171 67 966 473 61 140 21 281 352 727
10 952 132 994 3 327 715 312 492 271 887
10 841 755 653 906 807 546 173 105 425 377
10 481 506 706 804 301 850 257 697 494 357
10 251 596 570 489 179 632 337 73 550 623
10 612 374 834 43 473 542 114 194 321 98
10 591 408 475 896 487 797 577 410 573 440
10 126 185 602 515 472 470 424 80 5 362
10 682 489 195 180 402 830 448 942 888 600
10 268 816 49 618 48 790 891 372 920 386
10 672 72 518 687 547 448 539 605 24 513
10 47 752 620 627 915 56 398 266 900 438
10 695 307 47 702 452 313 43 232 105 996
10 244 57 28 989 678 1 18 153 133 71
10 482 678 934 592 965 886 754 257 996 266
10 518 909 922 602 353 160 979 410 800 133
10 528 210 989 487 330 294 348 973 511 614
10 449 123 250 287 598 800 45 235 407 369
10 335 933 233 392 732 84 722 235 294 613
10 19 940 488 661 54 135 485 207 257 509
10 225 592 586 916 117 664 470 347 167 776
10 512 25 267 6 719 734 347 735 691 438
10 718 621 250 791 434 912 38 56 224 44
10 314 598 764 120 165 87 991 294 468 21
10 305 934 666 724 159 563 951 187 813 983
10 952 47 145 406 973 330 583 767 304 320
10 48 49 449 385 318 518 604 404 109 380
10 458 147 915 626 216 589 575 85 636 383
10 278 228 852 943 556 977 546 168 814 208
10 818 657 765 60 270 654 165 769 46 782
10 548 771 930 483 86 446 665 499 175 955
10 280 97 414 583 264 888 435 382 148 962
10 292 129 758 457 558 363 918 268 197 469
10 786 860 830 899 634 266 666 431 328 142
10 335 644 27 389 711 59 42 851 395 854
10 391 176 394 384 160 290 322 461 415 822
10 413 389 341 419 556 114 882 179 797 95
10 768 841 962 547 153 378 969 186 412 81
10 771 328 712 693 143 685 151 727 147 380
10 911 487 428 136 557 677 179 720 201 858
10 777 734 967 7 260 701 386 745 438 887
10 293 950 533 542 466 655 989 43 838 679
10 423 472 301 880 774 303 668 329 482 397
10 823 568 829 524 601 213 955 574 751 460
10 823 952 338 278 502 923 745 986 68 873
10 108 436 823 473 405 657 554 452 687 14
10 978 348 305 498 501 943 711 589 492 392
10 698 211 67 58 530 979 111 522 877 482
10 525 503 880 515 847 32 25 162 505 175
10 512 370 120 562 840 108 532 721 122 566
10 302 936 967 338 448 750 869 623 440 675
10 342 922 387 701 494 921 505 485 821 236
10 861 559 401 618 538 479 277 868 223 675
10 757 450 966 146 104 288 114 428 822 34
10 629 952 721 708 158 834 584 409 676 906
10 516 152 39 113 587 892 670 110 355 965
10 373 279 832 285 57 323 915 623 912 656
10 419 149 129 303 612 662 998 127 611 2
10 126 763 74 339 904 896 85 479 941 207
10 524 823 677 345 92 993 424 571 900 494
10 278 678 211 99 713 815 301 600 683 575
10 16 772 564 936 273 705 989 924 412 482
