2 747 957
2 985 478
2 172 577
2 127 229
2 31 671
2 616 687
2 799 397
2 680 947
2 843 28
2 850 475
2 864 802
2 339 778
2 314 367
2 473 536
2 99 770
2 412 790
2 946 892
2 955 868
2 748 476
2 756 533
2 395 472
2 842 671
2 760 258
2 569 591
2 744 497
2 27 464
2 926 210
2 26 895
2 165 595
2 951 784
2 370 549
2 407 109
2 633 35
2 970 834
2 548 84
2 137 600
2 728 268
2 50 171
2 5 242
2 750 293
2 398 628
2 680 759
2 62 188
2 145 698
2 674 136
2 505 638
2 253 532
2 603 633
2 3 18
2 864 255
2 432 223
2 836 848
2 457 706
2 58 161
2 618 256
2 964 916
2 216 642
2 791 871
2 253 262
2 743 46
2 618 694
2 564 749
2 117 511
2 900 519
2 119 726
2 767 332
2 992 63
2 278 491
2 271 569
2 637 758
2 936 590
2 868 654
2 117 278
2 19 491
2 753 637
2 775 71
2 774 441
2 224 507
2 774 195
2 363 614
2 575 823
2 321 770
2 604 378
2 341 762
2 814 490
2 643 563
2 29 129
2 801 929
2 83 11
2 431 929
2 855 783
2 55 569
2 578 100
2 619 460
2 648 133
2 118 989
2 875 275
2 798 898
2 505 795
2 502 911
2 435 593
2 633 490
2 398 873
2 416 621
2 994 330
2 515 367
2 173 914
2 420 441
2 97 3
2 408 834
2 645 57
2 609 21
2 573 953
2 927 403
2 851 684
2 155 533
2 621 620
2 190 894
2 612 200
2 216 116
2 949 430
2 133 627
2 76 84
2 5 978
2 732 173
2 695 705
2 31 701
2 667 483
2 94 374
2 432 666
2 619 261
2 451 255
2 846 404
2 475 8
2 945 891
2 915 256
2 866 710
2 792 354
2 515 736
2 143 86
2 480 441
2 324 975
2 862 379
2 678 639
2 888 694
2 790 784
2 461 331
2 667 454
2 27 830
2 421 963
2 597 145
2 68 241
2 626 277
2 399 547
2 873 105
2 507 139
2 320 65
2 98 919
2 189 919
2 784 706
2 85 60
2 657 479
2 740 646
2 119 75
2 458 599
2 628 630
2 340 860
2 344 412
2 3 912
2 747 49
2 143 50
2 194 337
2 469 214
2 46 545
2 189 821
2 528 773
2 399 735
2 752 975
2 115 24
2 333 67
2 368 700
2 786 299
2 881 559
2 685 758
2 926 902
2 447 904
2 985 681
2 453 507
2 685 862
2 398 554
2 238 791
2 331 27
2 228 532
2 973 417
2 922 479
2 938 126
2 40 716
2 96 564
2 637 339
2 244 206
2 825 295
2 782 788
2 556 1000
2 901 693
2 368 722
2 248 28
2 223 8
2 949 127
2 241 114
2 356 283
2 996 365
2 283 533
2 347 834
2 632 697
2 241 651
2 115 586
2 438 696
2 380 525
2 262 161
2 653 613
2 126 975
2 37 759
2 939 723
2 16 557
2 787 849
2 557 856
2 860 182
2 136 559
2 744 461
2 124 797
2 219 531
2 740 992
2 524 324
2 891 788
2 670 878
2 778 16
2 851 291
2 914 466
2 633 187
2 28 894
2 690 608
2 626 712
2 692 213
2 498 14
2 501 168
2 899 596
2 505 56
2 151 644
2 985 367
2 765 909
2 890 46
2 556 666
2 399 50
2 352 191
2 282 441
2 135 976
2 412 836
2 228 195
2 991 750
2 374 299
2 368 129
2 152 507
2 854 396
2 205 661
2 355 153
2 39 35
2 5 408
2 853 947
2 864 972
2 659 469
2 951 735
2 945 861
2 721 114
2 672 369
2 697 684
2 641 659
2 748 105
2 419 927
2 730 738
2 400 753
2 448 73
2 668 910
2 497 673
2 470 149
2 427 251
2 353 887
2 59 914
2 526 387
2 475 289
2 25 13
2 222 23
2 747 977
2 986 681
2 241 962
2 910 542
2 148 495
2 215 356
2 265 589
2 106 771
2 186 450
2 400 453
2 275 620
2 236 177
2 784 21
2 521 261
2 264 812
2 113 125
2 42 642
2 471 486
2 57 183
2 521 726
2 852 700
2 385 358
2 913 530
2 969 683
2 631 264
2 320 659
2 99 967
2 202 514
2 340 546
2 820 885
2 311 468
2 822 91
2 131 578
2 926 659
2 24 434
2 648 968
2 821 655
2 650 207
2 431 742
2 828 243
2 5 601
2 389 826
2 247 307
2 441 988
2 258 103
2 100 863
2 173 220
2 345 299
2 745 677
2 941 9
2 117 50
2 674 276
2 841 889
2 28 55
2 975 840
2 913 222
2 114 892
2 777 350
2 942 91
2 438 843
2 521 361
2 298 513
2 674 359
2 228 169
2 688 377
2 317 13
2 214 415
2 625 938
2 898 487
2 137 508
2 699 887
2 689 92
2 110 700
2 244 855
2 33 279
2 774 15
2 945 104
2 674 283
2 293 457
2 643 517
2 625 887
2 993 46
2 193 262
2 917 842
2 467 998
2 146 872
2 338 38
2 370 826
2 475 644
2 833 564
2 603 413
2 715 652
2 926 959
2 627 848
2 531 109
2 672 316
2 908 629
2 582 675
2 345 489
2 149 738
2 427 315
2 804 310
2 831 150
2 628 655
2 550 3
2 160 389
2 653 637
2 588 906
2 707 786
2 951 179
2 164 18
2 956 628
2 51 494
2 433 144
2 86 942
2 290 958
2 330 396
2 631 564
2 534 531
2 381 584
2 895 351
2 783 902
2 673 674
2 216 353
2 485 199
2 980 808
2 977 582
2 577 241
2 544 718
2 227 701
2 290 873
2 910 902
2 518 757
2 881 409
2 620 500
2 658 765
2 169 104
2 631 147
2 236 757
2 488 528
2 345 330
2 790 574
2 259 542
2 717 736
2 452 399
2 97 942
2 727 567
2 372 804
2 919 467
2 680 373
2 285 668
2 381 474
2 316 979
2 118 961
2 388 40
2 721 350
2 933 494
2 964 597
2 257 108
2 9 312
2 914 516
2 69 927
2 153 331
2 283 500
2 818 683
2 816 953
2 108 186
2 911 230
2 437 109
2 755 988
2 937 129
2 188 948
2 801 510
2 21 654
2 710 748
2 280 949
2 11 736
2 917 215
2 673 246
2 773 525
2 874 555
2 29 536
2 294 160
2 389 825
2 985 860
2 652 634
2 634 442
2 983 350
2 286 958
2 475 17
2 873 789
2 279 584
2 857 562
2 470 938
2 125 293
2 979 586
2 577 454
2 173 200
2 454 211
2 287 304
2 165 850
2 259 131
2 387 806
2 553 259
2 115 156
2 120 469
2 336 823
2 760 38
2 381 387
2 388 421
2 428 397
2 824 95
2 628 624
2 167 230
2 309 939
2 612 337
2 243 421
2 850 403
2 354 148
2 662 705
2 161 911
2 104 998
2 130 261
2 745 310
2 436 856
2 654 492
2 169 486
2 112 811
2 672 685
2 716 491
2 828 971
2 771 878
2 312 494
2 277 89
2 96 975
2 384 823
2 857 253
2 89 836
2 598 774
2 87 198
2 319 221
2 219 886
2 921 369
2 375 273
2 576 9
2 668 335
2 516 461
2 854 918
2 635 364
2 103 507
2 645 23
2 176 393
2 225 170
2 283 255
2 497 147
2 211 568
2 667 451
2 844 554
2 547 552
2 671 318
2 653 126
2 970 417
2 238 759
2 859 680
2 72 847
2 122 958
2 675 72
2 999 831
2 740 658
2 319 63
2 917 526
2 772 682
2 65 468
2 498 664
2 795 439
2 602 736
2 468 585
2 893 805
2 438 746
2 176 665
2 983 616
2 175 189
2 366 442
2 697 274
2 897 191
2 633 77
2 599 81
2 354 943
2 349 291
2 539 889
2 775 185
2 827 394
2 298 805
2 414 390
2 548 114
2 501 46
2 162 906
2 459 866
2 72 350
2 985 490
2 987 567
2 752 590
2 155 753
2 760 155
2 374 96
2 592 494
2 849 400
2 755 507
2 789 614
2 213 417
2 981 894
2 46 715
2 182 808
2 339 26
2 957 731
2 91 493
2 231 9
2 653 105
2 685 908
2 292 581
2 474 973
2 953 86
2 348 576
2 132 955
2 596 501
2 189 152
2 949 947
2 196 590
2 228 902
2 113 894
2 514 181
2 140 247
2 363 341
2 467 23
2 584 741
2 6 529
2 495 237
2 300 830
2 152 387
2 310 913
2 675 703
2 285 464
2 669 944
2 849 924
2 926 202
2 129 557
2 72 531
2 646 967
2 336 923
2 956 629
2 339 594
2 193 153
2 672 665
2 867 946
2 954 669
2 221 478
2 918 789
2 304 902
2 122 959
2 108 404
2 288 960
2 628 502
2 333 337
2 7 221
2 822 787
2 10 981
2 506 413
2 236 915
2 442 704
2 799 490
2 126 473
2 190 497
2 680 962
2 521 260
2 105 471
2 3 936
2 695 831
2 702 753
2 961 578
2 31 531
2 700 81
2 372 792
2 605 668
2 288 787
2 752 669
2 918 103
2 648 552
2 216 353
2 109 259
2 775 353
2 707 261
2 776 699
2 799 738
2 251 235
2 222 72
2 99 593
2 792 465
2 745 393
2 427 962
2 314 560
2 615 318
2 655 714
2 135 67
2 812 254
2 386 434
2 408 712
2 228 7
2 358 735
2 440 802
2 895 399
2 628 755
2 8 223
2 778 319
2 58 632
2 63 832
2 677 225
2 899 78
2 653 154
2 640 349
2 867 577
2 33 659
2 317 643
2 129 483
2 159 387
2 509 719
2 274 93
2 814 986
2 583 40
2 540 337
2 135 300
2 423 96
2 411 253
2 58 52
2 30 23
2 664 193
2 267 706
2 709 399
2 990 468
2 405 978
2 726 107
2 968 573
2 385 345
2 732 897
2 110 758
2 754 389
2 963 529
2 845 137
2 564 292
2 843 270
2 489 299
2 248 204
2 233 174
2 229 931
2 269 19
2 739 802
2 449 803
2 402 855
2 907 528
2 138 39
2 199 967
2 760 583
2 688 647
2 67 37
2 363 317
2 127 430
2 652 251
2 160 723
2 886 191
2 873 568
2 593 812
2 334 411
2 990 728
2 615 979
2 844 997
2 842 23
2 365 195
2 577 576
2 745 955
2 63 533
2 33 285
2 721 795
2 18 530
2 315 99
2 396 955
2 120 867
2 160 944
2 429 725
2 384 475
2 671 129
2 420 583
2 127 865
2 752 870
2 174 223
2 285 478
2 31 478
2 153 457
2 643 697
2 442 410
2 831 936
2 204 5
2 890 319
2 742 615
2 430 101
2 324 129
2 121 15
2 599 910
2 843 974
2 676 927
2 876 613
2 850 965
2 641 14
2 663 763
2 516 683
2 24 277
2 867 478
2 686 661
2 202 870
2 676 517
2 546 242
2 234 499
2 633 636
2 771 469
2 552 715
2 499 831
2 516 118
2 502 635
2 557 563
2 379 661
2 597 901
2 908 939
2 676 460
2 445 425
2 871 906
2 38 580
2 551 295
2 512 374
2 991 3
2 423 504
2 647 965
2 420 23
2 674 688
2 849 395
2 798 277
2 394 494
2 798 615
2 883 388
2 717 570
2 268 67
2 284 173
2 796 607
2 60 724
2 521 253
2 862 267
2 48 16
2 86 61
2 845 906
2 420 188
2 110 440
2 916 371
2 625 212
2 320 138
2 498 634
2 754 19
2 713 471
2 948 845
2 13 59
2 696 848
2 643 295
2 31 329
2 751 979
2 648 349
2 961 849
2 730 692
2 854 878
2 151 594
2 24 596
2 33 853
2 442 316
2 581 464
2 648 514
2 948 243
2 641 171
2 73 860
2 549 814
2 968 274
2 950 145
2 514 882
2 445 839
2 658 598
2 41 810
2 194 938
2 610 657
2 964 705
2 689 946
2 787 56
2 155 681
2 550 20
2 367 700
2 645 200
2 242 121
2 702 39
2 540 492
2 787 9
2 970 898
2 667 72
2 879 69
2 867 482
2 741 751
2 32 733
2 213 506
2 655 428
2 216 644
2 603 17
2 653 420
2 764 683
2 453 479
2 345 699
2 492 652
2 971 878
2 901 403
2 661 614
2 344 146
2 914 4
2 435 420
2 781 972
2 5 665
2 813 357
2 601 772
2 474 968
2 962 107
2 625 637
2 44 895
2 493 301
2 411 50
2 908 873
2 419 561
2 389 526
2 959 791
2 247 973
2 586 791
2 798 572
2 310 239
2 440 751
2 697 196
2 692 448
2 739 927
2 208 64
2 503 763
2 916 144
2 662 820
2 841 478
2 673 413
2 953 75
2 867 291
2 755 163
2 2 284
2 241 951
2 993 71
2 990 100
2 379 759
2 799 199
2 161 691
2 282 576
2 405 508
2 750 24
2 648 359
2 962 393
2 901 86
2 557 691
2 994 746
2 991 151
2 461 30
2 282 163
2 693 447
2 416 78
2 437 950
2 719 834
2 530 574
2 641 340
2 747 954
2 118 108
2 736 251
2 753 687
2 524 137
2 205 793
2 113 829
2 743 973
2 143 500
2 240 283
2 983 364
2 587 970
2 314 770
2 910 442
2 641 256
2 570 954
2 49 744
2 861 903
2 82 17
2 450 49
2 956 892
2 322 52
2 153 107
2 722 164
2 863 848
2 653 599
2 202 1
2 377 559
2 933 621
2 937 896
2 902 801
2 512 186
2 82 906
2 901 178
2 401 586
2 247 40
2 803 210
2 416 586
2 627 91
2 531 210
2 737 848
2 943 625
2 2 278
2 319 705
2 995 549
2 698 379
2 480 291
2 449 598
2 404 881
2 257 270
2 933 356
2 563 903
2 734 413
2 616 99
2 29 543
2 248 91
2 297 225
2 126 59
2 229 272
2 573 39
2 283 104
2 505 386
2 441 964
2 207 556
2 625 733
2 654 774
2 627 586
2 288 598
2 400 283
2 696 478
2 752 303
2 656 913
2 64 291
2 528 615
2 325 391
2 263 225
2 137 411
2 99 564
2 730 722
2 550 842
2 221 387
2 747 630
2 861 664
2 715 59
2 122 786
2 505 321
2 745 378
2 352 123
2 284 914
2 849 911
2 52 103
2 874 455
2 290 123
2 460 971
2 196 885
2 485 884
2 265 837
2 126 732
2 614 610
2 745 717
2 77 846
2 775 884
2 292 143
2 328 326
2 803 485
2 620 210
2 980 644
2 339 728
2 380 590
2 915 455
2 948 594
2 538 578
2 715 782
2 19 981
2 852 5
2 687 69
2 219 854
2 595 409
2 616 752
2 81 735
2 155 558
2 996 960
2 311 930
2 468 107
2 793 469
2 118 774
2 890 436
2 30 894
2 312 246
2 949 478
2 36 116
2 970 911
2 380 800
2 30 906
2 352 623
2 976 296
2 871 40
2 305 769
2 912 802
2 49 665
2 31 450
2 166 572
2 390 573
2 763 378
2 263 371
2 593 794
2 670 718
2 66 344
2 82 168
2 780 634
2 264 101
2 692 357
2 223 749
2 643 716
2 775 731
2 366 312
2 680 199
2 386 544
2 300 175
2 208 47
2 790 138
2 1 981
2 958 921
2 942 548
2 623 75
2 56 359
2 657 878
2 104 163
2 461 835
2 547 913
2 658 567
2 432 700
2 98 442
2 257 47
2 39 870
2 693 511
2 992 332
2 252 195
2 54 539
2 850 570
2 310 97
2 502 546
2 58 15
2 692 694
2 467 325
2 893 89
2 338 814
2 646 268
2 616 11
2 475 462
2 817 481
2 751 679
2 45 153
2 695 710
2 539 916
2 68 818
2 122 996
2 580 796
2 132 275
2 670 313
2 531 40
2 727 612
2 404 373
2 311 711
2 477 848
2 697 548
2 143 636
2 21 953
2 911 261
2 122 293
2 868 152
2 863 456
2 592 438
2 634 759
2 656 866
2 240 508
2 669 944
2 86 728
2 464 903
2 385 260
2 671 811
2 424 967
2 972 85
2 667 718
2 839 472
2 658 468
2 715 413
2 58 159
2 91 530
2 363 294
2 982 748
2 609 385
2 10 817
2 604 583
2 370 365
2 895 180
2 142 785
2 115 635
2 971 123
2 686 361
2 609 438
2 843 499
2 92 608
2 119 35
2 765 796
2 784 886
2 266 208
2 752 9
2 348 783
2 5 640
2 125 842
2 309 27
2 374 201
2 979 944
2 692 780
2 609 634
2 372 801
2 841 44
2 339 225
2 183 733
2 948 993
2 338 231
2 350 103
2 982 690
2 953 775
2 897 629
2 785 481
2 561 255
2 876 439
2 270 192
2 317 544
2 156 390
2 118 926
2 806 968
2 155 866
2 245 629
2 424 987
2 176 536
2 654 339
2 932 211
2 661 652
2 437 223
2 280 190
2 983 867
2 783 499
2 815 439
2 369 178
2 31 897
2 995 47
2 52 882
2 169 729
2 430 506
2 637 332
2 101 455
2 674 712
2 369 225
2 510 417
2 841 244
2 363 866
2 384 915
2 688 590
2 363 847
2 915 503
2 780 46
2 638 51
2 619 532
2 74 53
2 371 171
2 358 53
2 85 697
2 691 357
2 751 444
2 546 133
2 854 380
2 893 467
2 305 564
2 679 960
2 503 85
2 641 905
2 45 659
2 518 931
2 572 594
2 471 834
2 546 708
2 694 629
2 48 592
2 680 581
2 309 580
2 226 237
2 372 478
2 112 806
2 938 731
2 910 557
2 641 237
2 626 877
2 818 939
2 874 559
2 245 385
2 666 586
2 492 681
2 275 119
2 322 719
2 46 639
2 797 410
2 296 837
2 534 978
2 517 261
2 831 685
2 839 761
2 693 771
2 529 415
2 48 763
2 186 929
2 891 542
2 954 682
2 180 148
2 45 761
2 481 297
2 186 397
2 469 987
2 650 273
2 549 175
2 74 520
2 110 123
2 814 47
2 458 884
2 167 6
2 879 340
2 933 31
2 13 56
2 112 401
2 873 72
2 795 788
2 573 142
2 798 375
2 367 514
2 582 249
2 975 880
2 592 281
2 740 145
2 520 36
2 926 996
2 591 101
2 181 92
2 265 586
2 436 431
2 640 266
2 386 238
2 402 330
2 799 961
2 642 464
2 618 726
2 439 775
2 496 483
2 102 559
2 398 529
2 855 106
2 6 351
2 509 59
2 595 705
2 10 387
2 286 590
2 21 687
2 819 88
2 869 754
2 311 374
2 532 491
2 173 878
2 435 756
2 181 975
2 824 464
2 121 465
2 969 693
2 900 463
2 253 832
2 167 287
2 343 197
2 493 261
2 46 711
2 99 545
2 643 196
2 660 315
2 266 284
2 194 286
2 181 500
2 129 698
2 641 455
2 598 271
2 37 235
2 576 482
2 756 336
2 993 11
2 695 590
2 675 118
2 155 525
2 191 66
2 473 171
2 749 13
2 966 302
2 386 458
2 240 507
2 486 302
2 898 111
2 895 323
2 214 858
2 504 328
2 183 272
2 143 69
2 418 293
2 958 228
2 945 238
2 153 191
2 747 513
2 924 302
2 120 748
2 97 154
2 840 958
2 584 846
2 645 573
2 745 492
2 599 846
2 314 724
2 185 26
2 616 61
2 674 802
2 309 38
2 985 272
2 368 815
2 314 98
2 786 142
2 700 163
2 369 78
2 710 379
2 388 60
2 437 51
2 367 153
2 759 651
2 693 535
2 822 246
2 612 938
2 436 446
2 708 930
2 45 665
2 248 150
2 798 950
2 634 132
2 248 974
2 344 51
2 31 713
2 174 739
2 286 648
2 760 918
2 341 744
2 58 542
2 991 912
2 320 44
2 840 827
2 227 399
2 627 427
2 137 186
2 391 399
2 320 835
2 344 236
2 997 541
2 451 803
2 182 495
2 551 69
2 647 834
2 285 781
2 782 100
2 434 407
2 87 162
2 925 913
2 516 435
2 163 931
2 42 873
2 813 308
2 925 897
2 316 138
2 130 582
2 189 255
2 142 986
2 994 698
2 527 262
2 64 261
2 10 389
2 467 816
2 485 267
2 755 318
2 820 444
2 520 375
2 821 936
2 174 354
2 860 526
2 663 616
2 543 426
2 348 739
2 193 564
2 476 522
2 291 199
2 874 77
2 658 11
2 151 584
2 428 263
2 937 773
2 32 807
2 840 537
2 540 885
2 995 594
2 984 671
2 329 349
2 1 695
2 653 535
2 398 333
2 918 409
2 164 52
2 756 319
2 636 82
2 956 522
2 5 319
2 414 98
2 23 468
2 212 455
2 415 237
2 311 648
2 356 78
2 770 378
2 452 923
2 373 370
2 55 832
2 74 331
2 186 656
2 533 776
2 342 914
2 789 291
2 271 832
2 674 102
2 707 76
2 893 622
2 286 627
2 420 651
2 75 972
2 587 71
2 776 953
2 509 533
2 228 617
2 32 944
2 167 972
2 801 683
2 297 191
2 166 435
2 447 808
2 997 600
2 851 580
2 235 713
2 128 340
2 315 705
2 761 714
2 390 359
2 846 182
2 304 95
2 150 136
2 674 516
2 895 816
2 189 335
2 459 960
2 363 284
2 337 269
2 691 692
2 345 3
2 107 410
2 929 974
2 54 915
2 846 80
2 311 767
2 972 811
2 988 64
2 665 316
2 429 266
2 501 545
2 709 563
2 384 23
2 477 107
2 54 419
2 428 190
2 136 86
2 596 899
2 172 56
2 653 251
2 230 65
2 838 269
2 174 570
2 412 619
2 221 595
2 121 100
2 278 668
2 446 827
2 275 566
2 345 644
2 630 540
2 597 827
2 137 185
2 996 883
2 883 584
2 260 593
2 945 824
2 945 913
2 809 605
2 717 559
2 265 807
2 164 756
2 852 12
2 515 686
2 33 210
2 678 463
2 798 374
2 852 963
2 988 806
2 427 208
2 899 130
2 405 654
2 211 802
2 512 307
2 432 491
2 389 608
2 954 537
2 813 411
2 113 619
2 657 885
2 843 905
2 865 294
2 606 608
2 605 239
2 547 295
2 523 495
2 416 105
2 29 146
2 980 464
2 421 381
2 293 101
2 730 742
2 709 589
2 203 8
2 576 295
2 5 329
2 776 565
2 952 273
2 117 370
2 532 604
2 496 540
2 151 459
2 339 881
2 625 161
2 485 579
2 618 125
2 265 746
2 48 694
2 125 186
2 645 284
2 57 433
2 524 96
2 873 2
2 642 455
2 437 769
2 601 986
2 643 319
2 598 268
2 927 805
2 988 455
2 280 511
2 25 387
2 392 632
2 386 944
2 176 379
2 385 806
2 466 329
2 385 116
2 991 908
2 672 634
2 434 300
2 2 564
2 925 399
2 142 332
2 363 176
2 700 642
2 403 7
2 128 336
2 604 3
2 794 997
2 990 694
2 470 270
2 75 393
2 271 433
2 676 633
2 543 709
2 861 397
2 603 937
2 137 842
2 917 617
2 649 274
2 238 670
2 574 594
2 933 650
2 116 686
2 622 741
2 288 964
2 801 471
2 528 699
2 707 110
2 824 689
2 991 547
2 255 436
2 656 56
2 722 407
2 730 435
2 144 472
2 686 578
2 854 836
2 383 856
2 894 443
2 781 458
2 427 860
2 133 814
2 821 539
2 597 460
2 737 274
2 158 431
2 242 677
2 235 90
2 186 975
2 679 64
2 309 569
2 137 196
2 773 365
2 766 52
2 650 923
2 259 594
2 392 422
2 846 260
2 401 491
2 471 811
2 156 739
2 741 123
2 496 955
2 670 704
2 674 770
2 270 197
2 333 981
2 962 940
2 537 649
2 400 105
2 440 484
2 466 440
2 479 860
2 852 341
2 762 131
2 342 973
2 165 832
2 889 931
2 73 150
2 89 878
2 160 85
2 147 3
2 952 160
2 564 197
2 871 959
2 752 165
2 178 293
2 211 205
2 579 447
2 319 405
2 698 621
2 616 972
2 211 480
2 303 988
2 260 510
2 985 977
2 801 361
2 663 81
2 372 180
2 746 879
2 24 623
2 868 709
2 277 778
2 941 297
2 155 578
2 677 450
2 837 302
2 265 20
2 46 106
2 128 670
2 59 40
2 1000 27
2 121 388
2 773 793
2 266 199
2 647 278
2 166 919
2 668 464
2 509 909
2 37 307
2 933 828
2 942 82
2 315 2
2 587 296
2 497 647
2 790 636
2 363 32
2 860 758
2 415 492
2 250 245
2 783 538
2 663 930
2 39 153
2 819 488
2 210 951
2 158 831
2 776 444
2 408 835
2 97 914
2 859 537
2 57 716
2 367 665
2 124 932
2 924 951
2 852 834
2 207 813
2 12 465
2 26 481
2 194 1000
2 338 371
2 944 359
2 244 901
2 1 407
2 812 676
2 1 803
2 327 850
2 425 743
2 193 100
2 699 684
2 908 505
2 438 857
2 498 677
2 227 13
2 657 192
2 389 947
2 777 253
2 949 426
2 914 706
2 354 75
2 703 834
2 111 506
2 429 468
2 962 840
2 781 717
2 449 251
2 366 190
2 636 669
2 742 733
2 228 563
2 182 170
2 373 179
2 928 425
2 523 602
2 601 514
2 363 951
2 373 483
2 679 262
2 314 906
2 581 494
2 357 981
2 20 306
2 103 684
2 23 529
2 786 366
2 625 358
2 53 894
2 467 921
2 891 251
2 599 444
2 352 82
2 519 100
2 976 704
2 932 442
2 875 47
2 448 197
2 856 455
2 420 452
2 941 922
2 843 766
2 198 544
2 115 364
2 400 335
2 400 343
2 91 704
2 429 119
2 282 14
2 742 390
2 310 700
2 704 102
2 254 714
2 793 168
2 194 421
2 379 471
2 266 723
2 367 195
2 795 970
2 259 455
2 818 657
2 233 415
2 200 76
2 71 66
2 993 320
2 890 420
2 404 854
2 54 476
2 207 894
2 372 592
2 630 189
2 994 221
2 743 178
2 499 709
2 869 801
2 4 486
2 843 203
2 249 446
2 394 142
2 528 82
2 27 847
2 945 32
2 849 114
2 185 652
2 178 361
2 372 41
2 73 785
2 71 22
2 965 526
2 933 914
2 134 209
2 485 284
2 70 544
2 320 596
2 667 302
2 616 765
2 925 345
2 737 95
2 567 78
2 519 973
2 38 491
2 952 636
2 63 493
2 424 778
2 194 685
2 421 390
2 575 370
2 970 533
2 720 171
2 575 818
2 119 307
2 760 464
2 745 127
2 710 501
2 616 124
2 124 395
2 4 328
2 579 460
2 754 902
2 271 308
2 685 331
2 474 237
2 764 688
2 982 237
2 231 729
2 514 912
2 298 468
2 792 268
2 106 177
2 33 540
2 92 771
2 48 439
2 812 86
2 135 648
2 229 966
2 182 559
2 343 864
2 964 461
2 737 554
2 709 116
2 342 469
2 671 371
2 981 358
2 636 117
2 782 346
2 2 969
2 309 732
2 240 105
2 635 487
2 532 816
2 999 882
2 135 540
2 369 391
2 351 407
2 244 251
2 777 786
2 426 321
2 398 940
2 413 825
2 174 967
2 435 889
2 527 34
2 845 508
2 42 680
2 254 349
2 873 53
2 241 460
2 315 545
2 325 201
2 386 774
2 877 367
2 989 85
2 668 907
2 959 416
2 40 827
2 499 528
2 439 235
2 678 496
2 873 387
2 445 808
2 674 122
2 160 600
2 540 682
2 265 885
2 251 847
2 117 107
2 470 864
2 948 807
2 83 281
2 161 980
2 97 949
2 844 795
2 211 759
2 209 140
2 873 608
2 511 501
2 698 847
2 386 176
2 599 127
2 85 547
2 451 969
2 761 407
2 637 407
2 458 201
2 203 733
2 877 2
2 298 703
2 817 433
2 725 1
2 414 550
2 445 727
2 941 719
2 556 542
2 57 14
2 38 174
2 146 159
2 479 361
2 10 808
2 310 376
2 953 901
2 751 220
2 928 727
2 302 561
2 369 374
2 676 544
2 890 47
2 203 90
2 922 71
2 751 972
2 470 908
2 686 101
2 27 546
2 909 570
2 801 304
2 544 287
2 873 639
2 314 406
2 38 568
2 715 178
2 353 905
2 173 483
2 160 294
2 579 820
2 627 605
2 489 971
2 544 195
2 694 823
2 2 530
2 829 324
2 546 651
2 74 217
2 426 831
2 110 236
2 890 742
2 458 214
2 935 143
2 638 351
2 670 916
2 667 136
2 603 61
2 643 541
2 335 950
2 4 970
2 174 377
2 766 254
2 932 409
2 548 86
2 27 638
2 655 757
2 589 99
2 285 116
2 246 81
2 551 879
2 138 472
2 343 383
2 945 191
2 1 607
2 209 837
2 157 767
2 560 824
2 151 625
2 159 82
2 533 806
2 132 178
2 914 326
2 771 244
2 344 266
2 160 798
2 707 115
2 174 317
2 956 918
2 92 259
2 938 293
2 344 70
2 372 171
2 630 499
2 383 198
2 655 494
2 451 909
2 840 368
2 681 909
2 481 162
2 296 448
2 958 513
2 723 504
2 703 289
2 963 303
2 41 139
2 667 829
2 645 786
2 70 776
2 316 527
2 509 201
2 890 851
2 528 352
2 541 807
2 298 478
2 246 468
2 854 552
2 8 82
2 317 703
2 988 155
2 242 916
2 32 658
2 363 589
2 833 941
2 516 329
2 772 41
2 640 311
2 806 88
2 274 847
2 403 723
2 602 902
2 110 793
2 419 364
2 253 959
2 926 373
2 104 931
2 941 600
2 385 957
2 909 733
2 891 256
2 76 219
2 767 484
2 424 319
2 265 767
2 958 816
2 446 930
2 52 137
2 406 849
2 957 349
2 465 347
2 304 75
2 499 590
2 5 701
2 467 350
2 436 513
2 582 973
2 242 343
2 746 895
2 746 209
2 134 249
2 214 64
2 920 733
2 372 869
2 189 377
2 312 297
2 841 887
2 983 914
2 437 19
2 497 513
2 34 455
2 923 387
2 165 623
2 385 591
2 622 256
2 108 91
2 32 603
2 343 976
2 628 208
2 222 210
2 225 329
2 793 473
2 457 967
2 76 337
2 356 842
2 348 13
2 803 12
2 776 444
2 27 86
2 231 330
2 570 82
2 264 600
2 342 150
2 995 646
2 774 229
2 45 569
2 405 699
2 298 982
2 685 600
2 354 53
2 395 748
2 975 838
2 797 880
2 269 235
2 471 90
2 207 180
2 311 473
2 71 981
2 536 856
2 782 183
2 300 762
2 919 906
2 202 376
2 89 647
2 996 106
2 992 244
2 382 684
2 806 882
2 666 383
2 991 246
2 386 885
2 485 489
2 510 789
2 540 692
2 861 833
2 44 319
2 852 939
2 182 8
2 675 902
2 970 758
2 300 582
2 205 637
2 883 254
2 523 699
2 431 77
2 134 914
2 903 834
2 690 553
2 53 670
2 215 971
2 984 419
2 601 946
2 521 683
2 754 748
2 405 535
2 501 200
2 994 622
2 749 684
2 678 516
2 121 979
2 339 299
2 151 364
2 482 378
2 958 436
2 523 13
2 56 533
2 570 930
2 745 74
2 969 915
2 518 849
2 97 193
2 122 985
2 352 11
2 473 319
2 750 318
2 719 530
2 88 318
2 928 183
2 920 444
2 721 582
2 991 622
2 216 742
2 288 969
2 586 71
2 985 926
2 228 788
2 402 866
2 577 200
2 292 535
2 255 108
2 751 47
2 943 19
2 674 585
2 794 264
2 921 666
2 740 497
2 603 312
2 401 399
2 331 846
2 698 111
2 508 371
2 370 151
2 293 759
2 960 413
2 430 473
2 983 687
2 835 466
2 948 805
2 463 261
2 824 166
2 81 123
2 745 110
2 908 443
2 620 143
2 592 160
2 485 154
2 827 965
2 814 897
2 282 676
2 987 735
2 843 454
2 428 261
2 551 906
2 958 573
2 166 405
2 541 744
2 924 295
2 112 350
2 972 7
2 934 100
2 238 494
2 411 581
2 352 686
2 900 975
2 405 557
2 167 779
2 291 168
2 852 809
2 92 131
2 584 107
2 343 867
2 708 11
2 300 111
2 31 500
2 544 437
2 496 788
2 166 557
2 204 778
2 41 718
2 248 783
2 78 455
2 949 85
2 76 545
2 449 97
2 781 543
2 113 123
2 82 944
2 985 362
2 666 974
2 194 124
2 790 586
2 937 195
2 356 738
2 824 142
2 661 394
2 233 732
2 835 936
2 326 585
2 162 735
2 833 61
2 893 416
2 293 454
2 669 262
2 709 349
2 416 624
2 970 584
2 971 261
2 350 807
2 121 533
2 236 443
2 449 869
2 778 199
2 930 684
2 461 968
2 191 251
2 105 81
2 205 593
2 950 399
2 118 479
2 406 922
2 370 39
2 127 417
2 99 14
2 266 181
2 427 783
2 418 583
2 639 22
2 37 355
2 298 662
2 881 960
2 530 244
2 506 788
2 862 568
2 226 608
2 836 40
2 355 887
2 696 703
2 988 959
2 704 894
2 754 851
2 678 817
2 351 654
2 305 41
2 135 1000
2 812 422
2 163 476
2 522 472
2 599 672
2 97 944
2 891 987
2 146 211
2 286 293
2 89 771
2 642 302
2 384 286
2 695 149
2 795 528
2 988 850
2 707 855
2 275 730
2 352 293
2 355 885
2 406 822
2 149 320
2 3 341
2 125 439
2 52 353
2 235 578
2 641 974
2 436 999
2 510 683
2 775 281
2 967 537
2 609 27
2 497 831
2 368 726
2 891 367
2 401 697
2 259 884
2 446 376
2 196 738
2 77 525
2 714 95
2 354 461
2 478 882
2 926 633
2 104 897
2 76 93
2 222 701
2 582 815
2 651 531
2 27 819
2 120 259
2 849 943
2 960 793
2 845 130
2 521 230
2 170 736
2 845 848
2 27 269
2 574 491
2 32 600
2 830 295
2 214 211
2 70 491
2 379 912
2 19 979
2 558 927
2 224 793
2 135 975
2 341 199
2 496 569
2 265 903
2 524 91
2 406 273
2 294 967
2 753 123
2 70 909
2 384 759
2 790 889
2 374 68
2 542 404
2 149 885
2 991 814
2 579 581
2 390 313
2 746 193
2 991 276
2 113 767
2 795 350
2 843 966
2 945 446
2 799 479
2 249 566
2 108 483
2 725 157
2 434 696
2 112 223
2 913 491
2 97 714
2 292 941
2 155 318
2 225 215
2 382 118
2 945 673
2 851 691
2 141 823
2 339 53
2 902 832
2 335 8
2 70 315
2 689 78
2 875 638
2 757 255
2 589 9
2 501 432
2 828 564
2 288 420
2 751 42
2 890 533
2 994 694
2 996 574
2 90 69
2 211 147
2 194 918
2 846 82
2 31 334
2 928 386
2 247 22
2 420 838
2 369 40
2 580 365
2 509 444
2 902 699
2 819 107
2 414 385
2 265 436
2 55 659
2 55 617
2 767 723
2 857 838
2 995 155
2 714 709
2 580 237
2 987 418
2 331 243
2 172 114
2 774 345
2 311 456
2 356 390
2 926 14
2 857 191
2 357 590
2 564 618
2 791 86
2 425 59
2 635 701
2 504 499
2 451 334
2 984 536
2 233 363
2 489 86
2 571 858
2 16 732
2 709 780
2 467 903
2 270 856
2 596 256
2 758 715
2 661 830
2 905 774
2 5 612
2 182 495
2 915 466
2 361 371
2 658 181
2 411 350
2 459 31
2 136 530
2 48 577
2 406 405
2 607 749
2 815 938
2 220 264
2 342 948
2 571 351
2 731 825
2 783 835
2 561 26
2 410 578
2 969 191
2 238 633
2 120 484
2 167 384
2 516 831
2 37 185
2 957 641
2 245 41
2 83 46
2 638 826
2 998 171
2 913 522
2 300 98
2 381 889
2 700 139
2 828 410
2 891 344
2 786 796
2 457 705
2 932 865
2 322 263
2 615 240
2 302 9
2 290 813
2 943 753
2 777 476
2 592 795
2 620 532
2 937 984
2 980 47
2 363 17
2 758 413
2 155 983
2 486 796
2 407 834
2 754 570
2 43 216
2 187 426
2 755 421
2 556 980
2 667 812
2 907 976
2 311 770
2 624 507
2 890 278
2 666 863
2 323 341
2 794 429
2 342 470
2 126 713
2 997 979
2 232 987
2 250 670
2 172 771
2 319 273
2 933 783
2 505 912
2 261 697
2 105 797
2 972 313
2 592 166
2 777 408
2 582 188
2 331 85
2 321 699
2 631 58
2 943 804
2 702 455
2 983 427
2 274 602
2 165 566
2 968 154
2 967 66
2 176 541
2 35 456
2 441 979
2 310 437
2 191 51
2 717 285
2 929 359
2 123 569
2 382 454
2 165 172
2 789 506
2 503 31
2 310 750
2 941 802
2 707 323
2 478 585
2 995 882
2 305 93
2 503 189
2 512 981
2 306 394
2 636 120
2 709 413
2 133 575
2 817 908
2 751 344
2 942 886
2 974 654
2 929 203
2 992 92
2 192 304
2 987 436
2 87 510
2 351 16
2 3 796
2 816 417
2 534 482
2 112 220
2 340 624
2 140 9
2 249 365
2 558 60
2 13 192
2 771 115
2 648 378
2 814 328
2 797 261
2 259 443
2 313 973
2 676 327
2 821 295
2 573 381
2 549 145
2 193 102
2 849 939
2 67 192
2 189 301
2 691 716
2 184 823
2 999 993
2 57 507
2 45 27
2 84 454
2 505 534
2 74 758
2 943 276
2 960 364
2 368 640
2 794 911
2 323 720
2 917 369
2 807 594
2 250 66
2 979 664
2 767 321
2 249 522
2 509 617
2 799 644
2 316 712
2 375 308
2 641 347
2 936 885
2 93 155
2 771 762
2 439 376
2 938 552
2 504 856
2 838 206
2 873 1
2 87 779
2 504 572
2 102 167
2 311 935
2 995 556
2 784 712
2 200 617
2 438 31
2 678 369
2 424 400
2 121 594
2 524 542
2 949 46
2 777 416
2 604 800
2 241 720
2 400 661
2 889 951
2 479 29
2 310 465
2 788 473
2 467 859
2 576 527
2 448 6
2 557 168
2 292 656
2 522 500
2 695 215
2 306 152
2 586 879
2 488 90
2 259 395
2 587 96
2 477 972
2 464 276
2 292 427
2 199 838
2 134 576
2 901 972
2 613 346
2 2 260
2 641 1000
2 833 803
2 338 362
2 272 433
2 526 815
2 710 865
2 165 308
2 388 693
2 576 419
2 421 57
2 617 507
2 418 195
2 517 249
2 966 704
2 652 710
2 91 456
2 515 91
2 519 787
2 588 352
2 564 145
2 621 237
2 910 85
2 323 301
2 8 11
2 877 217
2 893 714
2 745 788
2 333 483
2 886 206
2 556 957
2 937 986
2 981 785
2 925 829
2 411 149
2 213 69
2 612 590
2 298 774
2 327 684
2 841 536
2 342 612
2 300 162
2 577 160
2 737 776
2 580 131
2 956 609
2 269 950
2 228 737
2 980 632
2 568 57
2 746 640
2 939 111
2 303 163
2 314 950
2 393 435
2 573 563
2 583 638
2 268 399
2 769 638
2 356 591
2 929 732
2 306 777
2 611 326
2 36 600
2 440 714
2 252 61
2 560 75
2 157 966
2 223 633
2 775 116
2 755 851
2 725 14
2 689 419
2 822 787
2 368 685
2 166 237
2 389 329
2 35 482
2 552 931
2 518 591
2 758 532
2 504 590
2 776 189
2 152 413
2 667 391
2 30 494
2 611 50
2 892 944
2 495 826
2 737 915
2 344 666
2 396 308
2 615 606
2 58 786
2 945 468
2 349 979
2 446 35
2 962 185
2 916 895
2 675 72
2 382 65
2 218 453
2 619 327
2 196 619
2 1 453
2 703 693
2 187 555
2 634 849
2 166 42
2 907 800
2 511 592
2 241 139
2 130 571
2 586 894
2 412 452
2 760 172
2 461 220
2 904 99
2 97 153
2 404 399
2 958 591
2 690 537
2 957 197
2 214 636
2 982 291
2 724 684
2 330 968
2 518 380
2 648 164
2 1 284
2 406 676
2 665 284
2 186 6
2 29 304
2 6 507
2 732 598
2 392 629
2 293 764
2 463 464
2 76 251
2 380 580
2 209 593
2 422 160
2 248 400
2 187 594
2 173 605
2 407 823
2 546 292
2 470 246
2 112 214
2 445 567
2 163 706
2 334 135
2 488 98
2 776 22
2 135 803
2 213 791
2 717 916
2 105 684
2 303 758
2 194 695
2 340 911
2 433 353
2 475 868
2 907 570
2 446 270
2 943 266
2 872 476
2 429 178
2 224 193
2 385 523
2 550 446
2 67 326
2 360 217
2 924 890
2 639 387
2 702 241
2 862 709
2 782 407
2 537 263
2 640 239
2 235 302
2 450 66
2 95 23
2 549 127
2 983 581
2 845 794
2 921 188
2 299 562
2 175 329
2 655 433
2 248 728
2 269 712
2 539 850
2 539 712
2 181 728
2 564 362
2 447 287
2 59 634
2 247 333
2 372 406
2 452 786
2 85 392
2 562 723
2 663 646
2 987 426
2 657 263
2 982 465
2 925 141
2 174 364
2 447 144
2 310 273
2 677 413
2 592 454
2 653 282
2 426 967
2 574 862
2 615 898
2 920 635
2 295 256
2 861 495
2 453 931
2 560 437
2 786 277
2 152 694
2 205 561
2 898 797
2 238 551
2 74 327
2 916 347
2 212 589
2 60 64
2 616 864
2 347 711
2 625 393
2 394 281
2 423 622
2 704 410
2 108 536
2 423 780
2 697 729
2 554 364
2 976 490
2 445 188
2 248 486
2 747 190
2 442 886
2 405 649
2 610 256
2 499 350
2 503 999
2 340 536
2 815 714
2 618 687
2 118 139
2 841 489
2 960 141
2 267 487
2 27 798
2 204 336
2 440 350
2 917 560
2 385 105
2 840 156
2 212 830
2 3 75
2 723 907
2 298 247
2 38 973
2 190 416
2 159 940
2 239 972
2 645 63
2 418 976
2 103 629
2 949 617
2 664 725
2 899 570
2 424 683
2 692 672
2 36 955
2 637 159
2 124 437
2 598 903
2 617 307
2 647 542
2 240 737
2 221 321
2 784 943
2 421 716
2 991 967
2 457 23
2 993 405
2 177 831
2 407 732
2 457 649
2 414 959
2 574 341
2 107 440
2 581 364
2 383 75
2 145 447
2 219 497
2 413 271
2 229 647
2 516 239
2 159 848
2 428 200
2 905 349
2 575 384
2 296 321
2 782 964
2 120 972
2 895 631
2 158 226
2 945 796
2 204 859
2 245 101
2 607 826
2 511 473
2 423 739
2 840 357
2 141 906
2 593 300
2 986 50
2 518 911
2 626 651
2 788 324
2 5 344
2 290 887
2 113 20
2 587 963
2 752 377
2 127 623
2 565 590
2 877 924
2 875 306
2 469 797
2 927 35
2 205 210
2 760 107
2 285 258
2 615 234
2 405 969
2 173 394
2 552 826
2 416 160
2 645 616
2 355 251
2 663 582
2 125 195
2 515 859
2 442 461
2 606 762
2 425 939
2 656 279
2 378 870
2 348 925
2 88 699
2 838 756
2 949 332
2 867 848
2 109 312
2 133 940
2 518 598
2 765 771
2 176 38
2 221 476
2 29 490
2 993 90
2 596 906
2 498 607
2 627 915
2 282 603
2 992 920
2 357 413
2 861 777
2 788 716
2 52 456
2 925 354
2 932 283
2 697 1
2 268 949
2 621 35
2 869 52
2 337 51
2 115 163
2 236 595
2 702 878
2 110 136
2 981 207
2 270 488
2 609 175
2 900 736
2 744 769
2 763 590
2 174 203
2 726 468
2 92 500
2 648 307
2 213 828
2 627 126
2 316 835
2 73 714
2 843 825
2 111 257
2 427 476
2 113 673
2 325 363
2 523 951
2 270 302
2 57 858
2 727 143
2 725 557
2 322 135
2 583 728
2 876 125
2 607 584
2 169 34
2 540 145
2 30 684
2 961 152
2 15 682
2 295 735
2 787 107
2 650 46
2 925 206
2 281 978
2 841 678
2 466 431
2 519 101
2 130 890
2 761 12
2 385 648
2 619 885
2 450 712
2 183 896
2 742 642
2 956 831
2 776 237
2 995 926
2 24 473
2 637 923
2 116 189
2 427 107
2 294 712
2 172 341
2 519 554
2 799 444
2 400 52
2 819 222
2 421 832
2 269 846
2 521 140
2 683 644
2 892 699
2 673 789
2 576 905
2 769 608
2 194 177
2 881 523
2 891 666
2 297 483
2 932 827
2 344 277
2 861 229
2 527 230
2 424 69
2 558 476
2 383 919
2 992 535
2 568 614
2 466 682
2 873 572
2 165 649
2 604 259
2 133 919
2 180 754
2 421 488
2 206 491
2 357 602
2 338 364
2 285 575
2 937 107
2 875 836
2 610 773
2 284 450
2 817 176
2 982 461
2 821 754
2 497 256
2 215 968
2 502 319
2 637 34
2 541 568
2 744 738
2 950 16
2 256 732
2 757 569
2 20 830
2 152 354
2 604 965
2 827 552
2 193 793
2 645 289
2 95 131
2 740 797
2 933 869
2 868 222
2 943 223
2 737 342
2 474 78
2 766 396
2 638 979
2 702 280
2 310 220
2 394 230
2 999 572
2 941 837
2 505 798
2 102 651
2 355 163
2 406 203
2 628 450
2 343 402
2 169 968
2 571 231
2 591 35
2 35 466
2 287 21
2 941 700
2 252 134
2 67 301
2 228 307
2 524 330
2 669 541
2 128 670
2 256 361
2 43 189
2 806 482
2 842 280
2 555 281
2 360 752
2 542 665
2 893 638
2 678 195
2 312 557
2 737 328
2 972 195
2 185 751
2 223 402
2 85 486
2 648 1
2 833 456
2 868 757
2 358 117
2 202 772
2 971 34
2 439 357
2 943 838
2 700 708
2 849 756
2 104 213
2 922 507
2 174 150
2 121 300
2 388 289
2 364 289
2 728 300
2 198 185
2 451 601
2 690 207
2 633 807
2 628 435
2 265 360
2 604 468
2 130 536
2 521 533
2 448 383
2 653 808
2 115 563
2 602 53
2 283 959
2 360 685
2 868 260
2 966 709
2 92 453
2 987 15
2 26 738
2 745 70
2 99 332
2 575 500
2 298 804
2 116 525
2 193 237
2 65 347
2 290 54
2 991 144
2 959 793
2 502 773
2 498 756
2 923 535
2 916 23
2 891 729
2 378 171
2 227 967
2 759 24
2 449 317
2 305 994
2 899 11
2 236 810
2 164 837
2 43 304
2 342 234
2 660 630
2 221 545
2 621 164
2 631 682
2 500 328
2 653 531
2 171 30
2 30 31
2 669 403
2 398 25
2 463 361
2 713 554
2 603 661
2 288 844
2 596 84
2 341 701
2 501 321
2 956 299
2 60 64
2 200 885
2 480 185
2 634 722
2 243 463
2 596 871
2 809 144
2 267 868
2 932 685
2 365 578
2 677 579
2 510 402
2 929 229
2 425 77
2 424 410
2 209 207
2 146 839
2 397 118
2 71 890
2 999 140
2 605 326
2 448 866
2 414 524
2 28 564
2 100 450
2 628 168
2 747 207
2 515 780
2 809 415
2 198 508
2 744 791
2 520 723
2 781 468
2 941 102
2 85 17
2 971 415
2 721 132
2 398 985
2 576 201
2 340 469
2 457 484
2 690 156
2 444 9
2 86 312
2 605 117
2 84 17
2 152 673
2 186 54
2 373 589
2 626 103
2 816 581
2 282 817
2 687 624
2 801 5
2 460 142
2 584 714
2 32 444
2 858 484
2 165 606
2 587 299
2 510 362
2 663 725
2 213 64
2 493 651
2 387 832
2 5 903
2 187 803
2 19 444
2 704 472
2 367 420
2 21 175
2 520 793
2 861 799
2 884 50
2 205 291
2 200 299
2 799 308
2 841 51
2 332 723
2 104 226
2 72 350
2 282 332
2 840 834
2 556 148
2 935 794
2 980 799
2 674 716
2 239 828
2 801 568
2 933 784
2 257 770
2 357 947
2 632 882
2 259 116
2 118 682
2 509 231
2 243 921
2 799 579
2 840 728
2 974 483
2 163 706
2 265 744
2 864 774
2 707 994
2 458 40
2 843 157
2 647 318
2 991 254
2 991 596
2 688 974
2 233 345
2 920 193
2 761 339
2 319 191
2 368 86
2 998 800
2 6 493
2 775 57
2 852 258
2 238 218
2 587 691
2 73 858
2 217 735
2 121 529
2 849 485
2 422 823
2 503 636
2 690 922
2 994 252
2 915 530
2 175 562
2 205 618
2 677 743
2 801 649
2 980 474
2 746 877
2 904 559
2 512 379
2 89 939
2 48 408
2 309 295
2 946 408
2 368 322
2 760 743
2 603 84
2 489 201
2 321 986
2 154 183
2 672 985
2 776 132
2 324 989
2 908 157
2 257 692
2 795 12
2 542 535
2 385 180
2 645 432
2 375 356
2 660 337
2 548 350
2 527 562
2 741 728
2 203 25
2 974 788
2 398 557
2 383 243
2 372 301
2 44 680
2 939 384
2 854 266
2 92 731
2 766 827
2 420 313
2 409 313
2 485 699
2 577 357
2 972 594
2 900 708
2 370 559
2 147 871
2 975 541
2 333 635
2 466 552
2 959 636
2 719 488
2 74 818
2 792 830
2 734 34
2 315 445
2 237 885
2 929 189
2 296 353
2 891 853
2 555 878
2 93 743
2 434 50
2 237 376
2 828 310
2 290 988
2 447 555
2 916 977
2 88 21
2 428 446
2 420 735
2 459 791
2 598 85
2 323 962
2 163 1000
2 827 506
2 305 246
2 647 275
2 875 531
2 266 279
2 315 558
2 401 951
2 937 633
2 539 172
2 950 231
2 172 644
2 305 308
2 646 237
2 500 863
2 400 371
2 181 501
2 920 244
2 779 289
2 973 846
2 118 538
2 876 782
2 810 287
2 93 535
2 27 880
2 475 799
2 396 714
2 546 747
2 713 118
2 555 815
2 375 215
2 57 410
2 875 611
2 73 780
2 209 983
2 207 983
2 617 361
2 198 42
2 951 538
2 383 197
2 196 996
2 451 965
2 167 156
2 183 77
2 160 614
2 365 708
2 10 863
2 890 866
2 138 681
2 815 249
2 194 687
2 512 735
2 222 422
2 247 77
2 772 413
2 839 804
2 860 468
2 247 45
2 485 346
2 828 191
2 5 1000
2 120 494
2 250 773
2 875 837
2 216 394
2 754 395
2 270 536
2 934 986
2 427 568
2 845 923
2 852 675
2 348 446
2 935 547
2 45 811
2 414 242
2 703 744
2 658 601
2 398 670
2 457 482
2 501 254
2 643 999
2 406 56
2 398 549
2 369 518
2 520 751
2 890 147
2 388 946
2 714 986
2 777 292
2 427 476
2 374 499
2 829 704
2 591 950
2 519 244
2 503 743
2 868 327
2 425 228
2 860 544
2 677 964
2 753 955
2 113 323
2 686 711
2 530 848
2 33 658
2 631 874
2 777 410
2 132 47
2 105 605
2 783 46
2 567 950
2 396 172
2 451 732
2 603 957
2 933 94
2 511 635
2 149 354
2 224 644
2 624 585
2 93 761
2 46 903
2 595 608
2 990 446
2 734 704
2 505 155
2 625 887
2 658 181
2 436 342
2 91 301
2 422 169
2 606 351
2 429 500
2 833 329
2 603 773
2 461 884
2 61 557
2 938 510
2 922 955
2 677 67
2 265 655
2 284 568
2 531 679
2 165 910
2 739 705
2 659 916
2 496 523
2 727 909
2 469 814
2 833 423
2 972 483
2 876 272
2 288 384
2 377 974
2 521 726
2 150 706
2 730 445
2 396 600
2 50 863
2 679 379
2 393 753
2 202 695
2 989 832
2 136 182
2 980 516
2 410 263
2 33 802
2 667 898
2 573 882
2 122 378
2 530 712
2 629 447
2 315 729
2 361 799
2 219 367
2 991 562
2 117 195
2 269 357
2 908 410
2 326 147
2 180 459
2 465 439
2 338 71
2 305 108
2 99 47
2 626 432
2 573 95
2 128 208
2 337 359
2 198 929
2 60 104
2 306 343
2 281 336
2 926 63
2 334 996
2 193 711
2 893 460
2 624 608
2 199 768
2 795 858
2 106 299
2 319 687
2 717 383
2 850 691
2 668 581
2 385 247
2 124 740
2 314 727
2 637 455
2 242 940
2 956 570
2 520 514
2 579 703
2 919 161
2 558 536
2 7 614
2 984 100
2 641 443
2 48 322
2 28 46
2 550 78
2 88 190
2 121 726
2 427 615
2 937 830
2 471 649
2 928 167
2 817 840
2 330 70
2 551 418
2 580 185
2 445 820
2 604 175
2 816 403
2 994 761
2 910 310
2 823 455
2 450 729
2 294 487
2 945 500
2 4 6
2 581 266
2 640 697
2 625 571
2 941 510
2 473 39
2 74 503
2 891 313
2 708 865
2 412 338
2 224 768
2 752 437
2 552 1000
2 976 328
2 352 606
2 365 35
2 908 302
2 866 526
2 124 759
2 80 1000
2 952 14
2 303 846
2 33 402
2 611 370
2 641 785
2 411 362
2 513 834
2 167 234
2 383 486
2 564 22
2 91 214
2 404 511
2 928 137
2 639 811
2 943 158
2 111 430
2 563 208
2 430 744
2 776 582
2 345 480
2 80 595
2 334 419
2 760 504
2 344 369
2 925 819
2 497 256
2 534 381
2 889 118
2 385 960
2 145 571
2 525 349
2 938 846
2 476 108
2 553 905
2 702 282
2 558 173
2 52 164
2 690 348
2 601 280
2 895 671
2 789 698
2 799 937
2 102 409
2 974 470
2 715 612
2 764 48
2 673 829
2 972 768
2 539 950
2 804 134
2 609 14
2 240 471
2 94 673
2 282 397
2 451 711
2 524 576
2 396 705
2 104 206
2 52 60
2 317 673
2 720 626
2 554 361
2 929 181
2 611 960
2 32 302
2 751 906
2 597 435
2 142 483
2 825 39
2 53 472
2 833 419
2 105 989
2 229 256
2 445 296
2 742 729
2 695 979
2 411 202
2 652 559
2 421 182
2 461 3
2 608 299
2 493 769
2 860 455
2 777 53
2 344 501
2 110 291
2 244 793
2 821 149
2 702 319
2 865 872
2 652 329
2 354 830
2 240 114
2 957 325
2 601 284
2 89 463
2 156 483
2 865 590
2 634 903
2 124 304
2 2 172
2 570 413
2 576 865
2 435 779
2 674 911
2 44 88
2 211 888
2 29 525
2 43 613
2 497 295
2 783 710
2 251 228
2 374 222
2 463 897
2 755 382
2 421 910
2 345 848
2 339 681
2 189 147
2 484 830
2 623 351
2 320 354
2 647 823
2 340 463
2 193 740
2 135 22
2 521 774
2 922 256
2 492 450
2 636 579
2 563 636
2 990 592
2 510 714
2 609 808
2 119 377
2 614 882
2 664 483
2 703 591
2 76 684
2 587 993
2 817 129
2 193 245
2 861 620
2 122 101
2 650 793
2 74 766
2 574 146
2 227 983
2 627 611
2 640 708
2 296 419
2 765 666
2 108 931
2 669 581
2 409 534
2 983 94
2 642 431
2 275 346
2 467 654
2 709 493
2 428 487
2 615 806
2 102 942
2 669 764
2 155 147
2 509 493
2 288 57
2 863 931
2 824 427
2 952 531
2 529 959
2 987 199
2 118 200
2 777 761
2 945 137
2 54 764
2 268 803
2 618 468
2 527 34
2 964 400
2 194 895
2 537 154
2 542 9
2 60 443
2 290 197
2 316 289
2 447 640
2 282 820
2 543 69
2 466 847
2 264 399
2 797 673
2 916 463
2 33 482
2 53 959
2 609 186
2 473 885
2 982 828
2 584 196
2 244 273
2 586 388
2 772 371
2 512 39
2 833 79
2 211 950
2 227 106
2 595 266
2 518 978
2 729 146
2 862 244
2 368 797
2 688 559
2 847 659
2 46 162
2 717 296
2 621 410
2 94 941
2 55 64
2 1 4
2 715 434
2 282 778
2 377 289
2 273 77
2 445 362
2 792 333
2 393 878
2 992 559
2 662 827
2 285 514
2 25 862
2 345 175
2 840 503
2 790 819
2 121 176
2 259 299
2 77 484
2 882 313
2 382 35
2 235 562
2 402 886
2 172 703
2 908 319
2 88 55
2 932 183
2 105 849
2 721 454
2 38 844
2 973 256
2 509 440
2 703 339
2 693 64
2 85 871
2 922 434
2 758 70
2 544 387
2 803 447
2 396 870
2 758 402
2 937 234
2 426 261
2 115 930
2 905 551
2 327 610
2 390 107
2 598 832
2 980 676
2 110 80
2 508 860
2 397 561
2 731 597
2 834 35
2 143 21
2 597 264
2 449 270
2 763 771
2 987 53
2 185 126
2 620 998
2 721 662
2 185 196
2 252 56
2 777 709
2 519 151
2 245 119
2 748 138
2 228 889
2 178 488
2 338 501
2 409 939
2 584 19
2 298 543
2 758 42
2 462 693
2 398 555
2 652 834
2 14 652
2 628 475
2 941 530
2 125 267
2 709 601
2 142 301
2 92 874
2 265 776
2 783 64
2 982 529
2 317 913
2 103 723
2 602 641
2 323 191
2 551 878
2 360 971
2 328 143
2 895 691
2 898 64
2 477 115
2 640 860
2 399 543
2 885 473
2 119 226
2 907 65
2 392 494
2 114 299
2 572 154
2 857 376
2 56 142
2 824 292
2 1000 684
2 945 578
2 548 182
2 145 639
2 505 263
2 605 307
2 313 670
2 861 712
2 822 746
2 827 756
2 790 255
2 961 831
2 785 759
2 688 847
2 793 371
2 125 988
2 225 629
2 303 805
2 635 444
2 900 408
2 396 483
2 246 70
2 404 500
2 759 871
2 692 589
2 475 944
2 76 557
2 33 698
2 729 930
2 650 741
2 449 623
2 985 220
2 333 195
2 351 491
2 843 894
2 125 177
2 388 320
2 815 831
2 691 718
2 310 783
2 470 976
2 405 287
2 467 246
2 124 7
2 517 354
2 363 409
2 806 375
2 803 9
2 191 444
2 155 44
2 200 26
2 74 262
2 307 832
2 279 486
2 298 30
2 543 762
2 841 612
2 702 486
2 854 617
2 449 967
2 572 934
2 957 547
2 548 14
2 229 716
2 825 145
2 216 739
2 328 654
2 430 381
2 288 340
2 819 388
2 83 921
2 497 630
2 865 439
2 344 633
2 940 476
2 645 649
2 565 54
2 232 8
2 844 37
2 597 921
2 708 911
2 151 118
2 626 953
2 458 382
2 171 787
2 576 598
2 765 705
2 267 789
2 4 182
2 893 784
2 386 570
2 950 361
2 166 756
2 870 46
2 76 276
2 370 103
2 300 214
2 765 27
2 240 792
2 602 520
2 941 693
2 151 911
2 425 78
2 884 299
2 593 648
2 635 139
2 616 57
2 292 126
2 160 67
2 20 299
2 917 101
2 149 580
2 560 544
2 400 840
2 120 103
2 983 296
2 285 303
2 763 770
2 546 31
2 700 626
2 930 223
2 121 177
2 553 590
2 388 88
2 48 615
2 35 784
2 773 98
2 86 508
2 468 791
2 987 617
2 76 49
2 521 347
2 113 64
2 855 649
2 974 999
2 881 336
2 738 885
2 414 139
2 315 507
2 10 958
2 377 851
2 10 941
2 575 272
2 660 259
2 615 200
2 922 898
2 18 837
2 400 228
2 110 8
2 432 551
2 899 574
2 167 7
2 812 796
2 956 599
2 375 885
2 617 959
2 663 135
2 282 608
2 474 469
2 352 965
2 980 780
2 363 228
2 915 123
2 331 688
2 129 332
2 990 572
2 470 137
2 228 102
2 754 76
2 518 834
2 862 276
2 87 1000
2 232 519
2 944 440
2 510 143
2 265 305
2 202 389
2 423 895
2 86 447
2 474 239
2 551 698
2 984 448
2 246 20
2 877 796
2 916 404
2 460 162
2 704 780
2 575 489
2 669 611
2 804 107
2 416 361
2 505 562
2 673 717
2 449 332
2 509 689
2 524 168
2 37 918
2 889 729
2 587 434
2 226 102
2 667 643
2 209 186
2 194 44
2 697 269
2 326 231
2 311 420
2 385 356
2 655 788
2 432 633
2 11 468
2 96 278
2 874 913
2 464 4
2 556 580
2 589 409
2 133 199
2 703 585
2 55 30
2 662 804
2 809 689
2 265 778
2 307 190
2 743 856
2 880 191
2 521 939
2 451 145
2 467 674
2 857 651
2 798 106
2 82 446
2 833 136
2 661 47
2 188 78
2 477 391
2 624 495
2 783 791
2 515 644
2 822 718
2 203 733
2 844 480
2 132 708
2 659 762
2 658 927
2 956 59
2 678 341
2 884 99
2 534 469
2 925 775
2 857 593
2 480 748
2 83 174
2 899 541
2 633 979
2 130 128
2 191 519
2 263 608
2 749 666
2 733 454
2 76 437
2 394 506
2 799 826
2 990 138
2 998 659
2 754 915
2 772 235
2 946 825
2 949 880
2 527 578
2 215 910
2 621 762
2 76 201
2 348 990
2 985 644
2 268 791
2 794 370
2 458 381
2 562 307
2 880 144
2 133 683
2 690 705
2 576 562
2 209 77
2 442 898
2 582 748
2 202 786
2 822 252
2 341 466
2 227 471
2 528 915
2 480 506
2 269 759
2 59 197
2 960 75
2 232 117
2 292 476
2 436 38
2 4 90
2 505 573
2 686 71
2 150 544
2 233 563
2 804 580
2 114 239
2 293 419
2 883 503
2 669 103
2 532 557
2 633 555
2 458 529
2 436 139
2 314 450
2 449 482
2 571 783
2 777 537
2 979 1000
2 945 601
2 287 191
2 772 312
2 253 17
2 727 496
2 154 95
2 966 836
2 775 149
2 436 257
2 232 391
2 68 756
2 113 214
2 415 378
2 431 249
2 100 757
2 916 380
2 135 851
2 119 598
2 284 847
2 977 35
2 674 543
2 398 349
2 125 810
2 170 15
2 813 379
2 26 92
2 401 236
2 571 83
2 667 846
2 686 50
2 816 950
2 659 573
2 300 429
2 752 736
2 621 559
2 653 737
2 505 384
2 910 544
2 634 450
2 330 880
2 933 571
2 374 191
2 876 749
2 528 302
2 874 366
2 68 592
2 859 263
2 873 668
2 929 557
2 627 88
2 562 229
2 253 375
