8 679 274 33 861 425 225 70 412
8 932 478 546 843 966 913 372 49
8 733 347 8 860 134 988 506 557
8 523 546 976 544 645 476 113 302
8 690 319 534 84 946 22 662 593
8 745 654 133 778 534 498 731 80
8 860 746 588 282 848 47 645 852
8 970 846 363 956 753 823 211 552
8 446 585 676 74 697 976 403 533
8 95 228 378 869 27 572 692 164
8 860 458 927 417 258 736 486 575
8 504 945 938 64 889 854 273 870
8 591 63 798 56 307 38 631 500
8 12 900 171 779 560 348 387 481
8 530 987 788 156 796 667 959 533
8 783 845 12 985 494 324 747 968
8 311 286 352 405 887 617 936 398
8 514 767 46 716 455 382 929 734
8 676 681 376 493 711 628 64 278
8 196 541 860 606 862 841 356 929
8 214 179 355 428 581 482 310 713
8 250 214 984 566 314 883 652 391
8 23 820 222 310 865 961 790 387
8 841 511 136 910 218 762 258 222
8 622 701 226 48 553 968 814 624
8 588 895 731 723 724 987 314 535
8 142 212 181 483 804 408 832 67
8 857 953 458 984 916 156 112 148
8 442 828 269 259 165 491 892 307
8 159 581 826 975 739 647 103 284
8 548 237 668 523 556 555 615 304
8 242 9 486 192 973 640 59 3
8 780 845 349 184 605 391 734 791
8 973 162 281 183 767 468 123 371
8 420 891 78 233 885 421 908 720
8 62 234 111 489 420 811 447 726
8 825 195 830 897 485 544 164 148
8 548 810 451 884 19 330 509 40
8 288 973 977 813 368 723 978 652
8 425 680 216 718 562 448 411 248
8 620 449 893 504 742 238 495 920
8 704 475 585 390 184 868 901 974
8 450 666 204 823 55 73 348 353
8 822 303 147 36 951 396 448 709
8 802 230 467 207 610 87 122 720
8 233 378 614 914 1000 842 700 460
8 514 479 400 984 1 102 408 24
8 301 446 721 478 509 732 190 528
8 102 707 316 104 549 216 453 123
8 997 259 958 797 520 112 263 726
8 558 72 313 348 508 335 618 387
8 202 477 563 825 777 689 674 252
8 588 464 597 741 476 175 338 799
8 945 980 476 9 900 876 624 426
8 887 808 768 789 410 847 227 330
8 327 477 6 345 216 168 954 557
8 102 811 362 724 652 542 667 631
8 398 855 273 719 453 369 475 578
8 627 731 834 266 453 673 238 492
8 430 118 547 669 828 214 523 721
8 905 817 742 714 11 395 816 533
8 105 514 477 276 436 686 167 706
8 554 274 396 589 173 99 123 550
8 19 666 511 639 770 311 261 201
8 813 517 674 563 992 119 151 262
8 420 170 485 809 784 850 594 899
8 554 558 96 406 665 729 744 357
8 429 819 964 731 243 914 494 20
8 301 456 556 19 951 365 222 1
8 136 386 214 611 39 843 500 262
8 702 977 423 201 877 528 500 67
8 102 975 684 116 966 844 832 373
8 820 526 204 964 567 961 710 729
8 232 620 334 304 322 302 432 529
8 866 165 571 882 894 310 339 151
8 606 783 431 652 130 158 756 814
8 676 655 229 928 508 556 394 695
8 196 677 225 653 947 413 594 753
8 48 754 450 79 185 667 601 661
8 787 701 703 786 93 306 413 307
8 240 170 679 673 321 641 222 35
8 582 234 423 180 50 612 472 412
8 464 442 966 198 419 490 374 49
8 963 881 772 549 891 636 849 726
8 987 241 213 736 521 278 488 117
8 247 583 674 436 566 838 635 663
8 576 822 326 104 310 45 77 15
8 656 819 235 368 12 68 19 962
8 416 767 323 731 907 739 936 37
8 29 456 534 770 559 289 309 89
8 571 169 133 677 636 201 343 20
8 781 462 389 667 682 988 678 252
8 332 495 320 826 865 281 678 619
8 558 714 196 135 688 409 683 975
8 383 655 485 218 228 476 433 657
8 199 120 914 271 201 875 631 243
8 332 291 992 539 130 652 394 619
8 714 797 732 103 651 291 152 8
8 807 102 862 285 931 145 352 901
8 105 723 319 284 371 603 719 870
8 129 853 183 473 584 631 307 187
8 436 660 441 599 311 158 959 403
8 941 860 498 108 98 358 269 122
8 905 102 116 448 549 407 278 266
8 643 623 786 102 917 707 904 794
8 587 666 354 103 511 741 603 367
8 747 588 448 438 542 773 257 370
8 195 537 993 146 254 741 790 567
8 430 380 312 787 371 10 614 285
8 268 701 55 227 509 740 226 432
8 562 989 891 757 359 606 52 9
8 28 458 880 188 476 318 452 859
8 480 909 462 606 475 549 449 187
8 993 188 485 773 936 954 166 500
8 140 224 46 849 969 527 352 357
8 386 438 814 759 654 154 38 304
8 989 386 872 549 324 640 85 777
8 643 405 354 280 14 401 814 221
8 51 383 297 157 428 395 757 269
8 416 397 355 336 2 48 987 925
8 349 65 103 566 530 371 996 128
8 1 891 965 860 104 280 777 238
8 259 580 169 377 489 522 39 929
8 754 36 512 537 732 506 455 699
8 41 703 310 346 408 486 432 939
8 329 672 966 435 269 149 633 387
8 329 701 683 862 391 468 338 64
8 118 738 388 928 812 628 668 13
8 345 17 305 135 257 961 810 852
8 548 643 524 334 366 311 753 624
8 518 511 680 781 457 21 8 414
8 446 953 212 984 573 934 378 115
8 820 199 50 292 330 865 870 445
8 940 743 264 907 439 10 763 625
8 490 900 442 248 544 210 85 842
8 497 622 559 136 986 13 175 923
8 950 845 140 927 589 53 473 339
8 202 12 510 506 606 35 338 625
8 392 159 512 188 14 111 876 322
8 945 183 890 556 848 181 119 793
8 168 960 980 845 242 953 620 619
8 194 234 789 342 11 883 492 529
8 788 282 388 259 906 411 398 15
8 249 517 494 688 998 269 472 516
8 237 570 873 944 563 156 287 270
8 462 605 629 227 938 313 600 57
8 88 279 618 480 877 952 934 374
8 371 610 134 934 498 297 723 532
8 975 105 673 255 448 437 759 122
8 957 522 493 956 165 816 252 187
8 23 804 90 590 135 849 182 500
8 194 714 554 465 303 261 595 529
8 982 781 479 381 918 420 451 802
8 953 936 677 16 78 766 270 952
8 293 941 184 153 122 535 352 694
8 641 872 121 627 850 320 594 852
8 945 48 813 256 455 635 700 713
8 985 522 922 359 179 813 307 496
8 648 485 245 730 425 49 799 575
8 25 577 843 631 246 481 374 625
8 480 778 988 998 217 985 203 979
8 313 672 120 345 297 365 773 484
8 293 522 571 519 388 275 734 64
8 431 79 542 560 739 705 810 987
8 149 685 491 978 179 311 553 272
8 124 641 319 502 370 449 182 869
8 971 400 420 290 642 108 992 460
8 390 295 102 103 767 154 474 184
8 546 350 482 765 981 470 209 967
8 283 841 772 365 922 829 472 529
8 349 864 434 703 808 560 663 952
8 33 245 869 571 74 425 720 729
8 596 844 761 39 913 806 292 798
8 340 562 928 101 1 563 339 575
8 4 423 746 789 206 777 619 624
8 6 666 698 847 900 696 5 929
8 282 778 559 22 974 926 113 898
8 477 764 501 721 215 913 70 732
8 329 240 938 469 556 682 47 128
8 880 881 198 975 172 924 709 960
8 375 949 69 29 803 938 167 614
8 778 577 29 811 382 762 603 663
8 146 142 470 398 382 791 338 387
8 202 677 534 22 452 236 325 531
8 902 940 383 360 378 60 912 476
8 95 199 76 433 313 178 372 22
8 331 690 82 882 722 940 419 328
8 820 786 905 776 937 447 920 636
8 265 25 596 953 297 73 30 308
8 95 443 43 806 847 727 292 371
8 523 688 648 751 727 687 379 614
8 231 872 723 774 662 360 294 653
8 905 731 161 542 804 944 943 805
8 171 930 905 872 450 730 892 155
8 121 895 587 20 72 976 663 238
8 887 386 868 471 460 24 57 896
8 360 701 380 731 370 460 339 262
8 274 254 63 170 465 865 182 471
8 957 626 504 588 540 802 728 500
8 327 714 548 790 298 763 802 575
8 463 514 722 566 135 93 719 601
8 492 326 246 333 815 309 744 24
8 361 6 97 149 814 898 968 939
8 421 684 565 634 885 904 260 661
8 733 880 304 683 184 176 460 57
8 989 695 196 59 142 772 314 389
8 800 547 333 754 779 908 871 602
8 329 910 573 768 642 498 889 788
8 857 907 949 427 726 641 191 699
8 945 860 639 254 993 304 175 151
8 905 891 53 538 17 801 131 175
8 861 480 244 82 912 108 149 15
8 179 462 785 232 330 682 487 143
8 872 362 419 227 168 190 307 552
8 194 738 703 487 414 909 919 587
8 144 337 310 422 354 269 141 939
8 345 554 977 974 45 661 691 325
8 314 688 183 277 821 224 29 849
8 889 149 321 68 970 594 990 633
8 107 862 431 823 900 687 594 790
8 131 886 844 815 875 211 615 635
8 124 377 250 571 225 949 871 200
8 167 868 443 264 154 270 402 128
8 596 955 782 314 402 657 753 917
8 219 202 559 780 968 413 26 128
8 196 779 662 179 732 983 915 575
8 750 435 862 189 276 735 220 529
8 51 441 463 321 838 526 534 737
8 231 964 772 269 708 692 632 186
8 195 731 880 192 607 696 631 968
8 783 964 825 668 384 137 455 959
8 102 758 992 703 86 918 970 542
8 714 542 173 413 305 721 635 557
8 994 190 79 765 954 496 389 531
8 874 239 620 203 914 848 99 37
8 984 797 9 590 586 493 838 236
8 381 463 296 512 68 38 201 412
8 9 107 356 304 918 534 119 352
8 66 890 918 335 901 243 776 339
8 425 430 392 795 881 73 877 373
8 202 400 161 679 578 947 30 506
8 268 932 474 489 956 597 186 40
8 704 828 406 767 254 379 500 814
8 504 780 622 641 899 508 177 914
8 517 970 104 588 509 751 961 238
8 118 987 201 77 795 63 115 419
8 44 483 34 378 270 233 767 89
8 643 292 201 234 628 895 85 766
8 774 518 685 167 920 652 111 644
8 551 881 383 442 290 511 266 761
8 259 347 483 364 152 137 915 979
8 907 895 984 224 737 158 657 466
8 390 463 649 994 102 742 595 848
8 332 893 73 968 186 251 46 440
8 986 381 361 479 944 245 570 135
8 600 711 434 906 550 481 151 40
8 880 568 664 214 706 43 407 436
8 576 312 806 130 871 3 614 529
8 268 905 770 835 722 807 721 816
8 66 503 606 534 454 389 776 122
8 577 994 797 191 590 965 141 725
8 955 344 388 607 407 73 156 252
8 159 703 69 410 640 801 567 322
8 551 188 598 295 259 695 238 644
8 586 90 238 261 995 414 32 713
8 540 755 107 6 968 785 70 556
8 574 568 270 102 52 354 986 638
8 893 675 743 634 914 832 959 387
8 450 441 332 922 11 740 773 777
8 681 634 838 287 815 52 911 289
8 277 317 275 134 478 515 20 870
8 301 199 949 526 731 126 850 694
8 234 36 534 22 145 238 784 694
8 902 127 305 715 897 117 68 449
8 418 144 283 868 114 245 467 937
8 51 150 739 17 533 848 69 827
8 941 295 219 161 837 766 1 438
8 9 190 36 573 273 544 492 805
8 935 905 863 146 239 675 138 794
8 690 634 510 951 328 694 814 367
8 551 577 364 290 14 522 248 990
8 44 176 422 552 140 104 59 617
8 429 806 932 135 245 63 965 942
8 670 884 867 360 577 913 223 883
8 334 573 450 588 494 465 815 113
8 649 679 347 590 421 257 155 542
8 477 868 549 559 482 877 496 557
8 268 105 671 724 305 538 459 916
8 179 637 491 223 11 957 979 252
8 349 194 23 489 376 956 595 632
8 169 711 467 722 318 129 418 229
8 44 310 77 961 48 636 59 803
8 690 806 36 891 184 428 739 552
8 748 822 907 993 974 210 870 19
8 830 669 986 911 849 20 870 625
8 384 158 454 435 413 834 575 260
8 541 171 408 722 849 352 498 506
8 880 228 140 119 443 123 252 452
8 742 999 6 631 148 64 112 373
8 886 118 443 951 339 87 897 10
8 989 102 935 779 427 20 278 156
8 312 199 656 261 452 30 402 614
8 303 905 417 275 744 644 151 411
8 582 632 475 478 85 729 661 552
8 358 860 332 121 956 353 919 370
8 631 408 931 36 892 266 57 557
8 202 902 144 909 116 435 840 859
8 149 105 291 193 378 222 992 156
8 283 360 524 836 642 741 232 557
8 195 439 311 63 318 188 90 290
8 392 655 214 562 85 573 766 145
8 88 989 842 235 422 452 611 35
8 169 219 672 297 395 471 606 645
8 861 376 323 303 613 844 25 753
8 416 332 874 565 94 573 263 939
8 861 54 681 922 556 871 178 220
8 242 361 708 71 363 759 10 661
8 202 214 327 934 29 382 718 699
8 622 530 571 631 109 856 150 650
8 140 196 669 127 103 52 12 739
8 857 750 101 231 150 135 515 128
8 293 73 450 116 482 344 935 725
8 268 689 245 224 34 836 137 113
8 283 303 9 559 879 767 885 469
8 329 463 963 337 29 405 223 832
8 346 880 597 116 565 539 359 888
8 514 643 146 879 134 815 827 432
8 503 318 234 906 807 49 919 201
8 822 551 53 314 471 983 572 712
8 822 237 290 395 467 910 976 533
8 808 517 399 379 103 148 710 80
8 989 453 820 499 556 149 421 427
8 690 234 250 943 462 16 687 712
8 62 708 903 955 77 772 550 827
8 83 458 520 771 492 339 726 794
8 641 380 33 934 594 314 20 67
8 51 21 341 787 291 19 929 744
8 961 312 434 576 511 921 21 278
8 17 782 668 97 323 158 47 632
8 327 523 227 269 657 962 758 89
8 722 774 394 834 757 357 933 713
8 225 586 796 36 180 211 469 552
8 759 228 685 478 986 507 865 929
8 160 668 899 218 563 924 341 437
8 668 741 635 105 646 367 108 632
8 88 120 684 940 879 976 248 74
8 569 195 91 606 260 758 520 221
8 268 473 147 61 640 951 870 990
8 376 68 71 465 532 263 272 805
8 390 170 219 101 708 61 452 959
8 812 856 8 654 125 93 307 440
8 864 853 212 358 317 95 424 302
8 554 903 963 83 754 741 24 925
8 997 568 312 172 174 444 130 758
8 558 340 335 83 867 899 465 141
8 905 429 167 142 98 783 954 3
8 48 563 114 746 958 191 749 270
8 702 232 560 277 198 176 222 667
8 964 822 792 577 488 79 919 814
8 318 722 704 730 873 923 644 694
8 513 170 39 752 131 122 870 557
8 54 502 192 966 351 625 222 367
8 514 249 82 255 2 369 396 636
8 580 317 193 177 768 937 308 852
8 946 131 566 226 490 346 81 96
8 589 378 214 947 927 439 837 728
8 361 441 596 775 77 324 466 508
8 980 18 319 679 2 658 516 187
8 347 909 279 618 451 749 985 497
8 152 650 213 760 996 481 411 262
8 301 523 101 355 2 728 633 663
8 861 428 770 819 596 184 769 488
8 191 485 524 358 977 626 520 35
8 439 267 641 954 299 365 814 469
8 51 358 818 958 854 507 238 794
8 857 581 674 666 135 208 220 143
8 857 146 463 941 430 630 522 106
8 604 62 902 84 42 632 401 492
8 849 241 612 771 506 737 725 939
8 993 745 345 813 206 323 695 411
8 980 76 643 393 922 885 111 115
8 318 480 116 918 340 802 550 164
8 643 247 723 627 8 280 847 567
8 134 244 230 319 573 606 885 829
8 72 341 798 258 682 840 89 939
8 162 541 121 715 451 91 228 322
8 856 70 253 81 871 452 933 367
8 194 168 183 443 630 691 211 827
8 378 418 629 687 542 999 155 700
8 722 894 434 452 205 17 727 412
8 195 477 483 173 367 603 401 871
8 880 421 641 197 355 987 578 799
8 518 279 640 742 138 877 164 449
8 513 18 731 239 34 50 371 396
8 136 332 159 347 218 437 115 87
8 604 701 72 551 474 627 926 487
8 144 255 502 579 917 436 816 678
8 607 4 614 368 87 848 419 699
8 44 897 867 993 73 135 27 709
8 21 907 755 806 383 653 82 933
8 347 651 337 715 982 325 367 492
8 655 98 376 677 383 936 315 492
8 268 329 406 846 362 527 648 404
8 558 204 681 660 822 418 206 122
8 78 703 487 775 205 335 49 529
8 847 227 568 544 731 951 706 970
8 781 775 297 876 592 320 177 175
8 534 309 862 569 524 670 457 1000
8 993 991 383 114 471 611 960 403
8 847 147 50 819 193 603 348 552
8 296 446 580 759 409 829 917 373
8 212 526 841 29 178 885 954 901
8 715 674 867 65 69 330 933 68
8 129 255 524 889 344 378 69 683
8 866 318 146 161 728 885 772 710
8 283 541 416 935 917 696 961 176
8 825 430 449 999 218 969 858 328
8 485 684 172 544 920 417 330 32
8 242 347 989 958 797 117 593 603
8 580 301 120 217 860 251 367 40
8 604 296 543 60 897 583 76 877
8 194 651 616 600 613 457 229 661
8 513 780 548 565 110 228 798 164
8 796 129 765 218 964 695 398 759
8 247 189 21 421 928 764 828 908
8 18 761 17 479 474 261 251 578
8 430 359 365 210 58 38 933 532
8 250 232 211 981 663 287 257 385
8 568 592 418 12 706 38 767 447
8 458 621 393 335 336 428 315 962
8 268 989 175 281 320 946 555 718
8 485 964 544 665 856 252 852 859
8 134 738 72 447 438 466 475 5
8 580 468 664 61 168 692 594 828
8 439 903 114 85 694 708 476 836
8 514 648 345 815 311 671 411 263
8 510 125 384 369 201 156 308 646
8 693 246 672 947 645 609 208 5
8 20 559 205 566 889 527 691 633
8 966 253 72 36 471 153 771 657
8 697 613 637 951 437 609 3 256
8 582 930 913 550 627 245 71 357
8 458 483 145 688 77 403 662 883
8 738 613 135 120 976 97 794 74
8 101 142 464 46 698 130 111 575
8 160 689 55 141 999 374 341 557
8 582 133 25 228 921 933 618 126
8 930 201 457 99 916 302 151 40
8 742 522 723 665 486 769 252 915
8 755 146 681 569 752 117 516 412
8 197 693 326 240 209 946 721 553
8 309 797 664 769 760 203 91 395
8 202 453 715 419 420 758 413 289
8 768 783 188 841 425 256 29 343
8 627 623 673 321 394 610 148 528
8 591 60 629 623 894 346 111 119
8 944 205 962 672 731 768 14 636
8 161 477 702 637 10 77 705 488
8 558 742 217 395 692 762 255 472
8 848 685 711 324 936 777 506 959
8 191 4 114 536 590 93 647 457
8 268 54 441 72 432 740 185 468
8 783 196 118 304 14 716 37 600
8 971 341 292 973 883 46 311 550
8 50 208 772 775 522 709 10 213
8 800 616 750 797 736 347 14 753
8 998 142 265 144 765 838 926 567
8 664 477 295 315 616 244 30 744
8 268 225 377 349 945 588 541 776
8 588 579 212 312 228 615 686 663
8 381 414 86 362 957 709 670 236
8 84 494 414 940 482 356 811 256
8 294 587 511 421 487 973 840 68
8 283 290 32 706 628 53 5 718
8 247 161 746 735 940 454 205 550
8 838 430 681 499 845 715 922 19
8 703 293 228 534 790 570 828 324
8 580 881 146 257 923 396 413 816
8 672 680 127 620 273 190 111 178
8 660 188 750 754 141 132 57 975
8 866 303 966 488 19 795 457 472
8 215 526 918 776 934 352 155 602
8 416 293 841 858 418 931 488 720
8 267 804 573 334 173 773 858 401
8 971 857 727 997 474 259 61 47
8 206 205 605 674 256 367 210 615
8 513 574 745 331 650 984 828 549
8 888 667 467 256 734 309 892 803
8 513 596 691 743 314 465 10 22
8 480 196 541 141 973 248 151 525
8 183 456 716 298 270 70 982 455
8 547 463 279 642 157 366 348 57
8 477 233 813 84 709 974 15 68
8 267 42 512 149 354 352 599 821
8 363 120 518 676 509 276 343 662
8 504 964 583 687 22 724 877 492
8 764 8 404 767 368 662 946 959
8 819 811 736 418 487 65 278 298
8 288 486 796 875 622 153 307 460
8 268 202 787 305 183 728 277 459
8 267 336 205 621 259 26 232 252
8 290 441 345 53 620 270 983 59
8 268 483 659 82 22 378 735 35
8 79 362 647 600 143 64 561 614
8 118 490 743 204 647 166 719 5
8 18 378 510 248 715 13 834 221
8 854 797 551 369 414 197 325 856
8 250 202 72 608 652 922 634 492
8 202 177 472 601 731 119 734 990
8 491 813 324 752 674 921 403 802
8 733 384 470 593 995 938 988 805
8 132 688 358 215 530 286 665 694
8 478 319 354 343 457 184 59 801
8 886 294 962 651 924 549 929 954
8 202 963 677 475 281 953 443 524
8 199 690 778 711 335 808 378 357
8 604 6 679 742 848 193 636 610
8 533 517 881 326 906 632 112 619
8 386 25 565 764 588 633 407 803
8 301 980 937 52 248 476 75 842
8 792 536 689 323 1000 632 3 238
8 363 809 537 146 954 1 89 304
8 902 360 520 437 567 452 726 553
8 336 914 149 100 58 854 216 979
8 170 669 697 975 493 148 899 527
8 989 195 345 176 680 457 737 455
8 812 416 813 807 388 709 560 339
8 822 892 862 273 489 152 65 658
8 857 833 121 386 724 868 786 897
8 932 13 144 251 605 125 302 496
8 247 55 36 305 593 876 789 238
8 612 417 422 1 316 808 137 313
8 733 477 160 878 237 110 353 560
8 314 318 627 255 338 36 702 15
8 383 792 324 741 958 667 921 112
8 558 973 111 724 974 625 757 492
8 136 854 950 521 143 339 852 40
8 965 881 879 113 810 130 229 724
8 392 779 634 17 150 917 842 373
8 347 977 382 769 899 561 929 531
8 336 327 430 33 13 756 272 695
8 168 19 189 300 843 750 740 181
8 835 526 10 676 23 363 895 789
8 785 18 377 256 409 707 751 151
8 116 582 568 137 467 227 277 700
8 660 786 844 995 264 177 796 924
8 277 347 501 368 629 245 765 137
8 770 152 130 987 93 964 828 801
8 202 442 9 815 798 47 398 552
8 514 790 297 523 934 22 557 529
8 25 982 168 936 292 24 816 619
8 503 522 526 966 984 254 57 852
8 672 955 239 200 498 562 744 814
8 938 758 878 767 728 662 75 631
8 995 296 786 167 149 802 871 814
8 190 895 435 79 596 683 620 89
8 980 249 581 55 706 417 619 929
8 580 349 583 830 278 294 917 603
8 361 841 649 608 363 253 594 387
8 605 39 732 401 398 382 488 357
8 336 606 160 219 964 308 350 178
8 778 935 345 405 528 769 342 712
8 62 163 523 378 648 697 544 53
8 590 14 79 211 741 898 491 645
8 448 812 18 159 28 451 230 531
8 806 541 25 617 451 145 167 500
8 23 451 36 861 366 500 537 525
8 87 937 12 52 395 67 22 686
8 860 812 365 933 34 244 631 962
8 444 764 587 519 226 665 859 842
8 390 922 129 46 201 717 256 658
8 242 863 685 910 353 662 260 29
8 283 970 270 535 702 455 852 516
8 989 513 318 819 561 299 59 367
8 886 606 504 18 809 61 208 241
8 860 807 964 867 69 408 728 731
8 900 677 766 292 395 832 661 981
8 142 44 679 30 511 10 32 461
8 558 568 860 543 777 99 793 824
8 295 659 26 8 253 744 645 506
8 526 446 297 196 860 131 695 128
8 634 586 318 782 512 871 21 49
8 95 135 538 224 610 506 555 112
8 265 864 887 858 197 424 832 917
8 568 872 918 362 838 527 411 306
8 312 778 54 846 538 618 765 758
8 288 171 279 515 973 454 155 594
8 806 218 417 743 366 410 739 155
8 808 161 538 992 70 200 699 920
8 664 719 998 765 965 751 506 871
8 124 282 941 415 466 131 461 987
8 868 481 788 887 130 675 365 330
8 659 303 452 78 934 661 466 539
8 392 182 271 776 851 85 987 426
8 766 788 200 401 91 657 996 678
8 51 458 386 270 542 343 236 710
8 485 282 837 156 258 122 635 952
8 329 6 841 237 69 538 419 232
8 415 172 707 291 867 771 920 753
8 470 255 739 263 973 19 896 128
8 329 375 124 634 846 197 691 594
8 902 489 180 475 595 843 177 871
8 733 399 523 335 595 284 289 572
8 88 28 680 590 982 706 636 302
8 23 174 303 384 883 691 734 615
8 582 643 332 839 752 343 912 810
8 169 434 237 160 380 478 959 117
8 669 292 160 635 549 695 619 412
8 28 818 409 560 184 3 827 529
8 124 733 358 10 58 210 635 678
8 446 267 667 474 1 355 915 496
8 883 693 468 922 566 844 491 550
8 283 386 862 739 246 648 158 117
8 651 12 165 756 986 270 251 699
8 835 639 224 921 827 595 625 220
8 299 146 769 646 572 670 294 207
8 127 471 497 791 307 888 873 892
8 33 333 66 406 351 310 433 449
8 265 399 584 987 635 885 302 700
8 703 623 754 762 64 403 692 901
8 98 428 876 864 651 251 281 32
8 514 434 887 400 641 662 717 840
8 866 429 345 21 590 579 614 262
8 780 783 140 684 323 830 720 404
8 56 490 282 223 17 122 729 557
8 613 364 719 610 209 221 873 645
8 604 92 993 172 608 717 156 936
8 109 577 264 863 164 398 601 367
8 540 344 613 592 662 466 230 840
8 927 895 315 167 936 71 602 207
8 701 822 672 834 465 708 923 93
8 250 568 664 719 423 648 840 870
8 326 23 119 811 152 388 599 952
8 886 25 641 142 438 560 13 151
8 223 629 673 184 782 671 961 816
8 986 168 914 673 740 495 810 128
8 640 893 417 216 844 366 13 119
8 598 510 200 591 260 929 461 484
8 800 392 677 505 583 281 444 919
8 783 102 593 744 125 832 122 352
8 86 906 245 961 622 637 222 674
8 109 458 331 157 770 583 398 977
8 301 8 884 213 524 417 555 186
8 880 196 615 771 77 31 967 220
8 245 121 559 641 451 908 461 699
8 62 58 875 126 307 108 373 496
8 437 404 579 583 928 777 539 440
8 900 415 435 798 207 967 555 187
8 931 349 770 166 796 5 986 844
8 900 884 999 434 172 885 342 94
8 604 733 573 853 583 665 257 983
8 953 928 54 776 823 995 210 827
8 212 25 121 359 688 185 193 663
8 172 521 881 750 336 566 893 821
8 568 113 932 383 597 70 27 506
8 989 890 521 455 543 946 713 762
8 98 629 849 149 882 106 470 61
8 336 588 982 70 438 687 516 496
8 195 911 669 860 73 730 469 481
8 224 299 91 184 626 253 391 870
8 12 335 768 251 472 583 256 413
8 348 609 932 632 300 143 350 304
8 839 120 969 601 3 164 870 248
8 418 347 664 956 695 947 782 119
8 92 56 643 560 573 445 575 661
8 971 6 631 197 165 595 229 278
8 693 513 571 852 12 91 137 89
8 142 121 907 342 304 727 923 725
8 565 303 468 788 314 749 89 644
8 458 331 807 235 821 667 751 838
8 701 366 835 206 104 957 493 829
8 366 330 576 480 415 603 948 805
8 660 989 6 18 850 811 1 919
8 508 973 478 525 447 151 507 426
8 971 833 509 910 19 454 257 75
8 267 429 993 152 125 933 944 484
8 930 190 264 438 592 84 961 832
8 109 129 617 530 258 590 723 294
8 907 116 888 480 86 410 111 398
8 651 93 863 490 157 280 892 167
8 376 487 722 597 112 726 63 385
8 332 765 119 378 454 606 449 678
8 194 501 767 428 138 200 334 671
8 107 489 378 275 855 538 272 528
8 101 399 31 793 284 595 266 827
8 681 622 547 958 412 287 658 153
8 43 680 562 210 954 536 432 967
8 541 949 629 672 611 474 524 595
8 536 835 655 346 447 549 986 824
8 630 976 681 406 577 807 998 557
8 76 891 243 972 970 625 131 968
8 690 375 235 697 858 641 535 713
8 800 415 875 61 261 832 398 645
8 249 966 485 435 493 999 417 789
8 596 246 226 924 125 798 678 35
8 769 86 548 680 616 711 285 440
8 199 518 66 321 821 103 898 979
8 522 977 907 876 460 350 263 729
8 345 981 641 561 674 737 644 80
8 176 887 300 269 525 224 357 663
8 847 704 43 249 648 758 432 391
8 250 293 711 928 417 91 270 252
8 759 819 680 97 474 692 201 310
8 442 905 344 416 269 101 587 631
8 822 750 225 534 935 836 928 187
8 293 301 659 811 914 892 74 952
8 295 587 614 717 519 974 343 925
8 276 46 864 364 502 42 410 528
8 512 397 334 410 366 330 491 974
8 417 596 300 855 821 360 877 186
8 623 630 503 356 991 280 636 49
8 349 321 505 953 287 278 915 220
8 189 240 585 551 540 119 789 108
8 127 628 703 142 444 245 502 119
8 765 825 21 788 50 612 769 352
8 351 378 280 984 758 113 411 516
8 733 450 442 582 400 34 200 849
8 738 812 28 592 926 53 856 64
8 997 733 687 340 674 154 768 80
8 116 501 779 356 90 787 214 826
8 501 902 587 161 277 507 99 419
8 582 546 468 709 899 724 876 156
8 120 214 587 392 200 691 500 7
8 292 681 843 905 585 559 871 918
8 517 209 293 707 763 8 575 89
8 993 696 219 445 324 48 810 729
8 941 321 163 905 246 832 382 726
8 945 163 589 414 787 545 216 629
8 386 217 12 755 914 734 601 624
8 388 507 808 11 165 756 368 532
8 121 615 954 973 758 519 816 143
8 738 130 722 113 940 346 763 706
8 458 249 362 352 312 988 122 230
8 950 666 79 291 76 222 257 968
8 785 839 830 977 723 795 652 644
8 845 743 766 527 21 500 71 535
8 514 274 864 49 950 534 912 694
8 900 741 404 544 397 815 181 985
8 738 630 785 286 78 429 52 713
8 295 616 765 749 119 844 74 59
8 331 301 504 900 819 762 119 668
8 790 685 32 515 850 767 617 645
8 329 249 234 238 890 672 99 988
8 320 56 360 909 217 12 70 315
8 362 190 352 358 287 466 236 307
8 668 86 565 423 802 469 20 959
8 833 643 105 955 405 158 500 842
8 950 429 204 769 537 923 21 644
8 685 945 467 50 639 281 65 575
8 202 90 261 878 721 732 527 187
8 268 558 513 264 973 680 538 226
8 608 215 909 208 697 298 865 618
8 812 831 712 317 914 543 799 20
8 909 17 947 224 540 78 612 63
8 153 8 740 938 795 976 47 262
8 429 173 641 1000 614 695 304 794
8 135 862 326 323 425 208 31 153
8 510 65 107 588 244 499 387 221
8 360 399 693 441 462 523 353 232
8 107 549 132 438 471 720 801 401
8 25 807 907 861 377 285 155 912
8 748 518 522 293 976 406 378 256
8 353 771 886 785 208 877 879 57
8 170 988 879 470 940 670 599 252
8 239 975 489 17 225 843 556 58
8 199 441 97 149 404 926 925 967
8 134 274 327 511 702 875 967 387
8 268 673 536 445 627 885 908 139
8 701 242 328 28 161 786 248 974
8 179 361 639 747 248 829 940 757
8 862 891 913 4 1000 259 471 725
8 881 510 431 291 428 938 766 699
8 733 83 420 887 936 765 338 529
8 932 180 21 782 996 445 572 901
8 105 218 154 299 39 659 97 870
8 409 205 13 324 382 457 687 709
8 429 477 456 885 589 17 469 187
8 513 864 378 998 505 241 663 151
8 193 430 951 204 976 485 401 744
8 237 733 919 676 77 126 968 374
8 41 100 460 249 573 689 72 91
8 14 388 82 20 480 414 728 594
8 92 170 489 157 216 836 2 840
8 153 377 910 197 31 556 64 840
8 87 881 727 408 317 15 38 187
8 462 88 643 752 435 219 560 692
8 377 446 677 574 963 808 898 729
8 282 428 271 314 227 263 251 550
8 244 918 511 876 319 871 252 983
8 319 576 225 157 689 969 607 575
8 660 169 973 594 508 759 407 339
8 568 855 147 627 560 730 308 471
8 188 160 320 629 407 437 93 412
8 716 410 38 349 437 156 230 602
8 147 863 523 628 208 761 892 578
8 822 724 550 70 584 865 876 859
8 409 626 639 603 131 298 229 579
8 698 843 196 300 104 364 865 814
8 149 783 297 608 84 145 799 700
8 526 906 478 475 509 961 924 32
8 885 204 820 573 497 816 996 59
8 922 4 861 422 130 936 496 186
8 971 12 438 719 539 966 739 373
8 412 407 620 774 526 135 901 876
8 345 796 495 271 553 311 478 699
8 267 598 949 334 21 228 564 699
8 903 442 281 549 175 22 791 68
8 738 23 217 369 260 1 651 53
8 701 146 314 357 579 619 516 220
8 544 157 145 198 397 774 32 939
8 833 693 742 832 48 886 207 954
8 463 246 366 569 697 185 492 960
8 783 102 258 439 4 370 354 584
8 737 587 654 208 266 472 933 207
8 891 524 125 756 404 924 20 421
8 738 416 245 200 427 952 139 751
8 124 860 390 491 106 932 355 527
8 568 677 255 96 970 836 358 710
8 534 580 501 578 77 940 495 277
8 586 491 864 987 610 186 287 112
8 881 588 845 698 155 747 439 592
8 242 495 296 171 574 281 493 852
8 257 324 629 445 178 123 37 601
8 664 491 13 259 706 882 601 472
8 334 147 541 350 566 492 610 207
8 14 823 512 844 269 161 405 606
8 362 777 439 388 635 908 16 67
8 202 817 972 204 696 968 148 816
8 217 58 81 210 37 624 802 601
8 379 331 430 83 10 103 951 801
8 950 581 45 227 606 356 744 636
8 250 189 907 237 25 607 705 500
8 23 736 931 537 570 647 603 308
8 588 591 46 612 559 640 727 624
8 381 485 634 136 444 533 911 285
8 28 689 422 862 132 599 662 500
8 134 797 906 674 789 85 353 602
8 643 754 785 260 626 105 584 37
8 820 608 104 298 277 894 803 498
8 861 679 523 282 167 656 24 859
8 86 822 845 838 412 966 57 119
8 457 928 473 337 968 737 925 869
8 730 778 92 898 772 791 519 805
8 429 994 410 165 270 241 921 933
8 783 140 847 218 506 306 298 939
8 62 393 255 547 418 248 774 844
8 866 50 93 23 867 781 217 834
8 820 479 501 644 910 556 960 851
8 120 568 177 768 402 328 38 5
8 646 690 807 879 164 210 865 67
8 941 714 574 311 120 616 401 488
8 716 693 244 83 790 362 638 367
8 301 129 982 767 180 353 793 40
8 841 327 700 764 795 811 408 113
8 539 114 731 172 470 850 413 979
8 881 231 754 521 453 157 987 911
8 360 118 29 146 489 542 77 355
8 866 949 162 505 506 594 912 481
8 568 701 137 631 155 751 694 870
8 194 250 928 192 715 802 298 838
8 733 591 299 676 813 856 412 47
8 554 451 44 215 755 797 354 185
8 361 623 480 347 210 724 257 593
8 242 980 180 955 52 608 877 819
8 693 522 674 93 342 815 53 809
8 168 249 922 279 805 572 803 594
8 202 872 520 969 896 624 37 933
8 429 536 976 65 305 134 90 30
8 697 682 24 878 763 1000 737 802
8 483 955 370 47 994 42 285 527
8 701 611 560 589 646 270 734 557
8 697 813 428 692 354 276 166 484
8 247 83 379 937 893 984 101 773
8 872 229 846 906 848 145 560 241
8 301 780 727 808 524 943 351 238
8 769 941 596 422 281 747 990 440
8 571 399 261 347 741 830 31 532
8 505 489 408 668 464 658 968 115
8 147 347 135 356 201 444 143 644
8 997 623 689 376 894 273 947 70
8 359 428 251 158 382 869 564 35
8 562 993 354 696 52 651 969 713
8 902 651 721 943 791 304 652 852
8 462 159 131 760 797 740 123 373
8 246 778 298 213 678 15 954 633
8 931 406 400 363 677 73 145 53
8 483 154 491 405 767 982 111 584
8 902 317 963 43 581 906 488 10
8 676 861 483 50 843 728 901 115
8 760 485 780 980 862 918 924 901
8 508 993 706 631 76 379 665 575
8 430 125 903 708 11 695 445 128
8 701 817 862 49 790 852 269 720
8 504 36 337 467 769 995 209 244
8 212 874 360 428 456 843 277 553
8 376 219 110 153 818 468 840 411
8 969 431 124 964 441 241 177 527
8 483 806 969 82 976 641 711 712
8 42 637 639 620 939 64 437 624
8 212 822 161 294 534 37 692 313
8 44 878 90 616 520 534 944 459
8 748 91 83 315 935 291 324 859
8 806 303 300 868 396 182 856 32
8 44 513 345 351 627 470 605 538
8 169 846 45 815 113 539 261 904
8 586 643 458 478 505 257 595 368
8 277 454 243 621 475 532 718 870
8 779 980 931 815 197 1000 461 289
8 332 628 926 43 607 3 391 411
8 383 121 747 505 695 161 309 933
8 838 277 299 769 342 635 516 942
8 750 118 245 198 96 368 24 625
8 332 458 845 88 535 620 213 137
8 693 830 8 109 418 319 337 308
8 833 361 750 749 639 244 370 307
8 681 622 591 587 45 496 306 695
8 361 107 977 835 300 649 178 529
8 86 254 344 652 221 601 633 700
8 685 214 319 72 697 709 765 302
8 792 685 91 813 667 983 589 125
8 397 279 46 727 213 111 564 412
8 247 900 56 261 291 498 972 619
8 160 414 503 860 953 490 96 58
8 480 910 526 957 117 730 578 920
8 88 514 871 689 342 147 365 801
8 770 217 227 346 673 798 213 753
8 226 384 891 425 166 999 155 26
8 358 579 760 893 921 330 338 638
8 598 92 234 336 38 667 496 68
8 748 317 267 905 527 776 603 119
8 822 882 671 46 313 809 753 729
8 215 664 364 847 622 395 633 387
8 588 666 674 783 12 32 898 148
8 989 697 679 386 955 626 366 438
8 787 608 895 29 991 793 801 726
8 194 240 254 603 27 243 151 89
8 783 574 523 30 368 539 31 302
8 841 159 586 911 259 757 209 615
8 640 638 697 374 474 182 412 794
8 250 616 721 46 584 904 149 852
8 590 377 613 335 586 543 794 484
8 82 294 191 730 715 322 553 387
8 605 833 643 280 105 600 1000 578
8 589 24 209 70 613 658 734 852
8 800 902 52 39 998 384 768 139
8 971 591 429 987 28 360 364 919
8 581 950 377 132 171 425 656 954
8 346 953 349 36 659 530 427 990
8 989 911 730 524 103 411 236 32
8 895 538 985 721 515 990 492 187
8 831 364 683 457 784 646 38 645
8 554 9 479 466 723 166 593 531
8 247 690 736 544 533 698 715 531
8 693 905 478 63 235 311 258 459
8 337 403 476 111 75 614 53 80
8 673 386 668 46 665 238 557 40
8 788 510 215 944 413 961 869 40
8 864 414 239 206 970 838 26 411
8 462 872 930 337 434 229 718 710
8 250 927 2 294 972 550 719 272
8 51 462 882 546 572 751 929 528
8 989 242 136 310 650 600 959 143
8 863 475 711 515 395 821 631 531
8 563 783 227 772 76 538 449 281
8 701 150 573 913 612 648 674 665
8 558 690 684 404 924 316 70 473
8 612 957 428 269 977 43 358 960
8 504 255 780 319 739 983 302 40
8 703 181 616 17 803 21 832 5
8 523 105 503 184 782 687 829 694
8 51 731 510 406 589 314 261 607
8 905 701 235 985 369 310 871 492
8 569 26 76 696 680 834 47 961
8 812 817 296 941 479 47 143 983
8 165 76 291 330 436 646 729 557
8 664 797 561 258 815 802 850 816
8 332 434 329 668 78 475 712 644
8 293 831 420 581 977 635 615 367
8 581 376 992 951 784 509 3 385
8 848 1 765 494 790 427 814 373
8 169 255 856 140 877 773 983 432
8 431 54 320 515 611 388 369 899
8 169 817 146 444 345 84 387 500
8 248 884 46 427 298 148 7 151
8 664 518 545 162 428 559 697 266
8 931 69 489 369 782 901 875 555
8 927 437 127 847 454 422 952 229
8 62 598 172 428 619 749 527 610
8 87 354 640 251 39 919 16 682
8 951 965 988 405 983 448 141 776
8 237 950 255 706 474 525 619 262
8 168 626 126 760 76 447 506 871
8 442 994 314 884 977 534 1000 308
8 118 415 544 757 339 653 906 113
8 297 945 52 953 70 590 631 398
8 353 530 413 328 868 36 275 108
8 296 195 786 543 961 515 74 644
8 845 177 580 944 957 516 325 128
8 384 159 192 569 882 453 635 401
8 360 483 817 6 361 208 530 26
