1 0.013801314679047
2 1.4200057859223487
3 14.099841621720703
4 0.8634575148478427
5 1.7710322247164212
6 0.7679643509448288
7 0.07083066049802851
8 0.1808480383305445
9 0.1284401780950427
10 2.296379599985925
11 0.26795878714138366
12 1.8404535730690583
13 0.5132399562515586
14 3.0438582761300275
15 13.093254296251498
16 11.987669300828863
17 1.9605229097579888
18 1.795958823791625
19 0.7344177742626707
20 40.915699523725706
21 4.268507624859533
22 0.9863369085772138
23 2.322243809914078
24 0.19519816607084672
25 0.49706950811326733
26 0.26532431821682334
27 2.4238494119074465
28 0.8702459191492209
29 8.831112314420709
30 1.249077527194615
31 0.05042372495712138
32 28.974933958738863
33 0.918152481503082
34 0.32810401451972226
35 1.3887083504879632
36 0.6158975677185801
37 0.7280324415443509
38 2.254469697343782
39 0.41866135311436947
40 2.977740761592351
41 0.6228614760787194
42 0.3403999126547725
43 0.32442527382815434
44 0.24459467415525038
45 0.7022112006548421
46 0.49037577193179893
47 2.182642446504401
48 15.758456057655854
49 0.37004906871770193
50 0.5642345916102953
51 0.8224693393207437
52 0.9585104416738985
53 0.565063870572702
54 34.03865117408429
55 11.43189795292175
56 0.38885492725578313
57 0.062321695600097794
58 1.5929042717885988
59 0.18184639604317
60 0.9193861692446365
61 5.736051321289179
62 1.3282539135259093
63 7.286399019996357
64 0.9363097299339462
65 0.577621913849924
66 0.21958272165837553
67 9.28790536124828
68 3.6320918528451145
69 14.103215131647373
70 0.0566749737677358
71 0.864411158133749
72 36.75894961065133
73 0.9224015050707813
74 0.26797294220044904
75 0.5475902637010612
76 1.2718657043807242
77 0.28154012678291995
78 0.0840575789644027
79 9.938570327015556
80 1.266084053896317
81 0.5082944005304109
82 1.4428195495246607
83 6.555827681346075
84 5.4709608259890645
85 0.9424464154609047
86 0.04140217292325886
87 20.601435131915483
88 1.7245883757563552
89 0.6542383761959214
90 2.224620582976723
91 0.22828015330491735
92 0.31313274692112414
93 0.035930063847600086
94 0.40070561225156476
95 2.9156788410109153
96 1.3065751037248137
97 0.19696990571645454
98 102.02355824539195
99 0.47255435445543703
100 0.8593571554981916
101 0.11218106961346686
102 3.5375212690992175
103 0.301636565234463
104 0.45614488375928447
105 0.23032973294622752
106 1.0203398535337493
107 0.748174730758846
108 1.940323736458272
109 4.80422923198275
110 25.868679243868076
111 7.439974799591317
112 2.3112964232206146
113 0.09106246778664558
114 0.40142609056029416
115 0.5718906500675475
116 0.24771930723065344
117 0.22745750234869166
118 0.3344578765167027
119 1.1288804606517153
120 0.9239013645482943
121 4.8472547910497825
122 1.7773958639031247
123 0.44266718297327007
124 2.940230872783268
125 2.4085957636585276
126 78.70812707799782
127 26.988231618355524
128 1.5967282453049039
129 0.9603791826005793
130 5.639027650715581
131 0.14046772230987511
132 1.2883172974962298
133 0.8105389935257373
134 0.5698205312620702
135 346.3121423094744
136 0.39549963573376695
137 1.4011088878041276
138 4.264906316033709
139 0.6623847861066894
140 1.7517970563451766
141 0.668693002107074
142 7.2316516053283895
143 2.3854614839135655
144 1.683388802709796
145 1.0152248101536927
146 0.05816761880785979
147 4.460763672233032
148 0.98025643134585
149 0.3327268837850967
150 0.1305645331256269
151 0.9568615908020968
152 3.500526852529223
153 0.4920827749719262
154 3.8387806322886364
155 0.7597169701503915
156 1.0654268317666735
157 0.27669256992635244
158 5.89824006051764
159 4.005328006407167
160 0.41778808555625935
161 0.13700247700959314
162 0.1912735959520485
163 0.8100844127225046
164 3.4473412473571527
165 3.7589705537032914
166 12.531614991128476
167 0.04911561830331677
168 0.18355818878517058
169 0.008413521256376707
170 1.491890258230125
171 0.16814428927308966
172 1.3706066853876706
173 1.0669512201571263
174 4.7302100200957895
175 1.725852831579793
176 0.2795120246586982
177 15.69650202069498
178 1.1158966283310012
179 0.11792269559578107
180 1.0253391064496362
181 0.7188156206038295
182 3.092380418185777
183 0.4393385039621146
184 0.09115168988047585
185 0.6738197235087969
186 0.9290731716879709
187 1.0843504156023709
188 1.340103810736053
189 0.6335551845224188
190 0.48840320046724456
191 0.0803668324957666
192 0.610037982964255
193 25.314932794486744
194 9.670155886240654
195 1.2503522303287689
196 4.425625620084334
197 0.35608680637713686
198 2.4727521797209495
199 1.1822187143191054
200 1.1444575692277899
201 6.4926924189716555
202 0.7400014809354553
203 11.288490090335294
204 9.289961913936263
205 1.8678266863936668
206 146.92854224264107
207 0.49328173198804065
208 2.89953456902652
209 20.333262206493135
210 0.2425187820238686
211 0.5464782296074707
212 1.589095510464761
213 0.7910641609976311
214 0.19282578542866186
215 0.04172968029885252
216 0.7814751940954778
217 5.454145987607457
218 16.052272657665366
219 0.9782870446114382
220 1.3979398795779163
221 1.8238959422365992
222 0.03760894413543556
223 0.3123095510419014
224 2.5139084059193837
225 3.165647632626874
226 0.5173067317693115
227 4.55966324058592
228 0.5111912039436638
229 0.22645375616815688
230 1.7440817407706668
231 1.587542443098139
232 0.13250486810523
233 0.36484300513549434
234 1.1636800041824558
235 0.4036896333063384
236 2.777711948355041
237 2.4110192502053893
238 0.6781262155925054
239 0.9579268855908613
240 2.0213204305918397
241 1.929659924631445
242 2.811969998706452
243 0.45485729320722673
244 0.7572192068705549
245 65.41056744830904
246 8.930901816753247
247 2.063701374080597
248 2.239649613998182
249 9.85726955257946
250 0.7858408691871354
251 0.09365116600952589
252 0.06012204475319809
253 1.8131860054580529
254 0.9048451192542991
255 3.427727900279424
256 0.3305254165043382
257 0.3448511596654977
258 14.501865685790378
259 1.3012310556829236
260 6.604745752295011
261 12.620429570550153
262 0.2607596857163972
263 0.7172734195635031
264 0.2715149777002323
265 0.141635556940586
266 0.0012635380348954295
267 6.917399588288074
268 0.33916186738358045
269 5.303837350231315
270 21.67260322323981
271 0.06392093444775579
272 16.665729740075314
273 0.48835159857785815
274 37.00243837882487
275 5.963651541736437
276 0.5901669626082636
277 0.5298571360803684
278 0.3405993671323065
279 1.8663406505504443
280 13.04552667057222
281 2.969311415814058
282 0.1869562553530199
283 8.088317169378625
284 7.438137147133528
285 0.39827819551852656
286 11.742046635496546
287 0.906405278437252
288 1.0437530470785006
289 2.286238749789515
290 13.143642388223235
291 18.832201984174343
292 1.7157652509883556
293 0.16369607075587492
294 0.6208511494509051
295 0.02416337024992231
296 0.07708903787918636
297 0.8023496178750934
298 0.5307916452170036
299 14.947524853652247
300 0.48702011604874956
301 1.34068988636454
302 3.360208502926197
303 0.12609283621502432
304 0.165148811778713
305 2.6481334102349705
306 1.018723073056908
307 4.513508938214362
308 0.6281198827327079
309 0.7328165029555734
310 0.7560229785025643
311 5.946387305478052
312 0.1121077022616086
313 0.3582778705496039
314 1.2073272705826084
315 1.3228366698118141
316 0.4312188615620938
317 0.2671056015962314
318 2.6724285803346546
319 0.8370634611012385
320 0.1934344659082497
321 1.7738818390367708
322 1.3524901752829186
323 0.32307729617512393
324 1.595322981548938
325 0.05619654785651673
326 1.553113825321753
327 3.907907337258776
328 0.1611928341808167
329 0.26668552127072265
330 0.0891641009433302
331 6.113444952838807
332 0.5593681269146263
333 5.784087441388177
334 60.66882807269208
335 0.5294756219525985
336 0.3028798281545197
337 11.355939814158765
338 3.7702288760104405
339 3.6451236574152293
340 1.3843169121032912
341 0.013106000098183376
342 5.894066912119461
343 0.252934883018159
344 3.2766886279797256
345 0.16292837383556558
346 0.6126980655336469
347 0.4020196439291707
348 0.6917197746078859
349 22.055788265475922
350 0.01616820412965956
351 0.828217590501264
352 1.3500678536306927
353 3.952962198697568
354 0.2725923452545387
355 3.5239780750395338
356 0.16681270285327396
357 0.38434471841765017
358 1.3906188185058128
359 1.7236987382439632
360 2.0206584184570673
361 0.43130120288128004
362 0.9373786658312733
363 0.23710362452183006
364 0.4869987283256927
365 1.4111650813957288
366 0.1723003408527992
367 1.7926370118796509
368 0.5673011218684701
369 0.16098261814269174
370 0.6414522771188887
371 0.2252583732542991
372 0.13162147897114992
373 42.07053297403705
374 0.3999739816374682
375 19.354843425992314
376 0.03414690540240952
377 4.671727163951253
378 0.19322333545540546
379 0.3150101487239415
380 15.499035606924863
381 0.2669175136803301
382 0.2626578041904848
383 7.56406794214596
384 1.8131541768070336
385 1.4786632584129342
386 1.543990850290629
387 0.6114439667612795
388 0.5144355558097315
389 0.4905707313145723
390 0.9319642332008383
391 0.5889076572812981
392 0.3561086935486209
393 0.7154592371739178
394 0.10694260634115668
395 1.9349856813027861
396 0.6407317951209387
397 1.5023571726623222
398 1.6401520962315932
399 0.22753019188870555
400 0.6608633745262413
401 1.3947208030048215
402 1.0075788635102803
403 0.7638501866951106
404 0.6097308895480447
405 0.5987953208585776
406 0.5082040598113262
407 1.3058190104414589
408 0.7598717177998434
409 0.621108375555172
410 189.5780832430906
411 11.865992733635633
412 11.795891981383322
413 1.1340798920076518
414 1.2170378395620227
415 0.16139689035902827
416 4.268430012602714
417 4.78022101485218
418 0.2758542755335889
419 0.007977752326130159
420 0.6631644713033759
421 0.3032101967653725
422 0.6809029580865461
423 1.3018296621469008
424 0.09622657949226912
425 2.1353538998495023
426 0.13126617000789848
427 0.317596676770358
428 1.1111217703530545
429 3.0449934419287703
430 1.5922636015692437
431 1.0091406380885408
432 1.2215055074348427
433 1.7758861597372473
434 1.6229960177159488
435 2.0375760970191963
436 2.226205388492997
437 59.607458052543095
438 4.843230861852395
439 2.6063549956816088
440 0.013534922029820718
441 1.9665879002210207
442 0.17147344522705513
443 0.04101296251526006
444 0.04384332092637906
445 0.18808865653674733
446 11.028039040270471
447 1.611300386234396
448 1.1841504549474406
449 6.589918082099214
450 1.7760414177134836
451 7.006415457987755
452 2.9919796968683277
453 4.267332077389221
454 1.7003063381815193
455 0.23222439078233043
456 0.2914551990490667
457 7.196683376026021
458 0.5114524906461319
459 0.45780852442451425
460 0.09809675037694517
461 0.45601352124512873
462 0.12606164866352187
463 58.10225331006066
464 0.1308961360392638
465 2.4214561054049155
466 0.029206298617563183
467 6.715134601210146
468 0.024001884378407397
469 1.636766702428085
470 0.029761603447902112
471 0.030061680538830717
472 2.060987884460668
473 0.2656237046354619
474 0.5444136189873255
475 0.709504602752911
476 2.411395389177665
477 6.981445887129971
478 2.204372712496167
479 2.8704382844816956
480 1.82806454993934
481 1.233017467111774
482 0.5411814309168697
483 49.13385295778299
484 0.28184162797533874
485 0.2934524094847701
486 0.060421553681327005
487 0.10207382438283312
488 0.33455491338959836
489 0.23709579017944196
490 1.2449858236441487
491 0.24705820278153945
492 11.369211225749249
493 2.27772277056257
494 15.116605824884362
495 2.6525987405432745
496 0.31196722980249303
497 4.397449844188869
498 1.194326836388536
499 0.15867041902642998
500 4.724174079163628
501 0.5873935019671591
502 0.12422248147091994
503 3.7230125834190555
504 2.579943767646027
505 0.03674147064471788
506 0.5487952687752834
507 5.412911244608733
508 3.5829435119315907
509 0.11784861210562936
510 0.10336164034791255
511 2.7594124815434995
512 2.5936875197637153
513 11.108525634955134
514 0.24408000073680508
515 0.3452224742558538
516 1.0793759024031047
517 0.29592401583092026
518 0.17006808631017398
519 24.6080174331004
520 0.7937088606244156
521 567.274128410769
522 2.263431364155628
523 3.849008265651024
524 0.3144284243517159
525 0.34951032594203535
526 19.370145088157127
527 0.7534095005913339
528 0.9358498659479417
529 0.4593416762438981
530 2.005233515357082
531 1.7691108020670232
532 0.29791842015818754
533 0.056990452217378945
534 2.2743329291705554
535 1.3237109632971509
536 0.5623210673803675
537 0.13729721565921307
538 0.7018662419434731
539 1.7678602246273731
540 0.4571270150348248
541 21.17635898620348
542 0.2962736195061208
543 2.075237677899383
544 0.6637423657641685
545 0.5205606184515157
546 1.166246166514935
547 0.22411518270213793
548 0.03232587641688385
549 0.3637487188480193
550 0.512865612044773
551 4.022804297581944
552 0.160813308135476
553 0.3322681558021639
554 2.719267805762953
555 0.6586604805610807
556 0.10164737383771277
557 1.1935417833744264
558 2.9197658268604165
559 26.300988817857814
560 9.884086848387488
561 1.3315282265530768
562 0.4482954139597816
563 0.9556622888668077
564 1.3250439595922965
565 0.9243399328006262
566 3.044627374853349
567 0.05806760022513854
568 0.179762004205897
569 0.14571107499492625
570 1.4154104026303804
571 0.47853657797079197
572 1.9079615480845837
573 4.077429413329976
574 1.0166534273372747
575 20.62030943161715
576 0.6338483503025857
577 0.3495939837734466
578 4.98489821986786
579 0.3329563578717723
580 1.8872000466081615
581 0.5555130437917378
582 0.35171458992702603
583 0.06067431275439933
584 0.717034433616241
585 0.30049177747979255
586 1.9296246969172661
587 0.7013908082095507
588 4.317071570941873
589 1.0765346504619313
590 0.8846759961386622
591 1.1419118377988966
592 0.02412861733524118
593 0.7282223237682527
594 0.3396399900565421
595 0.7626901225270174
596 0.32607057912733145
597 0.45116567026168736
598 1.4944815589787113
599 0.11543424306981379
600 0.17517910881429455
601 0.9534065009366796
602 0.07381152190141027
603 1.9026133185669978
604 0.6661228159063379
605 2.710448309197585
606 0.10316131478447901
607 2.1503280908876454
608 0.3353675782990838
609 2.2408270525253178
610 0.6292368428273504
611 9.20123310954672
612 0.40068495966421164
613 17.993680754047542
614 0.8540888484281277
615 11.702483827799533
616 0.8945437915996142
617 2.613770134863178
618 0.24600693843658245
619 1.3234744469303041
620 0.8559071115031204
621 1.8137884055829374
622 0.3229318458975694
623 1.066369055831756
624 0.30672471851193184
625 0.03465491663915238
626 0.33642878273705323
627 0.38679451177613355
628 0.2339172726672108
629 3.9357858613706314
630 0.0605348861568064
631 0.38441549156508453
632 3.316651935714294
633 1.4543194961358448
634 3.9013158386056523
635 24.339639288018912
636 7.284633346890248
637 1.1353639239077888
638 0.9212510259924317
639 1.023537135386583
640 0.29124743377218315
641 17.290553220997506
642 6.093487498480618
643 0.19740726080231383
644 0.48460346744848354
645 0.5278820828770473
646 2.28530520532151
647 0.25996881495935825
648 1.3723223294548896
649 2.5939142035696827
650 0.4220122281939358
651 0.5019284237436571
652 2.752851924151359
653 0.26862421739349845
654 0.3661053174243877
655 0.6047681040943433
656 0.01931116844407907
657 1.6137097769917368
658 0.2010332103361485
659 0.19228561906382824
660 0.9546469023066388
661 2.5638834843155314
662 3.979173378752171
663 3.959946726690088
664 1.3700422537983115
665 5.627681100824982
666 0.4436915238935276
667 0.11757201702781749
668 0.7610092027969376
669 3.191873245392408
670 6.256008005715806
671 4.791935972781454
672 0.13361509582341174
673 4.9054983095857345
674 5.400325317131764
675 0.8110364794607413
676 0.9224182243505141
677 0.01274200366694749
678 0.8268624916476625
679 29.394864944014163
680 2.0391649323871825
681 33.055683909891194
682 0.008442925159800765
683 2.4529993132383594
684 0.08720167615875354
685 1.1309311176090928
686 1.2387857575501464
687 0.9544384701445353
688 1.1077843042766868
689 1.6930281429543677
690 0.7190289091976169
691 0.517592351633705
692 0.17528003360468947
693 0.8699193770016237
694 1.8312825669061064
695 0.6624443456969985
696 0.17636848391821347
697 0.23441418863290223
698 1.2028757837450854
699 1.8403894209533531
700 1.2978155798724422
701 0.8519767003470798
702 4.0216566576676325
703 0.7855311077721527
704 1.4805296735222044
705 0.5359260505023935
706 4.7609938104025025
707 21.653472814284044
708 0.11120106674600218
709 5.888890748504899
710 1.1429577922192349
711 0.7558717236734185
712 572.8795567953407
713 0.2067301561205802
714 1.5283246927280572
715 21.966628812473925
716 0.25283432614915013
717 4.138388251104851
718 0.7336316710828912
719 3.1627599352184173
720 0.04177063122047871
721 0.306301527457409
722 0.3607386467706571
723 0.41872161137059577
724 1.8360379052969211
725 0.3198072402520434
726 0.06984304227150827
727 0.1239531287223209
728 0.7194861637875393
729 2.208801926899872
730 1.5421299430669442
731 0.13197586695218688
732 23.009772516134657
733 2.6941539264364303
734 0.6179091309888756
735 4.850097950743698
736 0.07571125676274774
737 1.1584156320324592
738 0.39929455936471897
739 134.0230606544303
740 0.41692166777307604
741 1.8150041410588051
742 2.453543055563777
743 4.681744495774034
744 2.793432794148692
745 0.35412380326904463
746 0.7955182914069892
747 3.5110614786354177
748 1.3196813143214223
749 8.733168342253347
750 56.30320204662451
751 38.759230158471944
752 0.07520950861257189
753 1.0514288429402243
754 0.8022163776815233
755 0.006249473370150166
756 8.469554632522762
757 5.772421011723988
758 9.261680052846936
759 0.06669135024843717
760 7.284011410766136
761 4.013480880091794
762 0.15127755483914596
763 0.29766303401526517
764 22.021491023585828
765 0.3513319452357389
766 0.3115994127556674
767 1.4632784105299597
768 0.8316048030186259
769 0.559771614960356
770 0.2977069964229735
771 8.548842122030983
772 0.008442925427870188
773 9.376528778973036
774 0.32141001796166196
775 0.5393592248140483
776 0.039431947097610394
777 0.15573963544192412
778 0.25829227561694273
779 0.4847613865990108
780 0.1725956674261225
781 0.2504285811282549
782 0.43182281235214953
783 0.019897660466270894
784 0.7191740412449703
785 0.7303995958230299
786 13.206233325780719
787 19.09528121638805
788 2.617727363866252
789 0.6776979183736084
790 0.5436597020138896
791 0.5172115005013519
792 16.94779093680208
793 3.5028987351958527
794 57.376645691291344
795 0.7070947169502737
796 0.09221654259249933
797 0.8812778687254014
798 1.2493089410383285
799 10.612902634364191
800 2.0904046544661243
801 0.9425124789678484
802 0.4166582906847585
803 0.5061522269565127
804 0.8319575268727204
805 0.3918620267213015
806 0.10551267148801331
807 0.7398349796977485
808 0.50886737129589
809 1.6043898595248036
810 122.29642195351569
811 0.4517396300263764
812 0.2364670509497405
813 1.8079105544612672
814 8.516941006059922
815 7.630300970411269
816 0.568492836875245
817 0.14778833161854307
818 0.7759866844516231
819 55.67588068559304
820 3.526298240719193
821 3.9579539129755825
822 0.38281201868253634
823 2.279188054762717
824 0.8431419434469759
825 0.7029175189089139
826 0.4441149628844026
827 1.52226009387832
828 0.02209897875350918
829 26.50039018136876
830 0.11503415828877099
831 4.007174182827679
832 0.57192682117985
833 0.19371286303737126
834 0.03563949180867726
835 1.416595146809011
836 0.8088928192991792
837 0.7197800794285689
838 0.43913099222041635
839 0.030833388269542548
840 55.292832646135885
841 12.456093354623748
842 1.093112866490929
843 3.5201144694455837
844 0.13465800240524065
845 8.867434993833172
846 0.10442235631289616
847 0.18483953239396986
848 0.386520417636375
849 3.2182197857423835
850 19.963757318547085
851 0.5217057673366113
852 3.358151381544418
853 0.4746094121765886
854 0.8287834706740215
855 1.3914048553945426
856 0.09993805355101322
857 1.055915595956435
858 0.28134465634045636
859 0.7390089115849862
860 0.5240135516214164
861 0.9294262392368604
862 0.6847921011890438
863 26.094930095889
864 0.1495347193117351
865 0.07078722664732164
866 5.959282338476305
867 1.3934727122896533
868 1.9884955222180105
869 0.33913079539674557
870 0.08887573702195575
871 2.032299951420244
872 0.07011306239144556
873 13.3601850282963
874 0.7038647170159809
875 0.03728102856190734
876 0.0624572263472185
877 25.552931896408147
878 0.13139816756749617
879 0.5122844719952194
880 0.5125954021539197
881 0.11499927060680092
882 0.5978157277749424
883 0.2584633207515506
884 10.903735480418693
885 1.5163638878484453
886 0.24302174647458066
887 0.7739257683878618
888 0.8904261925072366
889 0.4506870682204823
890 0.18182956787719928
891 0.023015421116688473
892 1.1846198193037174
893 0.10000552103500583
894 4.449107585212351
895 13.4264428773755
896 0.5015081111038437
897 8.823332360450612
898 1.4681719918817346
899 0.19413647637564999
900 0.3127215124439412
901 0.1311102514914741
902 0.21411346494666386
903 4.003696517156426
904 0.021275993413648116
905 1.4795983196545346
906 0.27575207560835
907 1.5070065262767984
908 0.17910940515910959
909 1.149669129723243
910 0.26007847106882187
911 12.30368936926824
912 0.7667363659833326
913 0.3149227187358448
914 0.1210957309844007
915 12.628603225429476
916 16.073051073168035
917 9.593583028553567
918 1.0452799743765586
919 0.23766633065446527
920 107.06982497120667
921 3.4887741450511167
922 0.9600339354355393
923 0.11781781365020275
924 6.968457218910557
925 0.30349363936244406
926 2.3090042648834537
927 1.8842703283299578
928 1.9876932965226644
929 0.1260767893244832
930 2.945068338648095
931 10.939988751564446
932 2.785123805550503
933 1.5740962041599145
934 0.09565283093785586
935 7.589742125710952
936 0.20755157576053115
937 0.7110890157597382
938 0.22207598819644445
939 0.3609575359887375
940 0.5708347487536043
941 0.0330741618903422
942 0.2353823536194546
943 4.3144053863165945
944 3.2260586652004735
945 0.12981638889466846
946 1.3799034274078568
947 1.4291114599484378
948 62.52925491589993
949 0.07756746948547101
950 0.4197195701227085
951 0.27233927666696706
952 5.478055288128575
953 29.51358250671827
954 0.043546239131406594
955 6.753778448875233
956 0.8381192748893467
957 0.5098715929579684
958 1.6003987045436456
959 1.398201051089847
960 0.663075060952512
961 1.1871626507046973
962 13.19983294622876
963 6.704029906227727
964 1.1353323196894995
965 1.5804634024089186
966 18.068748607141867
967 1.2547751760062447
968 7.223581596752771
969 2.081825912838694
970 1.364356953281638
971 10.781857185679817
972 32.45610589618713
973 0.8434375349140498
974 0.2480231350782948
975 0.05656239189446314
976 17.94234423302923
977 5.830234184524757
978 16.284339801020575
979 0.029774910020048683
980 29.79865305167101
981 0.2785509743778754
982 0.4182995823722301
983 0.33056314949055526
984 0.44727483893921083
985 0.5138059556800596
986 0.9379666850023484
987 12.353749059987498
988 1.8355613237876132
989 2.1299233760595015
990 0.11370664567514524
991 0.7864221670703921
992 2.445582710252511
993 4.67561487167225
994 1.2904899805255177
995 0.5781987531459307
996 0.3713753890687127
997 186.32943707638924
998 8.929226255054157
999 0.053310509468036824
1000 1.8538789153955046
