1 0.07539758318451259
2 0.28350540815722647
3 14.531760181523277
4 0.527617189778283
5 0.3721122241238387
6 0.17489753714110828
7 2.7229901401610976
8 0.004619333014067415
9 0.36026943643052795
10 0.14413668244850122
11 0.10623966064101902
12 1.0823043267500425
13 0.10487761218570188
14 0.028818566170684342
15 0.9857008315022984
16 3.759545340076652
17 4.662075923726774
18 1.6730930108522293
19 3.0600100086135273
20 1.1187589603560222
21 1.1061316841458901
22 3.721033396993603
23 8.800369475155565
24 8.775793779771236
25 0.558882313003047
26 0.1256742891501591
27 0.5226188289857704
28 3.092963764912973
29 0.25944205309715396
30 2.4151522923593536
31 3.1550464637869786
32 3.860956491924332
33 1.742086897101365
34 68.89689985959433
35 0.0918453383034219
36 0.43375687661573437
37 3.019855606490849
38 0.6541276064195588
39 0.049173460574798655
40 1.8926506882571863
41 0.815684726105026
42 2.54034525027526
43 0.25533908159759783
44 2.7358189449247448
45 4.072047191708951
46 2.291628120506334
47 0.4164479429823402
48 0.8552856634840103
49 0.4652336910918926
50 0.8198780988442347
51 0.06768196397905225
52 0.6926243259989685
53 0.9146813375341181
54 2.7420226099092546
55 6.658151153740094
56 0.23439967914092677
57 0.3476535927857635
58 0.2476901133848968
59 153.1743558237995
60 3.2220278612887427
61 56.7186960942231
62 1.028778617000987
63 2.2486034346780466
64 14.616043203317938
65 0.16953912492842702
66 0.05938618148384386
67 4.7665669426558575
68 1.811037757913672
69 1.974269777573939
70 0.5843401466672059
71 5.340602333643937
72 0.06728887310378509
73 14.035894561663314
74 1.2195566234328399
75 0.1948331631016318
76 0.5790581067135029
77 11.471480208171759
78 0.6462313255275964
79 3.192873661345388
80 0.04693249285873392
81 0.14489814443950358
82 11.4924198897168
83 1.073392047972927
84 1.7758791382933337
85 1.9872145969477069
86 0.4046229461653849
87 7.03861800306658
88 9.620707944730125
89 3.9954398218047915
90 0.32944231905188714
91 0.44467990054692397
92 0.13428336265640295
93 28.21108328493582
94 2.638500366855234
95 0.2464558538157594
96 0.12421085431173387
97 0.27856912226186703
98 0.9149083387760517
99 7.151192075104274
100 50.263028567798486
101 1.632700681661218
102 1.2484542509923562
103 0.0037910910156586297
104 0.22146650359206208
105 12.117598234803982
106 1.0615946947700243
107 7.468968967139595
108 23.989033582289398
109 4.124518731168115
110 44.55762020688882
111 0.18123622788677665
112 0.1709829565574718
113 0.1499507352580689
114 0.07236981934452222
115 5.0143847481083705
116 0.08279797879158568
117 0.3716382534631874
118 7.270156457737847
119 0.045189753584713575
120 1.6184888301809757
121 4.4501590143927485
122 2.573210147276816
123 51.17053635918231
124 0.6105270074835176
125 0.9404960977572137
126 0.0883877336107521
127 32.01289104799489
128 3.1918802121171224
129 1.7906201001291195
130 0.556564981057954
131 0.7677075518731868
132 2.143315795131435
133 3.5406384319666317
134 7.730035948326026
135 0.041208707104452666
136 12.220150836177147
137 0.08568089438708783
138 71.66083534750787
139 0.1020596402595475
140 10.315547853930147
141 0.3473644896344827
142 2.92338106188119
143 0.3821948853126822
144 1.9592280962845938
145 1.621797097153632
146 0.4137500072730283
147 0.3271261526607899
148 1.1549455060514322
149 0.2428865360924754
150 2.1240280003883867
151 0.4594659458174215
152 0.8413283131951429
153 84.38522122058731
154 0.11807033856649995
155 0.6590024023687382
156 0.6545429565305244
157 0.4925100056746687
158 1.1564175511425312
159 0.14008763326784315
160 4.9584762879577635
161 0.5977569188088406
162 0.7736229248093676
163 0.7443138191742344
164 0.03824557789524111
165 0.4694959576511263
166 8.783679343938404
167 0.7756650040468179
168 0.015308799411450831
169 0.32550653058022
170 47.267053945164285
171 1.0970892368550038
172 0.17026207613481562
173 1.1432530598083
174 4.100625554823401
175 0.8813661886714631
176 2.9162923060797534
177 2.515079909329517
178 0.6956480761443602
179 0.2760617599556918
180 0.959929531283179
181 7.1740095934142305
182 0.04131309532414906
183 0.09854744218331918
184 2.5671235915863626
185 243.3429086222102
186 2.957188059520694
187 0.647683531627678
188 0.21464053518291973
189 1.7743595842446296
190 0.5022496367915665
191 0.2299762509493948
192 0.4416583306861158
193 0.3473248352041312
194 0.8622753220626896
195 0.21860937844224204
196 1.8045485127491443
197 2.978507620387832
198 1.7285283536998695
199 0.20221522414486262
200 1.8874054491796604
201 2.243627529103121
202 0.19664659231300416
203 2.958547698568597
204 1.6725127296573747
205 0.11737224066729776
206 13.94816652731471
207 1.0989850646368424
208 0.7069767391443362
209 2.2224055529627136
210 3.526720909726155
211 0.14145363119257764
212 3.2713080713789173
213 1.8637135728894803
214 2.451812378003911
215 0.01939504775504974
216 8.401803609999275
217 0.2830992153634876
218 0.6008729672891585
219 1.9911135820323507
220 0.525555628582505
221 0.4207881757245345
222 0.9043852916150806
223 0.7160790356766411
224 0.15597229750650063
225 0.34079436493152193
226 0.54904826873607
227 0.5694279282606493
228 0.5069987743892856
229 0.05311916712892654
230 0.519460926543076
231 8.540130492292924
232 0.07371253376787851
233 1.2314881338567327
234 30.641454208092476
235 0.09952154862038348
236 2.26779256017099
237 1.107194122529373
238 2.0516407308518985
239 0.2823926617148557
240 0.26675779369421443
241 26.161976628851473
242 1.4246471213402454
243 0.590831624172809
244 2.416778653101306
245 10.055799876439071
246 6.92545607034584
247 0.6021483721965556
248 0.06018348312337669
249 0.6150461040932952
250 2.4276911440741453
251 49.995541409064415
252 1.7965329324606345
253 2.2283236424141064
254 0.583810267825115
255 3.3627447283179097
256 12.040183630439943
257 9.121695589189905
258 2.287833811599383
259 0.5915110200256963
260 0.19459577285001303
261 0.6123346451326892
262 2.8606668686817627
263 0.1620779006061484
264 0.07477216232269705
265 0.14212223926142148
266 647.5292646336692
267 0.29583040690607737
268 0.14513815109339573
269 0.9491003172524762
270 0.055892986479476235
271 33.35987506492213
272 0.48100727917945224
273 1.5242869039085554
274 0.11694690619634851
275 0.39003551468891157
276 2.996804624778814
277 0.33341428720562377
278 0.40744571025196974
279 0.08256325250790682
280 0.477853668169081
281 0.1469716873107191
282 0.39707541725685574
283 0.1435992845257899
284 3.4721386685934874
285 0.20364710953570353
286 29.39785614143393
287 0.40047439764349146
288 5.687738875313543
289 0.35660631251704
290 0.4337610523161793
291 1.1826719212838825
292 0.42334269325252344
293 0.2523265278626399
294 4.461968302497361
295 0.21022083621786541
296 2.727868242265446
297 0.8341922015165638
298 3.194513815436985
299 5.1133010911506975
300 0.19223585244739289
301 0.2893492762765257
302 0.16437640716104193
303 1.6227464765384785
304 12.93260249747773
305 4.680294680888551
306 0.8054451080666091
307 0.8145406729678452
308 2.139142091468938
309 0.14406351715262372
310 0.29653384406767214
311 0.3551852581393169
312 3.9821560611691877
313 0.2979920989337216
314 0.1452668783667321
315 2.3818104299354728
316 0.1460993936765691
317 1.024946868867419
318 0.707200767265481
319 0.9510414043953161
320 6.919035831082267
321 0.10623747889850377
322 0.5675201154044507
323 1.8832825476196715
324 1.1808795680649995
325 0.22994666030764288
326 0.06994779349111883
327 1.6006083543130618
328 1.33716527681409
329 0.1150996517189774
330 0.3026630360706931
331 0.9757359700816073
332 0.26923427775433084
333 2.762839862302407
334 0.2543470522499681
335 8.586886137003342
336 0.21419317950636568
337 3.0219958162202736
338 10.434782035420286
339 0.3671880652955359
340 20.608626596125095
341 30.389253177885237
342 2.076658328729328
343 0.12958438604956163
344 0.744230758549358
345 1.0691229824196338
346 2.0726273112268916
347 1.594983541919738
348 0.4503601210486493
349 0.340370986656025
350 0.3314773743925516
351 0.9229316769758006
352 0.5039584803320433
353 7.032637547088957
354 4.110484352943757
355 35.08277050134626
356 9.414024065976717
357 10.414161726021847
358 0.06633180923554073
359 0.7966070708589863
360 1.281085782762839
361 2.9633524546660746
362 0.4828787413302452
363 1.6518805368663727
364 0.22485791001830585
365 3.4168753325250663
366 7.8031056623835475
367 1.3366328432724672
368 1.5120870027344488
369 2.1383551840282187
370 1.8584301417265514
371 3.1842971243724216
372 0.19696493870000797
373 3.6286357978575023
374 0.9503006760786555
375 0.43391162024184277
376 46.260241505849095
377 1.220768541052115
378 1.312717275037247
379 2.9914393718638705
380 1.8965538577785193
381 0.1286120686648084
382 1.6018182775619776
383 0.08882571831865514
384 0.7222631380520437
385 1.2196019320298208
386 0.07674214571711127
387 0.4735157302422594
388 0.16895532146862252
389 10.55217707347339
390 1.313275679209901
391 72.672472043714
392 13.232503172247519
393 0.5535506811464264
394 0.2773657465663224
395 4.328775036994913
396 0.12872467409963315
397 0.3510179199396336
398 1.2277153761791653
399 1.3972051094537774
400 1.9752403896269828
401 0.24808243733087076
402 0.5426669044783707
403 1.0375652419019634
404 1.076464735019154
405 0.28251965666771234
406 18.997863604782978
407 0.5229194154094617
408 18.147551834494013
409 1.2991207564942022
410 1.0499526878442464
411 32.90482924028958
412 0.10954411566652239
413 4.3808123784875885
414 0.3640262048559379
415 14.690349612523587
416 3.705759301199476
417 1.2973679071783322
418 20.463510583906928
419 2.965669442216094
420 0.3465074953560958
421 0.4092358572609448
422 0.47072108756691877
423 1.901336687504813
424 2.8062419058514148
425 5.51314397144492
426 1.8045078110309916
427 1.2941265277377199
428 0.7092806395996796
429 11.96318875522176
430 0.1232094701848528
431 0.13011031556996713
432 0.06980048787372117
433 1.3330956705608799
434 0.2064013347972909
435 4.824074489580902
436 0.35971165663255406
437 3.792486443978828
438 3.5946482517048497
439 14.75434222574147
440 1.9308837125612544
441 4.036592243221416
442 0.8547332639628626
443 0.0870189692873878
444 0.7890034764990953
445 0.3416171910750522
446 2.348943873168816
447 5.200785052516494
448 0.13230574293091754
449 4.817636139025773
450 0.8888886874946157
451 0.35681632390365636
452 5.6722108392328
453 1.6507884450529813
454 0.40220217389286633
455 0.002878956687305508
456 0.2952611191987564
457 10.791842336011204
458 0.057325089329818106
459 2.413910760502397
460 0.15216344405272042
461 5.9842847523326945
462 0.2400885024458748
463 0.028353930907499943
464 1.7895863425044127
465 4.490450023476024
466 1.766764387761444
467 0.5721654531499667
468 1.326884321867526
469 1.0209911355042407
470 2.017261724516734
471 0.11488971002861113
472 1.7907557594113703
473 0.7224850250921292
474 0.7800844361141611
475 2.760478989535621
476 2.543519193582938
477 0.9503119389622061
478 1.2294604522901051
479 1.2037281800898223
480 1.3564180919763436
481 1.0118986971388673
482 1.2198286898252073
483 16.909538247054158
484 0.004715188211345359
485 1.448260427135283
486 42.20953929000522
487 0.2688225710257072
488 4.004730395450004
489 0.43696135704981287
490 0.42385928919765264
491 1.7840441575445853
492 0.09384474357268648
493 2.1649933577557556
494 0.21492472788357128
495 0.24207549985408416
496 0.07901397595250723
497 11.564671407748389
498 0.5112829668988962
499 2.8411174740438465
500 0.0996088746346844
501 0.4260323344177047
502 12.359133101160358
503 0.27568994144791703
504 0.7154606744059312
505 0.19118494618614465
506 0.6321906435185313
507 3.837536730945066
508 3.1869709861943623
509 0.1522066326958106
510 6.773615706638974
511 5.615173417848624
512 0.009572511623866178
513 1.1248173293389883
514 1.6436031650978824
515 2.0027069197139453
516 0.6863842562934496
517 10.919300495783926
518 0.2575127277474106
519 0.5280064155932562
520 0.22193245936830613
521 1.7973100125378698
522 0.17315145289293227
523 0.018657890246929425
524 16.192214475081233
525 1.9691886257708986
526 0.4863917051409079
527 0.7617652199779735
528 0.551291232262417
529 4.548256984468239
530 1.2898669559186298
531 2.301780752611742
532 4.958412893783697
533 1.3900096594538798
534 0.3954356377206088
535 1.3204651930082465
536 0.0009108258900181115
537 1.9223195330412575
538 25.778972055137988
539 0.26816011430680087
540 1.9136678859773115
541 0.24424157462394283
542 0.00422681702778263
543 1.8417550338650872
544 0.015633765835195684
545 0.19847549024203343
546 10.373320679852474
547 6.892807849150617
548 0.28263221300829167
549 5.430076466659783
550 5.149082924893639
551 0.674998259388966
552 0.33030020922749526
553 1.5630297108430384
554 2.491822619159156
555 0.8065426519771264
556 2.5301507886925654
557 2.0441632364645175
558 0.1648142371364708
559 0.026156159978767544
560 1.0410216655202704
561 0.132968342673064
562 0.5466056559278262
563 1.0203025899730414
564 0.010916878201418687
565 0.6401476317692633
566 1.6910809396792856
567 0.22460670893731788
568 0.03091315973072595
569 8.233144353008965
570 3.216331523851127
571 11.423645873595015
572 0.1903824935941189
573 0.0336636745770917
574 0.41827080682306456
575 0.22942557043676984
576 1.4413790459622535
577 1.2997891587981778
578 1.8144436998255384
579 2.623763770576524
580 0.17975518473049396
581 1.5743988656161179
582 163.28834783640394
583 0.013853989896045442
584 0.24747291246335398
585 25.177492607356168
586 0.11080733627494496
587 0.060800150122017574
588 2.378773590498742
589 2.2045430078509964
590 0.039526654899424925
591 0.6681311258812985
592 0.11546699578868018
593 0.6246290348593087
594 0.6698537011139334
595 36.80899183765625
596 2.0696800967648863
597 0.15957331415100393
598 2.7238168472146014
599 5.865775015031601
600 2.5998987049183353
601 0.1172330233151657
602 0.2947599315640738
603 0.282104876886096
604 0.19227785427552588
605 1.7483874313298147
606 0.4938137159837459
607 0.3282834929018196
608 14.647197758899289
609 3.7622647939815517
610 1.4422063782942123
611 2.8288066110312475
612 1.7478110336091925
613 0.7104869818579433
614 20.255537862122484
615 0.4083695223175712
616 16.053157547138294
617 8.964016775922408
618 1.9810082583977024
619 0.8432070416458576
620 0.4838108546588547
621 1.301333918076133
622 0.30497063517093503
623 0.391601642500257
624 0.11215336754378993
625 0.48807583259086607
626 4.507697482106928
627 2.1194409946165025
628 26.699046598112574
629 6.369154308227394
630 0.6958005851622832
631 0.1412020103301205
632 1.0437160734971767
633 0.1542592175299814
634 0.6920761142391372
635 1.8571542761425794
636 5.9703359146205885
637 0.49491001557866365
638 5.657314612352542
639 0.039726293725781944
640 0.40249090236513313
641 1.2162921024703361
642 2.467063633117069
643 1.4990523473764672
644 1.9003731780842594
645 0.49130389697369076
646 1.1825019273635833
647 0.4248675493696011
648 9.497335222490268
649 0.007507246681592674
650 0.6546321157822022
651 0.22291224037112117
652 11.234978662478845
653 1.1657905827818624
654 0.34349715988411594
655 7.409870271349709
656 0.2302826824408568
657 19.824100791746872
658 0.8437465403073346
659 5.354670047898044
660 3.5037422095119988
661 0.4196775225463072
662 3.9122608673530235
663 11.096575260804416
664 9.565425682566797
665 0.013344739613297893
666 0.45462812114329976
667 0.06563364748489381
668 2.1674736573273266
669 0.3193272951308445
670 0.8596793465082524
671 2.687684239433881
672 9.445790224743014
673 0.3974794425082601
674 2.40140660331281
675 0.593401854704915
676 0.0430513940255189
677 0.5648787239894569
678 0.13457435775840626
679 236.88269991571022
680 0.5631030664028082
681 1.5451339175572774
682 6.182251047283862
683 2.6507750662992926
684 1.486237947870761
685 50.88120791909732
686 0.2721530605787338
687 0.7021862305887354
688 0.3627674450240908
689 3.7008791996891985
690 1.5280314735186764
691 1.9966379976902906
692 31.482853185716632
693 5.61559774826551
694 2.9804672733955657
695 1.3739280861332677
696 7.526204177653502
697 0.01047373835667977
698 0.05520353057491049
699 8.93700893870702
700 89.6377492517848
701 0.027326945864391883
702 0.26368413940731833
703 0.43435284932059093
704 0.7770007969844859
705 0.3936076176117534
706 0.379248503929653
707 1.3610117877556276
708 0.5225841007837261
709 1.6872357654558938
710 5.092761428678792
711 0.3281055545639358
712 2.1077832163254056
713 1.2954632877255032
714 0.6041442814339844
715 0.35810157461441317
716 0.10530053302389411
717 0.334741053179007
718 0.3283630728879804
719 1.9028733926587396
720 4.224008988135101
721 0.13390292984473318
722 1.2854832190705667
723 0.2523653856043382
724 0.40382510136617067
725 2.4021354641750228
726 24.620340956786283
727 2.0676778371794797
728 0.42780592263682626
729 0.4925171906184247
730 0.37217976007974474
731 1.4353465326990154
732 0.27670657166472107
733 10.54438016430181
734 2.474037446571543
735 2.4235115223674475
736 2.4280191670750813
737 3.4023166506053992
738 2.432427325834518
739 5.055683427643071
740 0.2669289716621489
741 0.18952063907417183
742 0.8433465493082988
743 0.33538949772437
744 2.7894664967537968
745 1.2993100617121858
746 0.6469962238663615
747 1.9356492336195812
748 2.7311157630439586
749 7.721184532908806
750 0.7378452924381671
751 0.05188409495840979
752 0.638605752229013
753 0.43578153363232913
754 0.007945306865525921
755 1.2268003507191099
756 0.30700098468639814
757 0.12369510066525637
758 0.20867592639978874
759 1.4647147135476775
760 0.6623477684006771
761 0.03167935712043538
762 9.028895023651367
763 0.08039666604693367
764 1.4572060940518585
765 45.210686819139454
766 1.695772667480902
767 1.2108873836920029
768 1.2841145034171901
769 1.4194250963247526
770 1.7690385587611024
771 3.1995411050910114
772 0.9667435004890355
773 3.7932297508186226
774 5.172937689054464
775 1.2327147626741282
776 1.1788112471678336
777 12.216036784951243
778 2.964274178259606
779 5.405663558788591
780 1.661035137033787
781 0.7829890535473436
782 0.679842677614748
783 3.8438901619205157
784 0.24429222101962358
785 1.5395865328361642
786 4.025111475625575
787 1.6555219793570846
788 1.547309186810851
789 0.5931955477872014
790 0.9571378561864854
791 11.370421121230748
792 0.5510730984522335
793 4.492030858528644
794 0.04270657687269031
795 0.23016088031775173
796 3.7905736486855006
797 6.708131245652008
798 0.6764326602935172
799 0.10603411385864901
800 0.019076116171812214
801 0.7390189871791065
802 0.8900661954515042
803 4.719898750109123
804 3.081020362814971
805 4.145631865582075
806 23.624123379142723
807 0.639399971122099
808 2.7682700100516957
809 115.17619191128
810 0.46495184735395734
811 0.19489601217948768
812 0.6461606417830804
813 0.18653269652581134
814 0.6271396599384408
815 0.1908243721552943
816 0.1422149157281531
817 0.7874025406136328
818 3.689880711460862
819 0.04547388921275929
820 1.5282211600175348
821 1.247867857068488
822 0.21996441921136461
823 0.18733132047098516
824 1.1152966493383467
825 3.834560755168778
826 1.3050696751796436
827 0.5603256083898662
828 1.8232231859179644
829 0.3024634694634457
830 0.08927847827834377
831 0.8879075644758637
832 1.0119148266578966
833 0.2337805984414678
834 3.216232694783204
835 1.4359660136056662
836 1.3475870115143245
837 0.00352584722591311
838 4.330508012010816
839 0.9941766664790529
840 0.7825869429363722
841 0.32618340482538355
842 3.8248867927822636
843 0.21596927920506293
844 0.3312086250895311
845 0.13457960584173928
846 0.09858971583261346
847 140.77646059873967
848 0.0681674567270322
849 1.557493114695704
850 2.7702103551302093
851 2.2236758317146634
852 0.5487094053548482
853 1.7631506143205709
854 0.3561977723695944
855 16.337978427149466
856 0.22993640713496066
857 1.3021519560173793
858 9.178520803104943
859 1.3983466741259634
860 51.179524112327115
861 2.833165612337476
862 0.45461701107099706
863 11.548987588560196
864 19.67795891020469
865 2.60137084697962
866 3.371788425857657
867 4.457078213778838
868 0.7338293982583323
869 0.9044835527457129
870 4.659187684560057
871 0.4477994840143122
872 3.322417043840789
873 0.22642805979337835
874 2.677703017294345
875 2.0409611739170033
876 0.6074155587428438
877 12.901007533244627
878 0.3556326377477309
879 8.249507626168535
880 0.9557396855782183
881 2.4944444733485716
882 6.521063186936236
883 0.35847101610860804
884 0.6191201499994833
885 0.067187153063098
886 0.6044459918724876
887 3.5154342291849296
888 0.637813630865117
889 36.629531071989845
890 0.5858585884143624
891 2.282872092730641
892 9.96039248787815
893 0.8160518236704052
894 1.6864247968822992
895 0.08616996998295165
896 0.44161995791910125
897 2.590613667382339
898 8.354727098493308
899 0.0659795535325045
900 0.30491895175383665
901 0.6664398473759895
902 5.219267039732569
903 0.48404352539555456
904 5.0903695563668885
905 1.4760358355321674
906 4.014975461538459
907 3.641024286311083
908 0.5400658957522838
909 1.4040264535350366
910 15.043359260268634
911 21.374313019585248
912 0.30786639468187754
913 0.40053495859373833
914 0.4831107113577706
915 0.2045836614127277
916 0.7635278923673439
917 2.0707182800160364
918 0.07918731184263182
919 0.12677809237325452
920 1.3733360568334516
921 0.031627979083293775
922 3.148246422199794
923 0.3195439962791851
924 0.3310355022370436
925 1.919959047131186
926 1.4084437850709033
927 9.626787741978015
928 1.296273097410921
929 3.5629248478461375
930 4.030058951839699
931 17.249977664731013
932 0.4034494579319211
933 0.019634413044911214
934 0.09967991236324947
935 2.4426432150093875
936 0.68345378642215
937 3.7505807317514317
938 1.194949713351488
939 0.310225788455205
940 0.9387010178226214
941 0.07322471490208134
942 0.20720108317565306
943 0.21481012551898127
944 12.247407365093165
945 1.862895473272709
946 0.13571804726523326
947 3.826947180653027
948 0.27429880891598263
949 0.047256106305449734
950 0.1621124252882374
951 5.677557233691789
952 0.5402312056721275
953 0.13993013810212987
954 0.09963964939766122
955 0.10712666977766905
956 2.0361658752200857
957 0.6749365576321265
958 0.27413390209798805
959 0.7900027397643737
960 21.047799938438022
961 0.8636329143650883
962 1.4039851791782274
963 1.0727375730417557
964 2.6969942465875856
965 0.9583457865956754
966 1.2267294209363115
967 1.4434487344814728
968 0.2927027909914734
969 0.42483303295482155
970 0.3121687195846286
971 2.2392910493939397
972 0.5488307625068125
973 1.2878280212017434
974 4.18244619693247
975 1.1634238699640598
976 0.16359410597674723
977 2.6347889125795367
978 0.4127456895626116
979 0.5829988371536245
980 6.318752593942257
981 3.062903531470972
982 1.0165055477433549
983 0.9293898059110021
984 1.4520912457368098
985 5.100266854010782
986 10.694187749743062
987 16.109186795455052
988 0.4684589823908859
989 0.12028527926336652
990 1.3331996583104213
991 0.23591583807810967
992 0.1410184453687395
993 3.1983289914157123
994 29.072162847369782
995 0.538097342774826
996 0.28672224838758914
997 3.9532402915473033
998 11.660980994892496
999 0.6697154501771939
1000 1.9332746154218576
