2 212 985
2 562 477
2 826 228
2 920 929
2 317 302
2 998 961
2 985 492
2 145 813
2 108 162
2 135 71
2 627 167
2 654 210
2 217 755
2 742 874
2 533 58
2 204 3
2 988 237
2 260 701
2 934 59
2 986 678
2 556 634
2 139 566
2 569 719
2 488 382
2 463 915
2 687 61
2 554 315
2 79 979
2 771 949
2 455 321
2 470 366
2 861 119
2 655 212
2 956 941
2 122 68
2 47 194
2 46 936
2 376 39
2 88 355
2 13 228
2 165 142
2 602 65
2 674 69
2 493 405
2 609 966
2 499 121
2 70 333
2 641 886
2 545 526
2 621 173
2 488 147
2 208 62
2 817 917
2 781 795
2 445 792
2 267 659
2 208 453
2 569 733
2 878 334
2 556 527
2 876 363
2 169 846
2 711 753
2 13 200
2 731 729
2 987 283
2 876 128
2 605 286
2 672 614
2 897 252
2 147 717
2 539 457
2 89 52
2 62 725
2 373 155
2 368 742
2 213 423
2 481 909
2 967 867
2 539 668
2 76 475
2 860 874
2 510 648
2 206 657
2 430 875
2 951 278
2 114 794
2 540 255
2 377 895
2 723 880
2 587 349
2 804 263
2 921 394
2 706 248
2 880 960
2 70 594
2 966 981
2 399 124
2 819 785
2 156 364
2 456 764
2 334 261
2 108 190
2 673 426
2 926 186
2 449 747
2 824 644
2 111 667
2 654 658
2 947 847
2 564 507
2 936 392
2 70 296
2 33 950
2 882 327
2 484 984
2 833 157
2 512 362
2 680 959
2 900 795
2 836 242
2 810 453
2 806 915
2 949 128
2 50 538
2 952 646
2 669 159
2 262 945
2 168 939
2 640 791
2 329 646
2 631 640
2 166 779
2 606 634
2 291 99
2 584 174
2 418 826
2 929 494
2 610 485
2 297 569
2 746 969
2 414 707
2 730 995
2 645 302
2 210 932
2 722 176
2 359 904
2 376 175
2 717 150
2 106 321
2 324 886
2 384 868
2 686 219
2 981 66
2 792 884
2 396 429
2 846 976
2 77 361
2 166 181
2 167 386
2 310 662
2 453 997
2 267 82
2 53 98
2 163 287
2 500 216
2 182 543
2 72 861
2 947 102
2 945 524
2 214 813
2 540 884
2 183 720
2 15 96
2 81 258
2 730 827
2 68 904
2 753 846
2 368 338
2 756 950
2 987 321
2 999 744
2 685 745
2 188 45
2 638 652
2 988 608
2 517 562
2 190 220
2 7 655
2 329 589
2 422 881
2 489 698
2 403 124
2 502 153
2 987 980
2 491 423
2 651 373
2 842 952
2 937 289
2 353 861
2 331 970
2 101 693
2 78 795
2 60 235
2 602 515
2 490 975
2 198 127
2 7 941
2 292 389
2 136 667
2 566 986
2 487 240
2 346 91
2 183 866
2 813 798
2 736 668
2 125 951
2 533 345
2 152 771
2 395 35
2 864 728
2 577 982
2 116 643
2 638 571
2 727 470
2 294 736
2 962 574
2 499 265
2 906 744
2 602 545
2 112 497
2 651 923
2 719 592
2 260 813
2 906 198
2 15 156
2 856 725
2 129 267
2 923 201
2 105 935
2 712 294
2 122 962
2 155 151
2 797 22
2 883 493
2 392 688
2 120 915
2 20 313
2 91 954
2 421 405
2 223 695
2 606 57
2 609 462
2 958 185
2 884 123
2 587 68
2 720 780
2 473 407
2 886 336
2 500 430
2 101 668
2 889 438
2 554 683
2 105 253
2 422 747
2 656 884
2 94 975
2 231 839
2 234 584
2 689 961
2 408 752
2 189 271
2 784 908
2 169 642
2 243 212
2 37 892
2 138 600
2 897 113
2 53 547
2 244 442
2 658 691
2 741 823
2 881 726
2 21 313
2 231 907
2 923 764
2 369 263
2 484 339
2 60 260
2 499 963
2 46 636
2 624 856
2 383 34
2 924 34
2 529 713
2 926 289
2 437 574
2 692 516
2 666 831
2 514 696
2 536 423
2 662 286
2 60 588
2 949 157
2 147 868
2 280 497
2 987 562
2 193 514
2 265 379
2 447 867
2 153 538
2 800 50
2 244 293
2 724 918
2 922 497
2 392 386
2 532 680
2 368 373
2 251 342
2 854 526
2 664 134
2 581 220
2 833 829
2 864 128
2 509 249
2 789 955
2 638 126
2 762 71
2 65 859
2 544 939
2 360 564
2 701 387
2 130 492
2 946 628
2 928 448
2 347 16
2 603 380
2 884 251
2 731 194
2 732 899
2 630 273
2 225 520
2 247 143
2 116 972
2 373 778
2 390 756
2 988 389
2 720 216
2 973 494
2 338 220
2 115 248
2 956 283
2 718 253
2 225 858
2 118 654
2 359 751
2 878 429
2 143 863
2 320 455
2 639 923
2 269 756
2 489 865
2 95 306
2 380 463
2 342 798
2 33 300
2 247 170
2 636 374
2 858 690
2 37 369
2 848 51
2 688 696
2 137 293
2 518 706
2 247 127
2 842 720
2 686 345
2 634 530
2 946 683
2 780 700
2 643 75
2 109 588
2 419 246
2 792 281
2 267 320
2 636 189
2 388 751
2 378 756
2 23 94
2 504 385
2 866 142
2 151 153
2 544 796
2 830 108
2 428 385
2 194 374
2 77 338
2 329 253
2 750 795
2 605 676
2 420 165
2 754 288
2 34 93
2 137 752
2 141 148
2 46 852
2 919 637
2 378 683
2 748 787
2 182 796
2 131 674
2 37 113
2 410 260
2 451 423
2 555 284
2 47 178
2 267 787
2 42 662
2 288 719
2 632 68
2 430 427
2 579 350
2 418 989
2 566 411
2 603 200
2 109 123
2 534 449
2 116 671
2 366 343
2 250 286
2 238 762
2 70 42
2 295 649
2 678 889
2 73 224
2 420 76
2 967 449
2 672 347
2 992 295
2 398 451
2 833 452
2 781 754
2 864 898
2 145 160
2 988 189
2 236 511
2 267 34
2 283 915
2 348 301
2 8 820
2 199 847
2 378 141
2 44 570
2 471 55
2 222 841
2 791 111
2 265 403
2 277 662
2 477 320
2 464 875
2 117 440
2 690 785
2 914 258
2 571 735
2 574 961
2 931 238
2 967 215
2 95 594
2 415 322
2 860 18
2 88 429
2 185 421
2 824 480
2 182 448
2 949 75
2 371 178
2 647 873
2 61 759
2 405 216
2 49 931
2 169 37
2 225 422
2 377 85
2 853 534
2 739 597
2 447 755
2 265 486
2 618 651
2 822 660
2 19 961
2 990 994
2 193 382
2 632 841
2 853 1000
2 741 517
2 702 735
2 222 586
2 595 278
2 934 881
2 853 385
2 294 861
2 24 67
2 200 839
2 554 972
2 876 321
2 274 911
2 304 292
2 143 286
2 467 999
2 483 73
2 638 697
2 376 219
2 104 433
2 879 264
2 522 471
2 712 719
2 32 260
2 193 798
2 282 998
2 671 256
2 688 716
2 949 660
2 448 394
2 976 106
2 661 176
2 579 231
2 127 984
2 733 194
2 559 441
2 769 635
2 107 690
2 791 823
2 706 68
2 213 268
2 297 750
2 675 35
2 289 885
2 806 240
2 811 908
2 619 457
2 587 909
2 900 289
2 728 694
2 996 492
2 5 719
2 92 401
2 806 924
2 908 800
2 541 859
2 581 38
2 846 374
2 163 661
2 104 682
2 21 32
2 603 862
2 396 374
2 621 683
2 275 50
2 665 572
2 359 175
2 495 440
2 988 317
2 92 743
2 199 53
2 322 224
2 406 823
2 27 150
2 633 790
2 494 80
2 479 755
2 948 104
2 342 969
2 560 331
2 621 472
2 587 268
2 684 526
2 342 181
2 115 419
2 627 322
2 230 977
2 74 812
2 502 691
2 7 460
2 2 908
2 276 624
2 5 275
2 753 624
2 418 333
2 336 513
2 4 836
2 715 67
2 470 671
2 587 654
2 399 659
2 491 594
2 417 73
2 168 276
2 111 15
2 636 746
2 152 234
2 989 278
2 164 405
2 128 85
2 11 839
2 437 587
2 185 288
2 257 417
2 545 664
2 316 701
2 222 969
2 583 410
2 560 262
2 311 565
2 998 141
2 30 281
2 63 369
2 522 679
2 899 693
2 571 188
2 784 870
2 116 359
2 54 994
2 275 211
2 104 805
2 596 944
2 214 122
2 396 825
2 468 980
2 947 365
2 829 287
2 558 867
2 422 425
2 276 780
2 561 439
2 444 461
2 596 752
2 166 109
2 7 220
2 428 167
2 104 953
2 796 68
2 243 731
2 172 662
2 269 127
2 468 710
2 289 917
2 482 71
2 676 84
2 829 856
2 568 333
2 97 427
2 777 232
2 88 1000
2 664 186
2 12 181
2 539 293
2 380 871
2 891 418
2 808 185
2 867 775
2 574 704
2 585 396
2 951 709
2 974 660
2 206 785
2 380 381
2 411 861
2 152 743
2 378 64
2 126 50
2 35 968
2 657 181
2 348 14
2 153 339
2 815 1000
2 809 957
2 540 845
2 59 19
2 360 539
2 630 543
2 428 183
2 784 830
2 779 41
2 52 858
2 996 949
2 148 830
2 200 234
2 980 828
2 845 137
2 623 220
2 36 124
2 352 651
2 503 892
2 518 277
2 927 280
2 219 473
2 443 439
2 918 874
2 110 227
2 991 141
2 854 61
2 571 359
2 565 240
2 554 706
2 52 493
2 13 642
2 388 426
2 639 777
2 792 622
2 602 525
2 136 287
2 510 140
2 276 828
2 387 860
2 345 971
2 639 96
2 689 121
2 808 215
2 635 650
2 604 525
2 506 422
2 86 101
2 551 839
2 893 982
2 133 858
2 415 826
2 787 693
2 312 703
2 447 557
2 952 660
2 312 709
2 591 668
2 996 788
2 490 968
2 871 103
2 557 111
2 386 183
2 168 753
2 882 249
2 437 735
2 496 413
2 766 757
2 88 978
2 12 458
2 459 30
2 7 941
2 274 458
2 796 704
2 577 875
2 640 519
2 532 525
2 614 508
2 109 644
2 510 436
2 914 588
2 33 889
2 349 159
2 749 441
2 364 140
2 422 376
2 303 364
2 825 387
2 78 604
2 276 480
2 132 974
2 915 499
2 685 839
2 609 567
2 260 579
2 164 289
2 319 386
2 973 865
2 906 699
2 945 317
2 173 308
2 152 880
2 435 508
2 249 479
2 342 913
2 177 90
2 25 967
2 955 345
2 511 843
2 850 438
2 17 763
2 493 565
2 155 496
2 419 443
2 450 613
2 650 233
2 380 533
2 808 249
2 519 121
2 345 543
2 158 792
2 903 111
2 356 737
2 744 958
2 235 137
2 702 565
2 797 950
2 33 972
2 995 518
2 23 470
2 751 783
2 785 363
2 463 485
2 676 772
2 152 907
2 611 869
2 867 417
2 987 73
2 165 272
2 561 848
2 569 470
2 955 791
2 811 247
2 937 805
2 606 680
2 658 451
2 870 888
2 744 769
2 393 296
2 131 637
2 233 873
2 435 517
2 116 915
2 886 473
2 822 120
2 15 216
2 990 273
2 661 956
2 155 754
2 152 689
2 52 410
2 556 230
2 144 735
2 305 41
2 507 984
2 18 206
2 852 58
2 595 11
2 417 888
2 731 404
2 171 355
2 825 503
2 314 912
2 641 493
2 391 808
2 559 404
2 815 416
2 333 880
2 981 393
2 159 233
2 917 473
2 207 398
2 205 758
2 388 691
2 418 548
2 100 395
2 509 54
2 670 591
2 253 775
2 753 744
2 813 356
2 847 723
2 507 87
2 935 908
2 939 570
2 713 803
2 954 755
2 183 435
2 375 613
2 982 918
2 130 888
2 489 333
2 967 809
2 762 699
2 474 788
2 92 723
2 46 706
2 771 460
2 969 161
2 336 134
2 309 960
2 417 961
2 776 396
2 938 266
2 107 46
2 63 706
2 99 149
2 36 959
2 600 548
2 82 221
2 890 151
2 853 703
2 23 668
2 166 199
2 2 691
2 948 61
2 595 845
2 284 121
2 477 76
2 900 725
2 73 992
2 711 878
2 534 887
2 629 742
2 283 386
2 146 746
2 602 140
2 932 567
2 334 49
2 167 80
2 860 880
2 297 14
2 574 183
2 390 152
2 520 369
2 845 241
2 687 460
2 100 18
2 910 969
2 739 526
2 50 240
2 173 915
2 532 113
2 893 209
2 833 782
2 291 960
2 748 898
2 560 505
2 801 267
2 205 403
2 962 808
2 699 361
2 730 235
2 475 802
2 291 477
2 74 619
2 354 841
2 694 137
2 780 103
2 166 217
2 568 734
2 107 256
2 851 809
2 233 591
2 490 35
2 731 691
2 579 71
2 1000 52
2 1000 40
2 215 603
2 623 852
2 583 647
2 100 601
2 95 579
2 274 258
2 229 804
2 329 281
2 676 792
2 906 798
2 835 963
2 553 339
2 621 828
2 13 809
2 605 589
2 751 419
2 122 612
2 954 197
2 922 344
2 923 1
2 671 301
2 288 378
2 773 35
2 221 980
2 292 187
2 112 413
2 580 756
2 135 769
2 227 786
2 262 22
2 730 770
2 491 354
2 814 709
2 546 395
2 923 159
2 715 969
2 805 724
2 797 920
2 614 161
2 846 76
2 827 978
2 199 546
2 196 278
2 795 969
2 664 24
2 74 757
2 542 343
2 105 450
2 308 841
2 556 374
2 472 45
2 564 891
2 126 783
2 960 151
2 490 264
2 914 921
2 733 9
2 654 700
2 330 501
2 595 98
2 811 857
2 295 301
2 665 476
2 341 476
2 391 514
2 703 187
2 271 695
2 566 403
2 501 100
2 959 844
2 293 892
2 379 730
2 22 87
2 109 243
2 133 547
2 382 112
2 266 82
2 599 248
2 102 528
2 38 921
2 777 882
2 922 711
2 383 148
2 625 140
2 378 420
2 848 410
2 333 950
2 534 136
2 603 484
2 747 45
2 162 944
2 39 964
2 99 102
2 5 707
2 922 472
2 245 894
2 815 188
2 222 157
2 603 153
2 676 431
2 171 455
2 132 873
2 93 895
2 996 325
2 460 960
2 165 20
2 569 428
2 39 72
2 598 440
2 66 141
2 846 11
2 558 251
2 340 605
2 266 178
2 409 997
2 422 963
2 62 854
2 555 394
2 209 965
2 921 537
2 409 202
2 169 528
2 850 895
2 452 964
2 634 724
2 627 562
2 106 687
2 495 999
2 208 676
2 388 840
2 865 741
2 277 124
2 675 452
2 983 763
2 621 671
2 966 701
2 345 517
2 590 438
2 23 200
2 886 413
2 580 187
2 512 640
2 376 122
2 344 458
2 443 416
2 320 190
2 480 14
2 878 453
2 103 240
2 16 325
2 651 703
2 399 27
2 284 993
2 177 949
2 39 759
2 180 835
2 672 469
2 729 246
2 948 767
2 89 176
2 910 569
2 811 280
2 249 486
2 965 834
2 243 355
2 177 271
2 357 89
2 720 937
2 276 413
2 816 952
2 10 409
2 894 67
2 711 768
2 335 516
2 853 567
2 973 107
2 440 793
2 270 925
2 355 52
2 733 741
2 42 790
2 642 71
2 801 634
2 177 142
2 884 134
2 396 891
2 830 98
2 77 760
2 554 957
2 338 925
2 614 442
2 312 345
2 349 233
2 133 786
2 705 320
2 222 227
2 849 342
2 989 872
2 320 322
2 632 581
2 761 263
2 633 436
2 244 546
2 529 248
2 552 494
2 554 942
2 252 16
2 144 555
2 798 565
2 312 519
2 119 775
2 497 425
2 532 713
2 328 237
2 631 989
2 813 31
2 61 19
2 37 279
2 216 174
2 636 250
2 569 805
2 773 351
2 309 75
2 663 171
2 116 17
2 604 557
2 641 571
2 65 301
2 608 955
2 157 103
2 245 175
2 639 520
2 790 931
2 599 163
2 527 929
2 216 301
2 203 320
2 470 400
2 106 684
2 103 758
2 838 87
2 916 535
2 509 825
2 990 889
2 810 787
2 687 87
2 829 706
2 347 528
2 87 726
2 777 875
2 997 56
2 927 963
2 294 674
2 955 626
2 405 861
2 208 27
2 341 963
2 980 538
2 481 57
2 710 76
2 242 620
2 895 363
2 292 924
2 304 546
2 168 942
2 638 574
2 376 281
2 853 37
2 490 179
2 53 847
2 563 725
2 773 960
2 483 794
2 673 292
2 848 649
2 312 604
2 836 82
2 470 392
2 661 916
2 89 29
2 303 729
2 220 746
2 958 683
2 583 703
2 44 322
2 747 328
2 641 584
2 825 19
2 39 280
2 78 306
2 66 573
2 11 997
2 314 51
2 563 62
2 159 652
2 316 750
2 232 831
2 443 306
2 104 584
2 719 175
2 501 118
2 995 32
2 833 231
2 754 642
2 632 773
2 292 693
2 985 538
2 673 190
2 374 394
2 294 467
2 685 575
2 621 935
2 278 591
2 342 398
2 393 783
2 462 273
2 340 128
2 247 887
2 331 692
2 792 561
2 879 283
2 647 667
2 563 728
2 160 653
2 773 44
2 799 23
2 286 825
2 6 810
2 181 931
2 136 876
2 887 795
2 329 525
2 929 689
2 586 938
2 965 617
2 942 899
2 778 22
2 973 987
2 528 701
2 346 759
2 948 815
2 561 271
2 762 275
2 349 381
2 226 816
2 323 479
2 394 20
2 326 97
2 490 220
2 883 491
2 151 134
2 614 233
2 687 629
2 731 173
2 579 823
2 896 98
2 308 480
2 501 264
2 259 278
2 289 55
2 358 961
2 852 302
2 91 77
2 456 175
2 161 930
2 678 327
2 568 522
2 778 251
2 796 270
2 740 15
2 705 579
2 149 94
2 681 226
2 399 270
2 311 692
2 617 746
2 412 396
2 462 743
2 19 370
2 47 252
2 835 379
2 325 909
2 626 346
2 298 925
2 489 650
2 387 484
2 326 651
2 858 149
2 433 248
2 506 578
2 392 634
2 799 745
2 32 313
2 814 19
2 179 950
2 789 784
2 409 385
2 942 471
2 814 351
2 574 693
2 290 530
2 900 954
2 733 155
2 182 771
2 269 105
2 580 97
2 593 666
2 382 564
2 4 815
2 367 272
2 98 802
2 408 298
2 342 361
2 544 435
2 297 737
2 864 252
2 60 596
2 49 64
2 211 450
2 740 715
2 768 126
2 36 922
2 530 450
2 340 829
2 402 253
2 837 652
2 330 789
2 647 792
2 255 103
2 942 402
2 182 230
2 933 959
2 640 321
2 71 698
2 341 422
2 533 444
2 309 245
2 238 505
2 179 9
2 981 577
2 200 596
2 261 209
2 312 283
2 501 668
2 601 229
2 813 187
2 731 439
2 304 709
2 618 487
2 655 764
2 185 744
2 685 292
2 638 266
2 534 321
2 659 325
2 865 397
2 533 374
2 6 61
2 187 771
2 489 393
2 320 423
2 324 792
2 928 894
2 317 238
2 96 550
2 945 151
2 598 251
2 276 618
2 982 53
2 846 645
2 236 742
2 850 604
2 727 435
2 269 688
2 919 786
2 260 719
2 5 664
2 714 762
2 442 97
2 576 959
2 669 792
2 529 730
2 995 692
2 424 709
2 131 163
2 687 232
2 623 862
2 792 964
2 165 321
2 520 613
2 934 315
2 91 428
2 149 628
2 636 873
2 957 993
2 226 395
2 636 96
2 147 979
2 156 756
2 320 723
2 31 44
2 532 310
2 639 813
2 924 513
2 794 832
2 455 944
2 810 633
2 6 679
2 43 874
2 976 960
2 918 938
2 393 451
2 450 674
2 986 975
2 226 292
2 608 878
2 621 836
2 906 544
2 573 899
2 242 543
2 265 808
2 224 460
2 151 287
2 724 763
2 562 754
2 45 260
2 372 40
2 492 952
2 135 143
2 928 162
2 338 649
2 87 224
2 419 885
2 383 93
2 684 209
2 872 379
2 369 635
2 55 918
2 740 450
2 382 599
2 711 754
2 265 442
2 865 695
2 798 90
2 895 743
2 440 677
2 745 855
2 33 16
2 429 785
2 217 40
2 274 114
2 426 849
2 42 187
2 460 6
2 985 658
2 115 847
2 536 951
2 730 301
2 214 870
2 45 14
2 421 50
2 417 187
2 197 802
2 621 821
2 843 192
2 807 581
2 729 790
2 640 759
2 597 413
2 141 537
2 88 885
2 432 963
2 945 395
2 844 977
2 227 769
2 452 9
2 872 314
2 733 915
2 759 119
2 855 76
2 207 784
2 572 211
2 532 622
2 973 57
2 876 897
2 378 836
2 11 661
2 980 885
2 632 719
2 117 663
2 784 593
2 426 1
2 324 12
2 174 260
2 483 253
2 155 530
2 308 805
2 641 145
2 452 436
2 383 53
2 807 719
2 198 104
2 448 635
2 344 35
2 656 98
2 621 562
2 944 968
2 360 501
2 60 974
2 709 271
2 54 999
2 807 217
2 948 889
2 853 979
2 290 385
2 958 692
2 41 164
2 838 792
2 135 50
2 255 249
2 222 644
2 41 975
2 473 178
2 990 812
2 669 580
2 155 656
2 463 702
2 461 951
2 8 644
2 288 980
2 489 156
2 75 624
2 305 790
2 296 76
2 716 925
2 383 91
2 99 607
2 388 91
2 194 872
2 335 998
2 495 187
2 571 844
2 75 18
2 276 32
2 324 909
2 49 183
2 149 258
2 728 936
2 306 782
2 872 743
2 374 690
2 472 484
2 159 46
2 895 240
2 21 774
2 433 756
2 44 590
2 910 846
2 454 165
2 199 497
2 136 429
2 825 710
2 338 332
2 400 536
2 609 817
2 529 689
2 534 32
2 262 770
2 359 655
2 599 994
2 651 766
2 563 82
2 829 381
2 619 925
2 108 796
2 197 676
2 914 599
2 38 756
2 169 632
2 826 289
2 948 32
2 696 644
2 855 659
2 618 833
2 383 148
2 462 471
2 268 315
2 306 450
2 596 365
2 113 893
2 824 999
2 829 142
2 836 825
2 878 430
2 64 795
2 506 130
2 942 726
2 143 614
2 866 392
2 29 692
2 78 541
2 204 464
2 935 585
2 353 43
2 41 552
2 566 864
2 536 339
2 902 759
2 454 144
2 815 291
2 324 77
2 303 541
2 536 167
2 854 893
2 242 452
