1 4.038584560317484
2 0.08168357553122657
3 0.1756316176721661
4 0.9740931582358875
5 0.8870668948702706
6 0.07815021829068147
7 1.3534336692362086
8 0.4630581522224749
9 4.643518376883176
10 2.107337516860474
11 4.500771721219883
12 0.0654816378155183
13 2.0373518370432167
14 1.8289384161006794
15 0.3447706048540527
16 2.3279013745546555
17 5.999957272925627
18 0.4790333105817117
19 0.5504156122572265
20 0.16634195357681555
21 73.36369191952883
22 0.5825380678932611
23 0.7396734746803485
24 0.5379741826181547
25 0.0061273279730758535
26 6.603974567397361
27 1.993732666374207
28 1.6298035505367368
29 0.8558788660072497
30 1.2611547113045958
31 2.4461339084692186
32 15.676661976660611
33 4.373084532353048
34 0.3371523391434568
35 0.6332134831520447
36 0.21815649233815917
37 0.6027337070942239
38 1.0678258987136584
39 0.9342987575768607
40 11.13920762926422
41 0.08324499189797217
42 0.11653870884755248
43 38.55637785944946
44 10.246937655245652
45 0.018717959824347603
46 4.563809197155632
47 3.642514981122968
48 5.77115233255647
49 1.9902543047502521
50 0.550233111664038
51 0.8917951246859059
52 107.77608384187108
53 0.32003051821394884
54 2.270808142720499
55 0.17638585961531772
56 0.19161613288433177
57 4.482275996217793
58 0.7399066855072004
59 2.5720941311280603
60 0.10366636760898408
61 1.825114492274514
62 2.496528745374128
63 0.8645914632313498
64 1.1603713842182335
65 0.1178658830164016
66 0.014866758123419959
67 0.666328993168196
68 0.04760905091525525
69 3.90914392796603
70 8.49611152190846
71 1.291257546104526
72 5.700181778607613
73 1.1277794304749178
74 0.9665784345330806
75 1.6874596730034344
76 1.1215187248725882
77 0.03952987201565325
78 2.383569763143343
79 3.0709190757766933
80 0.3744843075447156
81 57.96682362218922
82 2.7538883962988994
83 0.2708490985841457
84 0.08178104334596119
85 0.35941807854174207
86 0.3086553427037777
87 0.06902403329080373
88 0.360485089085283
89 3.092081251810445
90 0.4767497002464502
91 0.15903979093331844
92 0.5737806144445426
93 1.7083872974274403
94 1.9217175497975945
95 3.8886269122220267
96 1.372028224817408
97 2.207252354468761
98 0.7805191796391311
99 0.15658537225570857
100 0.0880003852155277
101 5.478888794459363
102 0.33158445288221433
103 26.453188202983554
104 0.020473585087987044
105 0.88848127232308
106 0.12062748381966444
107 1.2752021047904452
108 3.4335618458710018
109 0.1667477247122691
110 0.04598161622002354
111 0.15957274664540264
112 0.19061215936502351
113 1.3697815016155535
114 0.6035265603723489
115 0.6546207506693674
116 1.974320164937574
117 6.303225605710098
118 0.7311470571549805
119 0.1684786918454905
120 0.46158161991084556
121 4.272364486524693
122 0.9395338345001051
123 0.11755017099665924
124 0.7509560696613383
125 0.18226444655991555
126 0.23417223399576118
127 0.9486229706610625
128 1.9165833189929793
129 0.9078778295967994
130 11.799635266003827
131 1.5859595687130377
132 0.6082486162554237
133 39.33927620482208
134 2.2244242986122957
135 1.5211270657165616
136 6.1492579311266065
137 2.3793700027119513
138 0.6993811313663297
139 2.5085568196644803
140 1.4102305654725535
141 1.7287055089790462
142 3.5093744023099136
143 7.132245194243955
144 3.213565863907942
145 1.38245072927847
146 0.8246250527771769
147 3.060322380458179
148 4.827522179824398
149 1.5362272933808505
150 8.240718657087651
151 573.5161049411149
152 53.57424877399347
153 8.536237469064691
154 47.69020310966695
155 0.4485804417870019
156 1.2600111998827248
157 18.951691652709403
158 3.2048543397155282
159 0.15168396763432165
160 0.4630400355601779
161 56.74787347135271
162 0.1357504268878069
163 0.25397928461648966
164 6.815851729688525
165 2.33394568660971
166 7.46116922904026
167 3.994551676697407
168 0.7853411452750246
169 0.2714683649913485
170 0.31041333742061866
171 0.0823424716928208
172 0.6432196916669953
173 11.83501261312854
174 2.208974610653194
175 0.4911107968198931
176 10.78316131346238
177 2.2278074108521912
178 0.08341190500770454
179 1.4062536735492424
180 2.90385503942125
181 18.76235483250447
182 3.9617892180778536
183 0.4637169775418016
184 0.7959204420246172
185 4.804984396009631
186 3.2598466511742776
187 2.664973673542915
188 0.7474409034710356
189 0.7437372975859053
190 1.3110558979162286
191 0.0832346601228167
192 0.041943094045898445
193 5.938336101650732
194 0.09722142260771173
195 0.6471818985848432
196 0.1892425449395422
197 1.812719968773858
198 1.4287446522406926
199 0.3706921142872908
200 2.059885545844896
201 0.37830466407073793
202 0.847758599442247
203 0.3336112499345078
204 0.6664975968764687
205 0.3980583537764225
206 12.141560937285456
207 0.610635525061919
208 2.199908338982788
209 0.5563462032408646
210 2.8704731856462833
211 1.8414211789871782
212 4.79069357804879
213 0.9206926291869795
214 1.7330478709818165
215 1.2812368491231994
216 0.6406641349995533
217 0.6083477456020171
218 6.788183931905958
219 7.651261008210048
220 2.119668953727767
221 0.18078429147976535
222 1.205962923824091
223 2.400460182744471
224 0.10427090316128398
225 0.3844081749360371
226 3.7583556006094825
227 0.9617359293229077
228 6.529487632020716
229 2.5465491930082997
230 4.987852489200172
231 10.1225435642155
232 0.03731546326859857
233 4.86952483131681
234 3.0873633532117246
235 18.24625987486065
236 0.7864168080882392
237 1.3219797082645977
238 0.3548881018070659
239 1.878713177147794
240 2.3542489795284642
241 0.987710619009233
242 0.5247008298943104
243 0.751688013126092
244 8.942227802034042
245 0.8362484653511755
246 1.5763981087186054
247 6.787895120492705
248 0.027690407647432348
249 27.041592700633522
250 0.48330549685050816
251 1.2949863576213159
252 0.41729444966026863
253 0.11602581095166813
254 0.7513956942413933
255 0.01648230940764362
256 2.6346961432472087
257 3.0514171454809307
258 0.12059133131733583
259 0.0011662503701985977
260 0.03157324232637393
261 0.1891184466920396
262 23.905312784729414
263 5.7291651149372145
264 22.386825431651243
265 0.3499234145188715
266 69.12342472406613
267 5.08963127886232
268 0.38671739960679163
269 0.5447009892237844
270 0.23524292056859192
271 0.031170314641796506
272 0.3484855530756284
273 2.415183560745028
274 1.3440313173703753
275 1.475849903223204
276 1.0816778672152887
277 0.07204601303878738
278 0.06553756389867044
279 4.132801291397179
280 2.4292352182985364
281 1.2308457385922846
282 2.089708250868618
283 1.415627178671723
284 3.8963668522000527
285 0.13115383166044206
286 3.3779797858561746
287 3.159898017076311
288 1.0947862435498785
289 2.216114173322078
290 0.055545974998617034
291 0.005456846235741283
292 0.026596841205620482
293 1.3028006031182908
294 3.7444815896547463
295 0.49693733472601803
296 0.15904481915933064
297 2.8877557419535753
298 0.22520286124765274
299 1.1243966484743424
300 0.1514245959037464
301 0.13165310618359496
302 0.8971705393397712
303 0.39866651677034226
304 0.055785567709522414
305 2.209067392280278
306 5.008063721081271
307 2.3595735769490975
308 0.8211559431333195
309 80.9173280914359
310 4.057090165511017
311 28.140723767190977
312 1.518195566664855
313 1.2398636668442
314 3.0256914547745692
315 1.7925809807634028
316 2.104556817582754
317 3.018315002748208
318 0.051736331551825214
319 22.243132313427292
320 0.46949293140873793
321 0.36493954651874855
322 1.2892366599628307
323 0.9646602447052688
324 0.5731647539056504
325 0.11739542381428503
326 0.6407023917929355
327 0.04619440256477436
328 192.8833134385261
329 0.5080620937967241
330 1589.9038328943238
331 2.891554612643613
332 0.12981183927001605
333 0.027089345188431053
334 13.744883759058922
335 1.1600387813930173
336 3.8985676331085113
337 0.590701234320389
338 0.7707263080997283
339 3.6979774585845058
340 2.740521865412252
341 4.194737997996686
342 0.81662547569214
343 0.25410135193743544
344 0.2654736113369982
345 1.1081475883185827
346 1.0768174810848061
347 2.5035652094659935
348 1.2858071153859647
349 8.00829845103281
350 0.36259930390767536
351 0.09216663089072191
352 1.5956886411476194
353 0.22248468493831158
354 1.7648784909244315
355 2.665749842320662
356 0.24882992074329294
357 0.45332141861224323
358 0.8365164903672211
359 0.6276058206171117
360 0.540177861737772
361 2.120769369310489
362 0.11185121703231349
363 2.922663003034404
364 0.0631883739359712
365 1.8194180087855782
366 0.28210332267517196
367 0.39080202111974305
368 2.3687683719692276
369 0.5085892295501907
370 1.9729310359090655
371 0.3249528631850879
372 0.7199800445070726
373 3.717376944927001
374 0.44398541752488907
375 0.40280357116648263
376 1.3533651452270903
377 8.322870727876705
378 0.1040021737012389
379 0.051221743234855434
380 1.5584653524377203
381 0.34580687043950453
382 0.07497569327399446
383 2.6095379746079947
384 1.0890396639062667
385 0.1776773536695847
386 1.063562312952982
387 0.5765840395470686
388 37.25454619360048
389 4.69436157696274
390 4.724311192467195
391 0.5887209219253631
392 2.254445576368174
393 0.6871843935873047
394 0.8729529699785188
395 2.553834757008976
396 0.19358487459731455
397 32.46888573145925
398 0.9064502096647723
399 0.022885107798220474
400 0.02373723401684698
401 0.6430126492647418
402 3.071790931919813
403 22.090504547959785
404 1.2374194354616728
405 0.32241791655782504
406 2.9759189581887013
407 1.0839654324498198
408 1.2515059059245164
409 3.2773739584963666
410 8.456451651587052
411 0.5828088240453136
412 3.0349209611135586
413 1.5978283989182207
414 0.27583347795393826
415 3.897817631975449
416 0.8733941615824186
417 4.354755841517646
418 0.9971777455662005
419 12.36878394370103
420 4.679242313511551
421 2.600317407848481
422 1.9207661318120102
423 0.11404516398101772
424 0.9997106010247366
425 0.8813888547548142
426 0.15347327325478965
427 0.5397142723530515
428 1.4697157579315785
429 0.03887786564298751
430 0.12748976566230433
431 0.1412959971188438
432 1.4914741632978565
433 1.3472341530685596
434 13.279349189508066
435 0.10526768237673688
436 8.869051864094567
437 2.4774048669783775
438 0.4531239708047499
439 0.026872067317751235
440 0.10835427773904031
441 0.09253275873432426
442 0.36340751968071405
443 0.10641289343172493
444 0.3679112746036169
445 29.829513183223465
446 6.194329501516393
447 0.27578498860568806
448 2.706291341927115
449 1.482608877276677
450 0.25578833830709014
451 0.04276781852211695
452 1.0349251142819336
453 0.04948554363946413
454 7.81972974447709
455 6.299487411766369
456 1.0649357123601464
457 2814.010716020746
458 0.5272661986675119
459 8.198639509406327
460 0.18744507982487948
461 0.7872679681841617
462 0.595635753902931
463 0.39397124231766634
464 0.5089584597196486
465 0.18743682567812017
466 2.713198945136624
467 0.6932082610560085
468 8.782912085632312
469 0.6732147619858452
470 0.310830969462014
471 1.4048399702730008
472 1.5035940602900502
473 35.763509793317574
474 0.11561688734276462
475 0.8654187916084283
476 0.6052935557498501
477 1.0432448748298575
478 0.32476906005753575
479 0.004004517128651954
480 4.7511404313738925
481 1.1462889815023918
482 1.0150977767130291
483 0.6237244937518448
484 19.816988977147226
485 0.146912796038851
486 0.8404928347470402
487 0.16828708220167157
488 4.193661648963108
489 3.9016109248470947
490 0.9204141328114308
491 0.43973829074016973
492 152.51437806926995
493 1.366461042079511
494 0.2969513686617127
495 0.4128964596561144
496 0.46304801576848237
497 0.7687938463720739
498 2.8034199701107663
499 76.15208133299555
500 0.2683654981431355
501 50.38892793786785
502 0.6549591688661285
503 1.8754969168524376
504 0.510968848068453
505 2.9566338614607854
506 0.3851895981536015
507 0.3092321190606125
508 0.032059823496033084
509 1.8149102133549064
510 0.4219807424506727
511 0.514112030558378
512 0.05802505871283547
513 2.281946306778701
514 0.006796746234346735
515 5.564634984157016
516 31.295256581269005
517 0.4332500457063136
518 12.422508984919153
519 0.06136250805765017
520 2.5021216864754523
521 0.5103861842068904
522 4.161865047214591
523 0.41510142097155944
524 0.4791052739697276
525 0.8642511290602187
526 0.7685883398801064
527 1.7663542493017013
528 6.463436478710392
529 16.660792214373448
530 1.4413983835322552
531 2.8867623984817143
532 0.29484185199431623
533 1.27759079330961
534 6.7715054658671345
535 0.6373469510492219
536 5.108090200670669
537 1.2849076004629914
538 0.7973151202746098
539 0.4878668699483895
540 1.8812214163469687
541 0.10759441286919683
542 0.5687423147429499
543 10.249637514893436
544 16.6082715788772
545 4.515514461533311
546 0.8391136068294983
547 1.8229526864029322
548 0.029027809702637564
549 2.5861323355027728
550 62.08811847007051
551 0.6811854790241988
552 0.8698492708506658
553 0.33973099804605916
554 4.018610005776673
555 1.5057129769309403
556 0.25618615277275336
557 2.944880480508715
558 7.900728438968899
559 0.12132996056993499
560 5.7577420132573245
561 1.0657549344547452
562 0.0774683358984373
563 0.5278799772879014
564 0.18903773541371197
565 0.08891871284638739
566 0.3843963108540894
567 3.2891103715436687
568 0.09500185983630972
569 1.1201589300860222
570 0.6735689862607376
571 2.4666401559347784
572 0.3903091674346097
573 0.49595074478063544
574 3.9738614139052144
575 1.2000189070116878
576 6.560907406043365
577 18.786642570457623
578 2.3166694326171062
579 1.0343736704840838
580 1.1166773621670463
581 0.23561933678389532
582 0.17184972562151077
583 0.9798936677705696
584 3.850782562137698
585 0.012481271048557263
586 0.6350147138806773
587 9.941168187584452
588 2.060004780265852
589 14.919165575268936
590 4.395989486924344
591 2.8822813835641745
592 10.955199287476796
593 1.8546818430386078
594 0.2943392599934492
595 8.16349138733704
596 1.3529641291942358
597 0.05756442272410272
598 7.868101160242749
599 2.453979477866875
600 26.401519123890406
601 0.5524291275157259
602 0.5747584799151924
603 0.21115401645709977
604 0.009840923164193199
605 1.7981412495323106
606 43.78244099468396
607 12.346496416657537
608 0.16545292203526973
609 14.933295010919634
610 1.5049616186082622
611 5.859776450898366
612 0.08083547699983891
613 29.882560197638707
614 0.5566786619820221
615 0.20010891016452587
616 0.20530223687026355
617 8.039111018150006
618 1.0064759351170174
619 0.678149319943444
620 0.26328756221817484
621 1093.193777557956
622 2.316830625684708
623 0.15514932523265937
624 0.19617127131120024
625 0.2561443984986006
626 6.231472069849929
627 2.4410028852836057
628 0.27862975008196117
629 0.3414862330246942
630 0.4104154786081643
631 0.5959368302547111
632 0.2771594261506402
633 0.36396842696395343
634 0.24185616662381015
635 5.806172569553387
636 1.572774030481845
637 5.629999375383266
638 2.222878708123439
639 8.781751372897244
640 83.86838780851096
641 0.7938395541845742
642 1.5700019240477205
643 4.4955685188070795
644 68.86271688500018
645 2.2343099046169184
646 0.6119802220270978
647 13.857331610243762
648 0.5602140218768202
649 0.4914261853703088
650 0.023165329937022274
651 0.29996637447254765
652 0.4859680361405655
653 0.8027592020066766
654 2.205801327454422
655 0.3495588344560158
656 1.855104909767995
657 0.3867332737315734
658 1.6689729738952868
659 8.589055991787317
660 0.9816943302416699
661 13.734456846645479
662 28.640174777662942
663 9.285695649302095
664 18.978785236796316
665 1.7241101505269452
666 4.43854528386932
667 1.4559317395458466
668 0.07368433313059582
669 0.04038540142982222
670 3.720868983369231
671 2.808322536131569
672 0.7154512470932634
673 12.583008804199132
674 1.3360338879803817
675 5.6026488249584325
676 0.03421015593609237
677 0.26028117751783225
678 0.33379846008747066
679 0.5041511222067042
680 0.9531854714015567
681 1.099013276683526
682 1.802883798568439
683 13.0076710848805
684 0.1655132386021981
685 0.33075466501464645
686 0.21628889966194662
687 0.9146302013628156
688 1.2356682994579744
689 0.4442860568270466
690 3.370854747199444
691 0.9981298011910824
692 0.7274414701127986
693 0.05920771608343112
694 3.782206191074142
695 6.019938772236091
696 7.4902849059834855
697 0.46493960260747347
698 3.325108220086253
699 0.7019072101570711
700 41.149018004866
701 0.2999497480289783
702 0.016575463043840912
703 0.32822480191584663
704 0.07117951514764469
705 0.5254978377345163
706 0.22266360420888473
707 1.2816507528726193
708 0.9157315785375857
709 3.4831894962750476
710 5.109684781602584
711 0.8219145483093082
712 0.281594905582376
713 0.18285516004629426
714 1.1366767892656628
715 0.7311886325587506
716 0.5204282454914756
717 0.8200126871186887
718 1.0232350157693566
719 0.10756474103663707
720 4.62728337059103
721 0.7648037222927033
722 0.20650556834124195
723 1.0931270049822015
724 13.908117873637655
725 2.762267836583843
726 0.8349026923882458
727 2.947631422184564
728 0.2005964156987595
729 0.7739060697742716
730 0.2382450946993042
731 1.660850186913023
732 1.0867112753485388
733 0.31281524042179826
734 0.004470493091148892
735 10.322448115146505
736 0.474147130467872
737 0.15038692525198827
738 3.454734839600043
739 0.699248718907366
740 1.5495744800805906
741 2.317437835664919
742 0.1102773782881641
743 0.6484728504965728
744 2.1105080500550732
745 0.04031765816774066
746 0.2326116528146321
747 2.3061491127159046
748 0.21479177896370802
749 2.7498448989146618
750 0.023253582919921887
751 1.1605304716204365
752 0.22778348921123562
753 0.24143465582112034
754 11.472326310564984
755 0.014087875815097128
756 0.45642272839620135
757 1.3492663425319082
758 0.44946366749372857
759 0.1267123682950543
760 6.607224822809485
761 5.089318622516367
762 6.30165876145256
763 0.1992600325606531
764 8.180517016765025
765 0.9541726293213258
766 2.775664081920429
767 0.9161157276502148
768 2.1138292325161534
769 0.37429245827346774
770 1.259402409345261
771 0.34698399989956635
772 0.025861956327988
773 1.64361581086647
774 1.9196256765958983
775 10.52877097631449
776 0.27581621811960216
777 3.065841738609493
778 2.450747649716804
779 0.03760169525166075
780 0.12173876789583622
781 4.22158749854835
782 5.811750282640869
783 0.16199410093507768
784 1.3550126783750802
785 0.6315839405764813
786 0.7754497995448701
787 0.3202655972662362
788 7.1605104663074055
789 0.35137177485691634
790 3.01655434114264
791 0.3834465894019091
792 0.93197141799978
793 2.2519814380231464
794 3.943225627263032
795 1.5365006820230063
796 1.2473192185029205
797 2.137726511875757
798 0.5982620677229211
799 0.0111071896075151
800 0.4063216558451364
801 3.529358473346171
802 0.4249285790268377
803 0.6543173155443845
804 0.6505696068923932
805 2.89319735953522
806 0.17633774266029484
807 0.3967096068151554
808 1.7418393130396066
809 0.007485905591748634
810 0.32290277886485563
811 0.534794554471525
812 8.771318050699909
813 1.6972569219748852
814 5.2637366301036606
815 2.7574894205722154
816 0.0879711187012159
817 0.23254928616499132
818 0.19197622206993817
819 0.7353926900966071
820 54.07680532008599
821 5.8898247184591765
822 0.2780879291161598
823 2.2226217932219887
824 3.915120459567661
825 0.04573039526777596
826 0.6471804005288841
827 0.5622934086516164
828 1.5452135935564335
829 0.1570585137483345
830 0.08799688673168744
831 0.04404587105174478
832 1.1177548662005667
833 6.877463887283624
834 0.4381698027858162
835 5.585127634817269
836 3.932209203914834
837 1.9257276888515331
838 1.559236424454696
839 10.143217911524722
840 0.03864809254377039
841 1.326933572552634
842 1.2777067810310672
843 7.105617675345028
844 0.4661227414579468
845 0.5245611621589461
846 6.498010732765333
847 0.9300452837462705
848 3.8342968611576245
849 18.11753859909775
850 0.8022024821541879
851 0.07731056643106143
852 10.648357770799503
853 2.339786420263453
854 0.16050167849827165
855 0.8654614104339918
856 0.21051196414896411
857 0.09365033677798686
858 2.635829570741518
859 0.5367086464660484
860 14.021763203554393
861 4.95504537044129
862 1.2028934434724945
863 0.13267040738603303
864 0.5012599195280169
865 0.5119328587063483
866 1.656290716992068
867 0.03896746220286162
868 2.8691071984262635
869 2.695205924009098
870 0.48398443852098194
871 8.170969929659302
872 36.91983502096009
873 29.098082882227274
874 0.9034072775180267
875 1.6585801034054746
876 0.0568039247294806
877 0.16610341080415897
878 4.170403464186776
879 0.3472372377045226
880 0.04764755006972508
881 0.6260693550169444
882 0.26877262234029636
883 0.42890798201269137
884 0.07743449163045621
885 1.2508448195967965
886 7.6171488101602565
887 12.513426080824539
888 3.3140710823111315
889 0.03104027536335556
890 2.2506870269065367
891 0.3479488862119553
892 0.3359295241731106
893 0.5326679662529606
894 2.5739393569034346
895 0.34020284474154566
896 6.640506941044237
897 0.464060837657853
898 1.415313199734487
899 0.6236778696206271
900 1.5361701129049166
901 0.19048418295684186
902 1.6740622030415875
903 0.40179867256366114
904 0.34831498653153614
905 0.1447498271610717
906 6.4823349887924975
907 1.085775061530977
908 2.5512629770997854
909 39.42308283119336
910 0.479643129334222
911 148.32548341306057
912 0.06463358825887154
913 0.24748325636708152
914 0.19272184484687258
915 5.858101278059986
916 0.022468545378995734
917 4.36518063339562
918 0.5808057631008288
919 1.0902764608743976
920 1.0213628995902546
921 6.452788203487582
922 0.12147560169844372
923 4.869663090219259
924 0.22022900876556045
925 1.6883582179820982
926 2.240788730196902
927 5.998010927011472
928 1.868898666514087
929 0.5939231979973284
930 29.703361368083332
931 0.7537296296030314
932 3.4307693129524175
933 9.217293368495142
934 0.1175813069432231
935 2.255478443528358
936 82.01207875235718
937 1.3436605254627694
938 171.09938082481145
939 0.009458157208221216
940 0.7331690363734049
941 5.357922370083667
942 0.5608788545756895
943 1.3560410761893196
944 5.217670683632799
945 1.6078351626750995
946 0.017866845276907933
947 0.08009134018050287
948 0.3974829692731277
949 0.38111995642221874
950 2.5594229190567535
951 0.1107914648649941
952 5.624448402775224
953 0.0030958291479442055
954 0.044284568130726766
955 4.122701377485629
956 0.08784403579497371
957 1.598982568157829
958 0.439396193647739
959 1.0330346263698515
960 0.01574707845456476
961 0.7262790412397954
962 10.620852968195075
963 0.5041519767250626
964 0.03868481487214281
965 0.24449140413469703
966 0.054566530305993705
967 1.0050389228857297
968 0.015187080883502823
969 0.0053493336878396025
970 1.3349110667985145
971 0.4336050928829543
972 1.4146214347464494
973 49.14411306571221
974 2.949489793085833
975 0.27782280156701844
976 1.325244914464314
977 4.347148551537763
978 7.677159564012815
979 1.530443432649481
980 11.96848673700985
981 0.020128170574444538
982 21.390554877493326
983 1.2908725347579295
984 0.7362074685442785
985 10.81760677262845
986 1.2249423055289907
987 1.1091336013270146
988 0.33217719056523415
989 2.2673931873642115
990 2.9019714504231584
991 0.05712787768140514
992 1.405268607617706
993 0.658592713746182
994 0.609005512403568
995 0.47008642430771
996 0.679682262773547
997 0.03965382249097845
998 5.10714398298611
999 0.5387929123132135
1000 10.835964967345044
