1 0.16710446638520993
2 0.4197115310909142
3 0.3557235637152991
4 0.45946070781523135
5 0.36769025418927204
6 1.0973422458285755
7 1.1857623163183415
8 3.359740727234253
9 22.228222578701175
10 3.5477495761715123
11 4.945285527837624
12 0.06855553814593893
13 0.39789810222247857
14 1.5424806977942807
15 0.10593671550747359
16 1.5715327989108256
17 0.2387129336017395
18 0.5893669220662349
19 1.019188701181536
20 6.708613969490217
21 0.8888274419593684
22 12.594108865925541
23 2.6297758596339227
24 2.2446928163708226
25 1.2071499119987308
26 0.16757243319091059
27 1.8202622706503548
28 3.370032288149883
29 3.2124579325215996
30 0.7416542497223771
31 6.241355299325332
32 0.10326625956176626
33 0.8381096174986977
34 991.7300986326256
35 0.943329026741636
36 1.4010727527743752
37 0.4416847618933586
38 0.5136732405363336
39 0.4440717940589247
40 0.8564446545782955
41 11.014095872320148
42 1.8058156581244436
43 1.0390091145584828
44 0.9300934896734404
45 0.3105586295304695
46 23.02683530873934
47 0.05950671467093842
48 0.5276125700217095
49 8.962912761543299
50 1.2458661439931031
51 1.3867672674595857
52 1.3566609071861833
53 1.7769609002378661
54 0.28186645715309544
55 0.17553340664907566
56 0.06946346044953142
57 1.0579233909672114
58 2.923445715461302
59 0.060867470428209815
60 7.616403679642087
61 5.8586417282920955
62 5.866251243400867
63 0.13096146028565261
64 3.663686517223102
65 0.8126287712653635
66 0.24419911082182189
67 0.5263898495524715
68 0.07631261830335268
69 0.01804452549054828
70 0.16766141920244973
71 1.013358114233336
72 0.27160164056763864
73 0.1586530821283957
74 0.7055091411858828
75 6.674943634634336
76 0.735464964688276
77 0.9775451154048217
78 4.425514837915823
79 1.4502696787559652
80 0.5156425395155194
81 0.31864620333081567
82 0.4307313521332106
83 0.4667343659021672
84 2887.923878743728
85 2.760386278625387
86 10.778176984774188
87 4.463122002759137
88 0.295395966296007
89 63.19869542895864
90 0.46244171175436183
91 3.654658354432981
92 1.486931668882481
93 10.905572576689355
94 2.5601906090270967
95 0.0679507550177349
96 92.48186575624092
97 0.28793024603311773
98 0.15287071816176726
99 1.4339554622764228
100 2.626375475401195
101 0.05746193063692373
102 0.4653465938044001
103 0.22630590865731814
104 0.41009233019900665
105 0.7727499389244981
106 3.2033522503146985
107 0.13209996522218367
108 2.0423781420569576
109 3.423251076694406
110 1.7094814332615356
111 0.036551357432821
112 0.24560837847773265
113 0.26716890678766986
114 0.9765793855248511
115 11.142983458989272
116 4.405068197348633
117 8.526991341041876
118 0.0498280707701768
119 0.9451938290517766
120 0.3873930565548182
121 549.9882650194198
122 3.072430474208715
123 1.9220868769002397
124 0.9178762844629743
125 0.7180011378194495
126 0.15636726749296861
127 0.11185521275460135
128 6.132047139841971
129 1.0875760442722924
130 2.345767825296863
131 0.4525899000049464
132 2.6922690233600846
133 13.736195654985181
134 11.697037709636476
135 8.364147102278357
136 204.61867303807938
137 0.6431009602531101
138 0.4482031896605602
139 0.38308551041134264
140 0.010592179342762563
141 0.7950126535631175
142 0.2735470237313952
143 9.307366543962088
144 1.3931468101978841
145 3.9745487394628607
146 3.9787130363955043
147 0.9568261353120887
148 0.5445416702250768
149 0.23617093218343807
150 4.276131349830928
151 1.7517209414466717
152 0.500906019888486
153 19.503441922012442
154 0.4362476035760314
155 7.641768832028536
156 1.1486581044882334
157 0.7428109700005682
158 1.757813870595421
159 159.33749207364966
160 0.34400350491286213
161 1.3908267760973254
162 3.122982580170346
163 0.683966739136902
164 0.1679336040584668
165 6.851282047333197
166 26.78463588326335
167 1.8352395210492738
168 1.3978034709059972
169 1.1084019253107356
170 0.9863518221926033
171 1.5880999483478988
172 0.3478088895715561
173 0.2635480998490596
174 2.2673843462041865
175 2.7237273133088364
176 1.9572020972871154
177 0.9127793164070097
178 6.946188702933345
179 0.8239635874117687
180 1.8599574952080873
181 2.477222230072488
182 0.08607563262542114
183 0.06875291219353998
184 4.886269147191614
185 0.2076882205688651
186 0.27949495810920183
187 0.7259389835072653
188 0.005374263154129654
189 11.475349425656807
190 1.2699092899137956
191 2.8075819449176054
192 0.5397934271456984
193 0.590867109889283
194 0.9065426801874251
195 1.2044012947807292
196 7.297941191094953
197 14.704366270137081
198 1.4392339889754873
199 1.247232337049785
200 0.4889282883977448
201 0.6167155393220038
202 0.9173915668463722
203 0.938094386955087
204 0.04663990992685107
205 4.859046346762128
206 0.4412652422472714
207 4.296927668968752
208 1.8221828084825542
209 0.2689608551495004
210 0.049348759259138335
211 1.1948588808184344
212 2.3696355433433167
213 2.223223779544613
214 2.5425005112308563
215 1.8874888286977598
216 0.15890582181758667
217 18.02741149387579
218 0.6447675244722963
219 7.08207009034498
220 0.7748880917724704
221 0.5227850199434798
222 3.428170836029068
223 12.103283997065537
224 6.775697562682029
225 0.7857384940483985
226 1.0408383014784597
227 0.12383435439324186
228 3.9121182195903366
229 1.2194271741155178
230 0.07872527151428593
231 0.5329303328006029
232 0.5306148960013
233 19.41746997934805
234 0.9123485758746753
235 0.24968280118301195
236 5.608560435119992
237 0.19829232662166502
238 0.12318423577140282
239 1.3555904956603657
240 12.112597246323244
241 0.10936074632665642
242 0.06288492666333201
243 6.2660011741879735
244 2.4832027856194823
245 0.3891067828812541
246 68.81967803124091
247 5.557547195650665
248 1.9771438139736706
249 0.5693643179881205
250 10.42865698458142
251 0.04726579105133459
252 2.4984213110125797
253 0.18587062766816742
254 0.3558881707225818
255 1.1484160353922288
256 20.754598251275482
257 1.5984038398921732
258 22.985206014281054
259 0.2726878051804683
260 8.719313300291882
261 0.010300960526597881
262 0.5147240080307292
263 0.25615988540794565
264 0.5067059939556283
265 19.22760349214992
266 0.8550364176832352
267 6.886781812567702
268 0.0805315067683629
269 0.01439995743990482
270 0.2033201162991579
271 1.8212268384618073
272 1.1387215027736415
273 60.24493968901646
274 0.7620383319686048
275 2.3078070436147775
276 0.5614756422710034
277 0.046285406590603186
278 0.03130700971727989
279 0.06637439839554314
280 0.31594541394305464
281 8.145720407538692
282 1.8325213603577462
283 1.453727490621432
284 0.03915354858839524
285 0.05269682204919863
286 4.919772119584178
287 0.028646469798049756
288 2.477992310968213
289 0.5617342507671236
290 4.1272625786708375
291 0.2740271266426548
292 3.343502139646459
293 0.2695136674531786
294 0.848689333093997
295 1.8867680073975812
296 0.6133990049481655
297 0.7369874065012507
298 4.3681378697234505
299 0.25221167928600824
300 2.212304849370442
301 31.898323496289294
302 0.6310489670607458
303 0.18310891491887324
304 16.17688531847128
305 11.731427568167321
306 0.013336431746659855
307 3.3751974123954698
308 5.2250408005825415
309 0.9524299125722481
310 9.018630127315058
311 7.935427563162605
312 6.289938396769384
313 0.17576492675900507
314 12.560248921659019
315 0.12389093604028112
316 0.17449275352079324
317 23.759259439449774
318 0.8401093524266929
319 0.0915510962949774
320 0.11213317616971144
321 0.11213431562632616
322 6.2820730427011595
323 0.7448828309470609
324 0.1690762169810495
325 0.0015088126935539545
326 6.86980984847591
327 0.17535558214566252
328 3.6786230551558154
329 0.41690072969906655
330 1.7144394759019743
331 2.102744029770334
332 0.6555098783311831
333 0.3311417088963659
334 0.16348437493168466
335 7.808608660984019
336 0.5909522067209841
337 43.492776816451276
338 4.322783385617815
339 11.602621598529442
340 0.23120584809807843
341 45.56826129339304
342 0.8332003725720301
343 1.116166719542892
344 1.9307525075095076
345 2.303406783016131
346 1.0590539741599287
347 0.5888560237176087
348 10.215994825224621
349 0.4891798351142009
350 2.4798900161771993
351 2.9115425689217815
352 0.3415338797179381
353 0.4733874281476332
354 0.8786102464092833
355 1.7705317879427802
356 2.008813622851487
357 2.805586368492315
358 1.7722320008351378
359 0.5844565397523178
360 2.4973600674755483
361 0.4817689030899317
362 0.35923703070052915
363 2.9580809753172126
364 0.6668499949102606
365 0.032025048463577205
366 11.66668627355404
367 14.025216169468159
368 0.5513638866481804
369 3.280311542777818
370 0.5628766336280553
371 0.9648899058156334
372 0.7890965257311661
373 1.3869723764981288
374 0.4014486679279353
375 0.25628362211318095
376 0.4414072818377233
377 3.5449952495181445
378 0.349415913542652
379 1.614430272613237
380 0.3030052420002187
381 1.030497699540477
382 2.531511662779754
383 0.3384134188570839
384 0.11049552224888036
385 8.632856684449866
386 0.08979014460907869
387 0.3496974814361187
388 7.042858294382458
389 0.13448610637420386
390 0.2625204185293327
391 0.0029413152662968183
392 5.101090487842467
393 0.11495880729953116
394 0.38102520242800897
395 16.294961349202666
396 4.4671675221340585
397 0.042326120997826136
398 0.1094974753890793
399 0.7976376950559738
400 2.2857995883924995
401 0.46735010571016067
402 36.68761896733128
403 0.49937845859981955
404 1.206002449193917
405 0.7781690512515385
406 0.8184596425179953
407 0.07792849078396008
408 1.734449747906262
409 1.2113909363673516
410 1.353477263436937
411 2.3272191578249326
412 0.21817559459089628
413 0.5583895273142805
414 0.30287806497076153
415 4.611572541159468
416 1.5199884641444055
417 0.02585950620564316
418 0.9248324962721036
419 2.210539493658653
420 5.139081020221602
421 45.179360054129766
422 1.6132494975041887
423 5.505208415952378
424 0.15596015174393407
425 0.5730507547277762
426 1.6803004837072124
427 0.5074004790709564
428 1.7189802811418573
429 0.36553334730415454
430 3.3136709489804494
431 0.37054147253306574
432 0.5943682984253807
433 3.2996141672680204
434 1.3579113795795392
435 5.291909256324498
436 0.2161829521383935
437 197.93022650894937
438 0.37104930601334174
439 0.38731603044103957
440 0.41020235495385626
441 0.20421369055898225
442 0.06819534378440317
443 0.7193438765620676
444 4.380009547607326
445 4.466445672854224
446 1.5241634078093658
447 18.657258959619135
448 0.43967315795042344
449 2.5264838976156145
450 0.20835911731816345
451 0.6539914317486216
452 2.9014246115579914
453 0.6928965837191023
454 11.61419988187642
455 1.0536650335187938
456 0.031753073737949174
457 0.5419988806804501
458 0.8169114566434286
459 0.08192680412136592
460 0.09701859636102664
461 12.577028625480164
462 36.5607716242012
463 1.0123918276309738
464 0.1235843064500166
465 0.56964315200876
466 0.5811209966144667
467 15.665477611005134
468 0.26988536955054376
469 2.1943551513951305
470 0.11174643531699084
471 2.299435908466919
472 20.625454256641323
473 5.021932736552696
474 0.45415989663342365
475 0.02116450728406785
476 2.438082235930718
477 18.199975330773785
478 1.645808825418201
479 0.21460945902717388
480 1.1956340344966077
481 0.5715917834928688
482 0.139122562992541
483 0.18156387042534228
484 0.16116236638016554
485 1.2048797017843622
486 0.1047892567020149
487 0.08588695802053059
488 7.13102413651411
489 3.9243925250468705
490 18.283096801193864
491 3.381126231779815
492 2.331058263767145
493 47.127199539417305
494 0.7402820802484418
495 1.8722319851356841
496 1.0694011254642237
497 5.230761601999086
498 7.395926779704206
499 0.22801963327350672
500 1.3248885690996999
501 5.3941244993172015
502 0.5463790193576158
503 1.308005440475675
504 0.09011443917670248
505 0.837287395237804
506 0.013701546485081473
507 28.93919026851125
508 7.330924917815523
509 0.16053737263538856
510 1.9588439190418176
511 0.13313950974389754
512 13.412266637384688
513 2.26597675676806
514 3.8794362466154704
515 0.4726991594500489
516 0.39467267881598095
517 0.1493710273473599
518 3.8469974800117224
519 6.213441093541202
520 0.32369119798563833
521 3.232409905573708
522 0.2750660201531403
523 6.64222119801171
524 0.3519803241187669
525 0.2185185470221817
526 0.252227485640065
527 0.3930494157006796
528 0.1298038956150464
529 6.655345422986503
530 0.29392225400026606
531 1.5465192353817923
532 1.000469779922196
533 3.8211752073249166
534 10.841470244650086
535 0.23283038502042663
536 18.88363076329421
537 0.425922880306194
538 0.2745525116159054
539 2.5722035336930453
540 0.8635406699684341
541 0.8486761773182053
542 0.09535789326187513
543 2.8546676041071195
544 14.102354144308395
545 0.05012583707640333
546 0.27464020442508014
547 0.41443405239668346
548 0.07994884968466831
549 0.6059622088809996
550 0.30471484266806015
551 1.5091225011847136
552 0.9284069426335476
553 0.3364361900146246
554 0.19685166507257043
555 0.12845725048792442
556 1.228833243999379
557 0.5820163706249342
558 0.12449990843032853
559 0.31172598004429647
560 0.01919719187363894
561 3.7847929790908976
562 2.210827574568896
563 0.06310522429983813
564 0.41997343910763174
565 0.6230212753954827
566 0.46340649535113754
567 8.632490577170547
568 1.8414744192382893
569 0.37914668268531593
570 0.8850371533597413
571 0.7077410214646126
572 0.15882553448870748
573 0.2717532200041446
574 0.1125556973736545
575 1.8323328983455573
576 0.020811205087078503
577 0.3359073684620449
578 2.8316798310430813
579 0.08165565253524353
580 0.023860686274819465
581 0.08994913593244913
582 3.0442679554118186
583 1.842968489808848
584 0.3368836330010756
585 3.0038802930675668
586 1.5611724773541242
587 2.1320046662722727
588 1.387521561796637
589 0.4574348315583874
590 0.4701229796357253
591 22.073697423341677
592 1.0489797520615909
593 37.81471083982475
594 0.1986422677038116
595 19.427238557554567
596 0.050440150199607174
597 0.5198244183766323
598 0.3381407097113242
599 1.2126358020949808
600 0.5503342945646815
601 26.831064759446665
602 1.485947543475013
603 0.16160865204184768
604 69.42558378447896
605 0.21642699909210775
606 0.33658564832274107
607 0.3489244930348294
608 2.5059434721360274
609 1.3049638972512014
610 487.2318792244814
611 1.2872966590888641
612 0.370013779267891
613 1.840091487295482
614 1.9340643600627234
615 0.5278882703654006
616 2.0000340939726375
617 28.963395447723283
618 9.020667564409244
619 7.145750170688418
620 0.1944232044152812
621 19.127088086470597
622 0.1801632713857861
623 0.07824000718881984
624 0.810187313176529
625 0.2632634915931006
626 9.239440775335517
627 0.27700585179250714
628 1.4337924891422018
629 0.11254793522895296
630 0.11454544750883047
631 0.2562732640622184
632 1.2216900976589171
633 3.9464416114215197
634 0.239066141549359
635 3.1991046287625218
636 14.988122409114808
637 0.18767318735049351
638 10.635250917836675
639 1.338027243335365
640 1.5738905725073318
641 1.39538725915265
642 0.16339389438983448
643 5.56449737605149
644 0.1059861203129335
645 0.04924727685279871
646 0.4367659471869453
647 1.1994139482344863
648 0.0017285567032944847
649 0.8605748213361434
650 5.095369193595559
651 1.4736507137895352
652 1.8271269436663327
653 8.832905744258301
654 1.9017646371418109
655 0.3887714306478202
656 1.426003121552047
657 0.24971292536412842
658 4.778993165231393
659 1.6016828541216919
660 1.0061134610558202
661 0.019840380493791266
662 0.6018967250106655
663 1.2332533152623157
664 0.8883423997937612
665 15.895517698309822
666 0.13394311444274185
667 5.093382086481681
668 2.812243116477525
669 5.277803466626537
670 2.6812450238037666
671 0.1221514984187888
672 13.258975430127204
673 0.03071471032532275
674 1.8106568758366484
675 0.7106771670942351
676 0.5139126644301867
677 60.06839773346653
678 0.04516390083614093
679 0.6165020613962768
680 0.6871480956846361
681 5.132028740483578
682 0.07745572219920088
683 4.5194997684883775
684 0.06803008485481168
685 25.90314711200229
686 1.7696107528480771
687 0.3145649740899286
688 0.697849027489007
689 1.2922917768940279
690 1.5290780926708307
691 0.08520711359890908
692 2.300765140255382
693 0.8889485408664174
694 0.17239664825230128
695 0.20979583919738248
696 0.33088196264909553
697 1.7280592926310745
698 82.18157398880594
699 1.8032227844919757
700 0.3113197290409785
701 2.0297184601134575
702 1.9692343170886217
703 2.1157375034731385
704 0.3584437767726453
705 6.486066742443413
706 0.23002103563173945
707 4.634126359355717
708 0.5016360617078853
709 2.2448476324152153
710 2.827954885239387
711 5.674889405094177
712 4.436385815733552
713 0.25552057926722976
714 0.16676649440641247
715 12.986710085081361
716 0.28092794807889665
717 0.048440131189078174
718 0.9260385581261954
719 2.3502557297365145
720 0.37107783222702373
721 0.12389463674402494
722 5.153979780936092
723 2.447754929849514
724 45.953958389380084
725 2.2057911006545474
726 3.3807501938238045
727 2.6277380284420673
728 8.369083026593733
729 0.33403915786163596
730 0.6186863169702175
731 2.5081100359523374
732 2.934383846912755
733 0.01630073099654928
734 12.41244491027154
735 1.711505207570812
736 2.757806720165194
737 0.32657429300572516
738 2.433274269171681
739 1.6043675256848104
740 5.231401440792774
741 0.047233516650853624
742 0.4551250599235563
743 3.5934608338319687
744 0.5404143731894859
745 3.36293060745694
746 2.771066511544778
747 0.14569903356029598
748 0.458708953732843
749 0.715436871877875
750 1.7090245418255905
751 3.3750688664366235
752 2.7735757030332713
753 0.9224080423341937
754 2.9981279061408648
755 0.23623068401203698
756 1.1419748431096108
757 1.3744706500469994
758 6.309324965780735
759 0.7784151567674191
760 10.60990219632208
761 0.4349447869889778
762 0.1711804460774277
763 0.10510606809940688
764 0.8917401614171222
765 0.9238211907541585
766 0.08097163420601573
767 1.1610361462236343
768 134.44584980511175
769 1.0652598904717574
770 1.3643638937777898
771 2.485702590145163
772 0.011077627700096258
773 6.885387129884043
774 0.6533778230997463
775 0.98890268885035
776 1.0858727414184925
777 1.842659218661029
778 0.39442960277699535
779 0.3470437563667973
780 13.88802181667804
781 0.09427089393801838
782 0.6672406519993629
783 1.6864413724893188
784 0.1857482707041349
785 0.24294123555977457
786 0.031640245324596396
787 0.399406020209409
788 4.852550423200382
789 0.7280637715049137
790 0.5293828206901707
791 4.199197586562421
792 1.7799811207002176
793 1.2136602832951238
794 0.14186964273883265
795 3.696584997212138
796 1.185615119525614
797 0.07483783270695765
798 0.139200037491987
799 0.271139015084622
800 0.9563327854392107
801 2.7325006132507066
802 0.5764561882163862
803 540.5018591882296
804 2.081099525760747
805 5.288647355803722
806 0.9029925118698295
807 1.0026435867759864
808 3.716485761295545
809 4.989636523447464
810 0.7267431387863407
811 1.2404790405669746
812 0.7673786183019089
813 1.0597775146798276
814 0.16532694292858616
815 0.05509121831468818
816 1.811770034754505
817 0.049664521826513146
818 0.5348366556371447
819 0.20673929756412496
820 0.23526181664459953
821 17.300780626655946
822 2.345174256010576
823 0.03512338054835202
824 1.5689061902208512
825 0.24335438083219788
826 0.05593661746748965
827 0.155819410219543
828 0.6497852450242994
829 4.061218755397058
830 7.92388938392887
831 0.32337706878850236
832 0.6094985170334122
833 0.5600190181502571
834 5.898024774096616
835 5.393877941621626
836 2.7143700126533656
837 0.07253092885805777
838 0.030107626974210103
839 0.06879260941743484
840 7.139008204761739
841 2.4158180228113335
842 0.7873981356412078
843 3.5134819775191763
844 2.724843470548811
845 0.019588578793480062
846 1.7248911973421535
847 193.13072788185653
848 0.7019771092974602
849 1.749696184477356
850 0.6955799108627464
851 0.8609488593884685
852 0.9902583549185976
853 0.6956540797574039
854 0.9820383295613935
855 0.011968862002945214
856 0.06774545168798252
857 3.2563602326672036
858 7.900054318303022
859 0.30574699677349404
860 23.880421407432937
861 0.10593240659814566
862 2.5330855455128587
863 1.1429084693987406
864 0.09997759990880775
865 4.97058816680201
866 0.07468152857429498
867 1.4936516609965353
868 0.041847454387092066
869 0.8703593698738623
870 1.2190217153083402
871 0.28129414925297686
872 0.05789036886297709
873 1.5672941167924077
874 3.6852733619262024
875 0.5975445683032119
876 0.0765266164556605
877 1.7020952380789245
878 7.630062977742809
879 0.12852626231785735
880 18.2374558786223
881 0.15294246647818435
882 5.1071078324564745
883 0.04600326477034739
884 0.34419745696161147
885 0.1583119529620377
886 9.890277492283893
887 2.6212286045915523
888 2.0396204098179993
889 1.6365035243382822
890 25.095482921995817
891 3.2818251384756465
892 0.014924545662799164
893 2.7391273867391575
894 0.8672876041213666
895 0.05906236404064116
896 269.3688979363877
897 0.5220915785418918
898 0.21064336297621486
899 0.19474755898571394
900 1.515189550380055
901 1.9913760995554708
902 14.642863162726599
903 7.772589365292773
904 0.8112190692864305
905 0.1726451322284228
906 0.7457384523296869
907 3.7289864451975845
908 3.6199856939753188
909 10.464784692415341
910 0.13186513367693029
911 0.31061627595215513
912 1.6189520905495252
913 0.018514908506154903
914 0.5212341441256179
915 0.6992532725249351
916 3.6915582736640813
917 0.2405759805368778
918 1.5521251825951647
919 4.334442798644909
920 3.951225467816267
921 3.0879902041190177
922 0.06876343811402195
923 0.6993835969837333
924 5.353464244733051
925 5.904728039411466
926 0.13286460413888126
927 0.2643377737565304
928 5.578290351397435
929 5.882970467745927
930 4.243485025001206
931 0.24341834989752364
932 0.6806033043881867
933 0.09956459700863986
934 1.603165425530766
935 14.004730086518634
936 0.719617873097384
937 0.7738165097497142
938 0.3819564235460723
939 1.183577885984493
940 0.8691950023256532
941 0.2927149477523336
942 7.96959933030036
943 0.5387214320992932
944 0.25902165183475223
945 0.21469522444534378
946 0.14525992699905754
947 1.0206560576212322
948 4.664804805890366
949 0.17266011583683197
950 2.8294822519053318
951 0.29994046725282797
952 0.8840316498917556
953 0.057608959371933555
954 2.837526688315897
955 8.805171261018222
956 6.393634610527369
957 0.7497935707802214
958 0.06467904764381249
959 1.2411672052495308
960 1.578018234558809
961 0.28611088349139674
962 22.212538292440847
963 0.730204839965851
964 2.7653336705898797
965 0.13696764022546806
966 0.20906833824703652
967 0.8871309048988167
968 0.7712925875538199
969 1.9602850605690882
970 3.894254903041092
971 4.945015599306389
972 1.8922897579770863
973 10.770434543457615
974 1.9600694103017997
975 0.3237081409346639
976 0.05010126916151924
977 0.8414737612001604
978 2.3760791109124666
979 3.1163424012352765
980 0.8230154372337422
981 1.1572707594795302
982 1.0420343913562962
983 0.1021209222685693
984 2.1162353701399117
985 1.2382909538928597
986 1.0603168896129558
987 0.40099455452074995
988 3.5794764832843695
989 1.4661148135593465
990 0.06688296329533126
991 0.5585739959993375
992 3.43034534808322
993 98.19051865861371
994 1.032306162945553
995 5.557989573468408
996 18.501490089890293
997 0.18442207782408587
998 7.307197384201294
999 1.5848277647869418
1000 0.4672824210965815
