1 0.22608439313100212
2 22.624625826405634
3 0.6871698858072227
4 1.0855455777990892
5 0.29151649930812606
6 0.11115774734191236
7 14.724159503262825
8 0.9975483481390766
9 0.7944385335643465
10 2.314759651079693
11 7.052507019132945
12 0.983312950647779
13 0.17351782141532388
14 1.1139584453149334
15 3.811795347064572
16 5.253321581054813
17 0.28891260731320656
18 9.698390201529474
19 0.3848806663805732
20 4.130653953230556
21 1.1589385546102708
22 1.540606969968679
23 0.18348893813287284
24 0.9995240281529245
25 0.08358501124166773
26 0.21578993507841734
27 0.272891533972188
28 0.057315023268055904
29 0.4163851403718467
30 2.2920121865996617
31 5.884292013497624
32 1.0025861846201898
33 2.849583771928752
34 0.0875460096828649
35 0.05344387935468158
36 0.161042696414986
37 0.020334967020324977
38 0.7664228367295496
39 3.718638834248669
40 0.3737833658797475
41 8.747475178363011
42 0.547962558466709
43 70.42359785687418
44 0.24138274357686
45 1.2019199545185577
46 0.9389008630513507
47 7.787224542541933
48 8.93128849192253
49 0.41948746287519334
50 0.1276555448369731
51 0.18353553871834655
52 0.7781056015563883
53 0.20247221334671692
54 2.5126271385280567
55 4.641328983327392
56 0.9231095877635648
57 0.5749255825863377
58 4.472692914835979
59 1.788470758688571
60 4.235716568849168
61 1.8038963003318313
62 3.0783562448729227
63 7.4986762334666865
64 4.618174810726919
65 1.7239604932156394
66 0.7126325419622859
67 5.288422774272432
68 1.3187272919682365
69 1.0551971964621538
70 0.41273494580855463
71 0.40580119848460416
72 0.5821192669231104
73 5.979862110165334
74 1.977750479810517
75 1.4451813027871834
76 3.4554745209974116
77 0.9635915032494499
78 18.41445427168081
79 0.4785447146306775
80 1.748891786136285
81 4.701251569273563
82 9.328155963874401
83 8.759082795407688
84 0.16916861282832985
85 44.516776608219345
86 2.388950199917523
87 0.07460491769337733
88 0.03795234905280322
89 0.781031435922096
90 171.89544794431328
91 0.08515275375692231
92 0.4917957500143177
93 1.1386411715337954
94 4.922653756080305
95 7.817000070157222
96 1.3656000498777112
97 1.1264036588595256
98 1.9128604007511987
99 0.09794666519238857
100 2.3047437064195635
101 0.5366981559433353
102 2.0452495149052554
103 0.20344519153686172
104 29.302214505280336
105 0.09098737782291497
106 0.29290753928111346
107 1.390781864586154
108 1.9263298533364717
109 0.328467792714026
110 0.0904780074458897
111 14.59433816738088
112 0.16768745241584854
113 8.034130032740421
114 0.4441715969296621
115 1.796976088192137
116 2.1806083784062182
117 0.11067780172153438
118 4.957609906814799
119 0.8497621567849348
120 0.13875274951368888
121 3.161819452198935
122 26.105199912382375
123 0.12010725323923427
124 2.96543182068359
125 4.7607966451290205
126 0.09570707152907827
127 0.17151260811191796
128 12.482644753464553
129 0.28044392531759094
130 1.6718352217920875
131 0.49124858210073796
132 0.22914352410638922
133 39.549194411006184
134 0.9554214875483286
135 15.032430076899061
136 29.143161775385025
137 0.9913305183454466
138 14.899491700370753
139 0.5517142307055876
140 2.229920755182496
141 0.4525292584068765
142 0.0670334936886668
143 2.176054971344121
144 0.14702789948726624
145 2.3266267848345863
146 1.3816922443058637
147 1.0238349145954333
148 0.5659411420586611
149 0.7433143843810953
150 0.2607266918222612
151 0.37685649603548604
152 4.296580074392831
153 0.7183293254591209
154 0.3874838445307238
155 0.09236055392341261
156 0.871114860350883
157 0.6682907429413927
158 0.7794252697420864
159 5.799426859672093
160 0.3303339287506253
161 0.4240505039451069
162 0.31354468627002224
163 9.938261420894092
164 3.4186374927543355
165 0.9652555833057235
166 0.1707482717742915
167 0.09075256909724815
168 0.4905409888110615
169 0.2971486866912869
170 0.27327862488215426
171 10.650096249224555
172 7.786728286388856
173 2.098171161066017
174 0.48028500990474843
175 12.252167512212532
176 0.12887742690027265
177 0.6782366948305744
178 0.5310188074212993
179 2.588457107107071
180 4.010502762937069
181 0.5467116603430663
182 0.9975889170678732
183 4.083898186409015
184 2.266134584687281
185 0.24524223266073408
186 9.661521094060975
187 1.0820934023616298
188 1.237700781556471
189 0.5961789651656425
190 0.16611083223587508
191 0.4111684635765276
192 0.04781398318176055
193 0.37494353749558346
194 0.047914524051949736
195 5.297479217919839
196 4.899602695259184
197 6.2716525530309735
198 0.04942348352087199
199 0.6932471604129373
200 12.038808451719538
201 0.002608313168743603
202 0.16582225107460016
203 0.7004552233220461
204 3.943655782193116
205 3.510223809944812
206 2.4778441747140842
207 0.021566897187688724
208 0.5327695675658122
209 0.18607697790550462
210 1.650918917937435
211 92.54378699145201
212 0.05616772859631111
213 0.07016931363706615
214 0.4768174875937307
215 0.6650982257652451
216 0.3634086919026968
217 0.3760368502043191
218 6.223283266955831
219 51.46555129795195
220 0.4315177738430044
221 0.14821654667747364
222 1.5515709065384429
223 1.2125013407026213
224 0.062028645391872486
225 3.02189797959126
226 1.6638366426338493
227 0.23474673999125678
228 12.7899912981758
229 6.450366413132262
230 1.016978131950271
231 0.12451230572017037
232 0.19182804933003736
233 2.902884771326892
234 2.610703312364723
235 2.7516440797753074
236 0.32005785024006167
237 24.987166746549917
238 0.3939510945635749
239 1.7912701741124935
240 1.3526834843922555
241 6.476343952852306
242 0.9154566828416283
243 0.3276875306297871
244 0.25014558704114476
245 0.06253334537452374
246 0.6145146122964451
247 6.705522064616007
248 0.37303442133301623
249 4.745943390431791
250 0.5349050502339598
251 0.09486834979620765
252 16.048784184179556
253 0.0497311624136264
254 8.03543788658011
255 0.5109539699198271
256 7.784094911254624
257 1.4240884743852251
258 95.72472251665894
259 1.7164171809360749
260 0.7329434164838493
261 1.9231785221932016
262 0.18741730397257622
263 0.043876942753322226
264 0.36900906547505885
265 7.48410468571503
266 7.9060575907896515
267 3.8590383952124365
268 1.7060344201245479
269 7.584815197828858
270 0.3359625631738216
271 12.109245625938694
272 1.0410530428567788
273 7.072848267391671
274 0.5558354267904988
275 2.00483621186259
276 0.22535567490975322
277 13.306786215178086
278 27.684235910326162
279 0.12342071859041391
280 2.17143788118693
281 1.4011435761925775
282 15.356576598721977
283 0.18597014647820345
284 2.3873003655485183
285 3.117569807152178
286 10.665804221575096
287 0.11271874165103332
288 9.002290563228792
289 0.3022772952886592
290 0.4221652147347914
291 0.47551027186107503
292 1.494084236862731
293 0.43044576825072817
294 0.15771675134518892
295 0.2276448741342473
296 9.006626605101905
297 0.7349801452262239
298 4.3168516410064495
299 0.06821580827116931
300 0.34061635487114633
301 2.6879183226848946
302 0.10670582969132904
303 0.9570251626526535
304 1.0468520195688504
305 5.048127892953522
306 1.8535732777184106
307 25.94245107302377
308 0.5621807853835972
309 0.06853758104395642
310 70.90717172214208
311 0.619285032702938
312 0.1891332558083285
313 0.15976468611787167
314 0.19470050529554955
315 0.39186838837679006
316 0.11984789223979368
317 0.06051365974172456
318 16.619887810844475
319 0.601840654505583
320 907.8035528311533
321 0.08185755301756543
322 0.8744458614761194
323 1.5690332041457633
324 43.38479399454172
325 4.0648607761520195
326 0.41920824029515397
327 1.3733948447158388
328 830.0491533115168
329 0.8296647159777237
330 0.7848582389115147
331 0.07684834532725641
332 1.8793477625727466
333 1.8285738902504438
334 0.006293575600238078
335 4.226637280072725
336 0.6879109002543692
337 22.855941966648786
338 0.5023735685558534
339 0.8716455084971174
340 0.1817811502267832
341 1.4705755251501629
342 0.17328882935500411
343 0.5724703992002709
344 2.8545795363042714
345 1.2125524772738674
346 0.4619737791165
347 0.07857493484221736
348 0.2766317249185958
349 24.63634873079293
350 0.9037956979062566
351 2.9719233319432927
352 298.61563846120237
353 2.272235424858708
354 10.52348448850425
355 0.06738768400794411
356 1.2944599727562194
357 5.957070611501511
358 0.483254386154389
359 11.209257376969314
360 1.7447734827269405
361 0.010677221715257286
362 18.21491693600252
363 0.06291958690079007
364 0.5148566977266861
365 1.171882773152299
366 4.376418303843493
367 0.3867437961921367
368 0.5362112488036302
369 1.7794716106123372
370 0.03660300257472197
371 0.08041379767723877
372 12.498864729809982
373 0.8469637350903347
374 3.5786930260808942
375 0.43988821806290823
376 0.6307174514078745
377 0.5615519666832441
378 0.6434958732296117
379 0.7855985173737542
380 0.5366569156034324
381 0.7425993780610951
382 7.574719398939356
383 0.9885170744062789
384 0.28129415663922414
385 1.7921409149972698
386 1.515782862459015
387 16.939187970886522
388 12.599693460804684
389 0.6546932205511284
390 1.1891414547016006
391 0.7347147383290193
392 0.005055324919937271
393 1.7712254058703352
394 0.1427000533092991
395 0.699376417721682
396 0.45069693989948817
397 8.706886218265417
398 0.031408776244933365
399 5.222930973417795
400 21.044206766223347
401 0.2862201612980979
402 3.5631570573121616
403 0.6590652570817455
404 0.13821710697102865
405 0.3136164999155571
406 0.525085393887782
407 4.982494136350586
408 0.23186829763145914
409 18.609646533463426
410 15.08526857775399
411 13.089835480952814
412 1.3514958224587084
413 1.0912158749414513
414 0.020635907262872327
415 0.8292988102929597
416 0.2310443660743054
417 3.630804161244625
418 4.026220542334765
419 0.16893127108881698
420 1.566937824597444
421 1.1933974693102194
422 3.6084396155012723
423 0.15840075605942902
424 0.11973989469063254
425 5.843678305502081
426 0.7876021640954962
427 0.46129188449575276
428 5.7853179743555865
429 5.239734856726471
430 19.66528883163269
431 1.047544677845356
432 12.548472437721756
433 10.033622403453592
434 0.3899689198688507
435 0.6525553722287849
436 7.170385339448633
437 1.2392914353649327
438 0.16474259576817632
439 6.8165336878605665
440 0.5021620957282427
441 1.1073804796161344
442 0.014786943082162982
443 0.7181408686053696
444 1.6194429459969975
445 0.9737379439663245
446 0.04910946165183809
447 26.532032570073888
448 1.7032223558762543
449 1.8256689733575122
450 0.7294822989268204
451 0.16406317818485694
452 0.21889749965029082
453 0.13042232131003292
454 1.3841799604588796
455 1.0224980540747082
456 0.3456973410153973
457 5.683861582709147
458 5.679704086549498
459 5.237332261439664
460 0.723047979728106
461 2.9712419741048235
462 0.8147816545367375
463 0.018671005834018675
464 1.2458330537971372
465 0.45844634905790305
466 1.1195322065892013
467 1.5117966945983006
468 0.02789457486612384
469 9.876924302249915
470 3.409703895858087
471 5.492633344744347
472 6.108648728983114
473 0.9818349089486061
474 1.9088177207707533
475 0.19178551201043328
476 1.140393309430308
477 0.054631286582335035
478 0.03156881169568633
479 3.5859332464963227
480 0.22670588634123226
481 2.903097849954583
482 0.6640459852934734
483 0.3879832007759345
484 0.7541582497958558
485 0.6189472172680617
486 7.002551113027583
487 4.51567276602424
488 1.1453408788884643
489 0.29030048901667294
490 12.953253334492127
491 0.5897283278321385
492 0.03910925767999513
493 0.31317459901859807
494 0.11392314688917149
495 0.3544593622293364
496 0.889510431662774
497 0.8160540462047484
498 0.05480554734080981
499 1.1248441467721446
500 1.2619669434359941
501 0.27354964359478445
502 0.12032271266868129
503 2.091382509790889
504 11.178379432225315
505 0.6221006103481528
506 0.5661623477614086
507 0.18779284624737272
508 7.41129426021165
509 0.24783768051686209
510 9.041329133183526
511 0.9012958026844602
512 0.2447486456298336
513 13.234424751600432
514 0.4398350737641839
515 1.461458579429662
516 0.32728007838669787
517 0.2892554987616596
518 4.63220607053382
519 0.08399673525302187
520 0.9695697521386024
521 0.04748973707772314
522 3.325128502424899
523 1.930072674859807
524 3.530483277710727
525 1.6217859006952713
526 1.3309981028592084
527 36.96356962657876
528 1.0120258301698934
529 1.1282161372049095
530 0.6923886530609601
531 0.17847250421730376
532 0.24217679009419255
533 22.114101441344253
534 5.199317277657464
535 0.927603531510274
536 2.337679907769722
537 0.4602812929359549
538 1.2170061075768226
539 0.23970876495945653
540 0.9675831698315073
541 3.5014989291300656
542 0.45131015177046774
543 0.3036132659741003
544 1.9308164018907026
545 1.7570369118431193
546 0.8192519315538216
547 0.37774724496805406
548 0.24392229038630187
549 23.176385896236226
550 161.80848233321743
551 5.420587902130097
552 0.06364153159651209
553 0.7888437833800422
554 0.36555613905657874
555 0.5142982883186482
556 4.041233998776467
557 1.0023501401918167
558 0.654304857343809
559 3.511664394345489
560 0.6930973120836152
561 1.2069653209231044
562 0.7856793330426056
563 0.07594992133938387
564 0.7818042962128119
565 0.2932232068006557
566 2.223092480272512
567 1.8211240806642344
568 2.590208379367203
569 0.38292921952776887
570 0.26640114163785483
571 34.65973127330597
572 0.5822337415879922
573 17.7811904668023
574 6.308201707234348
575 2.982696037930988
576 0.7651715138026078
577 0.2959254234079415
578 0.6077318028928345
579 1.7297976813352038
580 0.5772933311375231
581 1.3547614502567737
582 0.5014900227155531
583 0.566481294703893
584 0.7526737848093057
585 1.1288754978758622
586 0.04281196401957651
587 0.23715516030709924
588 1.5899668761532957
589 1.5007605454561332
590 0.033487075964103906
591 2.0887194210134634
592 0.13809206323350692
593 1.2274640891428428
594 0.018555736899303867
595 1.208636351837638
596 0.25098616520484374
597 1.4110947832364173
598 0.2215452790415702
599 0.32823028790175485
600 112.6059552174068
601 1.5224626485281847
602 1.1779717400132361
603 0.43316817810936425
604 0.34867407574358916
605 1.7061835594023878
606 3.1546206219569104
607 0.16452552328152822
608 0.9357668565840678
609 24.366896469229065
610 22.218047792880284
611 0.2279709897393161
612 0.2861400161857529
613 2.6208701343756737
614 4.222665875018889
615 3.1495340177897098
616 0.854960789296002
617 2.7301527643871863
618 0.9075254726720832
619 0.10355271854873761
620 2.062572137566957
621 1.799627716710511
622 0.2431778608167844
623 2.269124584519741
624 79.34745947411828
625 0.05524601098977556
626 3.5305485939674566
627 55.691121890319145
628 0.1306574888161751
629 1.0216405255332
630 4.148569198985134
631 0.29488269082283186
632 1.603667892524256
633 57.71388375978275
634 1.5634106068486586
635 0.22679161078752352
636 0.7240106399241967
637 0.7291215955365384
638 17.214687617350314
639 153.5661327049244
640 1.553831364778602
641 0.9212186870811393
642 0.45505110048975633
643 0.13007846062802791
644 28.87556775762286
645 3.9007110580116975
646 0.004772143824747212
647 0.4221632780866686
648 26.680991922799997
649 0.2311028023555384
650 8.386877361244009
651 0.24159507467862276
652 1.5294704655035793
653 2.7687796754481186
654 0.005746917716151671
655 0.07732504923874792
656 0.3713533981859389
657 6.947074343573722
658 2.6325715276367574
659 0.3019589215159842
660 2.6909538806035207
661 1.7150674147837799
662 1.4463074094329844
663 2.540893790535284
664 0.13191599237186286
665 14.703362881619983
666 0.4068435487635515
667 1.0938850420961421
668 0.02402348000178981
669 0.6180101633089334
670 1.37959044609068
671 56.86069279071669
672 2.6766242070975146
673 0.3893099453160468
674 1.3706035270295613
675 0.08475056265514765
676 1.7256538376083286
677 8.905419518322983
678 1.465409100490272
679 1.3909391237627382
680 3.606141622170093
681 0.28961391484954274
682 0.5264669451846763
683 12.96057656540659
684 0.3775419052554315
685 1.6571712231001503
686 4.376417868577908
687 12.56395841757007
688 2.3248093948508255
689 0.05287908010129136
690 0.019204151672250234
691 5.542011429595997
692 1.374504209444474
693 1.9137321576304738
694 0.5966644238516373
695 1.7512613034086828
696 0.8115413199200086
697 0.20541696561318715
698 0.0679549855864534
699 0.38712488866590644
700 4.069793081755514
701 0.4156954923645748
702 0.10186682159378758
703 5.1103072219263375
704 13.832400881384741
705 3.791683479099758
706 0.5870641301095582
707 0.36408638640672786
708 0.10645194123104537
709 0.6277281952928474
710 0.030268618402152416
711 0.8051465565569081
712 0.24183213840606047
713 0.030473243016820518
714 0.5293757226273047
715 1.4335813652135188
716 10.998056009584088
717 2.4894444816029218
718 0.2562545584859787
719 0.3652785553010424
720 0.7858802314856939
721 1.3766721371000967
722 0.9255930141232117
723 2.5725435704802466
724 1.27084249385126
725 0.131306467707062
726 4.937836651820289
727 12.209115913327668
728 6.160039652943679
729 0.46546499924801005
730 0.050947265168004345
731 0.003917522775041108
732 1.8529951385560266
733 0.7687632812970535
734 1.1910975989686898
735 11.328079967292576
736 1.7144954449663532
737 0.15666722436867195
738 1.0788426603404992
739 0.10842535750008504
740 0.948212906540655
741 5.243898270100524
742 0.26396982352637405
743 1.0744840378585543
744 0.634482805607719
745 4.758357430147647
746 0.19054126829032264
747 110.03753042566345
748 0.20573325243618573
749 0.4902044041524849
750 0.048735609691558775
751 0.3928930083821455
752 0.44366323530573964
753 0.5020252467785962
754 0.047337206614026975
755 0.3314216067448311
756 0.7641975273924736
757 1.5693223860059975
758 0.5203016134497767
759 0.37846788089927885
760 0.2055194076267703
761 0.5284024785389515
762 0.4196631585243862
763 0.04905261777002438
764 1.3929727163683119
765 0.2734174803896385
766 0.9923433818365527
767 0.5826575571862581
768 0.4710369962767891
769 0.9584644001792746
770 0.9413954777856682
771 0.26038583987674124
772 0.7962533857844641
773 0.849275660363999
774 13.658672258698438
775 11.622887251188489
776 2.057785135720715
777 0.0044102827016919855
778 4.527296671727657
779 0.7854127673514812
780 3.1343330939312426
781 0.7503859558783967
782 0.10397587012975522
783 0.06712346140457516
784 3.02103671503649
785 0.09609627912807507
786 0.8092640408217903
787 0.6584996590171684
788 1.3340929979908223
789 1.1846397339711465
790 6.66822095161096
791 4.7083280182781815
792 0.3557283497360027
793 1.0489609346370123
794 5.998850703878879
795 21.29027384030264
796 0.1364019266442807
797 0.5948993280762618
798 1.134455169487782
799 0.7892639010547936
800 0.40891418526328704
801 12.220508104305477
802 0.19477460517341008
803 0.4757931101547601
804 16.43203966013927
805 0.047270517475959506
806 3.4384932632753404
807 0.2419718424426522
808 2.638815614282598
809 0.06249042643476069
810 1.127862334280432
811 0.4733578456821325
812 0.38629273300643197
813 2.485481169089989
814 11.051736103416905
815 0.42820075051789735
816 0.1639180467719138
817 0.36638468552527564
818 0.1921581063381289
819 2.197725948053317
820 0.1875213085095772
821 1.9270673078865888
822 0.19354652947292295
823 0.504673247630138
824 0.9734829317834462
825 26.594657569888348
826 19.858291682145204
827 0.15371268486641496
828 0.12813329428921108
829 1.9508488927427596
830 41.21968937338617
831 49.92516360710032
832 1.1564619010798214
833 0.8814769884272845
834 8.602416404563828
835 5.524886828963219
836 0.036019890925995945
837 2.7883117350107383
838 1.4928055666563957
839 0.16012214331151273
840 20.964329294654505
841 0.3776419086074154
842 3.484424676618062
843 0.30682954646342875
844 0.9707895221668746
845 0.9046696626558408
846 3.777103893953471
847 37.13854983795774
848 0.5140347912681833
849 0.2537039217835027
850 0.32094161940371685
851 1.9220941848770559
852 12.46926319293395
853 34.10564933411438
854 6.420916860020818
855 0.17480493399287797
856 3.9714711295948875
857 0.8927982494968272
858 0.9846719771321308
859 0.17544025287704257
860 40.87832851910015
861 4.237073833491436
862 44.64476636579459
863 1.1968736974843683
864 0.18255215109210218
865 0.4108959592174723
866 4.1090532832858395
867 0.18421207033919876
868 0.08504931680982915
869 2.4626575921477665
870 2.600462214223024
871 0.13969182765345414
872 17.388812337411384
873 2.421826985262719
874 0.35090678876191717
875 0.05858132637558589
876 0.6297441660456152
877 0.36506956458593465
878 0.7787560817383873
879 1.541366906442343
880 0.25977180817965495
881 0.8930524922142135
882 2.7605547876668406
883 6.45070820879005
884 0.39856651233941176
885 2.176263063764554
886 1.1069869622128654
887 0.7088931712402687
888 24.9861376626825
889 0.11293616457536863
890 0.9923672332681084
891 0.22826907292204976
892 2.6215333013450444
893 1.5967010854472776
894 1.2420117396093557
895 0.08537839702893492
896 0.10174887651664923
897 0.5208725815838646
898 1.7085409384377341
899 10.282654013361054
900 2.8258708428837327
901 4.117098357759497
902 0.7975219451681638
903 0.2687230033618201
904 1.5930357797732126
905 3.287373120666027
906 2.137967795029952
907 2.5424612762518453
908 1.279633885074984
909 0.3247164425750749
910 13.511480481460671
911 0.34792812417251523
912 1.9633847974023273
913 0.9041366866435663
914 0.2925736666366391
915 0.2228685793089613
916 5.410667629127162
917 0.40950010258425323
918 0.33754240988296585
919 5.269217967837035
920 0.53575967882192
921 0.8246464550683453
922 1.4873508568244
923 1.6305419686438114
924 1.052279631783443
925 1.1662435255629726
926 0.9299333019858027
927 0.7582107931197094
928 0.25465664734348537
929 0.006094329552944212
930 0.511340714213154
931 1.0365972909301677
932 0.10431579455076181
933 3.9808383526043607
934 2.3773017206235285
935 45.24475387872782
936 1.268311477755986
937 0.44779543380008685
938 0.05221885474829339
939 0.02403078978665575
940 0.4308592645027482
941 19.828124183597616
942 1.0258309514180888
943 0.18846125935656344
944 1.9570219368198072
945 1.560351483688053
946 1.0001819413047635
947 2.4034595280151194
948 0.40312544832868424
949 13.31238443388693
950 0.370731285297925
951 0.43939814837157887
952 4.134803838747685
953 1.8587027888580963
954 0.0014598088755226836
955 0.06647125930309063
956 0.03594886024892401
957 29.680455590640587
958 1.1622451798575597
959 23.036890896168085
960 0.08094113319891863
961 0.2219336088081633
962 0.19702426342992138
963 83.92329041644143
964 1.410044742543035
965 0.04200854745873415
966 0.43782791107167257
967 8.820434457835464
968 1.9738017027562174
969 0.7427556969306726
970 66.77478383627381
971 38.43477046834564
972 17.40271606236924
973 0.17860139885014004
974 0.7029481718554287
975 4.639078320427306
976 0.01305103552406868
977 5.7411581098594
978 0.9069127267264241
979 1.1928525954560925
980 0.4570480150318164
981 1.0779056320990068
982 0.08625561896151664
983 12.447156989490184
984 0.6008499150688437
985 0.08298018694108891
986 4.646610696978816
987 0.04019698355539091
988 0.21791699274649118
989 0.026205977741740594
990 65.72507419714832
991 6.67856893966763
992 0.5164953666580185
993 0.8459673645669392
994 0.026762123958476138
995 16.492650700443647
996 0.2607403883002739
997 5.033189776829155
998 0.2847835168940021
999 0.6513859041631294
1000 0.08956869948923311
