1 0.46447327284298223
2 0.012563602853071652
3 2.311037847580246
4 0.31450336110959304
5 0.008620709957189611
6 2.3232553702002887
7 0.09903653432753069
8 0.7913520355917024
9 0.23747676794085504
10 0.8785407409321844
11 5.184029397076133
12 3.9326811035624165
13 1.3833213548866146
14 0.11198067007866958
15 4.900869694591626
16 1.340726498250085
17 0.15047240433311415
18 0.1268593148857273
19 1.9086901702007388
20 1.0500995580596024
21 4.175666668412839
22 3.892796253597639
23 1.5397343857167938
24 0.14052743352262162
25 102.32415284339214
26 0.8510263246521063
27 0.7432811418742739
28 3.707145166943966
29 2.7283649034724626
30 0.17951745431124108
31 0.2987521776673473
32 1.5337925309161342
33 0.7668314525856351
34 0.11898772858691324
35 0.38972744319579056
36 3.845802972324417
37 2.7513894197053905
38 1.834433774738007
39 0.7344694809657343
40 4.5444954975483745
41 0.3121460320597397
42 1.6777584422395486
43 0.22237386925419644
44 3.033662778357174
45 0.2951250163244611
46 0.5445431784281515
47 0.3100186853886259
48 0.3637155282900425
49 0.85680983681486
50 4.660173182045972
51 0.792224884951391
52 2.8025484592080954
53 0.5964053176999382
54 2.357902128831125
55 0.6120841984273975
56 0.3112425454271221
57 3.2361158621560238
58 2.0703485997345954
59 0.03510134135725879
60 1.3266545038492485
61 0.7590199009499068
62 7.749879424699064
63 0.27715469690638017
64 1.7167704563924662
65 3.0891609134074187
66 22.03982479095255
67 1.0130578463013227
68 0.4980300464761283
69 6.54383062738819
70 0.1748789325060528
71 0.07167985980470554
72 1.2886270308132355
73 0.018094842236851736
74 2.9378295235235172
75 0.3488247412898122
76 0.7015175869362948
77 0.32881697293583806
78 14.181169477670233
79 1.4990159546510693
80 2.066199374642405
81 1.2978653011287629
82 0.5277712703964895
83 0.44564934634528874
84 0.3312236338607491
85 13.657843443316564
86 1.054073548263806
87 0.05355982724899372
88 1.0374434290482688
89 1.296122233012939
90 0.7938284360588715
91 0.5349775076973136
92 0.29310229473324173
93 11.116219752215757
94 0.5797030507574183
95 5.056985832042127
96 0.012277717998371657
97 0.2794683359779184
98 3.182026135975411
99 1.2495364237338693
100 22.976742112018442
101 0.023149427807560734
102 0.3118657811719024
103 0.7652485278176075
104 0.023648915156726125
105 1.038410054159749
106 41.797118582830976
107 5.981708494702735
108 3.8925934457700366
109 0.9648559305442873
110 0.48249543978831244
111 1.186487338928496
112 1.8347054074289852
113 0.04706801123109795
114 0.1602125868637474
115 0.8103943921503703
116 0.5761723933821831
117 0.3027160587622525
118 0.015807968570723842
119 0.41012208412131307
120 10.910598123724544
121 41.20518045937815
122 1.5528896854319534
123 2.976257551337326
124 21.506665381089427
125 1.5570297246758695
126 2.669039002846196
127 0.23141169222455105
128 1.0791092908470679
129 11.536261397677327
130 2.681484938291815
131 1.8369817502720764
132 0.5200131024359486
133 0.8544803137704207
134 0.10892212894487334
135 1.7249172878721941
136 0.6865744341111162
137 0.4109961730050328
138 0.8302753444503419
139 1.1370061207130666
140 0.3524459314740763
141 0.037079726117420504
142 0.00012742981483896594
143 0.030612659917609916
144 1.8775329487094181
145 1.60024053304583
146 0.5717226253017295
147 0.5720843008749428
148 1.4662351621174066
149 0.36093527128212444
150 1.274362422047092
151 0.2751238510255295
152 0.19568415600065167
153 2.315296933890412
154 3.3943054442402185
155 0.5219245936016568
156 0.33096156931055987
157 4.516024190954123
158 0.22567200677592908
159 0.04517625641958191
160 3.883277649887526
161 3.106519505085006
162 0.049439741739770025
163 0.4314142696593891
164 17.73360388946831
165 0.33883246394313554
166 0.12343833130148706
167 1.3112104944560337
168 0.09060075944481094
169 1.975408172425253
170 8.676619742704224
171 0.029140909752053745
172 0.14432655211640466
173 5.637340913367737
174 0.08146113936713166
175 4.410405011281547
176 1.9908631218900776
177 22.649856058365604
178 2.268832253893672
179 3.7735858202091763
180 0.9016163279953195
181 0.7738414406906102
182 5.096298923247104
183 0.23167590984500377
184 0.27105013578220866
185 3.292117001854471
186 0.04001366804986194
187 0.07706344648135029
188 4.64976081119473
189 0.2028326741319688
190 2.05922542047343
191 0.596413342904192
192 1.5662092683847828
193 0.11409142547305356
194 19.110406142706495
195 0.3639824075487254
196 2.3198840788021866
197 0.44906336853426293
198 70.41300208707365
199 0.11736642680135542
200 3.8083260519565423
201 2.24573775163734
202 0.8156281535936879
203 14.016083832214182
204 0.36664951016946257
205 66.76461226315556
206 0.8018517071211719
207 0.04768078553396937
208 0.40392548090630154
209 67.5857149441592
210 0.2784413889855367
211 1.086333715367436
212 0.4676713999416027
213 0.3691134505424949
214 1.3820082380710519
215 3.12856462719095
216 1.517461441604357
217 2.0391604508821892
218 0.11134577032988836
219 2.5896302427433278
220 0.5200697033059796
221 0.6728547842410977
222 0.5552162734703957
223 1.986771175612193
224 0.5585387828836025
225 2.2091698248239315
226 0.22677066139182606
227 6.20455888139271
228 1.437413241129427
229 0.6748040844022049
230 0.1488418385814448
231 1.530515130465919
232 4.244147566121997
233 7.546053486603142
234 5.529819611994901
235 0.033254232384780966
236 0.9124491783958217
237 1.9221880288082107
238 1.4898902825005464
239 0.6578962926163588
240 0.8763466336408484
241 3.538866805932502
242 0.6837437586423731
243 0.07339145621839997
244 0.030259952416876814
245 0.1966430210909079
246 0.011859621904187819
247 0.029009604560420215
248 0.36651824900321883
249 1.176173739939872
250 4.1136577865393456
251 0.95763460534535
252 0.4947895861185612
253 0.7211940052533616
254 0.42214795417832823
255 0.5873662919544489
256 2.141223571956616
257 1.02132542123155
258 3.566007965559148
259 1.686748801263589
260 0.06792336743070221
261 30.45031717019444
262 12.87383321143484
263 0.37722195268888736
264 0.3589298166164102
265 0.5060897271251418
266 0.5826952011049911
267 1.1302426980393034
268 3.482595797393444
269 0.12824000750482703
270 0.34728225037759647
271 0.013477298966113433
272 0.8653933949807645
273 0.4894007033086602
274 13.071864634556002
275 0.6591932424054674
276 0.38164345731304916
277 1.0160862318443755
278 0.24643535362906954
279 1.297916179408926
280 0.6804583907494419
281 10.098043412161395
282 0.16073721226705343
283 0.35639781173437113
284 12.573283287871893
285 0.3551212531384621
286 0.19365093915280673
287 1.1623950276461377
288 0.10302393556308383
289 1.8870758953675406
290 1.3028105785371844
291 3.2411980629380674
292 0.09168414203675089
293 0.9154242407829298
294 0.46113161690477245
295 0.42085240130654006
296 0.0695719679798505
297 0.3705048730897675
298 0.18700385804910857
299 0.13342256783496234
300 6.082012050077125
301 0.40035350331645414
302 0.30740898895382496
303 14.192143105991148
304 0.5038340009566813
305 0.6705391090389728
306 0.023889280065752135
307 4.244868093940327
308 1.074668163143416
309 9.3531464672669
310 0.1619284788345419
311 3.9357095156516726
312 0.3088915140324118
313 0.2854836287082983
314 0.14068809362683873
315 2.811859823454912
316 0.8653267908593566
317 0.8423742657465018
318 0.1262342835909263
319 25.06579552095034
320 0.07973565274275272
321 2.476554972095114
322 0.29874860007191323
323 4.062864254909931
324 0.37718032428447673
325 3.751955765916192
326 1.67474406886317
327 0.14848197466387011
328 1.161314350226496
329 0.0190284453936235
330 1.1786348499003163
331 0.3310758763620609
332 0.5765655791949383
333 3.7437037768249835
334 1.6709625861236554
335 31.428310879183808
336 3.4522324383359866
337 2.2665258266596946
338 0.069894850715398
339 2.586273299205001
340 3.3002077924425324
341 1.6251822588015226
342 5.470397844363418
343 0.2942140197194465
344 4.364963793674958
345 1.151972715248912
346 0.5136094530106449
347 3.3313313514474956
348 4.060744393609025
349 0.8017364934683515
350 4.226879305978103
351 1.058016890377435
352 1.5116167368000577
353 1.5946161786150344
354 5.907990434065527
355 0.9896617630018402
356 0.35068323466410617
357 0.07970626254209565
358 3.7235612997303598
359 6.73739672026663
360 5.09223193616845
361 0.3060610052722496
362 0.002418780216699358
363 107.6304871864374
364 1.1963596254774576
365 8.961909953960665
366 0.18832058240893926
367 0.14280640727265048
368 0.3395173598131451
369 0.038850267815534564
370 1.7720566384498155
371 0.5833792896978823
372 0.8826778677163849
373 0.3033067661813325
374 0.6037500484063257
375 1.6956396030970473
376 0.5507010674575741
377 0.684045347590204
378 2.2496358523958615
379 1.882631351457201
380 0.46218493003944044
381 2.3784387932000604
382 0.5215136249100507
383 0.011447846768109548
384 1.6398611784305657
385 0.6568291637193613
386 3.8846289897210977
387 1.795089257990394
388 0.23074758333802747
389 0.19081154388686558
390 0.2889937037469589
391 1.1115852428488378
392 19.74915789763808
393 2.295996009238207
394 5.461054035631951
395 0.3359755651934267
396 0.6496650831067049
397 1.2901616782694156
398 11.280194300250482
399 2.2986832023620574
400 1.640651320172472
401 0.7590602839594164
402 23.26868767216977
403 0.04545699497619608
404 0.7332957047839148
405 0.08327210079047027
406 2.9268068502442346
407 0.03962266349224709
408 0.623203887093572
409 2.246135164243737
410 0.27462967598556615
411 0.09997109674705733
412 5.6913716234578695
413 2.104708565403041
414 8.192113964114338
415 0.7924842361084876
416 2.317788092729945
417 0.13327831268222812
418 0.14027543147339952
419 13.109843982206893
420 0.3382401930314531
421 0.6264344207934378
422 0.3522431450235683
423 0.6877980179313236
424 0.3115514315960149
425 0.1539671636928153
426 11.276930189430658
427 0.5815791666675947
428 0.36879400743769447
429 2.0792523024916725
430 4.986439644884722
431 1.1281418450982788
432 1.8436941104294762
433 0.12728169910756945
434 5.049294792059523
435 0.12321960688621438
436 2.4999205421904884
437 8.775556526323872
438 0.584090051128342
439 28.432306894462275
440 0.5041426731448628
441 6.579900139308402
442 159.59997114607816
443 3.989140434940972
444 1.1469106219827157
445 0.5401523854910211
446 1.557778281977595
447 0.49291035989568627
448 0.39103850632824727
449 100.90763353809568
450 24.891455870825407
451 0.1079253904337514
452 3.2216847547848158
453 2.5580175666327287
454 0.500321751705498
455 3.0251333868515475
456 0.9844826753539556
457 1.5025590221548897
458 0.5667379521197219
459 6.873626494213035
460 0.15259627878124524
461 10.756889463692657
462 0.2711780531759672
463 2.7817970915828125
464 1.7805645244524948
465 3.1964284654402007
466 0.9965454832196378
467 0.7195794775099335
468 0.41932342166008313
469 0.18317198288567077
470 160.16736043082065
471 0.015515347670066399
472 2.7697216345762987
473 0.11325937201734712
474 1.5767399961047952
475 19.362922766039148
476 0.3084798945278169
477 2.438186227035432
478 6.958867346479341
479 0.3031764396897647
480 0.2393285415283544
481 0.11499019918059578
482 0.9652687449022525
483 0.22578695668396564
484 2.1894242079137474
485 0.9788737601434434
486 0.26303127831494594
487 0.01750739369072495
488 1.3037156481333698
489 0.4972232042136227
490 2.3469847019969623
491 0.30711940032661295
492 0.059786050863444316
493 0.8618644861442458
494 27.278833207019932
495 18.550146398277985
496 2.197337329051307
497 0.7915689022853348
498 0.9815285398064736
499 2.4248994924890797
500 2.6561044625172627
501 0.08697821352105982
502 0.13346375021058446
503 0.7183592601382467
504 8.036825806290308
505 0.9072288638286826
506 0.09709637007729577
507 0.11613004117434135
508 0.2747434652236733
509 2.1357330435989876
510 0.1764850598500839
511 0.2435027157306875
512 0.902654416269468
513 1.2357478061705358
514 3.989463349537514
515 0.4590320432619583
516 9.614181505001861
517 1.7179823738513462
518 0.6564032293310665
519 21.736623345323277
520 2.4959113264905226
521 0.2705143167963835
522 2.155913618244707
523 4.876642063232159
524 0.132714486630438
525 10.462171430537278
526 33.67241989421908
527 0.08660630159677535
528 130.25043657187814
529 1694.3777610075508
530 1.225204416949783
531 1.213394309086902
532 0.7626189829019547
533 6.987423092791382
534 3.0154510754526878
535 0.154760910845017
536 0.11999533417102252
537 3.906182813260493
538 0.15906353065577722
539 1.8087316165954805
540 0.1979468808525381
541 8.01752076873051
542 0.03499957878472146
543 1.5977478241146126
544 0.9205560193325172
545 1.0867417002320967
546 0.5817881434569413
547 0.12930172371673707
548 3.116778363437428
549 10.809579952363718
550 0.40655511286647456
551 6.831771478078246
552 10.018405711079835
553 0.15146144721868957
554 380.26607133319635
555 0.4116317416919158
556 0.04245230554631526
557 7.826331540015911
558 0.1214008522966895
559 1.3499834508930817
560 0.6767890759995134
561 0.31491272370234297
562 0.1125370389056902
563 0.7060776316030688
564 0.25857161865631295
565 0.8425158125911458
566 88.24638845374447
567 6.355218557459405
568 0.1865426269697958
569 1.2734187822776852
570 4.9855088746076195
571 0.004596224202453265
572 1.2907234465539148
573 0.7639255382926631
574 0.06698555011033376
575 0.9882078446366496
576 1.765009672158987
577 0.8871471800517123
578 1.3928746150167552
579 4.112230656843535
580 0.9189807193758018
581 0.5158676399604722
582 3.884348265183047
583 0.23274882470539665
584 0.13184218625451696
585 1.5765893722512185
586 1.1948060458854133
587 2.3349258426268715
588 1.3581225859734951
589 0.11238097755995066
590 5.515673153680613
591 0.1422408321771179
592 0.11349358154057405
593 8.027683065932745
594 0.005439686308402055
595 2.3084730679795475
596 2.092143627267731
597 2.317801567373755
598 1.9066530128201493
599 0.5262864888983252
600 1.8942019784518764
601 0.2497502724497305
602 0.26428901462043586
603 8.765586694942526
604 4.58963564916329
605 6.3691755800598955
606 20.50611251506503
607 12.230772524249874
608 0.513140456439069
609 0.539002137569212
610 5.319255548734655
611 0.1641178769139873
612 2.5405088324352425
613 10.780951932051137
614 0.48525643635728505
615 2.6806459323508087
616 0.7254439704772406
617 0.4966105740272539
618 1.4604114393680832
619 2.645757609091193
620 31.265353652590704
621 9.821256109881322
622 0.22353626347994146
623 0.2808351245196614
624 0.7277133977413661
625 1.573646118752336
626 1.7410896692439046
627 1.3349776330957759
628 7.622128708996231
629 1.8613189365359328
630 0.6106528949906133
631 0.06774974798264913
632 4.551482122039904
633 0.1419100345315176
634 53.33792786163009
635 2.603858633463968
636 1.6772626596910352
637 0.09549050538778114
638 9.76607750464868
639 0.23323168646459785
640 0.1332713704313445
641 0.05367731383674336
642 0.257075682047868
643 4.219607184061491
644 2.6308159930420514
645 2.320348985510556
646 1.3894771782590125
647 13.640272881540424
648 0.342494752529205
649 73.46564016007034
650 36.59148501113045
651 0.11204346038509726
652 0.7443079665333675
653 4.919496824030321
654 0.23497603203100662
655 2.402594093133947
656 5.753628427961513
657 1.4126613960519079
658 2.516937975169919
659 0.518967722411639
660 0.16574169758683152
661 0.36750139517639635
662 2.915875822983335
663 30.228815661867596
664 1.4653192190932365
665 53.15053757130802
666 0.16201539294507794
667 1.182779209732767
668 3.7873466916318566
669 8.486788350440614
670 0.7930611969358968
671 3.318367091520686
672 0.6803173794559272
673 3.3258877084124423
674 0.1413281385335949
675 74.82415016260808
676 3.747407325002586
677 1.1976316003789358
678 0.2814365586396512
679 2.516715133356768
680 1.3411620862561675
681 7.820346367489135
682 1.365978634341726
683 3.4261335654448595
684 0.14560027432726347
685 6.349808313915492
686 0.8498766457583328
687 0.2547165598163402
688 8.684919211560965
689 11.33462275978118
690 2.121147048208793
691 0.25902886735013986
692 0.13008180757040752
693 0.1249450716572054
694 3.0459429017361543
695 0.1357643122909563
696 2.780984666020676
697 31.302607446244107
698 5.31490232721206
699 1.3914964248954065
700 3.345561549259273
701 1.7473629837164688
702 0.3356446310012719
703 0.5589080804154775
704 0.809044552957316
705 1.1234429721831751
706 91.45264093563512
707 0.06276738717061217
708 2.16126349220569
709 121.32790671811199
710 1.897392411430479
711 10.47590488659897
712 1.119636687801139
713 8.01460814822113
714 0.45818873486468864
715 1.2848293657739445
716 0.06921923498294284
717 0.11274949908623905
718 20.263710153083576
719 0.8411704243973388
720 1.4103837219003226
721 2.3785112862018223
722 3.657733282870517
723 1.0117227424432649
724 12.756207828801054
725 3.7171575808882906
726 0.17442487347473254
727 0.1619283325445502
728 3.1074193358821094
729 1.7019241669384264
730 1.094003053154072
731 0.43894697470739996
732 1.3373926674671366
733 4.163300887494417
734 0.5649609153152416
735 11.36359089567198
736 0.5723087261603592
737 1.7150363246401814
738 0.22905463874783993
739 12.974959280629042
740 1.0325181566557033
741 0.5679224333836148
742 0.18873969784926495
743 0.188798879422431
744 26.191283128662292
745 0.5355756437405995
746 0.5084818899546398
747 0.8900299931679684
748 0.16976783070636497
749 0.9560332970941452
750 0.63012916708095
751 1.0191634140361334
752 0.4961479592613169
753 0.452703591296339
754 0.02084172818427651
755 0.3038270378535865
756 1.5523906730855774
757 0.3312666066096717
758 0.22746529380388603
759 0.4610579779187585
760 1.6809396586419303
761 0.5813930416059898
762 16.110234975997574
763 0.39826721743537413
764 0.7519494137043106
765 1.4201901002033837
766 0.70754558193893
767 0.5070760527594869
768 1.1242624668046268
769 2.484983203003771
770 0.784422972186719
771 0.13101307680012972
772 1.160227496762011
773 0.15535656830349054
774 24.74127374652361
775 1.610197631570537
776 0.8033629681088422
777 0.1670658301468055
778 28.479542339459094
779 11.582506753160027
780 1.1223651846935774
781 0.35225640785344176
782 0.41164823225868435
783 0.775263272492542
784 1.643772746508809
785 15.554021045035647
786 0.48668348200456335
787 0.6277154859716862
788 17.378193752810407
789 2.3163459144571505
790 0.08680914137657049
791 2.779788850083423
792 0.9572329185594387
793 0.23810713221739546
794 1.1507356967738445
795 10.23317686369141
796 0.29488552713890415
797 0.9250054833305931
798 0.08175823700756187
799 1.4620550909237913
800 0.2986749808476098
801 0.21813400418990916
802 0.05685186493435474
803 5.468346236144585
804 3.963882348991096
805 8.066605665158308
806 3.136548493179088
807 1.259072821820997
808 4.019122200051417
809 0.3713749001824135
810 0.3010014070301182
811 0.8299042868759191
812 2.0539405946830582
813 0.0838314368117395
814 0.5581148365215121
815 1.8356118655696385
816 0.0979061946690689
817 0.4455293286173938
818 125.80681766825263
819 1.3469130695934077
820 6.4678433753360585
821 2.1149180267095575
822 2.086627444296546
823 1.9382007915280681
824 0.9337542827098668
825 0.0004801475925537619
826 1.047275283959026
827 1.9780474940026749
828 30.56462340912405
829 0.11670665592040037
830 0.22607104411044832
831 0.8544716276839606
832 0.9713589314905818
833 1.4712200058823353
834 0.9070994728303763
835 0.0038787907639938066
836 0.6865382646134925
837 38.504928274748096
838 0.1620919785988236
839 3.357447754911827
840 0.3597391417628502
841 1.3139729373680518
842 2.8369907365266367
843 12.243620252319207
844 0.22454003639040818
845 0.4174440196104133
846 0.17068967951178093
847 0.6092619434214118
848 1.1405100667505201
849 6.953377546559637
850 15.05883838537369
851 1.2312301547897309
852 0.6334583658383707
853 2.1151252888470147
854 16.542458805270794
855 0.34220785391474573
856 0.41304008562539957
857 3.1209699696533972
858 0.7676869641087704
859 2.3349414710483627
860 1.3110564802395341
861 0.7278559316143662
862 2.821523226580574
863 1.1313993317961302
864 0.22316141122382027
865 0.9620654153161907
866 2.178616161502679
867 0.0956574816049199
868 3.865056357575735
869 2.3520163898424604
870 0.5407332070319089
871 1.0942958622092072
872 4.465240859363121
873 5.523282958836766
874 1.0958159789141044
875 5.853651738666332
876 4.659181762874577
877 3.208891316534508
878 0.3533007742964304
879 0.0648450122391742
880 0.0710962511104928
881 3.265597555201865
882 12.0824980517216
883 6.109879791808625
884 0.01616963303265135
885 2.616312651350417
886 0.7512871130022474
887 0.5664936689958741
888 5.573414371475239
889 6.134701961390102
890 0.05048818402873816
891 1.40297661223775
892 0.7938049384139219
893 0.28513420416612456
894 0.38415322607547386
895 10.388026362106414
896 0.6650638707385694
897 3.684357262383725
898 5.900039840729279
899 0.5878662988096597
900 1.3783418513577488
901 0.9383608459406607
902 1.6918282783012506
903 438.55829895712236
904 0.09533015004482953
905 11.795366473410686
906 1.8190826024789852
907 3.9972734626845328
908 0.17572982201286552
909 0.5873864953895606
910 1.7057718774340833
911 4.557288790309046
912 4.501285476738762
913 0.09984036233046392
914 0.20614522113011785
915 0.8542839158110035
916 74.80791733170192
917 3.068418914697511
918 0.08455642633557993
919 0.20301208389662123
920 1.4991766989107835
921 0.23924005560661687
922 1.0768319127055808
923 0.11649890350927554
924 5.724129705094907
925 12.83105724384094
926 15.829823062579262
927 0.7204898394777406
928 0.6988830829017589
929 0.8593092565715581
930 0.28635282425878217
931 0.7601747696630922
932 3.3088020126088944
933 3.4537186518329617
934 0.7614124472582436
935 1.6212020008678578
936 0.8984095292653538
937 0.3450373462069737
938 418.23620025032585
939 0.08291258602685872
940 1.8595039429415492
941 0.38117500584069297
942 3.9340126902268544
943 0.09280102020760196
944 0.4802748106120128
945 15.771153564572545
946 0.021295656287344502
947 6.097382656965916
948 2.3951502321300375
949 0.0775656014833842
950 2.476632894613205
951 5.608793224256874
952 0.05505469286552927
953 8.190560573539125
954 7.064871352226122
955 1.653508150537239
956 0.4488058322813155
957 0.55858031362008
958 5.77368203903441
959 0.07442013045557823
960 6.434856399399254
961 86.70164958360508
962 0.6790271663498033
963 0.6160800931244025
964 0.0884831992109568
965 38.21028145544792
966 1.071883637504145
967 2.3606918755824986
968 0.43276831482255196
969 0.5919364625765263
970 0.4031517014414277
971 0.25259793852104145
972 0.03495306222982914
973 0.8662871175767801
974 0.359777396666911
975 1.2186970771165737
976 44.428522424923756
977 3.4409660281724546
978 0.7915831327025027
979 0.36017935053081146
980 0.6785909519002641
981 1.9389930070584713
982 0.09718833290743174
983 0.0065973109807741116
984 9.463453612862892
985 29.138142194351197
986 1.4418657230847427
987 21.091465559659767
988 1.3439843905274358
989 0.7029952193763888
990 0.027938417039763172
991 0.5687614208412844
992 0.1903718656403006
993 0.8058902293401549
994 0.326759443916297
995 0.09509665237291477
996 1.2080611820322604
997 0.031710918101584246
998 0.09677799907168659
999 0.06694359920350074
1000 0.06664676026082827
