1 0.4404724204543371
2 0.07597835172659842
3 1.1173762770687667
4 0.6033130078622809
5 0.046665873132389575
6 0.6292394910493665
7 0.3336163456934714
8 26.625449019591798
9 8.951728949547757
10 11.139265520834737
11 0.7780998500063824
12 0.3526455653375492
13 1.8205899222088584
14 0.29784878175180846
15 0.12840827803434787
16 2.1296278322797706
17 0.05460509304938978
18 3.679740711084788
19 29.619802712942846
20 8.98411745076354
21 0.7980778425255212
22 0.6448471663392623
23 0.796574428660283
24 0.31162356520118534
25 2.2230368124885374
26 2.4487001819153207
27 11.194406776365941
28 5.5260097691627195
29 1.2626860416211176
30 1.117970838903681
31 1.0644490021454105
32 0.2007246919820291
33 2.9008100233161453
34 0.0046750108097254935
35 0.4356040844754205
36 0.5490318147658915
37 0.6141689811852079
38 0.49100588619495905
39 10.192019430370097
40 3.4536411757603838
41 4.675843636941611
42 0.25252024990661787
43 1.4739329317350367
44 0.0010979258887510916
45 0.7525222164932542
46 0.22243535006550155
47 21.118392941914642
48 8.473649608543324
49 8.557499819945773
50 1.1849875419638174
51 0.19317147833662435
52 0.5522128974155195
53 0.629440613556547
54 3.708971232047482
55 57.75090862305734
56 0.12704500681978306
57 2.566575726600302
58 16.172327109166595
59 3.551679984731213
60 8.669781413940564
61 1.6799279874960944
62 0.8675105202840208
63 4.786835237018794
64 0.8707286081153903
65 0.2480963069679814
66 0.7781536877406201
67 11.141861430817958
68 0.47618560091148726
69 1.0300548234142233
70 0.5937214604076155
71 0.055580709063012775
72 0.3362159754617777
73 0.035842784955737665
74 17.65060214776755
75 0.3830940699382773
76 1.490868825772981
77 0.30637374893790803
78 0.8583421446485321
79 0.2997660808803325
80 0.40773413554622695
81 0.06556987395932248
82 0.17153756962316888
83 0.005802491474629603
84 0.5293831638395222
85 0.41237878669921596
86 0.8561740263893524
87 4.564835849412406
88 3.4051713209261223
89 0.8743769087150397
90 0.4221352479597968
91 0.024580043743792697
92 0.47868323533115203
93 0.9700049716673426
94 0.05996382459047191
95 0.15585374001116423
96 1.1089843934337265
97 11.691901328260887
98 0.8545632531911136
99 0.5877454786825619
100 5.44675004942215
101 0.88423277468784
102 0.7837809240983966
103 0.5200804137036699
104 2.6611683616803283
105 0.23900675930709867
106 0.9435911558747853
107 0.734864754100246
108 8.525655853784096
109 0.2058871614365507
110 0.21463918404586207
111 1.7393331891829502
112 7.619685249487338
113 2.242183373131274
114 2.2996814969678665
115 0.4173072794810317
116 0.47737043915179156
117 1.6075741038235425
118 0.32065269994080703
119 1.9638877090020903
120 10.936749827970427
121 1.4048988150996
122 0.3508339533746515
123 63.770748280959104
124 0.44077803327938564
125 0.3109399592523235
126 6.435848404807964
127 0.1371499562484885
128 0.09676272570676137
129 3.1430365984810336
130 0.33389166496209954
131 4.846515496408454
132 1.2585649822152956
133 0.09014736749613429
134 0.18458415724929653
135 0.2439115334833212
136 4.333496935363378
137 6.848433826137957
138 0.4291592997189932
139 0.46095690204485085
140 0.21198176429119645
141 2.108726393840599
142 0.2001354373984393
143 0.5984154221767168
144 0.26484983480561847
145 17.48349814562006
146 1.2780387970929352
147 1.262948128311948
148 0.12001795923379337
149 18.600956238211353
150 0.0955679187265187
151 0.19081855568685802
152 0.826571122578825
153 0.511898111081358
154 10.046847733067441
155 0.6710619098903619
156 9.979481546122873
157 0.551557161452001
158 2.2366091138094752
159 1.839213207162177
160 0.7727829294529014
161 3.4352910141320536
162 0.43303351505086674
163 1.7954371258434965
164 118.56071318649535
165 2.8335542522415103
166 5.878515428694601
167 1.483590977410091
168 0.26961640039253615
169 0.029181436863838135
170 2.0646007777794475
171 1.9756260296757362
172 0.08984804323821967
173 0.6286479492527721
174 103.15487323609399
175 0.04189982754042321
176 0.5066732358868763
177 0.29359671224465717
178 3.236315241324961
179 0.5257169495650115
180 4.290469617299604
181 3.2048124217981933
182 0.2838811737979758
183 22.724445813221294
184 1.9329508433703106
185 106.7786532869729
186 0.13010774051207946
187 7.358628913920977
188 0.09247690382003809
189 24.06016879668714
190 1.1300678452257649
191 2794.5081760674725
192 3.0079320429786405
193 0.5559012067707556
194 0.7738025770820656
195 9.800473101229386
196 0.7553290332217462
197 0.07308365987096621
198 0.2966168904369415
199 1.6767561179937236
200 0.4491075786836288
201 0.6491119139436785
202 0.5049231537618464
203 8.070047654319824
204 75.67373180202088
205 2.0398134225137587
206 0.24939867777531993
207 0.21599397307514168
208 0.05503696236210654
209 4.586443999767652
210 2.624506826037089
211 9.10119168259878
212 1.816251616177898
213 1.4359788080441118
214 0.42682238752360013
215 133.06773770859172
216 3.19271044004847
217 2.841715225893728
218 0.1123505472244921
219 3.7809682302326038
220 0.2967370398232862
221 2.7482991790573514
222 0.39202952218722514
223 0.6428057307767643
224 0.0103899796561313
225 36.82003770493284
226 120.70476171703305
227 0.8450989160869988
228 2.1953646886087155
229 1.0035394963856599
230 0.231214607640359
231 0.6194914057897509
232 0.7160194184500391
233 2.9427955694526156
234 0.05573564412186091
235 0.5115197850465844
236 0.23867271925672295
237 1.3561976896195498
238 0.46659992608368617
239 0.27072428200507276
240 4.02080542856503
241 0.1391284432611019
242 9.472263648067916
243 0.6238061867557438
244 3.2454350437404327
245 1.2259035163039267
246 4.963452036930245
247 0.18290283429555748
248 0.32533188428930004
249 23.08496099505774
250 2.6591257608665355
251 2.767082751527502
252 1.574019727816275
253 0.12555332436340325
254 0.43116534760813713
255 0.11521981715027708
256 8.775497397561756
257 0.20583831698845045
258 0.14404048228803995
259 3.735453196287141
260 1.0329262781826212
261 0.8655320535638861
262 0.07812528540177284
263 0.37217162862059744
264 0.9652680828297519
265 6.73171115059849
266 0.07891640972566687
267 1.273517992303566
268 0.6643827356935
269 3.8188094410276037
270 1.5644407415863562
271 0.05689587101878379
272 1.9755343117700999
273 5.095717446069361
274 2.303912108082418
275 1.1009118971088072
276 0.7575072528266406
277 0.9486447574001178
278 10.23465079957182
279 5.255548798844237
280 2.8033469611437223
281 0.5278569322082939
282 13.268042221560645
283 0.8719859078585197
284 1.6418170334160913
285 1.2793727060450633
286 6.562919516975752
287 2.7896730937118344
288 0.8653596199756017
289 30.109021000513213
290 0.06301468171849316
291 0.12591549730947843
292 6.107004869598419
293 2.225226377667022
294 0.3563774284231123
295 0.3434989809347256
296 0.19096377622643745
297 0.07089933450558783
298 5.401822259438268
299 2.4506389982436954
300 0.10201652679634984
301 0.7967568011796919
302 33.390827721185296
303 1.3668425814614629
304 0.5340126695526279
305 0.5819365137535008
306 0.16081347853211864
307 5.443565675490915
308 0.10996959035357168
309 0.2552045296124283
310 0.28019268124219343
311 1.3744152263975247
312 0.338197767735536
313 3.597024486689539
314 0.32504731768921485
315 0.996024809862523
316 0.2965644099113532
317 19.78284967419064
318 0.7572677626431233
319 0.9028895853899398
320 1.447126990242598
321 0.42976980761163786
322 0.46280556795379285
323 0.6490932272865726
324 0.256537329900058
325 0.2051289993696994
326 0.3942048219725513
327 4.392037736649295
328 0.54814639387838
329 0.17805594801124203
330 1.4122927757144748
331 0.8546876324303374
332 0.9600547552739588
333 1.8983386971256344
334 0.9411333966777544
335 219.56974074526215
336 1.857437381046111
337 0.3840090920143004
338 3.213343617690485
339 0.6504219747142999
340 3.0699284039604686
341 3.527271128344992
342 12.271659082867272
343 0.9637772482981076
344 1.9863489155861966
345 4.045185554672325
346 1.1509990689859082
347 1.2469057034186541
348 1.4020192796375044
349 0.9435351334513276
350 0.7443558161878184
351 1.1715799320708544
352 0.2795129491280972
353 4.77072409910758
354 8.034516630865598
355 1.1179101379361307
356 2.852729325726745
357 0.16270110694112852
358 0.7505643222083406
359 0.8217866011650149
360 0.4249411029875567
361 0.2772326537233588
362 0.02940384018082463
363 0.35261521295278414
364 0.8482824459164449
365 1.305675285856785
366 0.24124254717947377
367 0.11668161226351498
368 0.5470034829812955
369 0.06040929401197458
370 1.36995020843754
371 1.5316886570608172
372 2.702781455412188
373 1.9035998696168088
374 0.5140400125869848
375 0.3036806252842584
376 3.5982961413349823
377 0.0015503776644069417
378 0.8395198289548309
379 10.70502338283025
380 0.011092752695805666
381 0.4282879066924013
382 0.06938616211802721
383 0.012804799916786392
384 2.1647259375869665
385 1.2708864388194123
386 0.11637489300372802
387 0.5420276675028511
388 2.3659369903354186
389 1.7297001880775862
390 81.38014763887881
391 1.5626463613422705
392 0.1816990854488024
393 0.6725765084070516
394 8.964675787772375
395 0.060661763067437396
396 0.11371559985492052
397 0.007090396919663106
398 0.10872474495598027
399 5.886073348638977
400 0.890512188298503
401 4.273658602766521
402 17.63924826614655
403 0.33605734528599085
404 0.35719429522397933
405 0.1748945654300092
406 0.4444509173565363
407 0.291127661073791
408 2.641232589089748
409 2.573731910348855
410 0.5003403426286281
411 1.359024202648393
412 0.014634304466875287
413 83.22228449568776
414 1.2264496598457009
415 0.022984996634407957
416 2.596811697893423
417 21.281554048367653
418 0.07753291526968205
419 10.283727058501498
420 0.1008621412211365
421 4.791494386181956
422 42.09519016903709
423 40.64971380623149
424 0.5493613537429503
425 0.2546918589046203
426 3.5867130744151843
427 62.435211139251514
428 0.31648518906806083
429 0.7003907253118833
430 0.07217426270561211
431 0.6416653757815239
432 0.33846477068469577
433 0.9249592752877727
434 0.9141913663481405
435 0.6380122743097366
436 41.41104933254112
437 12.292154664285281
438 0.006288066569120767
439 0.624102550629838
440 0.16504086823690567
441 0.7247563488252338
442 0.6885166294724253
443 0.8111908086117394
444 6.488982863823748
445 6.433013506610827
446 0.5834015063809107
447 2.926446304441796
448 0.7667740957115635
449 23.37097177944921
450 1.1791455873695655
451 0.0031158660985121742
452 0.9835230246167749
453 6.767229830955282
454 0.2229997139980875
455 9.085280549026923
456 0.0878786221768145
457 1.653342102412012
458 1.767850220877666
459 0.7992970724334258
460 0.049796690981359006
461 0.8541250613230138
462 0.11764203744479518
463 0.8123061676198757
464 0.5555310275711592
465 13.624091624746166
466 0.7381952490864814
467 0.16811016686838556
468 0.6542088013736004
469 0.08680638809346292
470 0.47624094928419103
471 3.031062544608743
472 4.559486759837947
473 3.237894208388776
474 3.379746616333184
475 2.1453322564972295
476 1.7000396678685454
477 13.495141982037708
478 2.893333022348866
479 0.5162473893259868
480 0.22938752332254903
481 4.414555658460325
482 0.04323425858082237
483 0.19060277708634804
484 4.448830731272153
485 0.43040821690887193
486 0.043303420938332546
487 2.1275084866279177
488 1.7441178047159365
489 1.3528585963217363
490 0.24533180373860358
491 1.5020464978885735
492 0.22640611758167192
493 0.23192989814470652
494 0.04368317207525775
495 0.2444054830654848
496 0.8972179101998905
497 0.9987134292630111
498 0.26814377182870963
499 0.1129699772562328
500 5.64486767449212
501 0.28772746197152155
502 0.7541635873127508
503 7.92601503714156
504 2.723241746882431
505 0.788783382486004
506 2.656431494367129
507 32.38215280518518
508 0.998622238030312
509 0.011945025385483655
510 1.650694566281268
511 0.6750253724440984
512 7.478491332769893
513 0.08244559281349867
514 9.297609370409416
515 2.7562470665692023
516 6.735621146714998
517 0.7464406425647832
518 10.832908778286543
519 1.3653909036522456
520 0.33513902792323147
521 0.11891705356021132
522 0.323474750943789
523 0.668807521494683
524 2.120477584292821
525 2.9429033987020325
526 0.5397705059419318
527 0.13113347126475605
528 14.91983837646503
529 2.7177536180952284
530 0.894316355833745
531 4.486643229184358
532 2.659761259835202
533 7.070745188892711
534 0.32786474379815433
535 0.3906208720509835
536 1.7009292290703129
537 1.5683672181877881
538 1.9493046134338456
539 1.0143623667917965
540 0.30517772743347626
541 0.46872311638516984
542 4.973557716115148
543 0.5130183832179269
544 1.6094947168955724
545 0.33207614272312896
546 1.8524221240349117
547 1.1151354604698038
548 0.23506526313446102
549 13.298303444732912
550 0.14382498096424484
551 0.9736394614036762
552 0.42680853138426833
553 7.470171477562558
554 0.2389217286595919
555 6.870868872262656
556 1.8840047641183442
557 4.720339262035774
558 4.842631959271251
559 1.3137687516085987
560 0.10596075958902668
561 0.09693875248539063
562 14.861620314260916
563 8.480628123442944
564 1.7428324378096638
565 1.8721773532029757
566 0.20783531981209621
567 0.08045744008884108
568 0.9330029799421256
569 35.29877228989547
570 0.1492715509868913
571 0.3513208826176359
572 1.812047636587936
573 0.3207224905449333
574 0.11220254092568714
575 0.08812660031473454
576 2.215812397781815
577 0.8166655672992694
578 0.07685508770864147
579 0.5148359513862046
580 0.8770758861006535
581 6.252494255906193
582 9.516954645233124
583 1.9226478043602793
584 0.917455097038132
585 0.19848408616462396
586 0.46144443023575304
587 3.484720548376867
588 4.411806532432784
589 0.22414889254225218
590 3.1183184609378163
591 4.2553457223591495
592 1.8747201353383232
593 0.11236800170740496
594 0.11348151015867844
595 0.032114306339250165
596 9.884559284897069
597 0.2518244406412127
598 4.05889110015018
599 0.6334836472532261
600 0.23386154307878398
601 0.4013556222996151
602 1.0800604727588605
603 19.960836990795507
604 3.3961373999486892
605 0.04437076306137371
606 8.83238043826208
607 0.4857133456861003
608 12.787687402470633
609 0.23593167105131252
610 0.45582299200634796
611 0.008972589836243492
612 2.348362549147309
613 0.31007672350481885
614 0.00653278729007354
615 1.0092997041747132
616 0.010928685100923942
617 0.3852377756375907
618 1.7235872413198459
619 0.682720273673644
620 1.2874279606615302
621 9.875368458534235
622 0.31254865256936176
623 0.08546356263290257
624 5.610715661170644
625 14.936326356321208
626 1.5942292246348675
627 1.5748884746913656
628 0.5269184748852581
629 11.928060748243412
630 1.6075355574879369
631 1.985053451205184
632 0.29612103465055056
633 2.9824462306230557
634 0.7774187568542424
635 30.258770311985028
636 0.14555513548517343
637 0.5477279190655898
638 0.13353269464602793
639 0.21302210239682048
640 0.8938977025788672
641 2.2306872576369443
642 3.9693360795387966
643 1.6750875298364465
644 4.605111702281111
645 0.520780504835666
646 12.60579996867401
647 1.8914821563150654
648 0.1376222019364176
649 5.43400492528475
650 12.168565132567345
651 0.20715084500884434
652 0.01974552220866674
653 0.45716871194197134
654 0.40406344519722637
655 1.0981560813410325
656 0.018322531942879982
657 0.9778751537155049
658 5.6012599688120615
659 0.0033974060441840656
660 0.30458818661943704
661 0.2876778303338795
662 2.1526728153268087
663 13.67660669038915
664 1.1494890367760335
665 0.12213926184998254
666 0.5714334591900627
667 1.8007002047280334
668 0.3289780780582546
669 0.4676973763443822
670 1.590393087837402
671 11.279785077061259
672 10.14908491371916
673 1.4773800109262447
674 1.2208000887177435
675 0.022114983906217137
676 0.45638409663009966
677 6.253875314951089
678 7.454812585419111
679 0.9607401841013669
680 2.913390209236053
681 0.05140028618007203
682 1056.3502501433254
683 0.03977689866193624
684 2.1657848404883864
685 2.76565040274856
686 4.506847511988665
687 0.29879324493394854
688 18.544222307378554
689 0.012149268319358109
690 1.1154139671020824
691 0.1711452350145783
692 0.5099530534655002
693 4.209730485535827
694 0.2341296569778912
695 93.42321785781964
696 0.26290183925479094
697 0.12305968933230865
698 1.1647857964485686
699 6.730440390214083
700 1.2389004373082622
701 1.2758388933671503
702 0.9503265302857355
703 0.04632237900414775
704 0.49651766786575846
705 3.643276888054475
706 0.7336369341046868
707 64.79700540017649
708 4.997051057106926
709 2.4248919983811983
710 0.2459340228535851
711 2.1314858956043032
712 4.606505570126379
713 0.20559411413141815
714 8.497421339398791
715 0.6336223044251255
716 34.17783639621123
717 2.0716072142405317
718 9.502802565602911
719 2.279460522647254
720 0.5729560926963007
721 2.32479992176095
722 0.4754184514362338
723 1.4169079982716126
724 2.9074526946764503
725 0.1643783757133259
726 1.0561714151580188
727 0.08291164237412044
728 5.383961042276542
729 76.18785537331861
730 0.8188699555504552
731 0.5578067721162789
732 0.8098521051231243
733 2.2395807060526662
734 0.6427760743005454
735 0.2887130792764541
736 0.04098406455606899
737 1.6466921531164793
738 2.109220634396177
739 2.6862599249523873
740 0.04967113131621739
741 32.92141737336606
742 1.2053668455858
743 2.2964362743247437
744 2.9231921831763077
745 0.8926721511649813
746 0.23972143974350243
747 0.12267962530876857
748 0.5060363739507393
749 1.1241874501815803
750 1.2460786239733337
751 0.07729866175245567
752 0.3619946823561415
753 0.026777372390172496
754 1.4024412316084418
755 7.291094316667287
756 132.22497696543678
757 119.65285083888679
758 2.005781219588465
759 1.2663966187809381
760 2.0503845472857587
761 0.7707211341955733
762 0.5229435214931732
763 2.7143570362976472
764 0.36117427130962493
765 0.5283692871169406
766 0.7351038844640726
767 2.56295243727513
768 3.234005280884752
769 0.28128803143937103
770 15.300445042575927
771 71.66892855848157
772 1.8939888359329693
773 1.583510691127679
774 2.1471466521308704
775 0.48127173766747305
776 0.08538648526103246
777 1.2289658753985793
778 0.7675884751239969
779 0.7791702097087582
780 10.953618487146308
781 0.2708844257175926
782 0.023443623376052533
783 0.43256128191669774
784 4.338340273276195
785 0.4567792309838754
786 5.317741640206355
787 0.33392326979156506
788 1.2495408264851746
789 0.37654357545336703
790 0.7456400104375127
791 3.588610329128886
792 0.6955259917148322
793 0.16663172172292917
794 0.12388849295181578
795 0.4556589202869224
796 0.06866680131174908
797 0.3520470135878286
798 0.24580078243652262
799 3.1930057866751267
800 0.36647223298432574
801 1.64427205605398
802 13.209998959025118
803 0.043696261871467953
804 5.116252059777165
805 0.7844153824537833
806 0.12162753022627633
807 1.5290153567070919
808 1.3377017094975008
809 0.32458493416323264
810 0.45250803669582773
811 3.0471961422846277
812 0.9707441303845572
813 2.5147548296099758
814 0.0831647700066024
815 0.15463359915951488
816 1.6477500619119934
817 0.3372913845306583
818 0.7351299652941171
819 1.6763781293912077
820 15.89628415294896
821 1.181254687646025
822 0.03431595148131753
823 12.85727516400445
824 6.497374821735533
825 0.2004546375879812
826 0.5711311574705796
827 10.756494514497653
828 0.9145779618665283
829 0.312682856047048
830 9.23532534114631
831 0.05408329411128679
832 2.1915966199803423
833 0.5982700894088878
834 4.331075348335641
835 2.0431779800258667
836 1.485101972718476
837 0.15698451754915924
838 0.8760796057283573
839 343.4143907614826
840 7.285677022956169
841 7.7605205916693265
842 17.859530838485412
843 0.6050402530999583
844 2.065187238746332
845 13.942089900000296
846 0.02083953294027416
847 4.0708298429834375
848 2.2387930944538983
849 0.9673348189814651
850 0.19216443533114752
851 0.19200183323834025
852 1.4101011422799443
853 9.673955113232681
854 0.056269823344339595
855 5.851884925823791
856 0.628939578071161
857 0.3075218820321831
858 0.5117029896345648
859 0.7298378800446789
860 8.622165724149838
861 21.20465238404338
862 1.0387487218588916
863 1.4032858122418082
864 1.4294530981655065
865 1.8376514407179003
866 4.78070688836652
867 2.529663550895338
868 0.31413719005848995
869 0.6366119843764072
870 13.394947710172868
871 461.910559027628
872 8.360197219880254
873 0.5403548572243486
874 0.06781860383251519
875 3.062563051918589
876 0.11334425162908475
877 0.6258972136287949
878 1.6244844563216285
879 15.420829791240784
880 0.9061397638957793
881 1.0298727134558945
882 2.6904160425080237
883 4.1435203237578175
884 0.19544977337668168
885 0.7674852285369534
886 0.9639112545648046
887 0.003611868021783522
888 0.8629782347873374
889 0.33054906650394655
890 0.6990538277572296
891 2.284399668960322
892 0.48216851884816897
893 0.322402224999335
894 1.0682253872824319
895 50.34339325751479
896 0.3282889288007157
897 2.153206919886764
898 0.3266487532587565
899 2.3672358246775653
900 0.05318832930418732
901 0.3271522836801201
902 19.081236703556186
903 1.0559576996945708
904 0.4921487070022723
905 0.003941283639242006
906 2.620464851806606
907 0.33066755598192554
908 4.334054518015426
909 6.461291469705834
910 0.05422102321777472
911 43.163308276258086
912 0.13901981273801414
913 0.9809309648747745
914 0.6436608140079334
915 0.40133696106570804
916 8.516252532121175
917 0.4860161811606248
918 1.6620525756772233
919 1.391774886509141
920 0.47223917207316995
921 0.4374568459091469
922 28.077976801434524
923 0.9993987227419029
924 0.4101088553451463
925 3.625531252572311
926 0.02431724978032977
927 0.0533857709189949
928 5.360340975263084
929 0.2487501152376615
930 2.0272371457220206
931 0.2522299494292935
932 0.5228775292701446
933 0.22352604380560387
934 3.768740370485994
935 0.14754232665670725
936 4.645943568881189
937 13.818116549261024
938 0.0916764303057575
939 4.383777584397487
940 3.8124361915721328
941 0.031895537001526156
942 1.4866010272172847
943 0.4836257532464728
944 0.7419823846827459
945 4.110828992801263
946 0.04518199670799712
947 0.7008388031375844
948 0.2571342764551822
949 7.406605751686337
950 3.197869543575696
951 0.6416812514036665
952 23.595248351342622
953 20.331582119469633
954 2.3661579901611303
955 0.008779259284345432
956 6.093185300483389
957 36.03668617442023
958 0.8080527386890406
959 0.029277050276290628
960 1.6716876086216979
961 0.8733370252789727
962 0.32605076652105536
963 5.1734711808573834
964 7.1320613267732424
965 0.3547750946830367
966 6.740522435458363
967 2.672367022650254
968 1.0319747518264983
969 0.23437394044791493
970 0.03695493059906636
971 286.08553590195413
972 8.573972515930645
973 1.7347101679725763
974 0.7049042404799258
975 0.5024118900017497
976 4.0091902650057145
977 0.8419379463173166
978 0.6722210932705237
979 2.502542844918488
980 0.15411438995594523
981 0.9680131747172389
982 1.089691614565071
983 1.9237437071754637
984 1.3784423836229176
985 0.015110320283681162
986 0.7422340149348583
987 0.21286101873486907
988 27.26292658891906
989 4.271424110508246
990 1.1918686213664218
991 0.3900661681997888
992 68.38571948140304
993 1.3555462104650726
994 0.3254765265041615
995 0.3012742871598591
996 0.14093840087767548
997 6.3766296886770375
998 0.3439627594139565
999 0.5750810175131008
1000 9.951147388402086
