1 13.27799002170404
2 6.677543424443213
3 1.1848856209078251
4 6.309966264373461
5 0.9300500045380573
6 12.61520883682345
7 0.030204184707219913
8 0.9346666055056562
9 0.7332189477370764
10 5.95264364197328
11 19.75366808560143
12 0.08159098283277276
13 0.025833986845397627
14 1.3546743935363192
15 1.1940163334717506
16 0.5366713597690714
17 21.284944341094274
18 0.7704789628750495
19 0.2031598129330384
20 0.49370280325724814
21 1.135015957779466
22 3.0050850247774856
23 1.3017869204774712
24 0.24661741718335242
25 0.5031538334927989
26 0.05436914651459144
27 8.791039641030927
28 14.722380871535792
29 0.1692413448637157
30 8.38097948649248
31 4.280723225005472
32 0.15036781982208958
33 1.13864218506657
34 1.6024452463126728
35 0.15061049026331552
36 0.30058317857055794
37 4.427560374943193
38 0.3408287608038418
39 0.21866790248658477
40 0.16536522022520792
41 3.2193369186929854
42 31.04920400208472
43 2.7510222125674524
44 14.759859932053683
45 0.3177948395876037
46 14.870101570225948
47 0.5801974026865678
48 0.3331500666059043
49 1.719212843549921
50 1.1739111612586022
51 0.5803729438995164
52 12.86798352959266
53 0.3791335310220255
54 7.0577880407480915
55 0.7961616273276366
56 2.0784581937199804
57 0.3604348090332067
58 0.960337936268289
59 0.2888839644896249
60 2.759708449025723
61 15.287445258690903
62 0.26216929454940713
63 6.00610825876913
64 0.6818250796296719
65 0.4613692739541101
66 13.402572200988649
67 0.33967518956831066
68 1.720012410670785
69 0.09945240977471563
70 0.10246042993165613
71 10.874162894699724
72 5.235886941869284
73 2.080508098711804
74 2.9038082896477193
75 0.6925537278668924
76 0.677002396937284
77 1.65028795387036
78 3.076397968417369
79 1.6913571953371587
80 0.030314328942877528
81 0.034384102118482314
82 0.1116354541129655
83 1.085158946294623
84 0.4031517170906772
85 0.36198115734136527
86 0.037658818377787805
87 0.1945546847348007
88 0.5764453769505272
89 0.7988391176156514
90 0.42034961250312813
91 0.819576199837286
92 0.2952068561688346
93 0.34823240659271515
94 1.1028885125419658
95 8.647362350104544
96 1.1164929520123632
97 0.47497839580031953
98 0.7639963373854812
99 1.390356532881015
100 12.637119672985245
101 0.10449910547032762
102 2.552252818064882
103 1.100113656901135
104 5.89647279114745
105 3.271821805258864
106 0.7637250518552476
107 0.915101272876314
108 0.9844993290199217
109 1.4333079277934413
110 0.21797189675906473
111 0.6766476662738155
112 0.18390428289552674
113 0.45220623854689623
114 2.321766057057988
115 0.1471221679018789
116 0.2743015161817069
117 0.25628902722199437
118 0.14738651809562536
119 2.9810813193664476
120 0.3182549757482427
121 0.23581079680071707
122 0.03517933542285358
123 11.091132004686518
124 0.12386241553185659
125 0.19268261375853132
126 3.797796411915029
127 0.7664848052605658
128 4.067858920886904
129 4.450507468130968
130 1.6344243365841107
131 0.4030608719141652
132 1.4505872012901189
133 33.895304074406255
134 0.5898334907995713
135 3.5398508187509066
136 1.2616326778565918
137 0.04092623639206298
138 3.6133024112477568
139 1.394970088976588
140 0.02186762045101918
141 6.863556068397373
142 3.6454996552415295
143 1.2856031561938215
144 0.3673744117395862
145 13.537832756971497
146 0.3094824820107483
147 1.0353309461049296
148 6.888167637644601
149 0.19082796079450867
150 1.0605097631903144
151 0.9179268700958231
152 0.526967378327889
153 0.265116353463978
154 0.8725479966388009
155 0.039486844274245834
156 0.11863688544429356
157 3.3923685728545534
158 23.84055785190731
159 0.6464502039170019
160 0.7781499374680162
161 0.08401969964435452
162 0.23374097479603861
163 1.0166101921016089
164 0.23331749459955864
165 2.0620844124648223
166 0.6590392423699587
167 0.18811024674778923
168 2.1002579802391415
169 5.659527061257232
170 0.21743915932506586
171 3.243832534969118
172 1.7020376884057253
173 0.015182120696838403
174 0.9511206814095539
175 2.9375345187636626
176 1.317377228573884
177 0.21866189379194648
178 0.03670003900770303
179 0.34505654846195205
180 0.7243605785132107
181 0.4938548923405932
182 1.0216716022128605
183 1.267040380474304
184 3.8860880456256943
185 0.4337816205674113
186 6.4885102428858845
187 0.3966990575099292
188 0.14822357906878356
189 3.10989859993757
190 0.3309262146947786
191 0.62015630904077
192 0.06391670276999378
193 0.6658170884265295
194 1.4503980149639228
195 0.7686832847163516
196 0.4667743841424868
197 0.3244544403256527
198 0.05103846003654366
199 4.281025955589768
200 1.0982556709372735
201 5.758989698977626
202 0.47212013793467084
203 5.2843209321936
204 0.1319337259735992
205 0.14719709553973054
206 7.70293930989382
207 0.8197840876733121
208 8.085129264912549
209 0.8522987963500543
210 0.15762738447979815
211 1.6929693869914655
212 0.7635706783027986
213 9.131025474843552
214 3.557188552813472
215 0.19872113449458226
216 0.2621861834412007
217 0.74119621191994
218 4.906550216567464
219 5.215717937231054
220 1.206990146211805
221 3.807214936053091
222 79.06661771325294
223 1.2948017409815056
224 3.5299475810577707
225 27.454313419358133
226 0.006165923099255549
227 0.07400549263193647
228 1.138210890391437
229 0.09226981482774416
230 0.1439232684042991
231 11.983124511290013
232 0.36170174259938875
233 0.0606882078891465
234 8.664464342279562
235 1.696241645269635
236 4.321953392028464
237 0.13056047327346149
238 0.07708607446668188
239 0.16457367095205944
240 2.5124509683970446
241 0.525974075754791
242 97.64878108011402
243 3.066127384742911
244 1.1136024307538535
245 0.5645912315287701
246 2.383114631839487
247 2.5015701114465485
248 4.235729088961666
249 1.8731126562173048
250 0.5181225780158413
251 5.07961364425092
252 0.4206746159458189
253 1.1409291772267067
254 19.498081081162987
255 5.15861901483585
256 0.6005808757057359
257 2.307257227587794
258 3.940273365520627
259 2.660703858863028
260 1.6707118344274976
261 0.3427835572525999
262 2.3398094655234245
263 5.096180438589275
264 0.9791945569538792
265 5.523377337663546
266 0.007870730553654963
267 1.666719267306699
268 0.06696103045019339
269 3.649369580336679
270 0.7722068857233947
271 1.1465769498394687
272 1.1441448298017858
273 12.874449393439376
274 0.3014259839758472
275 3.272035921554588
276 3.2746637848800417
277 8.065466905522143
278 0.5790998677276026
279 0.01320168402213959
280 0.6691846976759007
281 0.07511981139574506
282 2.8649644814574793
283 0.5972912855002257
284 3.3900611717624587
285 9.002942641458512
286 0.18286648206284317
287 1.6731042731842698
288 0.1469315255032573
289 5.01776895182246
290 1100.65529178903
291 320.307674524678
292 0.17066307282583307
293 3.748775262372251
294 0.5799715135157085
295 0.013802470962247343
296 0.33926284868429674
297 1.760145203658394
298 4.480657748386255
299 1.922004741859344
300 0.7608703445484893
301 0.12930676936251903
302 2.055518302102955
303 0.5540112691594913
304 0.9281362761733178
305 39.9866127544499
306 2.80343259843958
307 4.815936732751313
308 7.030647242146567
309 0.17837987983865983
310 5.521445091244374
311 1.9147723382714739
312 0.08254621680303272
313 1.174603728980449
314 1.140098222100988
315 30.501162679744173
316 0.9441387373651591
317 0.10853344799252415
318 6.2318797858897765
319 0.10991068035160804
320 10.48304939547722
321 0.0577530280148648
322 2.1179366303151084
323 51.90439726050985
324 0.010728069843144821
325 0.9767583244941648
326 0.08451812488865228
327 0.36569940365032155
328 0.0972025101285376
329 8.32562083545001
330 0.00475794722442982
331 2.177373345995826
332 19.27647115964305
333 3.01743435270633
334 0.17492122586460943
335 0.9117169360890978
336 0.37109431320213926
337 0.9637870613346393
338 1.1127614105769037
339 0.19684895997070548
340 0.017419431110123697
341 0.7590596812387214
342 2.9360351279776515
343 0.7136085323028085
344 0.06370701530147634
345 0.0031937422152037917
346 1.661580010011601
347 0.09226584100095864
348 1.7569798512773682
349 2.263371899084544
350 1.0163330382939464
351 1.0114294563584822
352 10.274979915249363
353 1.1714582529508657
354 0.048351918827462294
355 1.2216226275693036
356 0.04504691469110881
357 0.16292185621096755
358 0.12773460964652172
359 22.251714527897047
360 2.7640331222325756
361 6.277466183744369
362 2.8203321981688596
363 0.6768647428823519
364 0.04586905867723268
365 0.11486612727392147
366 2.365406656077928
367 6.014943869431583
368 0.17033707135119783
369 0.9977002306497871
370 2.647159873124552
371 0.6648004376285515
372 0.06987239984440811
373 0.5136174724783166
374 1.6101451932246758
375 0.18446200463511142
376 0.5201626329440214
377 0.5381281333464392
378 530.0913778213124
379 5.6025776382967525
380 1.3075525136024
381 4.046277854027233
382 0.5246931825127757
383 0.634140678124305
384 1.8994851067883411
385 3.123428327912274
386 1.769602361359673
387 0.5216535364973229
388 6.019652681411311
389 0.3874272663348113
390 0.7924428433476481
391 0.33051186472941724
392 0.5185024647619497
393 5.817484158345332
394 1.9958174694516402
395 3.894032511326394
396 0.24776647876974278
397 7.570246996857917
398 0.7924703692307637
399 2.24990442053985
400 0.5881649073506499
401 0.8291995462106891
402 0.8338203566310725
403 4.015293463705469
404 11.264969356959238
405 0.4799000696741359
406 1.2905290028039373
407 0.09459058257559114
408 0.5521797182851123
409 0.04208228909069753
410 39.04129744194575
411 0.013551026112462752
412 3.2274802595338965
413 0.5386316251778704
414 13.424886342041075
415 1.1304336624523954
416 1.0109813390140194
417 0.46289441166090045
418 1.034294285786692
419 1.1128723823728845
420 2.0748424309607425
421 0.8530088158877622
422 6.2102532802703765
423 0.26129585957574974
424 1.4885392372735506
425 0.29435253627120755
426 1.638416439977507
427 0.0725048251194743
428 0.09756954432489204
429 1.2360337998892812
430 5.919377231429572
431 1.415572542214607
432 1.541265193028758
433 0.012186131470954197
434 15.416599205862656
435 0.47262041589823117
436 0.42394993245902457
437 0.5787662045562788
438 0.5181290803633144
439 0.4129423465893333
440 3.7490055712305086
441 0.6273683161697214
442 7.688042542889453
443 2.1657873777455423
444 0.7366326990836475
445 3.5837146594657323
446 1.355247181184325
447 1.5855378521488759
448 0.7415309659220192
449 0.7632930205361993
450 0.05828109024341972
451 0.38253901645894317
452 0.11082455311745154
453 0.4445890549688935
454 0.13211302129606964
455 0.3963930132789765
456 0.07660033269204777
457 38.26839883179837
458 22.248254079134867
459 0.87735995491519
460 2.727583027521519
461 3.388886381295589
462 2.315573727677603
463 0.9743954014106025
464 0.16428636092010934
465 0.017633107047642482
466 0.7155871302854606
467 1.2117506583217728
468 4.990583713624647
469 0.362962154163939
470 0.6151161741782214
471 152.46822379050093
472 0.5530506232605635
473 0.14106448957233161
474 2.5956677362919383
475 2.9132776042321913
476 40.70617909389568
477 0.017299857102772705
478 1.0560049538321035
479 0.9220463241156277
480 0.7901352871924338
481 5.8859643547064175
482 0.3364082511766061
483 0.7765197067271913
484 0.5046842204893657
485 0.2997181265337161
486 0.14743650131099265
487 1.2938817716078466
488 0.8196211753924743
489 16.018020811193264
490 0.7627016893636865
491 1.1552676090503253
492 0.13472069101387515
493 0.17042074215316366
494 2.9055473437715382
495 0.10575671183380629
496 0.983769438046371
497 11.886930133688734
498 30.718377621285185
499 6.732702030428045
500 2.1590012395025067
501 11.444136932685607
502 0.953476252505721
503 0.2800992957941922
504 0.2989430335968009
505 0.25430763041839327
506 0.21450022819335648
507 4.081554207112503
508 0.23414427372198757
509 1.81576698340235
510 3.7763198329228542
511 0.16217385205892287
512 13.51829732086527
513 3.574672627207221
514 0.18066002728438135
515 4.8323360949391185
516 0.8214670832060279
517 1.0748998774922516
518 3.9626477242156732
519 0.16338505931768985
520 2.424517432238878
521 2.111764678987209
522 1.2184613854954038
523 1.0401820262551107
524 0.7231345652760105
525 2.538692655554376
526 0.9477506556216098
527 0.17357828489735322
528 0.36558803230316445
529 7.2159811249826245
530 67.79820934118202
531 0.3113466498851503
532 2.736703629279736
533 0.005261710610589098
534 0.519931706526412
535 0.33359112833416765
536 2.767080983372593
537 14.60991803990254
538 0.30258844572353255
539 422.3819778255993
540 0.4663006468407178
541 0.6394233467967094
542 2.7610959432003943
543 0.9573114482638602
544 0.395563792657804
545 8.511336872655072
546 0.8530573979529308
547 50.419025565090024
548 3.3925791393108473
549 0.5012852537045955
550 0.5046029377516208
551 0.18286309758280866
552 1.1945765553397827
553 0.10034390743101299
554 0.055515693611845766
555 0.18677266868989406
556 0.6263238877831862
557 0.3845282028075672
558 0.04549602334041498
559 3.514308831047536
560 1.8430670060652354
561 0.08217985562279745
562 0.07959886936926386
563 1.9413206167266939
564 0.927815186502644
565 2.213568844138887
566 2.0668302812596475
567 1.496693715363464
568 0.049151450628917126
569 8.052991767885526
570 0.022052442491148856
571 1.04888450246464
572 7.010497682424856
573 50.35213000145864
574 1.7138396078467009
575 0.3485653106869024
576 0.7316693086167018
577 1.256131831777076
578 7.271976744882129
579 0.3032601344661134
580 0.2986123753706087
581 0.2041644746987412
582 11.836482032014182
583 0.38093419402061646
584 2.0278980330141443
585 7.142187417174218
586 0.5994157789906611
587 3.2187766246474916
588 0.11315316930326799
589 35.72203398867935
590 1.2563251076037965
591 6.1829023208902205
592 1.4538126933283446
593 1.6814667905152243
594 0.6743938240147658
595 0.11566492051523627
596 1.8756180038872314
597 0.04453403284653108
598 0.7246320529585462
599 1.474314843239216
600 1.185468158171912
601 5.098360854487473
602 0.8807811713701194
603 0.03325775994554471
604 2.560474132495318
605 4.507077726503641
606 1.1549302985316288
607 5.508834837892031
608 0.06349122779564291
609 0.9263274616094453
610 3.9637826283775563
611 15.544957224924058
612 0.44688415838923135
613 0.53042759031946
614 1.2585935871616005
615 4.757702070984072
616 109.19239541286458
617 451.21008009067106
618 3.6174421488513997
619 1.554887235159498
620 9.264356434883993
621 0.4144131296601479
622 0.44857601809729314
623 1.417041840249534
624 1.3335494794377505
625 9.225119107696363
626 0.7005694390377117
627 0.43536259959304796
628 3.359898001131898
629 0.034981566829873134
630 26.518840942600928
631 0.17413355649261444
632 1.503691134318819
633 15.086699630981249
634 1.26893206469928
635 0.8810460161628634
636 1.0521222567941533
637 0.004005957590933593
638 0.1702008220892714
639 1.490409020104754
640 0.6564672291209469
641 0.7835116339291243
642 0.8112997190714422
643 1.0677382406596447
644 0.8254711479651711
645 0.0023651315492136237
646 4.437844408495618
647 1.1547681515452486
648 1.7855158714255948
649 0.43331343704747904
650 1.074290014048224
651 0.4359875576616427
652 0.20175736837560224
653 4.5421379099723
654 0.5929249008207044
655 0.2188874822592195
656 2.02760699291521
657 1.6478546920019843
658 0.018247181321430262
659 0.2750384974699023
660 1.163772061514842
661 0.057753366225794384
662 0.47796725320663763
663 2.424181102133915
664 0.5339823369382822
665 2.2715620352309602
666 1.118983664654894
667 0.21070920656674405
668 331.8194258044705
669 0.08517074489880541
670 4.313054286926788
671 0.4543864701171087
672 10.428091265767623
673 1.8323938153821782
674 0.9476513981416396
675 0.5009810079768238
676 0.2805907448957931
677 2.1847713134410496
678 1.1517522493190795
679 0.14524436328205698
680 8.081672471499093
681 3.383647325502527
682 0.31481903050296145
683 0.18794035938205025
684 12.744396148489859
685 0.02012706133631985
686 1.2697981875082014
687 0.03773929605016237
688 3.161911310686864
689 4.493364201684301
690 3.3284227519567495
691 0.06894985802851601
692 2.6518764403554007
693 2.422131782804258
694 6.641651373490663
695 0.5060527032248634
696 0.011589359243964826
697 1.6533905681281333
698 0.09622028924671862
699 22.453468368846607
700 0.11820785881300776
701 0.26727516909324395
702 0.05788279719427466
703 2.9003318113611756
704 9.999397871695763
705 0.0701075626204993
706 0.06776812417931925
707 0.8510808770674004
708 4.8223034522883115
709 0.3261315503103531
710 0.8242510716044124
711 0.11439547490150725
712 6.246116740013266
713 0.9927370951843789
714 1.1942719279488025
715 0.5329073761354522
716 1.1215596746555003
717 1.1937600379814521
718 0.39948063382035126
719 2.8906541247005157
720 0.9798768079968873
721 1.2418108258368246
722 0.057711859274999756
723 41.7219227652649
724 0.10655758361951977
725 5.491363725593481
726 0.16904026215314677
727 0.2183829825088225
728 2.9348499871275466
729 7.461422820890138
730 0.03483859269914011
731 0.611096776234304
732 3.676996019555329
733 0.480239514686897
734 2.0475111001217967
735 0.8871303379877318
736 0.6429331957673724
737 1.5339675877142052
738 1.105729204511503
739 0.1722646687394009
740 0.1797780753494049
741 0.2616222537071868
742 0.19173653413115682
743 0.3508962527813787
744 5.295501811177429
745 0.9101963876315078
746 0.6776410260483314
747 5.8578119617922235
748 0.09091981337761029
749 10.358505763664725
750 0.036905816769213035
751 3.087350993185163
752 0.11168680787419656
753 3.7428406931616314
754 3.6327742648644703
755 3.693539664335244
756 1.3493090933736134
757 13.972241536076833
758 3.465192522990401
759 3.0643501347427304
760 0.247476600824639
761 3.01162030478163
762 0.41962068474769987
763 12.959114960616521
764 1.0621654142864336
765 1.6626047009168647
766 5.45459965535537
767 0.7813348939707366
768 1.89951880757033
769 0.10383138741933143
770 0.42704152893879427
771 0.08119357768171612
772 0.22472828528069252
773 0.7169868481072584
774 0.3375027135151604
775 4.386873973179184
776 1.0689179433010774
777 1.4630262765789037
778 0.708006404049676
779 1.2544258333382778
780 4.602771024789181
781 15.183690686640228
782 4.533722238501703
783 0.2997254388531604
784 0.5278165887110559
785 1.4050128293781994
786 0.041337704855359814
787 3.012805499567257
788 0.06619788589669563
789 0.08102623848024317
790 3.0861121530158995
791 5.1372226583699145
792 0.01789650554208695
793 2.7865198722196354
794 0.019411097880477148
795 8.77362472747372
796 2.437024067305546
797 0.1601436675433381
798 5.927230931110085
799 2.7042814293896855
800 0.2704418312334027
801 23.278971799782635
802 0.1971267841663342
803 1.9896762149186833
804 1.0401231539631843
805 3.6746702946712175
806 15.250147179140981
807 0.5410001768208295
808 0.6858540243369603
809 1.1482668788255628
810 0.7331748003717293
811 0.20989735143618776
812 2.295517650926583
813 0.18802854839734068
814 2.2994532528370293
815 0.3759972599640751
816 0.26420474424773105
817 2.7217687756028552
818 0.3163930445961706
819 14.032581651463424
820 3.539322592396677
821 0.8818379667138135
822 0.2414175659527863
823 31.29551387677364
824 1.083875709915951
825 0.01101348659641632
826 0.4961409259894392
827 0.2728455224792237
828 0.15814399787750302
829 6.164347075051451
830 0.23928315512411
831 1.6553861662581122
832 1.7884004772122246
833 0.6708922146107232
834 2.181570579633205
835 4.429769411229448
836 0.12529769765410834
837 3.6322444748812446
838 0.866451435644071
839 0.19488070036227467
840 0.7825122743778808
841 1.6945094526368043
842 0.07954917222958616
843 1.9465585028266765
844 2.975415102583499
845 25.546724938355847
846 0.7394532354099655
847 1.3543780779989396
848 2.3523038781133008
849 1.576381178677845
850 2.315329444253187
851 2.5049764527783522
852 0.9955500545665763
853 0.5620518046460955
854 1.7317051473439744
855 0.1754973895516555
856 0.2641797693345143
857 2.624342831461823
858 0.3044139230386247
859 1.199651155405998
860 1.0443884224856244
861 7.4917166036071965
862 0.6967230674564215
863 3.8988164243608825
864 8.06901471007752
865 52.822291659286584
866 33.00463150430355
867 15.082267591234523
868 2.29638936095077
869 0.06469344583586613
870 2.6188921411738404
871 9.606078859564116
872 1.3882236725219337
873 56.86307044692734
874 2.6438285242463953
875 0.3889099400154767
876 147.85303943997025
877 56.234045997092345
878 0.23365007411627733
879 2.2697454275285396
880 2.2346894510415494
881 0.3861168850671237
882 4.115330197846028
883 0.07557748157914117
884 0.2862462716060978
885 11.11052346199538
886 0.11091604205700487
887 5.4080476152891634
888 2.1561371700845045
889 1.564548337856045
890 0.7401101873766919
891 7.20629609590249
892 0.7208738982157791
893 7.474395308844077
894 3.363298726885285
895 0.17839497617518651
896 0.0008272632269737796
897 0.3263514537621761
898 1.3718481691416333
899 0.18297148929105364
900 1.5438382262107502
901 0.03976769199049229
902 1.0615223780514222
903 0.07508777011407775
904 3.2301803728145804
905 4.244920608642883
906 0.05613098134986507
907 1.6843005776094637
908 1.4377386039219076
909 4.3085753487060146
910 21.368934955151285
911 0.61733442146919
912 2.260565438392869
913 0.5159659831180801
914 0.6718937951610136
915 0.06617150071424058
916 1.7676597094130715
917 0.13025906083150754
918 0.10435084992190785
919 0.33656429494172124
920 0.3490181941434378
921 65.1538467168818
922 1.8118515284249834
923 1.4861187720636175
924 1.1129143063997577
925 0.29683217830564473
926 2.561597709249057
927 1.4185033322603324
928 2.2225236023431765
929 0.45786263555018847
930 1.611359156416325
931 2.8204775232829022
932 3088.583604171163
933 3.0300459082208855
934 2.363824067463459
935 0.10324616978689428
936 43.610642691186875
937 0.24759104988935818
938 2.1530188156584966
939 0.16784437745745753
940 0.5793466760398135
941 0.23359259695520054
942 3.659046818344726
943 25.395866097659752
944 1.558777443059802
945 2.8047981670468456
946 1.0136163773468192
947 1.038987165829335
948 1.187449045397423
949 0.24903103421383113
950 0.07020558438654571
951 0.023693499327367237
952 0.1420955525295668
953 16.675863784843113
954 0.26422909260035055
955 6.322967462358043
956 11.868616096784349
957 0.9667598480819395
958 11.941187956643729
959 3.594181311754016
960 1.3395062563720714
961 41.374000512852625
962 0.13705441218259426
963 0.06819754920557378
964 15.841638753138872
965 1440.2050677048883
966 0.06333311140855326
967 10.339426097226388
968 1.0140740030379605
969 0.2621686938727798
970 0.19152888731866624
971 0.9434042662163514
972 0.11723760593677714
973 0.777825332147171
974 2.1080857883722035
975 0.12414740033987379
976 1.942707542107479
977 0.1916332231759345
978 0.7277087963877983
979 5.796864690905182
980 5.210217906553555
981 0.2746902255473657
982 0.3282348705940605
983 8.012993576324533
984 25.040397109978993
985 1.4803633404233167
986 0.9961080629347233
987 0.49228751022608735
988 0.3352448489231954
989 1.002670885719942
990 0.33989235863455036
991 0.0061815961844379355
992 2.2924915652217592
993 0.16358288850131966
994 7.862500330707979
995 1.8742489425299684
996 9.020790565501327
997 3.807185628040413
998 1.9900413709067633
999 0.615781379665826
1000 1.1155434202200598
