1 1.038106206842538
2 3.9629190587667917
3 1.485697688339872
4 0.28496110767643595
5 0.16493370958831052
6 0.9488216957912483
7 1.5576300046979281
8 0.11583455976682495
9 2.1061289879830523
10 5.288915642216947
11 0.09195904152624111
12 28.862035984447868
13 0.21342470712190084
14 29.168667817713608
15 0.10404473518943957
16 0.012406816938548438
17 0.34697386414497267
18 0.23724793235506889
19 3.7085872883923234
20 5.854315402502821
21 4.394557111237006
22 0.07709824607487681
23 2.152924642433055
24 12.295814142673795
25 0.7221402111086794
26 0.5102727322196534
27 0.6578194370769859
28 5.463616553217687
29 4.782413368922352
30 1.7911577288023206
31 0.04170038456747305
32 2.735416742743037
33 12.446936133163856
34 0.18313066029417915
35 2.267070243967794
36 0.3047447455431074
37 7.5566508468200695
38 8.021687043924631
39 22.18982161192306
40 0.19096122880577304
41 0.3083295034202218
42 2.7658354853039073
43 0.29333091114892273
44 1.1023201712904613
45 1.1430025952042666
46 1.0627645281254767
47 1.0732128076307892
48 0.007055885861002308
49 0.733058979363582
50 1.6461109639026892
51 2.668264896191473
52 1.4472828301126401
53 7.86454588290615
54 418.5662200121425
55 0.12648381641726694
56 0.3846189835661283
57 0.007982608631608315
58 0.0028837028630564494
59 1.2044893023276386
60 0.911665359277885
61 1.0621271004305777
62 6.420309404869837
63 0.6095285838290452
64 0.9136788385002009
65 0.1952473601733754
66 0.02540017482137963
67 1.3520153126883911
68 0.04110088811450049
69 0.6470550774436568
70 1.9174303011987086
71 0.4095885329120169
72 0.12937848457322038
73 6.66697350443575
74 1.109137759122365
75 2.6355242547500386
76 0.5703774733603771
77 0.13820653483521353
78 1.6395939427248973
79 0.5498580162852352
80 0.7631625429513865
81 1.8059204228133419
82 0.021399039817080773
83 0.9197794230596692
84 0.6653036751416129
85 2.403837056948273
86 0.8271214537760317
87 6.437954913092901
88 2.120821032584948
89 0.04401746991724579
90 0.8728413782791433
91 6.241867415511541
92 0.24711804390469008
93 0.6376654292240502
94 4.8432799745975315
95 0.31706606168897516
96 0.6283301037566374
97 7.216753154392358
98 21.69640923437395
99 2.3127973212938047
100 0.9784858609037259
101 0.5812775369314166
102 0.3155856935956969
103 0.5823969674787356
104 4.802653678698883
105 0.08097229433032199
106 0.09224334453004508
107 0.32108386626257684
108 1.3852380607273116
109 10.840839333753683
110 0.07894910407073137
111 0.01730152714470273
112 2.355033506406865
113 2.0934450036680987
114 0.936228467109623
115 6.08081915365206
116 4.662151834662329
117 4.128415500842676
118 0.043921001278590534
119 0.655042599964031
120 0.06390329695429993
121 0.9916564836265308
122 2.50381194782998
123 1.655781307605289
124 0.20107058432410602
125 1.1613881155214758
126 5.571117531397427
127 0.08420918517199524
128 32.57389951309376
129 0.3194123886701713
130 0.6543596670873136
131 1.4038704313930528
132 0.2550793483286187
133 1.6159911770518032
134 0.14691605806662125
135 0.312446534935285
136 1.4892513786428216
137 4.499437798021006
138 1.1119434323035433
139 4.140677623730201
140 1.0298822123858162
141 44.5382832319556
142 8.418567508462042
143 0.3131334987063098
144 0.36543511232347425
145 4.001970809885391
146 2.6714697628445427
147 5.003704331761979
148 0.988116496232776
149 0.13467159610153212
150 1.2633902214239918
151 0.6338794679446129
152 0.05950363678883101
153 80.12865731201258
154 4.864667585816771
155 1.177801806431904
156 0.11269732535418955
157 4.4056099617048785
158 21.244476307556333
159 0.5692447557780773
160 0.9177950762107064
161 0.3053063120864084
162 3.7111534295737814
163 0.2806809211428984
164 0.6128637659548181
165 0.5870040189172986
166 3.7148023648805597
167 0.7309311756726
168 0.19884206866686616
169 0.9864267287550307
170 0.22410268766833955
171 0.6659608120664746
172 2.2527732128594953
173 0.3427204104934432
174 0.39047894831707824
175 1.710385920036086
176 2.739137904748563
177 2.0387236175256027
178 2.17449152505604
179 0.0008121329108924053
180 0.2746054004960627
181 0.058379497898394514
182 7.333397682066631
183 1.4583677529457921
184 0.7239283576235229
185 0.28953600776527744
186 10.782640843957267
187 0.046626879461647015
188 5.209860439346436
189 0.01718544047678393
190 0.6392123135443812
191 2.693362894864868
192 0.8721641120024061
193 28.838077532435126
194 0.32444622153233776
195 1.0428432696392724
196 0.2130954305430243
197 0.3952107499689778
198 0.35933098324893975
199 1.6407379467869763
200 1.1226680887209441
201 0.21517477313578956
202 0.5331732091078917
203 1.9637368985081256
204 2.2656955230790814
205 0.23766898033218875
206 1.5099822381724741
207 0.5962146504679926
208 7.074108754578953
209 10.874569243881473
210 0.6519854148161768
211 0.41925763206090044
212 0.28686350168290375
213 0.2216511660441257
214 0.3229912968132871
215 5.619420549168646
216 0.3843565646568039
217 0.04088469819398357
218 0.3628236612973275
219 1.3346584757934539
220 0.6886717065348024
221 0.3997458817717456
222 0.23448781319841458
223 0.46178355501975704
224 54.22933612762929
225 3.0893274681551017
226 0.6813184575847525
227 23.588791845010547
228 5.0168749325514685
229 1.826794011287024
230 2.6243942407385408
231 3.479576399436599
232 5.4033072618357005
233 0.5053465972495453
234 1.7556162255498142
235 0.18648758083798947
236 1.5546634311774892
237 1.8500293951878648
238 18.046815490752948
239 0.8331228298598999
240 0.4422405721964431
241 4.490631021290744
242 1.0094531163009275
243 4.026958079664283
244 1.3848858634420975
245 3.372187594524284
246 0.14879794235325597
247 0.24156346633189463
248 3.949522891787854
249 0.39672826411889145
250 0.4525657133549648
251 1.9048900947143002
252 0.624425138675102
253 60.912412408295815
254 0.15658585062470087
255 1.8357560446230596
256 4.677885927867447
257 0.9625985019787556
258 2.5104066021057587
259 3.51963520597246
260 1.2357493236025294
261 7.833565905050453
262 1.0763882771745636
263 10.747988632906825
264 1.6327263181365377
265 6.201897784191752
266 0.5496933773801737
267 1.1914397220322575
268 1.474804755962482
269 0.4964173220983819
270 4.9506548381475834
271 1.4299187142808873
272 0.9100550176959575
273 0.7308272006134473
274 0.5396603056463819
275 1.8873401076764476
276 6.923207796714456
277 0.34353421109751764
278 6.033428857412157
279 0.4646318393883522
280 0.25440495105512273
281 0.7900756770697568
282 15.940289342983041
283 0.9904697164201438
284 1.7028275236539678
285 3.4720468998024625
286 0.37003875817862736
287 2.7444794470436045
288 0.3020150353600096
289 0.753441319165061
290 6.017383323785017
291 0.9961329293181386
292 1.7339214921720805
293 1.526481298695575
294 3.05411522661658
295 2.9768092070772534
296 11.050964265149481
297 0.4841697257076285
298 0.9336100313743495
299 0.8285513930273821
300 0.2185994727295622
301 2.2267343668039916
302 0.4541150344252595
303 0.08423516237441317
304 0.918456592752233
305 1.1321941658028611
306 0.3829355885857626
307 1.0360317389171165
308 1.2688989603336756
309 85.9694651271624
310 0.6807372870171683
311 0.470064885885471
312 0.8095837479224982
313 0.23085464715663162
314 0.39230550360552313
315 0.6856512861153984
316 0.25250693713227657
317 0.1246438665045646
318 1.1043209271794763
319 0.9047242167906678
320 2.477006788792786
321 0.0924978619692861
322 0.4224178836292679
323 2.7651850574163914
324 11.275545095644683
325 4.893376859331064
326 1.6560288593508792
327 0.327535403542691
328 0.17636636793315758
329 0.64574884080805
330 13.586796470031505
331 1.8962922871224113
332 0.718918979547175
333 5.049002065187798
334 2.0242040135151913
335 0.2909399872107612
336 0.7100232774574939
337 2.950949681715858
338 0.38669249402577616
339 0.2157387268901624
340 0.9510099815278404
341 0.12791760789391576
342 0.9352131545543952
343 1.8568294355537909
344 0.3016133901194737
345 7.919239690744701
346 0.15854037471679547
347 0.1448980881519407
348 2.4281897036480267
349 1.6368689375204144
350 0.7235738050847098
351 1.2525868210451374
352 0.40451853426647566
353 0.02083966128165127
354 0.4534189270746281
355 0.3136901398487381
356 1.3916976483456853
357 21.5316563410419
358 2.2383271426043976
359 5.913165612998266
360 0.4360422216479018
361 5.597495450006615
362 1.9208889956301356
363 0.6066445803595002
364 0.4196737074145733
365 19.306315705103792
366 0.8692216610675615
367 0.7648864604252882
368 16.34263363079472
369 1.6649708562616399
370 2.53638564289523
371 2.700259362159634
372 0.01968933999128627
373 0.9617350876018416
374 3.2537256023576444
375 0.05358479525985683
376 0.5636923396704623
377 0.35466956495525853
378 1.2100457607311979
379 6.042776074054362
380 0.0701727140104455
381 5.985171316652583
382 840.0651004431334
383 0.815537903342606
384 0.994417577943751
385 29.54412366112777
386 0.8636522957211991
387 0.7955187209401962
388 1.0460469149609497
389 0.3972635716978611
390 3.169626118380461
391 0.009279083389224653
392 0.04438367153577009
393 0.059386204366694166
394 2.8698724562902433
395 0.8976880091439317
396 75.39178511638023
397 2.825554982041781
398 4.089012312611133
399 1.4626556662478196
400 4.105131965190212
401 1.031204113772238
402 0.39258823696682693
403 1.033937731232993
404 67.70177279647417
405 20.749571612480814
406 4.327631691703839
407 2.916830407960578
408 0.3315565804029628
409 0.20259705045790122
410 3.1495283173100286
411 2.095911315303881
412 3.456596954080162
413 0.03686137141364512
414 0.3790578417296103
415 0.499600724179134
416 2.990323298313644
417 12.781267303150546
418 3.711399331139455
419 0.563224467569285
420 2.3642257858021236
421 6.705065483373666
422 1.0177119746167465
423 0.5350054695597816
424 20.713130708417147
425 5.536090402680123
426 0.18926739448828728
427 1.4960332763671953
428 0.18140779136732604
429 15.374187843360803
430 0.3028552953769978
431 5.845830158402142
432 2.8341482392674453
433 0.7123810704709033
434 0.5351652102821252
435 0.7469822571272876
436 0.1151851154458846
437 10.42598196959906
438 2.2292895098441985
439 0.5921127648831579
440 0.1143627084048774
441 0.6851951174032338
442 0.12758009388027172
443 1.7444455798503726
444 1.0817352752963865
445 0.4865326539031266
446 0.6469662771192265
447 1.6494192814128577
448 1.1382958876712221
449 0.3866824293104586
450 0.24207990174658295
451 0.05608680614873663
452 0.32516842462505824
453 0.06597749743586014
454 0.25725929044823986
455 1.2861569035190328
456 25.648442780739156
457 1.4195768012673409
458 0.32382652939937145
459 0.07187746354750582
460 7.062994558092267
461 1.496376720327037
462 6.749791527854733
463 6.713943908660575
464 0.12410329441648724
465 0.08946285993996086
466 0.08465833696567833
467 0.7002303000476665
468 0.05719652565029932
469 12.02187857103475
470 1.7466865711607404
471 0.40031702244619916
472 0.3494233745612396
473 0.967314842516269
474 1.257241399605273
475 0.8709690805867437
476 0.8142914780463478
477 1.3978620044349273
478 0.8224748079746884
479 0.14693559211088514
480 0.21562280716428667
481 12.54233300883075
482 4.125877596349309
483 0.3712901014154048
484 0.884678388178858
485 3.6958237678334296
486 1.0537086623595586
487 1.2520778711411662
488 0.015246581308211077
489 3.903597590042805
490 0.8670015709892882
491 2.2543578047196227
492 0.12445011443807572
493 14.778108491445813
494 0.7877685388867558
495 0.23388086280509737
496 22.852391673911217
497 11.564827298212565
498 0.3379453168110578
499 3.5379539703555385
500 1.1958335210866233
501 2.55167900077353
502 0.3842936428948327
503 0.45840556979894653
504 3.0035323359051715
505 14.636555624242753
506 0.7534780967142011
507 0.015395659505798562
508 1.0609697041940245
509 0.14040973966720652
510 0.5635026742731782
511 8.279080805501371
512 22.347740634824618
513 17.647783064318904
514 0.6251253050858863
515 25.275793217271744
516 3.7492123997916242
517 4.0637417519118015
518 0.0535492393354254
519 1.7192739300876692
520 2.8435069640198622
521 2.2177283547435485
522 0.04437308523866545
523 0.39988718643732557
524 0.5774569550996406
525 0.20800260924938807
526 1.1229380237399154
527 0.4029541073420247
528 0.12296181450696657
529 0.21704462511240558
530 2.1438777793675547
531 0.913381423651303
532 0.8247066760022079
533 1.0821517004449623
534 5.199976967517332
535 3.1494087242591746
536 8.137551081469464
537 0.2568154722372331
538 0.9672972576464921
539 13.367012264716884
540 0.19374097066995807
541 5.204480930064128
542 0.3444216935265892
543 10.139526023686578
544 5.078315305632851
545 8.427440725096867
546 1.1309631794022992
547 0.6919855974860836
548 0.1595007521993942
549 14.87643020683142
550 0.3103104113361787
551 0.5390049703465563
552 0.7070645275354117
553 0.1524122752906149
554 2.1732855246050886
555 0.296271748161982
556 2.0379328878149767
557 1.1764247644857762
558 4.324128922657389
559 1.859648840844932
560 0.10390649451929967
561 0.02044824284366891
562 0.046955303755793855
563 2.56673715161548
564 0.19557922802129374
565 0.7824154325596954
566 0.5712520108541491
567 0.06888429539714855
568 0.09196526783051645
569 1.528018292144288
570 4.668749881217185
571 5.515316907768394
572 1.341844216721335
573 0.09168388268353049
574 0.8359727276773683
575 1.2937862866109282
576 10.892579771752061
577 0.6876304833007891
578 3.813597136315081
579 2.3820112829341795
580 2.282732136157968
581 60.631323494660954
582 1.5275205945422052
583 0.1991954717328471
584 1.4508043975053047
585 0.6909859973670343
586 0.5931944335983589
587 1.7187756069657765
588 0.5769965777626485
589 2.160742074154122
590 1.4390337540891736
591 0.4913017827578481
592 0.23312310769573058
593 12.442894670095523
594 1.7505506347231048
595 0.02764878123614649
596 7.099131826507164
597 2.6906190468184494
598 3.924184455865498
599 0.16108935343973382
600 0.5576948728837421
601 0.321101084019775
602 1.1262368477693157
603 0.1037627749578378
604 0.09423322607592903
605 0.5167747006437299
606 3.988109913808082
607 0.38496025225471453
608 0.3611150682946702
609 3.9838580038276827
610 4.4701988733892035
611 1.5287823850161144
612 0.9824299252326815
613 1.661468285123367
614 0.09072186695953781
615 0.07719154675151203
616 2.435266553568013
617 1.199774218771016
618 10.62031122854552
619 0.14023509815387614
620 2.1156122954666565
621 0.13490329150260416
622 0.5408081267104946
623 8.365893697877134
624 0.23096628817023263
625 8.381350949657568
626 6.180547153051967
627 0.26268781868199265
628 0.5492140958220476
629 2.433472529095949
630 0.08947523905245751
631 0.064197282037581
632 0.16708360537199735
633 3.819219893833827
634 0.24820739819597457
635 12.184066707216816
636 1.2666869679274204
637 2.6118993113875213
638 0.2745719414843053
639 0.19088660049849057
640 4.848943817405723
641 7.329436497652875
642 0.09064921709779447
643 9.541562314321107
644 4.625449540216577
645 11.699411071423313
646 0.003423859581923476
647 4.992041734936404
648 0.33761951077011154
649 2.6430249640389656
650 1.7336763029860895
651 12.490327833002752
652 2.1693452672154665
653 0.178512294219708
654 0.006201969275019476
655 0.3464917519896551
656 0.29335265908645985
657 0.13587725054165994
658 7.821831023514346
659 0.1648079699991952
660 0.46429454783151364
661 0.36869201100894766
662 5.36483874333148
663 0.009103311846492795
664 2.856626633071021
665 0.966406099200309
666 0.9188867709023055
667 17.9208427624941
668 14.626410430798455
669 2.196919873641543
670 0.6693816908446897
671 0.24967746678288996
672 1.9977857319360883
673 0.5718690189042137
674 3.8326157944747683
675 0.7636964533392766
676 0.3822902006176986
677 0.07164584277602555
678 0.24330049182303012
679 0.06074132834881563
680 3.9153491363503505
681 0.513453679920745
682 11.692218139907647
683 3.943196215494508
684 32.17145692213361
685 0.6715032403414933
686 0.3263998479885389
687 1.2510447639702473
688 0.13621050892984998
689 1.3795689273764353
690 0.515171643481511
691 5.381146734746981
692 5.2254501896606484
693 0.2627812735377669
694 0.10297475967856788
695 0.9266415668532254
696 0.5777920670413651
697 2.4998251094779853
698 1.9749397406229532
699 0.13609545905905535
700 44.126923892770044
701 0.005231577941560797
702 1.949643031268078
703 1.337156187247995
704 0.3084224792920331
705 0.5768966491924866
706 0.27507980303735896
707 1.0727621065153208
708 2.136455775101634
709 0.35872883771870967
710 1.8823372992524834
711 0.36264375321060954
712 0.34935509946949317
713 1.858017533174712
714 5.464227776542397
715 3.0419304620591663
716 1.6153612487091402
717 0.056282648390576936
718 5.850244245784741
719 0.7643858192287103
720 2.7982495353490027
721 14.068183839297468
722 4.666097693167994
723 1.5358409338474786
724 1.3380444430061382
725 0.73042155684509
726 0.7096430794984842
727 1.6795816219741322
728 3.0368180221487733
729 0.8410903413326641
730 6.178877313512448
731 1.5148981676576738
732 1.8606078468498464
733 4.553251727883655
734 0.5111838593215089
735 0.5735440027660408
736 0.9434766375664352
737 0.22560189584299817
738 0.4710244887907765
739 0.16468315290206229
740 1.0041597950514247
741 0.11726629536316663
742 0.3309649239172727
743 6.671466503039844
744 0.43241730540974976
745 29.235324365890467
746 1.3770298297347883
747 0.36581544537566807
748 0.4911979703875017
749 5.477042469630221
750 0.2898882329822184
751 0.17982067753160683
752 0.14673216643913636
753 0.6715718413563694
754 0.7132200961630605
755 9.513990881669063
756 18.12897080687416
757 0.11567866388417374
758 0.3308611232645877
759 0.08219753047836742
760 0.002917425719913507
761 1.9384885847985769
762 3.5941001197351796
763 2.7953592736029447
764 8.336482431219183
765 5.432180587014828
766 0.6883674996894383
767 0.3371671839480565
768 3.014506198584047
769 5.0982138831373955
770 1.000232897741033
771 0.4180386000361005
772 1.0294506757910153
773 0.522451514934266
774 0.515353598392078
775 2.231844205416098
776 0.23514671041651433
777 0.316633034050938
778 0.24368479010561783
779 2.7845710769287497
780 0.47514194740709875
781 0.37130045086704905
782 10.303581427358258
783 1.954034947803816
784 0.3185691962305716
785 1.6564541789689298
786 7.726371533737389
787 0.10276424267389284
788 0.3118374999555892
789 0.44190322488715406
790 3.990040522927629
791 0.6944329084582781
792 22.2014518639515
793 86.76122261287983
794 2.5771075223450515
795 55.62837490966832
796 2.244344019859125
797 2.599489941767999
798 6.195652015594774
799 3.017435280843443
800 0.2862599420225418
801 0.4516676240871549
802 0.19677948365512862
803 9.56616764442769
804 2.956690877122008
805 3.8474787747978767
806 0.2509890704674262
807 7.658755484637344
808 5.674751958356784
809 0.6725937008445722
810 26.426891707828826
811 0.10602942603610598
812 0.4785295480021353
813 1.0065962351581716
814 0.11884533939107592
815 0.3439867117377316
816 5.090196713505307
817 2.0064032940226912
818 0.08296280757549471
819 1.9995542659663075
820 2.1243240708447195
821 1.2735775502950177
822 1.3223278348333551
823 1.7736217932645333
824 1.4316987502370335
825 1.3506788530974396
826 0.5071610749249706
827 0.10166658119246175
828 0.4810231985290028
829 0.2450548782876537
830 0.15538902043308628
831 1.8017201288009759
832 0.13503292832332722
833 7.269506341498073
834 0.07676191519022993
835 0.52381743827917
836 4.156114847067487
837 1.2934004014469556
838 7.621141510554689
839 0.2415821224527949
840 0.0033829946396460187
841 25.45992991490438
842 0.7976750131134434
843 1.7326264812060168
844 2.256487901983147
845 5.078784447493451
846 27.261136746948573
847 4.075530594967841
848 5.590423716417044
849 0.30501057317457775
850 0.326152174688547
851 0.28826562745043144
852 5.747750428484902
853 0.24907010050855813
854 299.6344201878485
855 2.6148981278663337
856 244.43835896566029
857 0.2719535899120249
858 0.49200000056824733
859 0.45176291288048365
860 1.762511440636009
861 20.417229338580366
862 6.387092118543281
863 1.1397105627722155
864 6.114445746028749
865 12.747227915081448
866 0.41833004216851766
867 0.1262754382257228
868 4.05435686391719
869 2.704519827982677
870 0.5507103159718303
871 0.5691145696461835
872 1.9192302839192439
873 0.5039510023949028
874 0.7689548430972548
875 0.43856416559355754
876 1.2090261006926732
877 0.19460944033432923
878 5.294124654688214
879 0.5191061391773542
880 97.22270291572737
881 57.04454864145743
882 0.4930717038753155
883 2.479169953805545
884 2.7898682191372925
885 6.334374451151781
886 0.16354887304430377
887 0.7877398153463661
888 1.8900602840313554
889 0.40173887636202166
890 0.03985233839030723
891 0.15069682877491636
892 0.045606834411134355
893 1.0523015211897633
894 6.992206232893193
895 0.46458830602460516
896 1.282327191973942
897 10.627248605085084
898 2.08756751496063
899 1.097072108207551
900 0.08466206182747878
901 0.318326122510599
902 0.08309527271483362
903 2.2491165854261816
904 4.162087710083899
905 1.5126806324701267
906 5.791511688881121
907 0.96279294631432
908 0.7429361505723913
909 3.0798251972429616
910 0.10233834985693281
911 2.1423134763158456
912 3.4763005902812525
913 2.787403007092631
914 0.8952854341307916
915 0.04801911854679631
916 1.177778354161583
917 1.7956924888370356
918 4.661087597226394
919 30.144905269812146
920 1.8751162208523633
921 4.059401918087917
922 0.9491688064155052
923 0.8662335021964828
924 0.2372228459796965
925 7.482585138387625
926 17.50841099679671
927 0.05544781325134723
928 0.11456748743565187
929 2.466196329188971
930 6.385706701855691
931 0.206568729966073
932 0.11781584182753296
933 1.0001132043636145
934 0.518175516117335
935 0.5662790745113122
936 0.13193134199790332
937 0.2268426850948406
938 0.26361500078957373
939 0.47665733102077873
940 0.8381973454050909
941 7.658639123142642
942 0.2201757644413747
943 22.412158479896014
944 0.19628475441960683
945 1.4650238410500802
946 1.3625618361651135
947 1.432853772537071
948 9.743132612153058
949 0.1793821433609835
950 0.40930207345966174
951 3.0733656113343426
952 1.4922999225633848
953 0.7036598805784123
954 1.1876817180969397
955 1.2343525561414028
956 0.05350710291407466
957 1.4699775043629657
958 0.6753742006090799
959 0.19186427452544486
960 0.2553591439710853
961 0.5713775345289147
962 2.295883296410683
963 7.345185791191651
964 1.9495080911190468
965 0.0865519700539834
966 1.4463199885907363
967 0.9379103762938111
968 0.9950023652987923
969 1.8412011379724702
970 1.2220902759290966
971 3.1493030738186545
972 0.2019934592441294
973 2.4401447506152176
974 0.043488505023224065
975 0.05521669814669911
976 0.2706599001959759
977 2.076655333068342
978 5.1018120145852
979 0.22358476823523235
980 2.3338915918993743
981 0.091923505781194
982 0.026736634281383273
983 2.600387167908015
984 3.440203944016903
985 0.028058115716717312
986 0.11711276605665698
987 4.296219772793483
988 1.1951358192082027
989 0.023067474913721516
990 149.57216977269582
991 0.19528107781436507
992 0.7381516491966419
993 0.8192822605197343
994 0.07607544974164035
995 0.08039220124430106
996 17.74885641856933
997 2.86151836825377
998 0.08426069968044317
999 0.3941744374883508
1000 0.5660103870855591
