1 13.671242949405203
2 2.3305857430484216
3 7.018431533156075
4 18.717644240675586
5 3.0507544680455787
6 2.5680903676406857
7 23.70629493414836
8 0.4387622488443316
9 13.761744829360687
10 1.7862728340305272
11 0.3001923671998422
12 0.15618865742657792
13 5.922853145883942
14 23.397912292862603
15 0.3147790333496789
16 3.69459824952096
17 0.9499663399632282
18 0.1258092069183003
19 0.24591843100412428
20 0.08671810155000732
21 0.9961320035118238
22 0.018878876368795032
23 4.565669740212926
24 4.0039082380698785
25 0.3865236893437478
26 2.4700193582832277
27 0.1995598237055002
28 0.07475124475411571
29 0.5194064568431641
30 0.5841018226814182
31 0.2504473647164523
32 4.777351204529654
33 3.459379549707654
34 0.21723353571356732
35 1.1024760842924701
36 0.1403298009055227
37 1.2917697043402
38 3.640595282335058
39 1.6252792963319753
40 0.10007695965672572
41 3.1789833448732083
42 0.4145292102208302
43 0.7728724782462826
44 0.16581450656193145
45 0.014288727201811029
46 11.091251083154186
47 3.7456871973684662
48 0.11755167398056239
49 2.469767729253866
50 0.04330324938911998
51 4.864710406561755
52 0.05551671684705747
53 0.442889021038541
54 0.6096914518128415
55 0.8539826196785898
56 3.197454735692206
57 0.04848197292120351
58 0.1381465740730833
59 2.332361397832332
60 2.6744954970339982
61 1.2313444162951885
62 4.9659097186314165
63 0.3641271812936141
64 0.15689674198713924
65 0.7251572191520007
66 1.3355501684636755
67 3.7650431214885254
68 3.638800696808716
69 1.2491587119335703
70 1.5608500668188912
71 765.6555242448854
72 1.6381748892047312
73 3.2292165597652236
74 0.7218444964351974
75 2.344066044762125
76 1.2211067029872447
77 0.37038416015464665
78 8.35194572628214
79 0.2747380207347641
80 0.400525431051817
81 0.5756301608437966
82 0.2820908003228529
83 2.817826772594455
84 0.8667628839970377
85 0.1581449296213672
86 0.9510894982191471
87 3.9872940176105556
88 6.457744839407313
89 4.9293158194803235
90 0.3999128373053578
91 0.845690929490415
92 482.45250714351437
93 9.307730925627412
94 0.07540822424747082
95 51.997767372495524
96 0.08776527034777615
97 0.06717478941722443
98 6.240804404052496
99 2.5246477070950712
100 1.620335198461362
101 0.5304925873579553
102 2.0304081673615677
103 2.6852911519109686
104 0.2348881838196706
105 0.04191480067243169
106 0.228987990480255
107 0.4818326345227481
108 0.2175688475033989
109 0.4966736116829776
110 0.19163518145516434
111 4.436616081468783
112 241.4422049920923
113 0.10010304044209621
114 0.11972774474514924
115 3.736989161348679
116 4.421123528977218
117 1.7974700808816855
118 0.7276140353081345
119 2.4817253685610745
120 0.2470631287541891
121 0.39351582715406325
122 19.983074721263492
123 6.398198332803183
124 0.4656350532639953
125 8.938057400365013
126 0.09495123689024634
127 0.6226464418075405
128 1.012852933978139
129 0.38085457645289167
130 2.3953340415106545
131 5.925478304557432
132 0.15471605956341475
133 0.09483119137071705
134 1.1502529361915972
135 0.20140763782283497
136 3.969434313612267
137 4.252932927476644
138 0.2550850292497057
139 0.31210216291205334
140 4.071151192052718
141 4.961513773240132
142 4.6234236663278105
143 4.443642298003128
144 0.7683785987511769
145 0.8556343413433933
146 0.07136033511342561
147 0.6365835556662659
148 0.20617878646779486
149 5.200090349198438
150 0.0012027571499710129
151 0.13057688747758486
152 3.421303719972806
153 0.06262661344196549
154 1.4089383402399085
155 9.289594820659024
156 0.5914209896327227
157 3.2377635116555346
158 1.3029116028615984
159 0.7770426240478031
160 10.991312607903339
161 0.8416739371697926
162 76.90466950204701
163 37.35039453473373
164 0.5391183999984511
165 1.1989468808582258
166 0.1979984320052657
167 0.10770090309311331
168 0.3771115390112512
169 6.179311800425212
170 1171.282180213771
171 0.46499878229572267
172 36.37586278600368
173 1.095904830882336
174 0.23593292944173933
175 0.35659626218932056
176 0.8310738509827251
177 3.091372385166843
178 0.23265832864973052
179 0.13511879898857074
180 0.006067680329616268
181 3.4784936296413225
182 14.924219154192258
183 0.7989905144606847
184 3.9812448929987667
185 0.38464285705996704
186 1.3960473682351604
187 3.5688359925223705
188 1.3361095813020332
189 0.4574022247366255
190 0.3350147590559443
191 0.6869166653457993
192 8.67155388793623
193 0.19120187831711064
194 0.8655060486571352
195 3.8403572704141475
196 4.205053325048182
197 8.593429969157725
198 14.6870291608793
199 18.732106541871566
200 0.2789736013727249
201 0.04175968572634896
202 7.4929443572297325
203 3.380611612759009
204 0.5902316859362189
205 0.7040358409714859
206 2.89255665213764
207 2.2481693875421365
208 0.04778212652760655
209 0.3893687621774015
210 1.2159278559035374
211 0.958523059427977
212 4.687623639766203
213 0.2828040822585298
214 1.9894866664795907
215 13.948336621806028
216 2.1989165962179404
217 7.9705955195981595
218 0.10257183606388653
219 4.4264546949147
220 0.6742737530990704
221 3.462625188983269
222 3.393732230843422
223 0.28973307687786626
224 0.08501868213362962
225 5.173332052003762
226 4.334660330564771
227 2.6908855213836964
228 0.17366512697436165
229 10.146821646852308
230 0.4522426352950187
231 4.942181915849116
232 10.083845919546176
233 1.9600054693457314
234 0.8116881475604472
235 0.7270628241826878
236 0.6154247798875662
237 2.4047620922565756
238 0.7143482794921903
239 0.9357488479182682
240 0.24132435757117576
241 0.4489757756643604
242 0.02618682575620608
243 0.3630681748800886
244 0.5767615910397237
245 2.9902906503939533
246 0.8418796984320698
247 0.24560809488520155
248 15.285650195863612
249 1.8138028111677311
250 0.5031586787839908
251 1.7606956768426079
252 7.1693418809189176
253 3.61724927958176
254 3.4542257504212857
255 1.0947116576011706
256 0.5496022403320264
257 1.152105175258931
258 0.02181452263375111
259 7.190893143661999
260 0.7291114157716814
261 0.9493700122303672
262 0.3203135738740836
263 0.1334751425996036
264 3.2321674958657547
265 0.33581038217066583
266 0.19891554873349776
267 0.22919595155592845
268 0.9443338908140656
269 2.643274421808016
270 5.14176847388382
271 0.002262173561795143
272 1.6728872119481744
273 3.5872085993380654
274 0.8557655172441174
275 0.36239471075154844
276 0.7911765883339081
277 0.02533945182184787
278 0.21013934635887305
279 0.050826345388843765
280 0.15419926841093026
281 3.0584406781669737
282 1.7368097604525483
283 23.464027814798236
284 0.33922519440507287
285 0.14210516306941182
286 0.15488177481788903
287 8.712759269396502
288 1.6489528577332049
289 2.076903513180641
290 0.9561477199596881
291 0.4984443421110913
292 0.4954505278704873
293 1.6774821802230526
294 20.746621011115966
295 6.563061151781089
296 0.7406358236533912
297 0.975672027526038
298 3.454427920188339
299 0.014012734153504803
300 0.1553646896720474
301 1.733089496299638
302 9.606492159720943
303 21.761619353596554
304 1.2254413906569503
305 9.328101708153177
306 0.06874616383338188
307 2.509457236183059
308 180.0775775138524
309 0.11542321785512022
310 10.899839233784082
311 3.5937179082144275
312 1.3119823173744074
313 1.2971418965756194
314 0.48545146850101556
315 7.8371231875873795
316 1.572046220593505
317 0.6048455378496101
318 0.556424439708951
319 0.8013056402620363
320 0.06044067348073253
321 1.8528561835925226
322 1.5409297724242192
323 1.0593713389323394
324 1.2775220580988145
325 1.4722548826507285
326 0.7381561944614924
327 2.59916848504326
328 0.4218246038450244
329 0.07824402790272347
330 1.9254690736810365
331 24.01000721995212
332 13.521017393508851
333 17.129302589550576
334 2.1154869318160276
335 3.4746979719055675
336 0.5819775130792613
337 0.0012382196695912451
338 0.013075502425434274
339 11.548679597136468
340 3.5729640059271928
341 0.0915641486976027
342 0.359181191909227
343 4.048637451142173
344 1.5680351260256655
345 4.378343674143243
346 0.7718281289662693
347 1.2802616787032155
348 1.8917568520793793
349 3.0955548914725397
350 0.5326293549101625
351 1.8891231182255226
352 0.9297308907349056
353 7.844708062089988
354 0.2003054529410795
355 2.803458842810348
356 0.766578922880199
357 4.782625961948933
358 0.2809140880038304
359 1.0724403926045054
360 1.4732944105849926
361 2.0144358735301506
362 0.056981388606094405
363 0.06668931681358697
364 0.8058691317935858
365 7.226508229346019
366 0.39880254186292
367 0.04254125405074435
368 0.7203479130403484
369 3.232387651099445
370 0.23653619648805044
371 11.630253806936762
372 0.8647465835796186
373 0.03097788873139994
374 1.3799833077377408
375 3.649995974718434
376 3.2694907175238277
377 0.7501148031876387
378 3.789437282450176
379 1.3858973554617167
380 2.3225740011123404
381 1.278392210394295
382 0.3796202640302262
383 1.1839218731179963
384 14.613164464855775
385 1.3787929926420923
386 0.5228951559031644
387 18.91710634305311
388 6.3676381778386535
389 12.102536623668964
390 4.30030144555994
391 0.36351639823111315
392 0.2732169567095459
393 2.4408166499926094
394 1.0944774772051367
395 1.0570083199057996
396 0.3670847139433959
397 0.7365357885531262
398 2.260562522467749
399 0.7005167318129917
400 0.8791182512158894
401 14.695623416490735
402 3.536947056357543
403 7.369009129881504
404 0.2990157966864189
405 1.178354677682624
406 1.0577261775474454
407 0.012704667222661444
408 0.35238864335857434
409 1.5710836654038824
410 1.198466749843903
411 7.731900616130719
412 0.06117949370061829
413 0.8719104202323427
414 1.8578756197078703
415 0.07453317363004226
416 0.12815300688790507
417 0.035068639118107
418 9.627189458025146
419 0.5969668344684151
420 1.3128630619227826
421 1.0842717666113462
422 5.861236887591253
423 0.5966259770642898
424 0.12278986734532071
425 1.1113751703327064
426 0.20370914637930962
427 0.15715391083034588
428 0.3617781374950782
429 0.06152148085975116
430 0.5805757206669637
431 0.6136224179676218
432 0.1123797960138423
433 0.2253683554868246
434 0.8631966163658376
435 2.488866592189828
436 0.5404531885650848
437 0.1301089245807859
438 0.5459718340769877
439 4.264910853314199
440 113.85523994431487
441 0.3284602709918993
442 0.07744980810343488
443 20.69861772337866
444 0.3823758375588868
445 0.9845718792524999
446 0.3326036418601358
447 1.8392195055871674
448 0.5531142442777345
449 0.38629918317020345
450 0.7984414741597275
451 6.114446699519143
452 4.851220048931043
453 0.24701391020021457
454 0.548356219079742
455 0.31113380632518955
456 1.0022135178956553
457 2.8227918069688895
458 0.8852325123697163
459 0.016900661495115418
460 1.260546515329184
461 0.44478341232665886
462 0.8594428670849921
463 0.49583590858688975
464 253.55188124981544
465 4.748925569046756
466 0.03156510922968053
467 0.937060486488349
468 1.1360161660967714
469 1.5761031389120852
470 0.17829510007398394
471 0.557062858913416
472 0.7601996863973906
473 0.4660471489416705
474 3.0721774065470315
475 0.668505232086147
476 0.24024988802999625
477 7.118094476919421
478 0.03718791673309578
479 0.7381010569987577
480 1.0308228879164374
481 0.20208541136534075
482 2.6720164496488708
483 6.176761587596741
484 1.5780544544376862
485 0.24260778869444263
486 6.396771228258168
487 1.2640674930920344
488 3.035058159796105
489 10.82519150645104
490 0.11200621276200529
491 0.6928107428805619
492 0.005042062649505244
493 4.326010040236945
494 4.571714997196579
495 3.7559724594240964
496 0.7207924519962334
497 0.46743814302811676
498 6.335377651287937
499 2.277255907850506
500 459.6440435816272
501 0.5615818634259361
502 1.1982704234188584
503 1.7740453872262678
504 3.331487680380862
505 0.492078057620591
506 2.8881461182245327
507 13.935129056021369
508 0.023801394031650908
509 0.11168623034784443
510 0.6493599785240868
511 32.191001425265824
512 0.7456594850797967
513 5.742565127626177
514 14.281198556948697
515 1.0188211234900073
516 2.467926455180556
517 16.99054412960693
518 0.6934708068260604
519 2.878633307045562
520 0.22803534339035017
521 3.5661036067614345
522 6.646901162918747
523 0.42572008337813644
524 1.235343343347338
525 0.9039523477184149
526 5.931452924081685
527 0.43055498938099235
528 1.0133241371821993
529 3.465922780288699
530 0.46591421229019797
531 3.393964216270491
532 0.42331021261817964
533 0.36299474211811944
534 0.05363204404205325
535 1.0397587365287737
536 19.55297810663126
537 2.626457367015178
538 3.6316984941172383
539 1.6966649001423217
540 0.36592681960598483
541 0.07658498139563041
542 0.25025071185479886
543 1.745259923826126
544 0.4696479981361759
545 1.422462578467566
546 0.0065381642709405096
547 3.4579676236159727
548 0.20303737633095006
549 1.8190475839867168
550 1.8898035582972166
551 0.03937676631029485
552 23.10545775920676
553 0.27638439452559893
554 0.04222810188257031
555 0.5396694182584536
556 0.2496035001323516
557 4.495010128665421
558 13.435051638917182
559 6.096755405644029
560 3.46173671138126
561 9.92861039497368
562 10.44641344728118
563 1.0392147639179723
564 4.05364823877291
565 1.3096224017033868
566 2.7804806504785637
567 0.5587403346353348
568 0.5157274744344575
569 7.222012753970817
570 1.0427700356885448
571 0.42585927124537337
572 5.857799907115723
573 0.04749194290803921
574 1.2262619071883092
575 0.7131190303417229
576 0.7298336182831751
577 2.2206501250663035
578 0.03848114780704317
579 0.10653857921081719
580 2.135350017150787
581 1.712412470392558
582 0.157856806440567
583 1.4319255686064563
584 0.5434475642617902
585 2.367005471448069
586 7.203733681565679
587 6.57857010671812
588 3.399864677563437
589 0.11159259951712708
590 0.25266250440980337
591 0.9934516509721333
592 0.3277158735665097
593 5.6189257155526136
594 1.6392785331701372
595 1.3225243582284791
596 0.005231687959479324
597 0.4373288074903816
598 9.310444277883322
599 1.2452518730464062
600 0.010497165914469453
601 2.16545942931322
602 0.2885058027587895
603 1.4466959560949961
604 1.5838838813213814
605 1.1330811649491157
606 10.337379534184146
607 0.1464654292610482
608 19.72562162279275
609 0.3284793472072864
610 0.09224305495789567
611 158.61443240919502
612 0.20111313833312555
613 0.4274812665365332
614 0.25250190062938777
615 8.285133543502075
616 1.332792490598551
617 3.6746364909636826
618 2.6263832626000987
619 1.3036971603673615
620 0.8256339632497922
621 0.7499276849015765
622 0.42300943229664656
623 0.5411202993358569
624 0.05711124443265632
625 2.1469716224976776
626 3.9536315228739634
627 2.0279971237712577
628 1.1314772137868934
629 2.0135081894908553
630 0.9106152346158242
631 6.6699119643265306
632 2.7556059780309914
633 0.31709105218199035
634 0.1672110338269968
635 3.6413524947284737
636 1.9016863965186197
637 2.389532719953667
638 2.729639848992956
639 2.281331968624902
640 0.005526737159610092
641 0.6300744183828862
642 0.49155613655633185
643 0.1214092984005077
644 88.91404847850832
645 1.1155512916377184
646 0.44649679110872154
647 3.3734600308508633
648 7.619607958640225
649 1.572952816341945
650 1.0161999332901395
651 0.19274409829779982
652 0.39668806263764256
653 0.2592848990170461
654 0.8670182630456901
655 0.01235519698219614
656 3.9153243170716454
657 0.9425925438252979
658 0.9019400424497849
659 4.889538226847013
660 1.2182066768607627
661 4.252284958946341
662 29.376906458617572
663 0.5057267399297859
664 1.8507224943627074
665 0.061659331314590296
666 3.5467739823042206
667 3.4477361049523383
668 0.25521462687681923
669 0.04365054894192336
670 0.34741729221924594
671 0.29748235663029765
672 3.1531419102682614
673 0.694820995037059
674 1.2115913776827067
675 0.8517924531044804
676 4.087787399137397
677 0.19535997812266087
678 0.7066626473773656
679 0.17448930921841949
680 0.2558116570938956
681 0.025324389936443172
682 0.14623423453957615
683 0.017938591132082102
684 0.0023524561504532043
685 0.09308663116238652
686 4.228223027592684
687 3.7954134268955397
688 0.18517951132398794
689 5.816160367443885
690 0.4457893884829236
691 6.2110552323008195
692 0.593163084351388
693 2.1590399688909514
694 0.2563565966004554
695 4.5396143891008425
696 0.22176798867235725
697 1.4551693072436007
698 5.386269316812784
699 0.5897085785041112
700 0.2242761914762639
701 0.9895953911414581
702 3.8449927037257345
703 7.4755215077583905
704 1.150925801962245
705 0.40886481803814534
706 0.4585626045855197
707 2.6286834193245703
708 0.011202662824504496
709 0.471622223908909
710 0.9825870700300826
711 19.503886032869772
712 0.6068144256869319
713 0.5400660765002104
714 0.023685205069512754
715 1.849260882855643
716 29.979174511490662
717 0.0647853196212686
718 0.8896286114528188
719 0.1706357978505105
720 6.689876045520282
721 5.361577630270909
722 0.9157103082261526
723 126.9732390330966
724 10.36349146747157
725 0.2806483217723744
726 4.101084326166509
727 2.587946920936089
728 1.0447015290165114
729 0.6826161354190506
730 0.5260778096497001
731 0.12498038152683179
732 0.12092872931942772
733 0.44823727835924254
734 4.0626105580910234
735 0.672219955096028
736 0.27981998147230097
737 1.7900699946409815
738 0.27471087130040733
739 6.84304799023636
740 1.0958486801193255
741 2.8719011810522166
742 1.5265217646009224
743 2.1237975206381483
744 0.012962053730028273
745 1.0934704076599675
746 0.2636496843065296
747 0.17997462441335985
748 0.10243438201666824
749 0.319164829494973
750 0.07507888768698012
751 6.569428672075875
752 1.5018147057875735
753 0.2048707837197415
754 0.8239924835063845
755 1.314292196159248
756 10.56854519812149
757 0.7680015594554368
758 3.100830710538551
759 0.9355037242853014
760 68.4836645957405
761 3.070195355189447
762 0.049150794960804094
763 0.06107096611037994
764 26.86133280468413
765 0.4071369230759128
766 3.001091689305697
767 0.326436050057362
768 0.19503069179787602
769 0.17972729875325388
770 1.2204681743835142
771 15.600855867398113
772 0.042574165334196404
773 0.9276864430709905
774 0.3182259792998367
775 1.5919882690481315
776 0.7491315785996951
777 0.1773109278182627
778 0.13631464555989178
779 0.11177859042757661
780 0.7870320614803917
781 0.279693881458996
782 0.7363583566100544
783 0.14485120082854788
784 14.07123764006422
785 11.98957493373142
786 0.9475579751797344
787 3.9368097362288683
788 0.7238648195777027
789 5.32751188709562
790 0.28195598554217316
791 60.87418671972764
792 1.5356056507491893
793 1.8232867583250467
794 0.3785490216393857
795 11.368825609090162
796 4.0606469785696815
797 11.932926401265965
798 6.94170488491298
799 5.263951288982862
800 1.7651736301473593
801 0.9534165625287783
802 2.5125133619376374
803 3.755064521524365
804 1.3046896854735968
805 19.510912425876555
806 7.224366932448717
807 0.6445334795853268
808 0.10118528836201451
809 0.6576944498738418
810 0.8188215609716538
811 1.664607447268054
812 1.9556104547823518
813 0.9604528535245848
814 0.08648869228915111
815 1.0603983030679565
816 1.1457064350166875
817 152.53686768488546
818 12.719277480845616
819 2.6370610614596317
820 0.36609708480586944
821 3.987925371224117
822 0.0328475705439943
823 2.2355408738777713
824 0.33363803931533864
825 0.40597997445719153
826 25.429059483722927
827 3.1743344608674637
828 0.03778942867544262
829 1.3631570992795052
830 0.1371790774362086
831 61.542257243441874
832 1.0506263360871753
833 0.09452099555502
834 1.0821002758949787
835 0.18214205464458502
836 1.292012147282623
837 2.3825760831457092
838 0.3239902867813578
839 0.5199336604147583
840 3.510859636047176
841 0.3868086524011059
842 0.18227298579079024
843 0.08021107364427978
844 0.036142994049372754
845 0.06628594786624616
846 0.6628140867254253
847 7.001130342104199
848 0.2793209799642665
849 0.9824831319613393
850 1.4196074805292727
851 1.4557609412335633
852 2.5398761316645233
853 0.036744311522515415
854 0.10094705485357733
855 0.36439025832545113
856 0.5342155281313512
857 0.5740658658414338
858 7.824823964580749
859 0.19193459526119871
860 13.435102572511184
861 5.004197018722461
862 0.024313586028093342
863 18.386419217784145
864 2.4369964140131217
865 0.2615943677108954
866 0.23193548494975205
867 2.0946923059725027
868 7.857931390992172
869 0.181972550997402
870 1.611940940313441
871 0.5336717588328418
872 0.1423273867305081
873 1.0163242955406064
874 7.79848390107635
875 0.11120251295089413
876 0.12459430690200154
877 0.6838999079311591
878 0.0066264823860454946
879 0.5520553272965838
880 8.110000318801408
881 0.04201884085551831
882 0.16980436587958592
883 0.04194477772848545
884 0.26617721476764694
885 0.7000573051786789
886 60.002643323861825
887 1.2040646707208977
888 0.7056311759306332
889 0.1313488819039279
890 18.845775802640926
891 27.848980783810063
892 1.0250536501529275
893 1.1758019645068003
894 0.9725348538751027
895 47.30069463927036
896 0.018753202578497736
897 1.6527255132804641
898 0.637544658417839
899 1.2408413216788845
900 2.8679529772370143
901 0.7783563209489331
902 0.17859772210392258
903 0.6649825421869805
904 0.1653503202822612
905 0.5449392869428822
906 1.935692834590798
907 0.45878082684022875
908 0.4495519880329816
909 0.08034120092157669
910 45.169256721672745
911 0.21833000438069816
912 2.717418000157149
913 4.549626230834614
914 0.8244780703142388
915 2.1168154051810837
916 2.797881470511154
917 4.451879157327964
918 0.5140930821520288
919 1.1188475378311866
920 0.13081722445740346
921 2.433758542653682
922 6.874756447688082
923 0.7153519048616979
924 0.32195785523963966
925 1.9075277545643448
926 3.2746289490063902
927 6.024418808548277
928 2.0991458830620253
929 123.87192438595639
930 0.5194935416380386
931 0.024035781406302914
932 0.30415941312495015
933 28.261602149217644
934 0.35402400596701183
935 2.785850610350844
936 0.0724870230292364
937 1.2302651946464729
938 1.1286265778988374
939 21.779143959111483
940 0.47507135674815504
941 0.04353776817067325
942 0.7347244623165643
943 5.507570576801881
944 0.022872298766112
945 0.16980957939620087
946 0.08028802078183292
947 1.7988921841374241
948 0.8510173692951507
949 0.24000238430643403
950 1.5492316063334515
951 5.812228275323316
952 3.2512943674305266
953 0.3539530962366363
954 0.6057096558712951
955 0.09188057984972253
956 1.4577003184649047
957 1.0986084023919522
958 13.435213434148386
959 9.242519066226976
960 0.26459196015202163
961 58.42640797230313
962 1.9777123566977686
963 1.906105812591908
964 1.6315286628696863
965 0.18333424323045547
966 0.1489171331578092
967 0.11966003698709637
968 6.422107579427561
969 16.07036011055951
970 8.112019945744244
971 4.3701961760313015
972 20.667698558445114
973 11.431905899055469
974 12.205344452453158
975 0.21749567033847303
976 1.1793335463824868
977 0.4017713644853269
978 3.64043753336483
979 1.9685899143727954
980 0.1349256783602015
981 3.1467741371346727
982 0.3282482970905403
983 0.04635233366232988
984 1.7922998304626592
985 0.40983256462234924
986 5.496010304410834
987 0.3185838210598283
988 0.1610042274520497
989 4.326956119433765
990 20.80954749291981
991 0.7396622282936001
992 0.12125638947424121
993 1.0181222578278806
994 0.18334641790334996
995 2.1970884644604056
996 0.10427173917406922
997 13.854375732666723
998 0.15695380760580363
999 10.69149828791922
1000 1.3064769495780721
