1 34.968752304579475
2 0.44293330714073487
3 0.037691973460305575
4 4.149360745622427
5 1.2948348479169727
6 0.2893470548827792
7 0.9111870083586932
8 5.001431733678354
9 33.702925864179306
10 23.344927118739935
11 2.247333649043076
12 1.022508976134172
13 2.8826813451229616
14 0.1702103508911717
15 1.3121644901869263
16 0.7734047626270305
17 5.37072226090952
18 0.4830402952442539
19 0.6706004325426361
20 1.0646449844857397
21 3.674447981772696
22 2.2620026737316477
23 780.8938269666767
24 1124.9808439547485
25 1.4770473666224895
26 770.3120921246013
27 1.2273164526622145
28 1.8784626786618428
29 6.05664342419811
30 1.227188565191089
31 0.8440615264372866
32 23.393642840628072
33 0.3147884088449115
34 0.6633776724995378
35 0.0814642319996408
36 1.9518270535088713
37 3.101539726854415
38 2.485164226614479
39 0.894597931071025
40 3.7175399895946986
41 16.41881604149274
42 2.979006715749818
43 1.362048492142591
44 2.131658491764572
45 1.5227442324216585
46 0.013839270536802289
47 0.5426376146439807
48 13.031451835331893
49 10.35731982693208
50 0.6557820546050176
51 0.6074675674646711
52 0.13115515478306908
53 10.568300285094994
54 0.9284880551502401
55 1.4115159882232846
56 0.1362417736193219
57 0.2649939863669972
58 1.7798442673181514
59 0.3166574703824551
60 2.309710843150906
61 8.790101918593848
62 0.23050476515411916
63 0.9569012352249457
64 1.7958419611811627
65 2.5585274068001795
66 0.1560431388915641
67 5.632268243412337
68 5.058260015521916
69 1.0952192534501208
70 0.7086109264752364
71 0.24183302285140873
72 0.2723428829146699
73 4.417432221176046
74 2.5419970420980627
75 1.7069004682223994
76 10.483269002052795
77 0.07700086632113548
78 3.952263808905678
79 0.6535809216674741
80 6.2799258612598
81 2.118684510586837
82 16.569922144196
83 1.4349195733566589
84 0.6388986926215371
85 0.03110138804001333
86 0.15480386314188882
87 0.195874933265024
88 27.81983797030973
89 0.6226936335750908
90 3.266188698205801
91 3.3054196219819265
92 5.924892126295032
93 0.5338012501575127
94 3.299985808754863
95 0.8072419954251956
96 0.2521449776860189
97 3.5562727328393042
98 2.2242916687291596
99 1.1893278525703899
100 37.761396732660344
101 28.129156145882856
102 1.1870952124068277
103 1.6789773287775136
104 4.823842743002351
105 0.4406246809751351
106 0.6520341579754043
107 3.899724306523339
108 1.5943926158008674
109 7.2500642129357775
110 1.0399827234025765
111 2.165840485513529
112 0.44688714473685826
113 0.8131152625271765
114 2.8398274849012264
115 0.7802778753299588
116 0.2180717613062133
117 3.295548708100169
118 17.198032115584702
119 0.25122201620455553
120 0.7947346666623291
121 0.3773574858457655
122 0.25558970349340304
123 0.8270521429114773
124 2.2426446026951123
125 0.3578028435238919
126 1.64918926627672
127 0.6212515735727687
128 1.322641962063559
129 10.450717019444799
130 0.569500805618396
131 0.06876220201546905
132 0.07581504506471147
133 0.26539470891984673
134 23.226484884205973
135 1.0323185183702237
136 4.4757186718447395
137 0.5501331245637217
138 16.1222891206809
139 17.694851504668993
140 10.644237892172436
141 2.455302930643453
142 11.038869099958601
143 1.016888994212891
144 0.21654759948034835
145 2.2886059404913257
146 1.1052976013620774
147 1.0957456987712644
148 0.42438576397101335
149 0.06284078060587488
150 5.913505201151972
151 0.5653859048332807
152 0.5786437007846759
153 4.598073997742729
154 3.3251456666386847
155 0.2531053966287502
156 0.4062452537770431
157 5.2201350662208155
158 0.7616360745592264
159 0.05245320888456196
160 8.816233568005162
161 2.5318280243086293
162 0.34185820802177536
163 0.2577246615141221
164 0.7327227913947499
165 3.6407423390690474
166 1.4142184999866716
167 0.4043292552060065
168 0.22222976911179226
169 0.011641640414282573
170 0.9143049600974358
171 0.05734747305283757
172 8.197346778340973
173 435.1286888200668
174 0.286375422808006
175 0.006270502976773102
176 3.6086286226188475
177 11.015861928339977
178 0.28848785895655077
179 0.8203670325840985
180 3.3639773361532153
181 0.09673216305637353
182 0.3652902721804232
183 0.048749182816757754
184 0.5546474911667496
185 0.43644569546175277
186 5.697011737285946
187 7.430914197665955
188 1.2493549714127625
189 0.27985764191977963
190 0.7112525717688891
191 0.31715217320452516
192 0.44045874514049504
193 0.9327771706290054
194 0.5284266804283164
195 0.7325925181644616
196 36.71515395266556
197 1.7706584597479114
198 0.7314347842747936
199 1.3480167469223021
200 6.818542604880783
201 13.781847437086398
202 0.8064272133894904
203 2.020209266000313
204 1.7288943331492643
205 0.09722809950529974
206 0.3046855389082109
207 1.8953803156959945
208 0.7616688349449516
209 0.16033342157017055
210 0.4079023741234514
211 5.322627730315071
212 0.16057837081608836
213 1.6681687752612195
214 0.19307060849749696
215 0.7909422136474142
216 0.10359675997401743
217 0.09899683776947807
218 0.3555436192578582
219 0.25212969929915313
220 0.35991697412352086
221 30.59500726025132
222 0.9139862083145448
223 2.6503542955194948
224 0.06889840475831754
225 0.3833705867000581
226 0.057546061920466206
227 0.21558886383171832
228 0.2512973135606636
229 0.1818800592764152
230 22.560117925862894
231 0.0156612725227862
232 13.433618434939476
233 0.9550861415388526
234 0.18876167973201524
235 0.9960581733261057
236 0.17123319338659312
237 1.6610379270925524
238 1.6051768104259774
239 1.3278145542417594
240 3.5114611317787765
241 11.25585215095346
242 0.7480019669762977
243 1.3262234540447815
244 0.36350065744340704
245 0.031154309356397927
246 0.36755134644386767
247 2.8611553279278144
248 2.5885285868049337
249 0.10670487398240795
250 2.2242657693812586
251 0.8932455254291157
252 0.03771018923622808
253 0.042137538784231335
254 0.21905776693149492
255 0.07575583969793297
256 5.235900548181927
257 0.5854557674925821
258 2.1679127817749277
259 1.614574070394833
260 0.2224041228178966
261 1.9964726260306294
262 0.11903524554559385
263 0.06922709551988429
264 0.008897790555145143
265 0.5814751283214821
266 5.502654813971215
267 0.40831298780550285
268 2.7854935217045824
269 0.07563581482498648
270 0.5129476547002149
271 13.934817312154093
272 0.27014510035379385
273 0.6511564659104848
274 0.3745811081621664
275 1.541909728903789
276 0.1331530691215934
277 4.679534731202736
278 9.46168487357974
279 5.558256234104519
280 0.05215670036492687
281 3.00629946481422
282 11.294970665209734
283 0.015824519151639793
284 2.022971092525132
285 0.18450676865391616
286 1.0110490346274932
287 2.9551308237953147
288 0.07020831535169315
289 0.012656032068503173
290 7.338124362400149
291 5.131772867211616
292 0.4349425139701893
293 2.5125951357826444
294 0.5578275982296044
295 1.1043005724084176
296 0.30698812880740045
297 7.4668664531871345
298 0.6491774823938835
299 3.4608718462357264
300 0.8881406732926832
301 4.364835600627109
302 3.5036999420006985
303 0.35977229328536225
304 0.9491446279496506
305 2.614835289529746
306 2.254043254978583
307 1.2590230154040716
308 6.9796296703547425
309 0.8528979105644084
310 2.152354308749415
311 0.3655655586094667
312 0.4386216297426758
313 1.4806971969144693
314 0.16831556925860353
315 0.6414809824401648
316 0.4498710949960502
317 0.12628148111023965
318 0.21376075460992902
319 2.1414629806314496
320 0.14690879930142156
321 0.46240991375344187
322 0.1539304979754653
323 0.16672163633574644
324 62.34193161985482
325 1.2831170384706354
326 0.43116049374740034
327 0.9950033991028526
328 2.1322718991391008
329 0.03628655933279753
330 0.8298835518949158
331 0.45766905438755034
332 0.702689613378411
333 0.02247578844180087
334 0.33348371179808106
335 0.4043033677174574
336 0.27658369273578587
337 5.69282196628119
338 0.1509150893966031
339 0.01387090621518432
340 4.797980928244803
341 1.38145785101534
342 8.386444624361001
343 4.519452538265459
344 1.2579018255326937
345 0.13596659531644578
346 0.1489038133976271
347 0.04365955514894177
348 2.154149106410455
349 0.7619862220147349
350 2.423703395369909
351 0.41827998835652414
352 1.3736065005404836
353 0.10911892737877651
354 2.9563949551661137
355 7.640020557703906
356 0.4288683657266023
357 0.7952603777082122
358 1.504062662473228
359 1.0986519951567617
360 5.494564267626968
361 0.029283026325134902
362 9.866798578484607
363 20.73065067348369
364 5.558130362027355
365 4.2370690931838535
366 3.4289965697631244
367 6.102411029823753
368 0.061460586328971015
369 1.2957800571621845
370 1.7092902034304869
371 5.601790397529256
372 0.09421247601906617
373 0.04938625041094321
374 5.126314314173673
375 4.566987925367587
376 0.5482003613721371
377 0.02935702499057498
378 0.17243175283064882
379 2.044516005397505
380 1.522861760339447
381 0.6325078973049734
382 0.18346326390273626
383 2.4344398023537477
384 1.2284258526685088
385 0.6904664091478304
386 0.1263537814450509
387 1.5738864916853699
388 4.5180745626236405
389 0.1923771735848195
390 1.2606874849666083
391 0.601868046227366
392 0.043561724524840154
393 4.444520113056869
394 1.2471373578137508
395 0.9796763516907169
396 2.7405812521126705
397 1.435999414463932
398 3.507801720801692
399 6.4010162473248196
400 0.05387559657291466
401 0.6592683147206034
402 20.19878031415002
403 21.3144164565146
404 0.019339532482718507
405 29.19979860190903
406 0.3787986719483466
407 0.35462265302560736
408 3.1208933989421075
409 0.9197298828131302
410 0.4032411280952542
411 4.648151749130211
412 0.04879909361436415
413 0.14272604806702882
414 120.15192837619281
415 2.269852501449437
416 0.08430391209729911
417 0.4537850049236973
418 1.3396608562658794
419 2.2514577502198208
420 1.1067063830473762
421 2.2468204400538285
422 0.26703156100562075
423 0.0026425978540893453
424 0.09107771784226182
425 0.597007519676868
426 0.29091373776721335
427 1.1260490725816736
428 4.108691464838507
429 0.08529421519792582
430 2.183458177108124
431 0.16360857508421062
432 3.8732137661140835
433 0.13882767689863962
434 0.8055783267619063
435 0.2747706770862147
436 0.8009656036956353
437 0.8454813183355814
438 1.2204665762708855
439 0.34469254178783176
440 30.193355609150668
441 3.915702095545296
442 1.8070106311704692
443 0.683061416585233
444 0.3048572144341651
445 1.6457621655681147
446 3.6451318026834003
447 2.039384672908575
448 0.4251015808371697
449 0.8991045105500703
450 0.9819104043281203
451 1.1133259368821102
452 0.404651574138548
453 0.8720455766170486
454 3.865143756363321
455 84.89753428614844
456 0.18714596550867776
457 4.63504026633124
458 1.6065233199758133
459 2.117988638127792
460 5.6352761410065675
461 0.8880226041846963
462 0.9502773223258524
463 2.029497108449621
464 1.6856926014692681
465 0.061306150724341216
466 2.1541833439623823
467 0.0557835323707892
468 0.0033688728530774596
469 0.42576714797031945
470 0.4630944117020538
471 0.04050338673719013
472 8.079365337924573
473 6.062781988977411
474 3.0294621240803234
475 17.158558031550385
476 0.6131250582892384
477 0.13219968145433394
478 1.3023619086793412
479 158.6340416071182
480 1.9359115633553874
481 0.18749158127686627
482 0.3297349150175142
483 3.0813685848744052
484 0.5014556641794659
485 0.16914450783855314
486 1.0454201412091992
487 0.9439200914606525
488 10.939176622742185
489 0.055594372344838716
490 6.42652052241791
491 0.5709698048517877
492 0.16131765661705422
493 3.7059302438383934
494 2.3488014397543315
495 0.7100493518930598
496 1.908116983379062
497 8.867204015446026
498 0.6923652491695779
499 12.761920629077288
500 1.3782795575865476
501 5.80227298469694
502 1.7585319693464736
503 1.9252585516670861
504 3.2542513987282975
505 0.11707412203923556
506 0.5920083103634518
507 2.23455992832774
508 10.481768844333892
509 9.077318274093523
510 2.166595861868445
511 0.5281466127020017
512 1.8089733862669544
513 4.0218466802627635
514 0.16894886686994298
515 5.657758088878948
516 130.48316670600622
517 0.40824638039345423
518 0.16454504965845732
519 0.9816219714228426
520 0.5229291304743492
521 1.1674677557219044
522 0.1989585246621767
523 47.590073163371514
524 2.215488024622674
525 5.7179488690124884
526 1.0003395238821187
527 0.34867010255863234
528 22.8137252869153
529 0.18806417617624704
530 0.8875133996992941
531 1.843138353889421
532 0.6057678749599943
533 0.1564467727282254
534 0.36310367760169726
535 4.99213632866792
536 0.3490047263707968
537 2.0167150990796774
538 0.4472373972878865
539 0.16911818162600634
540 1.0046936976499867
541 0.26082968070430396
542 4.2366183508306205
543 3.1012102915909536
544 20.836097173385244
545 1.9631547665075098
546 0.2507752114458339
547 15.048090740921406
548 1.3538381912622035
549 1.363536301720204
550 0.12123785214359474
551 0.1382532985358671
552 0.11807990046978424
553 59.23477200231881
554 22.017510589014766
555 0.17971668274012578
556 0.07855702219788371
557 0.13766086173837405
558 0.5307955262325895
559 0.30388355630444797
560 0.5057236421527536
561 0.07110375201847322
562 3.6855815273604198
563 3.0364232801898448
564 2.4375543971149156
565 2.7134758146051614
566 829.6005023786125
567 6.089268154401094
568 6.284084972551536
569 0.7286157655797723
570 0.34754416003159816
571 2.870135146482215
572 10.360862329505348
573 3.2195748747702955
574 0.35963473843363736
575 0.36598847418577335
576 46.76646687473915
577 3.7424928024096467
578 0.8519507657654803
579 0.522244483273027
580 0.9948475666925167
581 2.7301064204134886
582 1.2681269912168773
583 3.1432796415219166
584 0.33709478770948786
585 3389.260755508762
586 1.6913876267258428
587 1.5822744329257346
588 14.937529141207731
589 0.0072385198663047845
590 0.2648754462122622
591 1.9533930480756219
592 0.33366661729168523
593 0.3103376728285888
594 0.40528600644543694
595 0.44632027187598067
596 0.03789663348528498
597 2.0516673488626735
598 28.99429704425285
599 8.728466111133523
600 0.6921902234926428
601 840.9867865098732
602 0.47703207749106574
603 0.44105195667332375
604 7.232450397228843
605 0.023581326652068364
606 0.947023189593319
607 0.6164372513474506
608 1.557038314129882
609 0.21259175743263062
610 4.384044461744887
611 0.48191973739694494
612 1.9675894216922474
613 0.6545644992323083
614 0.7003447989965393
615 25.394590859746238
616 1.5367509243433064
617 1.743088153716828
618 3.56224481074583
619 4.953289761516058
620 0.2726015994993811
621 0.3743513240818619
622 14.316162795852696
623 0.10535847023670408
624 0.6590616592419899
625 0.6163759905380153
626 0.0650898427756024
627 0.7617841638073609
628 1.259547946637108
629 1.5146846678832617
630 0.031194880324386772
631 43.450899577110135
632 1.6471104565847174
633 0.893103867823229
634 0.46986455589420006
635 10.894104905538203
636 0.11323164430114814
637 0.762994537478749
638 3.542215198688522
639 0.25588194297317773
640 56.77108744436705
641 4.395743231632908
642 0.433834450568986
643 0.5118213152995075
644 5.019380555643799
645 0.2351948492481915
646 0.4681303030059666
647 0.16458938588981586
648 0.21181579959865082
649 2.9300313624247303
650 7.091972467363264
651 7.853416388544635
652 0.015340523133526187
653 4.391944894461122
654 2.7790172509537987
655 1.1319732464220447
656 1.2933698754217242
657 1.330344778992667
658 2.8698623108262797
659 2.1844839283838637
660 28.060223196123413
661 3.221930273689475
662 0.3238915993499576
663 0.33612243147262505
664 2.9044489201220056
665 0.7004793511135555
666 13.324523936816178
667 0.9863263123587159
668 2.0130294070580628
669 1.8862945926861427
670 5.823993738277683
671 2.4380493513355077
672 0.05978177396133477
673 1.4338655001958718
674 6.013867092914353
675 21.53191191984074
676 5.846917432832709
677 1.5300962912896388
678 0.7366407246774186
679 0.19362998104194837
680 5.638190426642374
681 11.06244061327222
682 0.3693004667409056
683 1.4372692629192796
684 1.8335907250550396
685 1.5632910288502426
686 0.12344417740157071
687 5.292745391251662
688 6.726310245965371
689 0.09723166850566407
690 0.5104183016483683
691 0.7816810273164815
692 1.3867334320554545
693 5.667416056691334
694 0.002545271907222669
695 0.2114065946237293
696 1.0120232072291355
697 0.2733849291247185
698 0.05569697321980722
699 6.544252167571387
700 0.9931228051637428
701 1.414119490485705
702 0.21798320437066981
703 2.672515695919091
704 0.8375979195117422
705 0.16711071468490324
706 1.7966049617369468
707 0.4186740798749222
708 1.6579095847154395
709 0.6651489997019432
710 0.9703730001269625
711 14.619988194666492
712 0.08634061325562126
713 0.22661546076608893
714 1.5078191109749512
715 0.22647235991647707
716 1.1800110810814033
717 1.8688369942274676
718 1.5270620130860826
719 0.10904401658327642
720 1.648667355646744
721 0.5277632449413046
722 2.118240227602007
723 0.7586217869885918
724 32.88956920451974
725 3.412213158616044
726 7.696990525984459
727 0.30730819103984985
728 0.7810600471527176
729 0.4747854740159032
730 0.23193145659971065
731 2.675478038718341
732 0.30368666322267446
733 0.3601308065098664
734 0.8831056468607422
735 0.11160792278382095
736 0.40961822716617396
737 1.1796563091656123
738 2.213816300697228
739 1.7471712505128558
740 18.21825050494478
741 0.06934772717678515
742 0.4301518167889381
743 0.5019131483326107
744 0.9357621999176127
745 74.35125814669931
746 0.6806172078042553
747 0.05548384162776805
748 0.03303403923270583
749 7.29464732504771
750 0.06726489157783203
751 2.29099813921821
752 0.6182196844542159
753 0.14372348595530804
754 2.1111305435488097
755 3.4136891825000695
756 2.586186244845471
757 1.0344916980962608
758 6.241572780340014
759 0.8924175337402738
760 0.034928561162395864
761 0.02177216884500979
762 6.253147179732327
763 0.6250047426629084
764 0.30567957218545605
765 12.260780178329105
766 1.952268798756127
767 7.167860276894277
768 2.744360556310994
769 1.6050299796426548
770 2.5265972410604
771 22.032815829580283
772 1.2090787222356083
773 0.07564690755269002
774 0.012732876177850733
775 1.4735719128689009
776 0.6254762102742752
777 0.5868739849462472
778 0.6076794317177315
779 3.1403191122346326
780 0.3925273580344731
781 0.8119353198383438
782 2.148560302136591
783 0.10059380886543869
784 0.26599100556316874
785 0.30639784082471627
786 0.13456152612781064
787 14.198623351328823
788 4.06929486238561
789 0.0629482272448587
790 0.5235682170225541
791 0.13821506621895777
792 1.4902052939807104
793 1.5349804255637929
794 1.5000440677972724
795 0.09321843153854621
796 2.1760594801932305
797 0.993229854927739
798 0.06591007725069609
799 1.9540247810854385
800 59.64606801783728
801 0.8625498566886678
802 0.2140661803710823
803 0.5197825146964365
804 1.003345917445363
805 0.2435684924107179
806 3.4931644339185564
807 11.250701022795976
808 2.209537808339977
809 0.26836874921157705
810 1.8969811026813892
811 24.88121848097257
812 0.017997156997390615
813 0.7103501416038371
814 1.0986398655462284
815 0.11936662793174753
816 2.649351989350208
817 0.005025802069085748
818 18.744054693471657
819 1.7739040332004488
820 0.15426899697294036
821 1.4952676959943467
822 6.179553048283938
823 0.5395171974849953
824 6.379950238412752
825 2.0170419882326875
826 2.1667602370062355
827 1.5477388110456458
828 0.6311761460415969
829 0.020029427620676377
830 0.5277879724040019
831 0.6826683439837399
832 0.9553911297527811
833 9.478321470303682
834 0.4038220883655327
835 2.9165687522163903
836 1.4102099437053688
837 0.1441322789396792
838 0.18013534291149813
839 0.44820300691278364
840 0.015476728413520605
841 0.2386125377422885
842 0.21046040881300768
843 0.33604134852743767
844 99.74230698677044
845 0.1638218105156243
846 0.08739663003697383
847 1.0843154009062645
848 0.6068108839337306
849 1.1618854920569996
850 0.2563886071034064
851 0.6721809839982218
852 4.9180955451380965
853 0.2993667266661035
854 1.3376753019996135
855 0.00549326592690683
856 0.1230132260517439
857 1.4193993927518078
858 0.14727545878847903
859 2.447464106488624
860 0.08659954393726214
861 5.488265393676242
862 0.08294499290307916
863 1.0042867638458701
864 0.4597097085941189
865 12.202609872279622
866 3.813898227419838
867 1.9242956846813843
868 8.46401169789779
869 0.08764321489413197
870 11.055650559205617
871 1.4506559676810264
872 0.2917403703842909
873 0.6141543582239258
874 94.27914953492176
875 3.7955199725715083
876 2.7529040641894458
877 89.62237049661738
878 0.9784715659884523
879 0.491511635721056
880 1.237251794301769
881 1.8810148482137703
882 0.9068379727462913
883 1.3099234105645945
884 0.6794417675102961
885 0.003511240505262193
886 0.0026987595472953755
887 1.5659809877106854
888 0.8317735802172648
889 1.5230726134022432
890 14.848904957080046
891 15.91824535312122
892 0.815129926422803
893 0.24479705860028866
894 1.754158145921444
895 5.777514870844077
896 0.07882281737393022
897 1.040984848271651
898 0.4147132058800059
899 0.07752001415999935
900 5.6912415270217
901 0.6199888754032243
902 0.9476914562236372
903 0.34020614446356573
904 0.6606347111088577
905 0.320612299730401
906 1.620516642879725
907 1.2061077413182593
908 7.837142075117725
909 2.045294290208355
910 2.557516510671409
911 11.498325188574771
912 0.13184949623400666
913 360.2878326118017
914 0.06607549610331283
915 0.04819877840675368
916 0.8826653694291906
917 5.485989927625164
918 0.6685499236577355
919 1.1474186752659732
920 0.023516611190338477
921 0.20862862725584205
922 4.808535467686963
923 2.0201529403436016
924 0.5416671678792476
925 3.619836974674486
926 1.6831161401062644
927 0.09635885909489078
928 2.165022071881168
929 0.603274082300792
930 0.2856128917986898
931 1.0530944842132748
932 0.6229724181053038
933 0.14742381582920255
934 0.38297624713743117
935 0.7315262541417012
936 0.1257397004275369
937 0.4921545903060313
938 2.2396759560326798
939 3.242275241631716
940 4.1661697583188655
941 0.375130741282773
942 0.37507776285079564
943 3.283758056774832
944 0.05517799605879409
945 0.35192016842198465
946 0.49356086974451774
947 0.39204245514549085
948 0.9634591916647485
949 4.200555476635248
950 0.5206967292632513
951 15.040402608600965
952 0.8108095654622585
953 46.69472178635537
954 1.6536602724613285
955 1.097688265390375
956 0.30365090195377276
957 4.6467826413739814
958 7.641587282447093
959 0.6098261753304897
960 0.007555756987169105
961 1.2125090127991054
962 0.11300012015143848
963 1.2082234238351646
964 25.574813262938385
965 0.9137163508811369
966 0.44805445683336004
967 1.958975942209972
968 2.9512379783133826
969 0.0010560966868769647
970 0.9282456603318646
971 0.05121852143081171
972 0.21615066746028963
973 0.09440167035064671
974 10.210392624616796
975 6.00716163412188
976 0.7688486801305646
977 2.885368961145605
978 1.2331112641482835
979 0.38010614632308126
980 7.389037447879674
981 1.6410789915354715
982 0.1334145096494685
983 0.1538615244793724
984 0.005603536636666992
985 90.26208879844731
986 0.7799106720516881
987 4.561633332949892
988 0.303278972869625
989 1.1528402211401705
990 2.921671549450136
991 3.230753110221641
992 0.44978222591976647
993 6.7734353286690885
994 1.249055983474254
995 0.43332043601310855
996 0.2539443945338584
997 0.2334763311999564
998 1.3999516500299665
999 28.090378395762336
1000 0.8664441855473448
