1 0.8617621006921625
2 0.4294056326127599
3 0.1193368993132017
4 0.109707605155917
5 0.24974508596605596
6 0.7820133849560245
7 0.20579829146563952
8 1.9445040060348053
9 53.13255728739174
10 12.680514236908557
11 6.254269903338871
12 0.9243203349028971
13 45.91108708195142
14 0.9984985139496229
15 1.8054874630024935
16 1.778812165035723
17 11.336568249104952
18 8.429897738018752
19 0.8386436813724493
20 3.7495870605483095
21 1.6390656064375655
22 65.66606512862423
23 1.995521799733348
24 1.3018123651161917
25 0.06878526643182375
26 0.3729572619471615
27 2.171653446931094
28 0.03600320287557591
29 1.0219281620685325
30 5.392446428851557
31 4.146017308095653
32 0.7986712025164309
33 0.972153566898123
34 0.26295781082182795
35 0.4070411894959566
36 0.31081625620369535
37 2.087542982790078
38 1.056470946532769
39 0.8718122505630773
40 8.786516631900984
41 15.422107606475008
42 0.8720326541965642
43 1.5614312973105005
44 0.21650947899953057
45 1.3274527419926
46 49.66104984583259
47 0.4227761406491615
48 0.049801235580044
49 0.6006038994233
50 3.559575911492188
51 0.557124677558472
52 1.1206387970167868
53 4.44290570476099
54 0.6637027308825376
55 0.5472924472843559
56 0.014434991363583246
57 1.7309180954956231
58 1.0749690345855183
59 3.0184017045929177
60 2.627709060219951
61 0.8610139327115577
62 5.55521016357351
63 9.478812020429576
64 0.24325699280760657
65 1.977554492920129
66 2.1291376401861473
67 0.8199993572776055
68 7.522481852101465
69 0.07809905469913485
70 0.20501138547462738
71 34.12896059350091
72 2.0197866075434807
73 16.135758379686557
74 8.780060991535946
75 0.12620221176789623
76 0.18100771822482076
77 18.52539148037791
78 0.8959940976841557
79 2.538690281320964
80 0.5721608251847515
81 0.07597568131835868
82 0.038260594687614155
83 0.06097967487892626
84 8.324884303742694
85 0.3146656748533272
86 0.6569697994027345
87 0.48786290989482967
88 1.9535917338947792
89 0.045298789262350966
90 0.18023815007091754
91 0.29270845675218815
92 312.5325189199469
93 4.011258456105171
94 3.9218910729744865
95 0.07165493526022755
96 0.048497982009425365
97 0.30454534644637293
98 0.772062405665872
99 1.759647500931662
100 1.3345228998524385
101 4.820290111021886
102 0.1250285248074994
103 0.6189580515319324
104 0.20193643027736968
105 2.9060047148252446
106 0.6514803778740271
107 0.45657641138462857
108 4.720258289463127
109 3.1257996555367065
110 0.049556804941251975
111 0.46016417385831654
112 1.7049988739771635
113 1.01575401372386
114 0.6955923383590316
115 0.38678022918325233
116 9.253636332819823
117 0.2812352265093288
118 0.109037322526257
119 1.3429213078425015
120 0.10072816053374391
121 0.019210656746592423
122 2.9388918098342733
123 0.8347771017481993
124 1.3926673073595783
125 0.8439810327647469
126 0.051622542239201666
127 0.0181393010801482
128 19.08495900698311
129 0.15778140667941884
130 38.1108206163484
131 0.8741010050926116
132 0.35494946389479387
133 4.43216692403276
134 0.07127877603650777
135 0.12809567483461295
136 1.2560015574349999
137 6.891595505008284
138 7.8381151353878336
139 0.5064743875993851
140 0.7573756177594971
141 5.944602326279596
142 9.567280605066252
143 1.2313318967554885
144 0.9877021791307359
145 1.0178092832732764
146 5.81906257856104
147 6.632231981884228
148 6.949217975149723
149 4.698291101085099
150 1.105657887939391
151 4.804115290740589
152 0.06505315202332229
153 1.1588438728268666
154 0.18828259728753988
155 0.2844624146621233
156 1.440361688167837
157 10.23185981563264
158 0.8784815400159173
159 0.1760448151395661
160 3.202274711588179
161 0.06956602798874606
162 0.1658271675993297
163 0.6392124293586303
164 9.861318638788406
165 0.15772660378477676
166 0.7976887286397065
167 10.302290321853754
168 6.423490115030351
169 12.193220451376094
170 0.15572337378622056
171 0.04316605021555827
172 0.04641171538743445
173 3.4775356136491076
174 1.3617971460508513
175 0.5914086115870913
176 0.05428408133427366
177 0.6700908647555951
178 0.2752260619021073
179 0.5144582702942398
180 0.02560260388758125
181 2.4575755864341198
182 10.453461406876126
183 0.9367271491220954
184 0.44836364339063806
185 0.8970369156554452
186 0.8343151882058429
187 0.19739356922170326
188 0.44656780762538895
189 0.919366156183795
190 0.402998036593976
191 1.0804694580087761
192 1.0588697990540399
193 4.289841136517018
194 0.7072328729486309
195 0.3909930027437416
196 24.244506227732533
197 0.9943962365501174
198 4.045793814797049
199 0.8668439974349299
200 16.48128782745107
201 0.3367964220851741
202 7.584139340955109
203 0.32667635200925105
204 0.5635382733339295
205 0.07134119614028765
206 0.4128867644424738
207 2.799914489587466
208 0.2774857852005359
209 834.0865042489244
210 0.8022217535596761
211 1.198797099701743
212 4.1679810302363425
213 0.03619167803813521
214 25.967551091220326
215 0.47417788339041617
216 0.3581329195149848
217 1.0595512123902422
218 0.5671237030854929
219 0.02815117778260075
220 12.352578717923883
221 8.782333718557231
222 0.9247240906629405
223 0.007092556713899434
224 7.219387681018754
225 0.3036970064950987
226 0.5722880941294414
227 0.30060107379695983
228 0.019447534527047297
229 0.8590367255549605
230 10.733799667437438
231 0.09125878302107425
232 0.011631715763278564
233 0.14078568687379217
234 0.11136631298077637
235 4.432348756330587
236 2.6845875637161956
237 0.37590887649054244
238 0.0987364489656976
239 0.07012392313915823
240 2.739943375962909
241 0.4852829600946445
242 1.4103228634460887
243 4.49444188851891
244 14.56699206000187
245 118.19913768375373
246 2.123665323705374
247 2.95576562728299
248 4.592706844774686
249 1.5802317983530583
250 0.5295313786375737
251 10.784698658340341
252 0.773864775169094
253 0.06696030243961609
254 0.26647820301422026
255 0.6998657121236308
256 6.665577154190066
257 5.065191605043898
258 2.628006549202519
259 7.387081619069336
260 1.7603702200513671
261 6.039107711923029
262 6.724195584087913
263 2.776561647654132
264 0.00789687870742535
265 1.2541152539224265
266 4.231211457638489
267 0.5731293741158789
268 0.1236206461506684
269 3.2283955561982647
270 0.14673105309752682
271 2.4446833620477837
272 1.5749392027810019
273 2.2242050095318557
274 1.0334173979025945
275 1.5511100314756312
276 1.866539680036254
277 2.8968996638963365
278 1.546489584978578
279 0.7098866031595593
280 0.12651470441883675
281 0.5440640422851791
282 0.5322103984178496
283 0.6998288639107793
284 2.528335635485797
285 0.10360781518925934
286 4.253628144810229
287 0.2243851870918359
288 0.16688193972355542
289 7.595747172061673
290 1.6823796705134473
291 1.1803363017376525
292 1.2298692609280995
293 58.08193817967964
294 0.9362802608770939
295 5.7126752159608385
296 0.2962787428621476
297 1.5725623687689467
298 0.21030617293209378
299 3.5061931482194315
300 5.487737457336311
301 1.5959504586574935
302 0.10921344578321505
303 2.4393557049239796
304 1.9927548378113171
305 34.93270810806551
306 3.451244681200104
307 0.8113640946751832
308 0.4234329798636694
309 2.9979570204496344
310 1.6166997369724354
311 3.625019406161654
312 0.11059196797526451
313 7.6984210437908285
314 2.338727166799719
315 0.14851857483819825
316 0.0699711683211361
317 0.664302424920959
318 4.774067673625725
319 0.26779876292416527
320 0.3668192409970608
321 1.5375208619162104
322 1.5991944288512343
323 8.558594819755582
324 1.041445413516468
325 2.935934844730258
326 2.2971714457209846
327 5.4308635888037
328 0.20306143781616512
329 3.030607368182184
330 1.3338790754324503
331 0.30740536557576903
332 1.2717959695949157
333 1.899939486183728
334 0.6416986969608908
335 0.162182689122195
336 8.259498278265498
337 6.827223278690827
338 0.5661139997856774
339 0.15239750087327827
340 47.55609622258802
341 3.9656373690992988
342 0.3734861293685836
343 3.8896484409781067
344 1.7234397595437663
345 0.67767994806624
346 0.09546073851829122
347 2.215885597778734
348 0.8413796065096896
349 0.016340777581869356
350 0.34362471007320194
351 11.067901518860571
352 0.14445867681699076
353 1.4158455469728055
354 2.257276396596836
355 0.3187745467985875
356 0.3073296470246402
357 8.929961596156534
358 0.2943872851008673
359 0.2514896285217399
360 2.9926937136005534
361 4.348464031999402
362 0.264207882179918
363 1.5626376962101947
364 0.8159817705649404
365 2.4209890806498833
366 136.06938334146454
367 6.216459168107764
368 3.689955942699007
369 2.6604289667820287
370 0.595753404228772
371 0.03901107036258814
372 0.5507216722267245
373 19.417232032209693
374 1.0099372654445724
375 4.424699398644818
376 2.3927527962973376
377 4.297865143652417
378 4.870682661681356
379 0.019501392949851346
380 0.4648897200222049
381 1.9939884417108225
382 4.009301220140023
383 21.02602970479278
384 0.23375489405710276
385 4.16754183611418
386 0.11741187927822526
387 0.16230451372006036
388 0.5492248257949826
389 0.31231763101140453
390 3.1522163934949363
391 1.014021988087886
392 1.418403356873687
393 0.5698122634106151
394 0.010927928841192668
395 3.912764164629749
396 1.1855520662723167
397 2.0257413149282866
398 13.622383760634282
399 4.890816975609062
400 1.4196619792735161
401 2.2810023479838755
402 0.01164334258463767
403 0.26420653743659955
404 0.720476124721668
405 0.19804661847994842
406 7.851220861520978
407 0.22845166373579856
408 2.043587530995445
409 2.674950319249522
410 0.19794084893611422
411 0.7983844342037217
412 0.5083333471763402
413 2.439136708449887
414 7.409326519607521
415 3.7458998694243135
416 15.044973210328425
417 0.5069814687085062
418 0.16843022411280464
419 13.087291053142428
420 31.110655399090312
421 0.2649824279239773
422 0.9862953134143804
423 0.280077654484416
424 0.5417805901898333
425 1.5681013416715621
426 0.7972601430615782
427 1.6558406306387377
428 1.3499312891726418
429 0.392438575863047
430 2.456703870188566
431 0.011548538003824797
432 0.6725556272319368
433 0.12842851741757247
434 0.09518562921629097
435 0.247874903864141
436 3.636776581657636
437 0.10563877755609999
438 73.6928669011205
439 0.028270668727479943
440 7.302771406144315
441 1.3866170619651126
442 2.576470991343648
443 0.2743996376724802
444 0.3476260858839052
445 0.8952611824819012
446 0.775029404388191
447 3.1517108282519004
448 3.997284370175607
449 1.0115754709871378
450 0.10080366167013784
451 0.5886278286567413
452 0.3158851359180181
453 2.9791306478063757
454 1.962165187825276
455 1.3335571529687908
456 0.33139789107572426
457 3.3000590518522923
458 0.3705908689599622
459 1.6182731000409645
460 0.3938837656217185
461 0.2321411016598151
462 210.18903640133644
463 1.148552956722024
464 0.2671248668917119
465 0.3517352685420197
466 1.2012410819163133
467 2.4924475444995697
468 0.7122011325274165
469 0.0014393898132585323
470 0.185553163391922
471 0.6677798405101906
472 2.561527130799203
473 0.0058852174177308455
474 0.25342983494423155
475 2.393244959601762
476 1.7367284374158023
477 2.3197481375159312
478 0.5062032786083271
479 0.5966192038616638
480 0.5389027037399879
481 0.4697828352855684
482 61.6165114128216
483 0.302520757998157
484 7.757728913700781
485 5.748553845388375
486 0.2317077318056674
487 0.07254729394913498
488 3.581247592184431
489 3.859456086555725
490 3.620237238366161
491 0.10589653668147493
492 0.3048661994457477
493 14.68607789658077
494 2.0843286365442206
495 0.15508543507597738
496 0.19524890822437305
497 0.046699906706799285
498 1.1356815646389316
499 0.1056203982486984
500 0.3967331442627973
501 0.6506982850000628
502 0.6401054789019393
503 11.348234648540284
504 24.115643141487926
505 0.3062626336089887
506 2.9634187018821065
507 1.4852015130419993
508 9.31804756601782
509 0.6819133572415746
510 0.22729165862132736
511 0.38967066484629853
512 2.3486859414558485
513 1.5271266418867648
514 1.5953991396327496
515 0.5734690628060237
516 0.3952900607747633
517 1.305700508427937
518 9.3334694611381
519 27.777661314084767
520 2.190575871724718
521 11.660689751252708
522 0.0688113839327589
523 0.2508034740529827
524 0.8751849036597105
525 77.25379466357917
526 1.017047725759266
527 0.15054078643886654
528 0.19201870703874446
529 0.7383462320658934
530 0.11277304579327635
531 8.204840534282187
532 0.2756937412271842
533 0.04589399604782348
534 2.3196220489060084
535 0.7059212601936157
536 0.10027879620865801
537 0.24678825691317183
538 0.08228050002022383
539 2.0685366191781336
540 2.7183835540935646
541 2.8850393231564446
542 0.11923656062259175
543 0.8285260370361449
544 0.6893655306571538
545 0.6359123831407578
546 88.23887174285383
547 9.962173662265155
548 2.895564010638769
549 29.336891076580855
550 0.6720937643477924
551 0.6443818115589725
552 0.0029375208588670607
553 5.8470025089279565
554 6.910611088157859
555 7.622290612518044
556 0.020901934600769924
557 1.0449415754198494
558 0.19193620760319238
559 0.7987416312675988
560 14.355950131726503
561 0.6983761550880485
562 4.960041339410902
563 0.16908120988731154
564 1.2530761694142853
565 14.843066362902476
566 0.5778305659568805
567 0.9034974276075736
568 0.6402028325516059
569 0.7154689220019359
570 1.5161478760764855
571 6.126453262526457
572 0.4088571410657683
573 0.11334636178804271
574 0.7260579173032226
575 0.9625255862339922
576 1.438520346521899
577 0.03138165237154433
578 0.02400851996411597
579 8.424516193839347
580 2.0548345259166565
581 7.836883291287499
582 0.653789626224426
583 0.19986773526134632
584 7.9939082939078165
585 1.1033471342913552
586 0.24899092119890184
587 0.06358585200461239
588 0.21561510301953762
589 0.9240682518505802
590 3.1710746729040693
591 1.4646935962496253
592 135.95429813232008
593 6.978188783739134
594 0.9136553294893823
595 15.074618183448871
596 23.66672645502518
597 2.1126449581182425
598 1.605606050056334
599 0.26779861936636795
600 1.7105468016014442
601 1.2712973433863823
602 0.525722163965937
603 0.02626158263440551
604 8.986204957456836
605 1.638122523300524
606 0.4361325547033111
607 0.4051959007691718
608 35.68429286052381
609 1.2290578342148608
610 1.1311393509535763
611 0.10166599691167401
612 0.17507726405919552
613 0.46065082475984015
614 0.7709765967867435
615 0.276476781830398
616 0.2649815888903938
617 1.2591845900432124
618 0.9880287568474744
619 0.15715683504375222
620 2.966208508733126
621 0.5645934953661618
622 28.266891278881978
623 2.1239013518870675
624 0.9855508290599386
625 0.040508819366746086
626 0.9254884817000867
627 0.5071296550852021
628 25.496424250023477
629 7.206039906513083
630 3.7794545196821825
631 0.220892736784807
632 0.04222680063446178
633 1.2277608932851993
634 0.8968421743866909
635 0.11888919571590681
636 24.49811321280292
637 0.15637673310343214
638 4.406353025458148
639 0.7500797012706123
640 1.9926573909990473
641 0.37968970937731567
642 4.812177029074151
643 0.9185098642637284
644 0.61778669415602
645 0.16670898150947933
646 3.3216051993420797
647 0.3791634854998789
648 0.3389120543238912
649 5.40054266100368
650 1.4544701104936038
651 1.576462230067161
652 6.35715806622278
653 0.30653453259407176
654 0.0887909167649549
655 0.058182242866916235
656 2.5010558919297003
657 72.25713206376666
658 3.4706905703650817
659 1.0658351450817225
660 0.13209198479617318
661 1.652546571410108
662 1.7584331853645752
663 0.6310706942005582
664 2.633215301162251
665 4.926873614627875
666 0.7873218925585787
667 1.5207956096575301
668 2.871449927278108
669 0.07936197867401908
670 3.232696098170555
671 1.2277301640892617
672 0.10336596622254647
673 0.004834212886536469
674 1.3436408857200643
675 0.15661919434146468
676 0.3592188658280589
677 0.03769381140435415
678 1.2193991912041688
679 17.56828573231046
680 0.5399431678323469
681 0.471118267714042
682 0.15685675102141647
683 0.09886057121053284
684 2.7370191673877504
685 1.3531273520289777
686 0.6318499562081192
687 2.4237372480825927
688 122.27036252601141
689 0.4312325603297994
690 3.442109630872666
691 5.636401052690275
692 2.1401386788734036
693 5.109175637451123
694 192.16452877379677
695 9.197667085559726
696 9.733792690630198
697 10.566032234554426
698 1.0390460372355024
699 0.5111060732373847
700 0.4001537590587025
701 0.3322335388536172
702 0.1756414380678509
703 0.09510103165907084
704 6.5300700448076086
705 1.0970917683616235
706 0.14370100033658875
707 0.29915360720473555
708 5.412426622523007
709 1.0306786156581358
710 0.5844023572623106
711 30.33277628463488
712 0.44907466350603087
713 1.0118550244840931
714 7.9698781293203735
715 1.0217915331095697
716 0.3946504183668284
717 1.0135726230439324
718 5.115264116143593
719 1.060545293410038
720 157.70142118859025
721 0.28054316331481705
722 1.091611160626097
723 0.8218221290326726
724 2.8848290720972196
725 21.646203311401433
726 5.402007514928242
727 1.3006764675655278
728 1.4805541511738753
729 1.034048155692766
730 0.030395242141032612
731 0.9318725501013035
732 0.161338522673168
733 0.5014732465972362
734 0.9010943931151879
735 0.32430182092445003
736 0.20893239319184262
737 0.18796013804337713
738 0.8526441819457097
739 6.451649257154608
740 0.09064170114472025
741 0.36673708285933676
742 3.8848215106669604
743 3.5627238945869113
744 2.1608771772984356
745 1.7999303578348715
746 8.85871543331546
747 0.11874556917167789
748 1.3191194265712163
749 0.16335230285765456
750 0.04948760791458368
751 19.913813260800403
752 0.16916395628647526
753 0.5826454082961666
754 0.1649764158247587
755 1.4107863804288563
756 1.413184521215653
757 2.100800045721441
758 0.40690941548388804
759 0.9404787056600198
760 4.452498375391916
761 1.1015678367929784
762 0.2612060997836216
763 0.6966649290765095
764 0.7425870141623476
765 4.2854892534616695
766 3.5724056829025552
767 7.207245316761108
768 5.882938059111048
769 0.1287027910793385
770 0.4536024263199735
771 0.23125980908944216
772 6.0469260437537775
773 0.5483778751254677
774 2.7142050192406426
775 17.583599659295096
776 0.20566762501688743
777 0.6920974068846709
778 0.029272727594776792
779 0.3342748500681249
780 0.625035517511754
781 1.9606693013561207
782 0.39891194716224115
783 2.0501511320114942
784 2.868301369755121
785 0.02912522364689415
786 4.517613394253407
787 9.744632489749186
788 36.16258098687191
789 4.049178620616368
790 0.45207209028224077
791 2.5843004599101596
792 1.4781032299259556
793 0.22149861234181603
794 0.5539502061914575
795 0.3585456963228549
796 0.11156364691794357
797 0.29910309478304503
798 1.2521729642679251
799 3.637111603933224
800 0.29685592345553885
801 5.126665228426312
802 29.010842669083136
803 0.6871371571762055
804 2.2728543255724354
805 0.24015819757623957
806 11.483032762866948
807 4.3226574313657675
808 0.23142658593846088
809 0.5737913672521682
810 0.7539789873283577
811 1.6433770425460377
812 19.42926429522041
813 1.0677201642561267
814 21.764176146087376
815 0.07802533556435386
816 5.983534598501676
817 0.4994861625233093
818 1.898070368021322
819 56.279635888801835
820 4.767005975628902
821 3.5090860745896
822 0.23903538829879062
823 36.382028284986774
824 0.42988477313826645
825 0.8752296958485416
826 1.8591030667040482
827 0.032209097154502014
828 3.3632829367038086
829 0.2637655770353031
830 0.3262517200111813
831 28.138617600214765
832 160.5726593085226
833 4.77407059448104
834 1.105873552573862
835 0.9356249034135152
836 0.3914485422400475
837 14.627271529341305
838 5.258064487068163
839 0.0943144749564026
840 0.07019396285288924
841 0.2915182990186444
842 0.5640000473654406
843 1.4500785798908615
844 3.084881341806844
845 3.1462339589877435
846 0.4947137972372339
847 1.0368169401118046
848 0.15044308623953515
849 0.1515878232518946
850 0.6678212195608096
851 0.8792647101819014
852 0.2937535999852158
853 0.880533541767799
854 1.217997388242288
855 0.8193969069648092
856 0.6207790693261622
857 0.8837782680732965
858 0.8568112243739721
859 6.248145114900559
860 0.6615529777814788
861 0.39398116224848473
862 2.0882020885641244
863 0.19642143823660255
864 0.6336970057033915
865 1.4455104913507435
866 0.1963961890096346
867 0.31169068716702597
868 0.5862042107188252
869 0.4378649504915464
870 0.3341893243313565
871 1.1569631161934617
872 7.559798635701458
873 0.06801514770840342
874 0.6362131850238829
875 0.23724250070634562
876 0.013074469781058824
877 34.72698805031037
878 0.5701856689344952
879 0.986004528185951
880 35.07813060178538
881 0.9273453886726263
882 0.9249738922108043
883 2.2185677263142356
884 0.12795499941420416
885 0.9590798561487146
886 0.01999119892903887
887 28.0538782143983
888 0.17824740418205176
889 2.6868298133472237
890 0.019846394505273233
891 3.685429155063916
892 469.62259770922384
893 0.10277811729600422
894 2.105313102551201
895 2.566521946129696
896 1.4861394453430337
897 4.363738392851584
898 0.016858131975156763
899 0.6662628939874586
900 2.1758768758540072
901 2.9749303417701713
902 1.522792795641391
903 0.042689876282006586
904 1.968491866041308
905 1.4334193197068934
906 1.2619450746801406
907 0.343541126038943
908 3.5279582552623667
909 27.802743633645324
910 1.8114201369057568
911 0.9218604467641323
912 3.700541801993394
913 0.5814173333783755
914 0.9309952821719859
915 0.8116105115900398
916 0.39655041720693257
917 2.5458310557430965
918 0.6047565414156236
919 5.71088092133374
920 0.04028939868889791
921 0.2701940721610384
922 1.1299405271602594
923 0.16740211907728317
924 2.072941121745152
925 0.046200709224108585
926 0.10327939029652325
927 0.6715153258706799
928 3.7198522294461274
929 0.5388050223087897
930 0.354685868145436
931 0.17982985953224587
932 2.676577124606898
933 0.6027752284503975
934 1.8278929710107887
935 0.6970295832669322
936 1.439866913138462
937 0.04087572482559127
938 0.649395231804116
939 0.13983444861293653
940 1.2286616221017546
941 0.14913304091571042
942 2.5879616353265438
943 2.203875787344846
944 0.09773795109306056
945 4.562236703085664
946 0.7238419918309611
947 0.3570860950449495
948 0.24191977814682572
949 0.18922424193000098
950 20.971579800889373
951 1.4533888376612312
952 0.6228257969577659
953 0.5623449570458805
954 1.5024045179660959
955 0.13452675625690771
956 1.1254785928735398
957 0.5719947764008243
958 7.925030457708735
959 0.9112428951740954
960 0.41072812490579497
961 0.3896053048080978
962 2.964906430298339
963 1.7994698431921363
964 0.027883183102148937
965 1.1687713072953174
966 8.649545492964828
967 0.007954905968618097
968 0.14519106734887274
969 2.0322571925442445
970 2.1432128542190063
971 4.151223968370567
972 0.944011535462442
973 0.6648746349907435
974 0.554275743876856
975 0.1742823299618046
976 13.98048531847284
977 11.628931307006745
978 0.13710231748660542
979 0.7321761291954093
980 0.08152969295002518
981 2.319017696656978
982 0.15973385612119614
983 0.5892144122053026
984 4.165246043614274
985 0.11366533695872685
986 3.341036011653641
987 3.379767898939398
988 3.8338968205197235
989 0.8346393569234635
990 0.8136743107884891
991 0.5960903294504246
992 1.0927402070683387
993 0.15153161635556428
994 1.3444471531747992
995 0.24346771175980203
996 1.6490116073394232
997 0.6759949397489192
998 10.946307678508107
999 29.05166291342872
1000 0.2861167323268546
