8 855 351 192 626 512 499 732 431
8 859 871 699 351 391 121 708 538
8 501 947 70 773 295 822 91 196
8 782 684 177 89 535 272 314 721
8 507 73 29 861 146 672 531 898
8 373 392 537 173 14 273 978 907
8 745 449 728 527 207 150 338 673
8 99 946 579 555 207 389 322 140
8 555 730 632 341 564 553 248 343
8 202 215 838 52 572 333 179 196
8 735 430 835 616 322 220 509 651
8 107 330 110 131 928 400 853 930
8 901 406 968 844 144 920 993 332
8 782 969 237 714 636 261 917 304
8 527 407 42 875 167 796 135 91
8 975 317 522 761 116 93 470 87
8 914 626 847 62 647 451 646 681
8 570 350 591 837 682 355 991 321
8 720 133 723 208 549 528 744 936
8 709 340 738 845 841 923 989 283
8 149 247 630 168 69 671 904 465
8 253 364 130 108 529 568 647 445
8 426 98 234 68 907 538 256 290
8 79 643 712 449 972 755 726 137
8 70 424 850 266 243 362 316 334
8 820 783 125 498 401 649 830 882
8 440 972 132 964 938 867 744 704
8 967 8 657 541 18 609 367 457
8 215 701 604 598 228 791 773 39
8 876 404 46 488 771 991 465 16
8 534 579 633 265 118 675 400 757
8 469 417 54 706 689 483 368 427
8 169 868 460 561 11 776 651 669
8 424 452 898 932 818 190 170 19
8 407 177 471 818 88 396 225 552
8 554 674 740 997 210 922 455 830
8 886 745 730 532 102 515 844 535
8 879 542 116 357 959 416 726 262
8 640 266 968 14 94 691 173 900
8 534 772 234 773 199 921 277 420
8 888 715 598 496 389 140 647 771
8 737 916 461 703 77 643 75 315
8 160 320 847 130 296 375 821 879
8 230 970 807 183 18 366 162 575
8 252 809 106 924 1 683 206 535
8 674 376 203 363 894 181 535 786
8 426 162 923 474 860 338 151 119
8 192 7 72 843 946 536 935 776
8 897 745 148 629 633 756 739 119
8 236 852 986 228 418 746 116 997
8 655 164 610 187 412 518 832 144
8 259 745 115 808 385 928 671 315
8 230 946 483 98 982 618 91 729
8 667 518 748 834 435 467 595 468
8 242 636 648 201 717 514 333 990
8 945 810 870 500 419 475 786 949
8 72 194 889 306 361 281 172 478
8 897 274 702 339 962 304 645 578
8 480 856 159 494 946 308 936 951
8 386 665 538 489 821 299 212 742
8 215 381 897 389 660 80 144 933
8 274 254 743 301 347 545 359 221
8 410 666 84 579 954 185 68 15
8 539 202 875 977 483 834 391 914
8 309 237 967 693 871 887 55 552
8 604 469 207 234 525 3 78 333
8 765 510 735 299 946 533 589 646
8 687 52 208 641 588 459 976 19
8 395 847 173 155 988 271 669 503
8 975 292 741 198 325 138 978 913
8 50 872 689 484 711 541 467 874
8 105 662 964 633 593 687 299 185
8 63 625 382 41 912 550 814 891
8 969 764 720 302 963 773 865 690
8 163 637 291 984 225 276 13 722
8 699 254 790 685 894 140 887 638
8 475 584 833 411 921 334 681 61
8 383 628 394 150 981 966 93 592
8 836 440 715 541 87 748 956 711
8 631 407 800 131 404 18 370 917
8 847 657 187 664 982 649 326 566
8 287 335 940 135 628 679 941 646
8 114 591 448 896 584 517 184 529
8 103 125 293 199 10 509 299 420
8 804 720 15 268 302 417 680 996
8 223 956 501 405 10 391 312 988
8 501 102 130 140 633 162 759 722
8 767 205 408 460 558 546 839 419
8 220 966 683 470 949 623 944 979
8 643 741 160 90 671 139 581 917
8 567 355 261 858 495 88 814 246
8 740 278 373 236 830 283 276 998
8 1000 105 237 454 898 559 911 143
8 605 229 1 659 830 511 774 220
8 567 539 269 544 879 920 960 134
8 975 851 96 500 187 991 377 721
8 538 773 513 641 28 248 928 144
8 772 775 354 703 75 697 893 606
8 706 316 942 973 275 556 303 990
8 327 868 300 858 366 261 583 697
8 829 241 102 845 105 847 442 773
8 946 242 354 731 170 634 814 251
8 45 432 476 775 11 629 962 999
8 327 285 558 450 30 757 670 456
8 767 27 352 493 948 542 998 623
8 519 571 259 188 735 821 679 930
8 765 316 152 275 55 571 839 181
8 937 755 161 916 547 429 156 118
8 209 710 44 440 351 177 256 957
8 247 53 400 491 257 843 822 788
8 648 403 849 209 118 15 57 930
8 519 745 395 838 485 552 459 156
8 648 195 902 22 7 590 620 358
8 972 52 819 6 923 502 342 478
8 127 802 40 671 873 937 553 334
8 706 677 667 286 379 180 584 225
8 354 473 205 733 335 676 998 523
8 622 430 345 690 516 634 26 419
8 889 855 64 703 390 220 179 196
8 702 337 486 876 858 863 511 374
8 442 70 773 92 847 47 332 673
8 3 20 762 933 268 774 256 190
8 678 381 373 29 741 784 670 979
8 614 117 9 958 962 279 492 488
8 217 99 12 515 878 997 813 451
8 765 89 987 843 693 313 990 421
8 410 8 887 709 491 148 600 912
8 438 591 229 103 894 176 184 870
8 159 783 702 418 723 203 556 296
8 504 417 392 908 597 675 165 864
8 5 434 546 380 20 98 580 919
8 943 515 228 267 190 700 673 196
8 978 442 437 873 657 67 801 844
8 809 424 423 1 655 837 746 870
8 674 27 686 142 842 816 732 304
8 695 139 192 712 132 368 987 853
8 443 479 467 357 272 864 212 465
8 684 540 587 642 763 329 641 170
8 213 3 847 229 416 813 903 26
8 836 176 199 228 732 88 791 71
8 937 684 217 671 459 893 989 168
8 810 513 878 448 606 788 776 996
8 562 712 532 383 35 402 321 520
8 763 77 131 537 250 324 238 536
8 369 867 283 431 471 676 333 200
8 544 751 772 764 602 291 200 323
8 803 90 213 96 269 770 39 801
8 239 163 989 684 571 708 529 119
8 564 30 137 536 537 22 359 447
8 604 470 893 416 34 419 284 405
8 150 574 232 177 527 907 474 924
8 751 807 233 598 724 933 840 639
8 745 793 824 289 29 392 978 589
8 702 603 906 927 571 465 182 478
8 436 79 883 753 667 7 140 289
8 5 902 683 667 173 490 456 137
8 44 209 860 726 419 302 455 830
8 943 856 201 552 205 974 944 853
8 505 581 242 39 811 640 416 621
8 804 987 99 206 817 279 183 679
8 308 387 266 940 648 742 393 541
8 855 30 544 654 991 260 293 429
8 191 25 848 666 467 689 808 979
8 569 771 859 142 795 535 704 94
8 187 227 1 612 925 412 920 917
8 557 301 521 837 579 851 494 303
8 453 687 629 658 362 324 135 754
8 247 385 290 619 561 349 738 468
8 215 480 524 750 657 311 536 57
8 446 893 55 574 670 769 472 592
8 394 453 142 252 249 435 798 180
8 58 199 911 798 291 154 651 447
8 440 252 720 818 743 713 934 343
8 535 792 135 382 239 131 344 162
8 846 732 67 859 18 428 7 668
8 507 866 259 841 89 416 117 939
8 614 654 302 376 644 797 181 349
8 253 760 263 515 213 127 797 322
8 230 378 134 188 173 222 406 508
8 202 437 982 948 51 766 843 904
8 833 567 975 629 863 803 173 806
8 897 892 395 209 411 257 731 748
8 968 995 152 448 873 981 553 885
8 677 859 846 492 122 3 224 700
8 519 139 532 219 890 982 873 179
8 86 995 235 327 895 752 491 546
8 1000 604 922 169 95 344 180 621
8 758 275 823 537 690 248 917 196
8 829 960 772 392 700 890 637 288
8 186 398 880 480 213 227 231 238
8 560 602 297 861 822 176 21 351
8 114 567 804 677 24 954 913 776
8 247 678 572 691 988 963 515 93
8 318 241 587 815 596 1000 840 754
8 78 14 529 291 522 583 281 921
8 973 924 740 227 765 203 130 980
8 48 598 732 508 311 788 919 623
8 402 35 956 129 28 260 122 638
8 410 851 534 274 392 950 281 589
8 569 878 710 501 709 629 221 998
8 799 723 631 947 762 795 541 214
8 671 733 594 213 7 301 803 978
8 802 105 95 375 780 832 893 652
8 562 163 148 384 117 181 590 183
8 58 413 932 108 751 441 982 16
8 485 70 121 619 344 774 138 151
8 107 811 825 849 526 982 93 962
8 244 543 159 335 178 854 416 930
8 855 18 967 241 962 256 944 120
8 831 659 611 387 227 243 731 585
8 530 772 14 401 598 257 443 303
8 305 548 24 300 597 726 913 119
8 267 339 291 286 580 785 47 190
8 89 686 967 625 379 397 516 137
8 702 189 524 972 596 474 594 503
8 99 823 24 474 34 62 547 911
8 765 677 47 394 785 934 74 671
8 971 820 607 606 574 533 205 985
8 298 793 261 842 481 957 331 306
8 169 624 657 528 725 785 416 94
8 519 446 109 758 316 523 268 676
8 247 504 662 252 385 439 227 526
8 800 619 555 991 863 321 281 725
8 397 532 398 657 188 978 671 663
8 905 896 8 10 472 713 589 503
8 164 786 45 297 848 371 853 324
8 54 97 561 259 133 192 467 349
8 133 935 193 32 429 644 12 162
8 745 274 485 567 909 213 316 721
8 485 264 609 121 414 282 91 503
8 407 469 48 336 32 178 798 284
8 153 439 167 325 776 323 520 61
8 255 462 961 735 629 157 492 13
8 543 804 644 747 784 110 899 143
8 379 242 630 131 990 331 120 568
8 799 199 539 378 325 371 811 726
8 860 888 149 644 711 204 922 478
8 186 89 494 825 190 590 565 669
8 927 437 808 627 683 123 451 104
8 804 452 972 169 521 881 260 722
8 463 223 254 225 815 873 791 646
8 440 340 558 411 286 912 542 589
8 58 862 176 514 602 675 421 143
8 977 257 849 439 723 951 696 183
8 125 485 141 840 585 154 828 919
8 927 111 758 44 320 630 210 60
8 534 454 655 278 294 405 4 990
8 204 951 622 993 620 516 860 794
8 32 940 878 656 529 511 983 673
8 505 572 265 624 15 29 930 419
8 380 81 798 47 442 516 294 271
8 336 316 876 645 786 248 210 929
8 599 264 958 975 595 766 182 891
8 432 449 204 698 412 987 254 742
8 70 341 166 802 584 375 514 565
8 476 577 678 3 852 341 950 719
8 14 300 356 594 670 700 179 344
8 521 775 628 130 544 686 442 390
8 763 863 341 397 600 769 830 857
8 232 254 780 548 409 653 499 862
8 79 257 129 543 371 685 726 865
8 617 437 984 537 169 595 718 131
8 88 244 229 353 261 359 566 637
8 218 498 712 191 368 865 909 668
8 737 348 837 667 46 843 593 493
8 275 571 489 173 935 560 801 128
8 395 811 570 297 152 299 210 196
8 749 599 378 336 132 12 42 952
8 108 851 733 230 947 542 981 898
8 469 69 542 796 877 30 616 431
8 802 393 710 641 428 475 960 972
8 247 569 432 300 394 813 411 199
8 146 1000 866 111 937 156 789 431
8 569 365 374 753 362 273 681 692
8 799 195 363 864 901 20 71 727
8 539 572 686 846 444 561 757 531
8 899 934 632 685 449 762 646 517
8 837 892 676 989 568 955 172 585
8 715 194 230 528 540 266 446 771
8 47 841 127 273 662 830 49 367
8 856 226 839 833 743 890 628 472
8 280 174 727 305 581 881 777 602
8 614 132 687 795 479 267 915 955
8 475 697 222 559 960 531 920 919
8 737 58 127 385 255 579 116 729
8 255 497 591 379 843 256 320 585
8 145 206 838 310 154 750 404 282
8 767 231 159 916 207 593 796 624
8 695 56 946 915 165 324 122 917
8 222 665 749 98 326 994 529 989
8 192 547 591 194 82 538 658 672
8 973 684 802 428 8 845 661 358
8 365 349 867 335 956 628 885 786
8 927 436 331 768 158 620 198 420
8 231 553 366 772 239 770 17 669
8 28 70 654 1000 865 542 30 839
8 756 70 995 560 641 130 644 565
8 240 859 648 712 270 185 892 594
8 889 496 330 243 606 360 277 757
8 937 465 193 136 859 308 455 944
8 654 439 981 885 721 487 220 999
8 375 347 699 821 491 331 520 458
8 8 263 760 149 83 714 549 333
8 41 410 893 556 972 797 785 211
8 760 159 432 938 361 894 812 882
8 784 896 166 824 12 542 697 680
8 77 213 375 296 199 292 939 367
8 107 877 17 938 50 24 481 575
8 87 712 324 743 979 19 998 673
8 612 505 524 482 328 824 817 931
8 327 927 859 103 439 11 609 883
8 466 94 283 256 251 294 25 672
8 591 348 684 845 52 653 983 377
8 587 850 816 187 423 983 306 795
8 178 285 368 160 48 263 781 477
8 655 381 111 841 945 909 593 585
8 772 110 312 518 347 645 448 36
8 527 747 416 988 718 818 277 919
8 948 527 163 205 430 903 7 4
8 631 48 965 447 194 757 293 297
8 381 146 712 856 55 858 878 465
8 604 103 139 442 366 491 60 456
8 591 79 643 318 228 870 993 742
8 600 539 661 353 85 535 306 601
8 111 779 972 314 911 372 224 128
8 186 599 870 371 13 895 179 306
8 687 403 595 70 312 158 266 996
8 327 737 798 777 338 726 825 637
8 318 738 819 883 15 597 135 477
8 866 838 400 484 380 48 283 560
8 236 378 440 682 296 238 65 707
8 72 847 473 633 887 174 961 980
8 302 383 258 423 949 743 787 212
8 423 882 488 317 658 390 616 138
8 215 369 133 376 763 851 572 319
8 698 305 150 153 693 520 408 646
8 235 484 843 633 590 750 982 183
8 370 871 704 248 33 154 281 786
8 264 735 867 320 576 948 806 573
8 471 223 837 289 495 329 742 478
8 407 100 644 872 953 293 416 520
8 215 27 510 975 991 429 322 472
8 150 855 336 417 860 848 879 652
8 417 640 392 798 632 639 334 85
8 376 565 68 95 463 272 251 179
8 836 126 622 167 541 483 908 590
8 805 146 498 689 385 821 43 172
8 884 847 232 763 945 96 142 370
8 130 946 351 675 696 881 69 637
8 548 149 342 270 44 397 415 377
8 175 903 988 693 347 305 985 673
8 485 99 494 412 331 531 646 993
8 285 702 703 945 361 663 944 668
8 562 439 40 330 964 264 515 697
8 609 741 618 402 572 518 554 322
8 897 688 309 350 225 156 170 457
8 186 648 216 742 330 437 580 572
8 872 462 535 175 35 942 244 198
8 614 241 258 903 10 293 211 578
8 125 809 775 445 42 409 668 304
8 365 887 205 846 924 172 999 787
8 685 745 743 227 503 738 623 652
8 564 593 166 711 678 459 738 411
8 767 153 527 53 289 647 315 652
8 145 356 15 118 985 757 523 477
8 96 233 422 896 71 277 289 637
8 599 50 964 986 528 246 939 786
8 148 940 501 89 934 593 69 173
8 836 927 136 275 438 57 126 391
8 943 214 498 232 419 781 800 615
8 54 810 759 345 868 580 265 863
8 450 534 599 30 803 575 672 49
8 216 106 291 898 936 675 615 719
8 145 712 698 782 35 455 644 930
8 910 969 222 24 164 961 568 293
8 268 360 465 345 813 570 251 293
8 111 884 741 981 553 639 842 915
8 484 123 356 548 502 830 840 18
8 527 9 661 890 21 898 493 224
8 437 837 636 803 849 914 818 429
8 810 194 155 946 699 820 4 246
8 439 378 938 197 574 769 907 638
8 971 233 728 339 790 28 444 839
8 133 659 389 50 979 960 877 367
8 441 199 27 666 100 59 180 999
8 157 174 81 211 511 774 738 283
8 749 382 469 207 975 938 669 477
8 186 687 380 94 949 758 791 644
8 341 114 938 741 533 489 173 459
8 969 852 811 82 801 430 453 848
8 660 558 171 746 22 911 481 831
8 562 287 296 928 357 284 523 358
8 253 747 635 75 227 556 325 457
8 682 792 884 394 812 515 658 526
8 102 25 793 63 45 262 76 26
8 125 237 660 50 521 367 707 668
8 368 709 912 3 660 214 714 347
8 883 995 888 269 515 154 279 854
8 897 810 781 454 871 814 7 173
8 717 354 349 208 873 588 546 523
8 925 506 948 166 902 621 154 919
8 247 875 582 492 955 404 962 185
8 833 285 206 791 6 354 553 990
8 687 872 524 760 593 2 904 151
8 462 203 257 223 764 240 338 538
8 749 373 157 714 292 766 597 421
8 969 27 822 232 199 744 936 985
8 34 888 366 642 627 10 200 891
8 995 103 164 491 958 272 409 928
8 8 953 453 759 932 495 179 13
8 859 845 740 675 281 405 788 673
8 687 373 381 811 388 245 21 623
8 112 506 489 453 9 516 44 865
8 142 365 703 937 942 115 361 638
8 153 30 130 764 511 773 991 787
8 235 59 992 263 284 413 126 305
8 665 841 255 463 371 818 295 592
8 733 206 556 153 890 315 941 681
8 686 629 759 683 442 221 343 279
8 855 775 854 316 828 372 267 999
8 365 184 907 582 460 450 978 592
8 437 78 390 754 151 265 425 16
8 897 81 574 203 772 297 903 816
8 364 365 811 443 740 286 541 199
8 556 245 775 752 769 451 355 590
8 596 875 112 460 30 255 349 141
8 745 169 396 616 121 447 724 343
8 557 713 124 11 545 414 127 559
8 73 341 800 713 600 404 596 101
8 202 816 9 613 460 518 996 104
8 286 303 495 889 661 595 459 585
8 9 756 617 193 961 647 41 789
8 682 104 730 991 265 601 168 621
8 699 778 773 843 878 178 827 49
8 674 548 946 902 759 867 221 181
8 37 297 424 257 157 753 422 853
8 480 175 295 497 362 857 314 179
8 725 363 268 533 204 962 700 719
8 921 86 642 947 469 758 525 997
8 194 725 758 891 403 528 494 547
8 466 53 346 131 51 480 650 405
8 340 383 544 832 833 595 18 795
8 906 958 33 359 796 929 353 372
8 820 661 885 587 130 96 306 141
8 145 379 525 40 79 848 135 16
8 521 125 211 187 728 226 990 478
8 655 586 952 815 374 421 50 94
8 947 987 245 656 153 393 911 732
8 907 97 593 129 899 962 372 120
8 569 905 659 598 800 935 418 860
8 313 851 112 582 150 404 62 142
8 75 851 272 714 239 288 748 744
8 735 393 399 957 416 65 727 704
8 497 345 231 635 689 574 399 238
8 73 313 258 340 515 497 388 409
8 695 394 340 848 830 529 589 621
8 107 169 100 813 725 151 911 523
8 298 768 501 667 370 994 85 172
8 527 613 348 84 302 543 895 828
8 740 947 476 660 823 664 140 358
8 164 677 439 440 862 156 991 920
8 127 406 852 219 875 201 890 372
8 793 666 239 952 962 797 60 999
8 995 335 445 63 662 847 513 882
8 875 234 308 571 594 4 863 224
8 662 432 8 336 676 560 615 726
8 486 378 367 58 465 645 941 371
8 469 674 424 261 83 301 935 333
8 983 688 783 152 809 650 877 788
8 216 79 488 892 192 738 780 313
8 298 401 862 784 173 344 944 198
8 635 149 475 351 305 338 703 344
8 286 231 45 634 281 185 962 43
8 496 660 357 219 606 754 818 788
8 54 233 191 496 795 566 652 517
8 702 617 872 639 981 385 4 421
8 203 879 833 956 342 983 578 322
8 855 728 80 360 41 939 806 716
8 473 551 282 815 515 826 321 523
8 785 851 398 102 105 696 842 198
8 241 140 766 132 149 115 794 576
8 901 20 656 617 282 865 289 776
8 348 534 973 53 762 351 574 267
8 505 153 197 369 482 294 818 976
8 247 125 902 353 951 554 343 224
8 381 200 298 812 42 649 304 979
8 510 317 916 795 95 153 170 589
8 20 160 987 843 267 982 818 51
8 285 348 8 277 627 2 447 670
8 278 1 907 441 213 834 39 541
8 56 327 160 856 22 822 201 672
8 686 823 937 77 583 896 400 611
8 192 235 972 810 66 172 669 681
8 969 54 409 165 472 185 738 477
8 910 654 233 321 47 499 978 474
8 407 811 401 800 399 571 397 326
8 783 385 67 1000 955 568 611 88
8 820 287 241 965 481 710 121 29
8 96 540 875 970 195 589 888 214
8 253 102 583 851 952 153 898 774
8 230 866 968 123 957 588 597 119
8 562 910 986 572 949 600 838 487
8 886 236 956 234 785 315 743 522
8 407 846 378 529 781 272 620 913
8 749 475 703 338 404 409 770 552
8 807 524 231 6 400 453 322 294
8 562 231 449 793 340 467 511 420
8 244 328 781 351 269 941 290 306
8 201 884 381 363 380 768 974 142
8 58 970 728 851 518 758 248 284
8 740 462 343 184 465 29 270 751
8 838 123 149 175 626 679 180 290
8 569 528 753 764 780 627 399 343
8 97 639 18 412 978 276 734 61
8 683 98 937 529 898 489 200 523
8 579 973 440 185 337 388 849 290
8 683 416 167 363 672 414 173 681
8 717 201 543 931 812 390 184 179
8 810 527 560 608 497 467 212 19
8 242 235 89 609 514 357 913 26
8 749 925 500 867 397 304 628 550
8 686 640 605 6 776 950 214 457
8 769 604 924 507 496 814 898 421
8 124 835 674 667 359 949 645 895
8 884 383 191 316 293 178 830 742
8 749 519 437 385 344 760 528 400
8 660 594 398 807 556 586 785 227
8 435 108 499 126 644 914 571 795
8 14 205 543 494 355 724 900 980
8 916 648 272 320 926 754 115 224
8 186 237 504 434 800 352 899 172
8 654 9 563 657 895 523 731 478
8 202 889 818 871 445 991 468 620
8 413 467 603 690 672 319 481 220
8 972 632 793 356 768 346 552 224
8 809 206 425 448 500 895 400 727
8 758 239 6 889 282 735 536 675
8 625 604 626 406 419 624 903 913
8 720 766 709 359 326 22 352 794
8 824 660 82 245 864 976 511 420
8 866 769 140 908 678 668 996 456
8 806 354 814 382 142 931 109 463
8 760 762 618 677 689 856 963 638
8 240 146 811 508 489 994 185 487
8 519 295 918 759 523 649 513 646
8 98 655 613 686 626 657 89 35
8 836 686 589 287 206 750 403 260
8 739 270 931 89 580 468 949 91
8 540 970 790 898 797 104 60 663
8 783 206 293 14 779 703 565 996
8 519 48 460 450 280 835 489 748
8 292 728 983 949 442 761 766 882
8 107 782 207 418 289 315 134 303
8 232 500 997 368 563 96 816 821
8 698 945 287 815 594 419 178 770
8 194 989 409 461 354 784 147 960
8 799 221 212 880 475 904 690 179
8 407 809 192 841 262 170 939 754
8 836 992 550 239 442 515 329 156
8 348 439 242 612 479 499 885 374
8 163 981 688 308 184 553 436 784
8 596 299 266 784 518 496 651 697
8 140 793 137 427 628 305 607 919
8 102 738 52 95 985 351 411 672
8 484 223 823 256 594 161 460 962
8 612 784 118 304 874 265 999 638
8 160 805 382 709 948 118 421 246
8 365 706 353 941 854 83 312 180
8 896 802 489 426 488 411 719 503
8 684 356 27 479 899 987 988 894
8 115 371 984 124 578 176 611 71
8 995 941 755 235 487 753 286 708
8 485 149 667 42 899 929 978 559
8 973 383 972 629 912 282 390 944
8 142 243 751 541 670 220 465 143
8 539 757 150 194 442 168 151 575
8 426 609 203 53 842 955 953 615
8 317 526 450 124 796 142 427 315
8 765 605 991 449 296 948 650 11
8 507 759 296 442 610 619 550 420
8 617 1000 239 918 88 714 533 553
8 764 972 546 353 697 149 769 637
8 253 640 740 68 471 438 19 628
8 724 142 579 199 561 694 929 224
8 395 125 823 793 790 862 315 877
8 328 745 288 600 721 198 173 60
8 984 863 297 288 481 168 744 425
8 530 888 686 618 393 811 263 757
8 8 635 677 92 736 15 690 283
8 209 218 57 724 668 911 305 588
8 502 90 942 494 402 143 179 891
8 501 608 380 345 522 292 339 999
8 124 223 264 27 922 346 352 729
8 662 235 467 21 600 116 623 419
8 653 645 206 323 990 200 993 692
8 40 931 480 430 793 780 93 196
8 380 650 433 926 923 88 305 621
8 847 855 723 878 300 410 961 108
8 485 888 355 764 466 76 727 550
8 892 886 898 790 37 763 64 903
8 737 501 833 889 9 153 880 210
8 186 236 229 10 951 616 289 670
8 799 460 162 229 47 864 787 451
8 139 852 536 254 821 29 352 864
8 383 794 958 450 436 335 827 26
8 837 1000 616 535 983 907 137 669
8 543 177 966 219 556 481 228 926
8 802 667 758 99 147 12 315 61
8 186 152 824 975 835 232 331 545
8 749 473 150 245 902 641 960 220
8 936 234 393 725 719 788 736 891
8 449 956 88 208 839 641 939 472
8 454 54 862 105 798 282 784 388
8 130 84 395 301 34 934 918 493
8 547 778 21 632 223 822 333 808
8 72 967 404 89 816 870 992 152
8 24 56 201 555 762 173 459 15
8 285 27 434 634 162 85 338 649
8 564 677 269 475 231 398 908 441
8 746 904 536 369 538 542 944 22
8 70 443 709 812 841 18 704 119
8 216 884 600 825 469 696 185 135
8 352 150 693 312 413 170 806 60
8 401 505 341 554 8 960 786 634
8 715 977 660 426 446 582 2 865
8 27 166 591 862 402 731 254 979
8 40 70 876 1000 603 994 828 334
8 749 786 257 974 762 565 472 954
8 136 539 752 169 33 772 205 415
8 452 678 533 152 270 421 19 49
8 531 657 108 851 188 313 775 963
8 438 1 607 506 807 495 106 994
8 760 84 75 471 392 777 670 425
8 955 236 153 970 876 604 110 529
8 674 305 753 82 32 560 421 332
8 688 453 653 302 563 143 417 156
8 56 730 99 169 190 656 736 831
8 836 870 40 914 908 155 768 487
8 186 820 283 574 627 616 384 707
8 850 660 395 310 870 277 552 891
8 504 410 641 401 606 55 89 837
8 373 635 406 642 182 929 260 646
8 836 938 896 53 286 342 180 377
8 792 387 1000 353 781 656 998 669
8 432 412 217 509 316 961 939 409
8 569 27 778 479 42 22 624 744
8 318 632 233 686 607 340 936 935
8 159 77 386 521 902 834 481 74
8 96 1 563 789 359 50 404 210
8 591 927 123 551 142 21 950 377
8 443 666 812 502 551 345 122 196
8 41 728 595 269 65 826 895 681
8 146 577 199 32 768 626 329 589
8 132 155 512 141 949 826 463 900
8 970 632 543 498 257 339 310 415
8 348 657 223 584 766 850 559 950
8 698 967 536 413 860 441 602 13
8 927 466 300 398 525 87 491 976
8 639 857 1 399 392 468 104 421
8 84 252 939 362 915 198 517 979
8 17 219 214 588 370 118 168 566
8 958 90 715 738 272 921 882 39
8 259 614 308 212 812 156 503 999
8 205 135 164 239 577 529 213 766
8 438 296 201 243 764 874 293 976
8 215 504 910 59 195 30 681 119
8 31 648 439 901 45 326 719 281
8 36 407 129 336 980 340 885 795
8 247 943 782 176 957 975 220 561
8 17 310 42 95 774 738 487 690
8 862 811 77 116 551 936 826 670
8 350 348 502 924 832 814 267 281
8 825 628 95 124 938 714 509 693
8 889 36 665 240 53 945 538 670
8 423 284 319 436 369 960 707 565
8 712 489 733 69 907 835 963 668
8 161 737 869 530 558 250 493 322
8 702 215 466 488 282 357 221 726
8 407 927 577 291 429 645 21 12
8 202 678 225 509 780 546 690 597
8 856 379 240 496 644 945 42 803
8 934 686 146 600 689 571 273 311
8 699 260 595 924 645 697 171 119
8 730 851 483 48 508 689 57 658
8 83 280 743 335 748 120 985 481
8 583 527 664 129 974 739 262 904
8 665 256 376 594 861 299 358 681
8 558 352 383 958 441 269 59 355
8 762 134 359 427 277 158 367 13
8 402 591 109 301 133 169 607 94
8 327 910 506 964 956 629 483 807
8 557 73 452 350 870 101 774 104
8 905 439 833 707 553 418 998 832
8 657 898 402 628 219 7 516 663
8 709 241 345 438 126 778 313 899
8 401 330 631 79 653 41 142 333
8 341 689 27 847 502 867 311 477
8 753 665 281 859 751 337 653 459
8 577 146 819 244 268 914 238 754
8 464 241 650 460 349 769 645 303
8 652 177 176 197 560 529 822 49
8 688 427 446 51 184 185 744 716
8 365 159 608 385 349 726 282 634
8 521 918 767 363 158 390 673 477
8 688 93 654 804 410 728 108 472
8 364 871 62 427 295 876 210 533
8 687 252 114 234 715 194 639 621
8 519 925 243 35 198 877 589 260
8 862 217 459 625 418 738 926 652
8 884 426 499 26 839 108 724 515
8 14 145 242 213 956 108 729 85
8 674 838 859 641 560 21 821 716
8 307 8 641 875 561 666 361 615
8 189 452 532 237 533 824 368 833
8 318 197 608 315 320 778 865 271
8 599 946 755 359 361 528 917 456
8 348 872 889 21 195 244 777 885
8 136 591 97 360 869 736 500 731
8 37 294 340 434 399 685 935 128
8 54 582 577 275 204 176 134 481
8 328 65 625 187 374 642 313 621
8 632 389 46 445 475 59 939 980
8 823 876 405 465 490 115 74 999
8 437 148 348 691 650 759 637 119
8 58 632 971 146 759 817 623 276
8 562 36 489 537 700 594 11 358
8 540 41 359 506 321 273 779 637
8 905 896 110 948 630 83 461 637
8 432 964 337 263 149 762 321 179
8 287 850 274 731 175 801 511 141
8 152 439 153 69 616 646 991 621
8 348 353 888 360 461 580 472 487
8 519 159 747 554 812 842 17 573
8 207 622 350 453 376 970 454 913
8 1 250 71 59 267 99 385 704
8 702 114 886 686 355 270 713 722
8 186 54 203 968 307 161 892 316
8 745 483 529 225 135 266 200 707
8 453 648 443 243 696 580 411 457
8 189 114 703 741 363 504 664 531
8 354 683 261 414 63 257 827 15
8 163 527 376 648 176 946 288 451
8 401 285 449 398 671 628 997 200
8 888 469 969 758 584 416 76 930
8 300 765 363 263 384 173 759 49
8 247 530 506 79 265 266 930 128
8 280 933 961 912 772 747 696 541
8 436 893 661 418 934 239 472 143
8 232 10 817 972 244 320 313 785
8 501 329 269 152 44 832 650 343
8 984 946 369 599 756 93 137 19
8 401 901 926 556 816 155 757 628
8 54 635 402 703 832 611 122 517
8 557 351 835 141 459 427 899 342
8 309 745 385 807 936 204 304 43
8 335 252 964 150 773 589 597 137
8 819 897 208 23 883 527 750 835
8 287 326 296 954 727 181 620 65
8 36 453 670 715 124 178 904 17
8 669 207 105 201 88 812 283 196
8 12 226 340 912 32 839 175 477
8 510 655 364 269 374 520 390 122
8 121 261 170 38 627 276 652 711
8 539 469 691 55 325 88 267 49
8 315 51 18 915 758 419 680 744
8 215 834 424 81 388 681 305 959
8 698 67 139 286 951 391 826 361
8 105 86 44 339 604 550 224 143
8 124 318 109 745 705 639 502 190
8 995 943 577 921 931 653 949 711
8 901 841 598 227 809 448 738 49
8 54 967 164 815 964 533 761 261
8 526 291 751 647 936 332 668 477
8 564 896 636 175 491 429 323 928
8 906 72 513 353 516 92 115 458
8 720 869 985 700 683 593 893 85
8 557 233 632 563 35 525 448 542
8 278 763 660 518 874 101 589 615
8 643 905 46 188 542 339 175 900
8 813 662 863 499 408 624 581 179
8 228 234 841 598 455 752 57 692
8 259 191 278 381 520 78 954 739
8 837 708 356 541 126 38 892 559
8 860 958 983 771 33 873 289 334
8 203 159 740 587 135 267 511 744
8 510 206 400 127 213 624 412 638
8 371 307 265 986 763 374 422 85
8 543 3 609 718 708 140 311 429
8 670 730 206 121 975 621 997 545
8 733 817 492 116 784 953 775 134
8 364 17 682 363 923 310 147 334
8 500 532 133 631 197 803 604 392
8 937 242 133 437 951 158 575 573
8 189 632 73 51 570 851 335 982
8 836 763 703 899 415 47 262 456
8 295 159 426 899 484 981 293 95
8 682 820 386 235 64 324 451 658
8 469 111 326 112 41 954 454 694
8 434 939 257 778 207 78 351 65
8 519 570 812 896 566 345 693 431
8 721 945 129 991 324 314 671 490
8 855 683 793 555 69 441 900 608
8 63 56 79 163 918 87 170 794
8 379 14 883 185 962 191 620 425
8 63 645 348 807 791 945 468 827
8 626 103 915 613 560 578 375 396
8 484 41 66 210 48 806 425 638
8 157 145 6 953 34 989 405 26
8 235 850 723 928 334 400 170 185
8 155 183 308 177 165 273 552 999
8 765 772 221 14 578 675 147 262
8 379 216 160 45 55 370 870 670
8 189 72 459 859 67 762 748 59
8 398 876 14 584 100 558 47 128
8 557 735 76 10 30 622 696 335
8 204 635 250 752 384 75 152 757
8 341 840 387 50 267 858 212 839
8 500 782 751 926 619 736 658 65
8 848 159 270 992 653 368 497 844
8 747 167 450 286 112 21 294 333
8 614 823 109 337 846 422 608 988
8 884 127 648 624 664 200 669 722
8 640 73 852 298 197 281 260 415
8 884 239 713 419 879 664 724 611
8 659 656 603 348 353 893 123 627
8 385 510 318 643 896 961 863 217
8 285 253 387 951 877 926 288 143
8 803 498 701 382 460 979 138 13
8 562 767 946 218 19 396 271 503
8 247 480 201 464 155 345 232 344
8 317 375 258 36 594 68 972 431
8 72 307 208 193 404 297 552 870
8 434 514 161 442 226 64 685 198
8 927 834 273 272 322 119 595 140
8 86 809 226 931 401 789 615 478
8 735 439 661 549 948 38 725 870
8 340 705 445 6 393 190 853 744
8 836 815 304 362 923 840 788 324
8 336 473 346 109 208 355 626 601
8 357 436 845 491 888 176 465 306
8 723 33 719 293 78 629 693 983
8 605 665 923 535 579 639 137 211
8 149 381 155 354 60 584 15 180
8 215 372 628 211 559 983 978 35
8 888 595 274 485 636 707 342 742
8 967 27 587 932 616 175 531 610
8 280 654 1000 475 249 895 827 66
8 426 689 475 648 888 547 388 276
8 241 695 251 800 496 785 713 334
8 943 209 948 590 774 508 572 358
8 519 969 758 560 132 461 644 302
8 927 679 130 229 197 914 305 680
8 73 850 305 25 118 602 470 290
8 254 767 428 169 966 249 994 220
8 132 475 321 545 313 994 980 597
8 426 124 194 804 149 850 914 653
8 605 58 395 923 353 85 16 610
8 631 908 55 254 76 273 832 642
8 393 295 946 97 639 118 427 451
8 539 749 856 328 741 904 85 16
8 796 88 11 307 491 197 518 672
8 625 758 985 858 371 590 732 220
8 373 5 446 148 561 748 299 138
8 37 407 328 99 1000 978 277 61
8 730 86 583 357 513 131 669 94
8 626 501 77 454 639 556 806 785
8 769 206 778 980 869 656 951 921
8 947 735 984 440 416 321 490 284
8 69 349 193 273 499 430 703 420
8 648 181 827 518 499 801 690 795
8 482 300 10 296 374 876 560 536
8 869 698 340 257 255 160 529 680
8 567 498 261 400 277 92 142 185
8 784 980 207 928 261 610 576 477
8 329 653 876 296 700 777 919 669
8 745 530 109 556 426 879 850 832
8 852 270 141 297 992 762 561 115
8 5 14 809 467 346 873 255 305
8 832 229 256 161 700 315 650 262
8 445 241 825 861 629 113 11 919
8 618 170 346 699 334 880 32 399
8 462 328 943 664 613 464 934 517
8 931 68 542 798 11 326 332 638
8 579 752 881 73 812 185 526 221
8 413 843 209 934 946 471 918 87
8 943 814 62 322 448 36 908 673
8 369 725 183 411 696 355 198 646
8 494 440 963 376 435 123 162 704
8 563 831 912 250 303 860 590 944
8 464 745 599 654 235 793 11 425
8 403 241 285 789 863 88 624 19
8 199 221 970 915 834 17 448 839
8 986 916 67 242 104 282 357 517
8 799 907 437 532 984 807 619 731
8 702 969 208 346 937 468 441 62
8 167 648 162 34 419 879 320 637
8 378 318 345 213 593 834 2 590
8 544 783 130 42 212 976 658 60
8 793 410 69 664 880 816 933 221
8 906 318 437 632 863 513 806 692
8 519 68 981 808 842 493 464 719
8 363 242 926 267 45 933 422 538
8 52 64 325 380 618 958 267 722
8 548 248 910 775 333 865 961 619
8 674 796 55 948 59 489 289 134
8 792 609 312 404 336 885 361 251
8 240 549 455 369 218 887 904 681
8 148 905 24 330 838 228 284 85
8 254 554 374 199 201 992 16 959
8 434 751 479 543 387 812 267 962
8 688 969 145 29 44 470 184 619
8 856 42 773 982 394 12 812 867
8 9 136 68 433 464 807 50 311
8 857 259 805 564 581 960 867 175
8 884 657 758 534 187 336 835 357
8 148 856 841 709 382 263 725 93
8 599 830 277 345 994 142 93 358
8 289 629 815 17 797 87 219 990
8 63 90 102 756 650 731 670 409
8 702 653 363 158 217 140 634 920
8 114 218 19 359 553 65 561 283
8 684 169 347 399 126 244 949 739
8 189 533 133 862 750 64 302 17
8 819 160 546 820 868 514 441 999
8 897 184 525 380 522 923 302 32
8 753 82 187 613 304 774 891 865
8 749 365 983 42 826 532 115 277
8 723 602 777 793 877 808 558 830
8 772 460 529 672 374 867 658 694
8 469 242 648 256 669 685 115 384
8 995 269 571 75 989 585 899 726
8 780 854 245 123 941 924 246 944
8 971 745 544 101 448 903 273 324
8 107 402 238 803 656 919 277 576
8 802 958 231 205 151 126 622 751
8 77 665 698 753 545 833 219 638
8 449 992 833 763 296 489 417 26
8 232 603 336 801 411 529 43 592
8 793 859 923 412 633 878 732 671
8 532 326 167 360 424 301 29 123
8 569 805 878 973 779 115 117 385
8 969 364 730 544 965 975 952 61
8 169 973 298 347 2 815 798 332
8 901 397 758 683 708 13 726 478
8 563 666 89 233 752 371 419 623
8 906 365 149 141 369 752 30 144
8 157 622 434 548 412 520 489 646
8 698 382 735 526 622 362 808 370
8 855 469 328 315 547 396 38 744
8 186 609 129 620 142 140 578 716
8 940 473 443 324 135 938 251 729
8 242 717 406 851 939 200 822 251
8 702 555 124 758 881 669 754 638
8 547 398 155 655 796 286 294 621
8 829 81 767 682 978 366 175 801
8 462 617 86 165 429 529 311 794
8 530 693 228 407 455 87 321 830
8 527 845 33 446 627 776 952 877
8 353 423 452 59 716 251 43 794
8 375 960 863 66 361 736 377 711
8 980 700 495 819 951 890 168 119
8 378 223 147 390 428 408 924 590
8 209 977 800 255 899 134 325 780
8 577 507 476 475 580 384 221 979
8 398 846 549 936 471 546 982 119
8 581 842 132 316 703 669 615 576
8 380 498 440 197 198 134 962 928
8 682 30 28 844 759 860 179 575
8 730 526 570 534 833 933 286 120
8 64 605 58 387 302 842 199 722
8 186 896 278 789 87 2 474 651
8 446 821 868 823 436 27 962 673
8 859 749 703 97 537 263 310 110
8 476 540 983 631 869 967 672 978
8 549 783 202 223 983 469 297 536
8 574 915 826 133 865 957 101 590
8 165 206 811 385 162 710 810 774
8 955 943 7 41 275 873 421 704
8 943 686 889 83 624 214 57 210
8 905 790 800 465 764 295 770 420
8 686 511 127 654 790 343 313 144
8 635 276 356 24 415 565 578 119
8 855 571 257 406 602 609 734 732
8 206 956 438 580 586 652 623 49
8 712 398 256 956 885 966 42 359
8 337 887 826 304 377 788 673 478
8 149 903 551 840 586 248 854 85
8 521 14 910 476 12 67 628 997
8 72 824 395 624 915 647 493 900
8 54 234 32 244 796 345 610 592
8 373 139 232 876 464 775 180 590
8 169 634 136 587 307 536 579 138
8 485 765 37 157 239 932 168 694
8 699 46 728 689 450 951 119 638
8 6 96 714 541 290 968 936 260
8 609 129 28 95 288 427 560 478
8 291 470 145 677 208 821 517 911
8 180 539 588 492 611 581 181 61
8 856 365 714 243 671 238 628 420
8 395 789 231 847 654 12 135 489
