1 1.9875193494567862
2 0.03763124628632977
3 1.685125282736898
4 4.934589564206718
5 7.378493693435126
6 15.94179414175774
7 4.265886216949999
8 0.24484497835466681
9 9.39721679278188
10 7.699975355520028
11 0.8726613870988873
12 1.960910525856112
13 4.803830559066462
14 1.1498245109094887
15 0.23377655520176133
16 0.004132125681005739
17 6.940036197819942
18 1.2121790920087014
19 2.623184749587481
20 0.7587532425594753
21 0.4752611495798065
22 0.19612818199897833
23 2.940790374021989
24 1.1377997029303373
25 3.69984374352722
26 3.8610725863000956
27 0.038868699344298235
28 1.108094773405178
29 0.06423399076776481
30 4.180454816424436
31 0.37708167469685205
32 0.5422634731808675
33 2.600230736836662
34 0.08067394379776488
35 2.0614803862759716
36 25.32578877070906
37 0.2220659786746323
38 0.3011829667727155
39 0.7777615172049495
40 0.7622058629086987
41 4.897581705169641
42 0.6761286756422705
43 0.07458726380393098
44 0.9490803040706448
45 0.5597927724793659
46 0.07185964872184418
47 0.49720740952436365
48 36.49562697319082
49 0.009640691270402754
50 0.4372917730523781
51 4.930101291856911
52 2.2088052917481766
53 6.976295426210448
54 0.015635410002111164
55 2.4524055775547042
56 2.007413059514688
57 0.0875765130523505
58 0.4488489123199143
59 2.642612917193223
60 0.5322081680380109
61 0.16755278646345045
62 5.095287394580502
63 0.06017634519709593
64 2.1753251779265876
65 0.5333086266501688
66 0.7779457064434885
67 0.15334192447434294
68 58.74922427325178
69 2.8808952448227374
70 0.9267184114556024
71 0.7634406802771965
72 0.23068226956056134
73 2.787674750145243
74 3.3633391977324596
75 0.5926999514135357
76 0.6940808878571005
77 1.0738286573457945
78 6.841229127727325
79 0.5979320412748809
80 0.046635232640480695
81 0.251426073378344
82 11.82083628177402
83 0.694997995664833
84 0.29615105443731415
85 3.705431663927829
86 2.507708797100286
87 4.025805242409586
88 2.128363846352849
89 0.7642917720064427
90 0.43832262197022165
91 76.5517985064682
92 0.8281258528521196
93 0.4419676843169764
94 0.18107614844210584
95 0.705516933981854
96 1.4172126293354461
97 4.0273484476958
98 0.8344295087308682
99 1.7850530910968703
100 0.6200138048417373
101 1.5456126952551978
102 4.97429646161144
103 0.6654798054881921
104 0.3231247596954428
105 2.1521851334605566
106 0.006675156944028183
107 2.9926207274355385
108 0.17326037503758254
109 1.2154376919397527
110 1.8269527860858747
111 16.78978958176445
112 0.8937136899132377
113 2.3348898263012443
114 1.6599992823348948
115 6.700210192411041
116 38.1157242020352
117 3.8095090045127464
118 2.48448408802305
119 0.07880006255513561
120 0.6078303326124782
121 0.07876183998941964
122 7.699101705973398
123 3.6272097605575837
124 0.5932486244082028
125 3.6054931836023334
126 1.3496937626096752
127 0.8652925061136975
128 41.352836465249695
129 14.692944708935102
130 0.08296208509179938
131 0.1250438280175019
132 0.09342238452527225
133 2.7325728073059103
134 2.0914701974547554
135 0.26419627301395754
136 2.1515086351378887
137 2.0991208003104767
138 2.944426875324811
139 0.6067304356350415
140 0.15192776798101829
141 0.6618216886473779
142 0.14150772799732858
143 53.26460326690928
144 2.7184753495647356
145 1.3352020654172296
146 2.006696061338915
147 12.10221351148547
148 0.1100184845270274
149 0.3301456606957086
150 0.009880354417925266
151 1.6247414293673377
152 0.8725642696374301
153 4.208933556290408
154 1.8002281610246595
155 0.643339079355233
156 3.6864588579120436
157 0.08237856745451758
158 2.2812755497278454
159 1.8715225024435056
160 1.0699800861623043
161 1.4373347021310892
162 1.1404234181078434
163 1.8472579133497977
164 1.567988945809552
165 2.371771808863319
166 1.4860173168023676
167 0.33980401528476933
168 1.5037932005899852
169 1.3186928453797868
170 2.3324644481785475
171 3.573528007226464
172 5.386379789572571
173 0.38802542435602055
174 0.06270145029050114
175 0.5407222743524204
176 0.12769338515926337
177 0.7242909010637175
178 1.0814409002945373
179 1.60672545410049
180 2.6450073787487614
181 0.12762844186184763
182 1.333530929892458
183 0.36287483445827157
184 0.029076373039034334
185 4.177029057531921
186 0.3748118308151447
187 1.9008920662771318
188 1.977005731952974
189 6.628818302035601
190 6.408001395975925
191 0.4383088828294707
192 1.4977965113281484
193 0.7780378347379082
194 0.2481189468810488
195 9.342304336700428
196 0.4340967590275424
197 0.0511123841823347
198 1.6750073933691663
199 0.4191013498183095
200 0.9775582203913181
201 56.80203665159868
202 3.4903830076488656
203 0.21814828342342155
204 3.7501664591835766
205 3.3415964607516218
206 0.06299749074813726
207 9.20750569700305
208 0.8386542464763318
209 1.1395649340990919
210 0.17186528576482218
211 0.4900590809301619
212 0.5692110222959799
213 2.2038380971614924
214 3.2967595912448187
215 0.8296626266756173
216 0.5006791009095503
217 0.3096768565401511
218 0.8148434350074145
219 0.8903280685730717
220 0.7702598593164749
221 0.09967958390653117
222 1.5969378569270587
223 3.2788956359695627
224 2.366372921825773
225 0.6237355732981388
226 2.292314432044699
227 0.0972732066638267
228 16.359933643658117
229 0.06230588163518653
230 0.8670248530292436
231 2.4688684721909557
232 1.2951614859972023
233 0.18366218979611304
234 24.14645965633358
235 0.33720830311559674
236 12.425940206625134
237 23.564863245603842
238 1.1055083916690922
239 1.9618670399113276
240 2.458038561729477
241 9.92416252831492
242 0.37309481460486593
243 0.31569063829093724
244 1.2270134624121694
245 4.668977399798654
246 0.33060327966619757
247 1.4755448152419997
248 0.46517122391383897
249 3.688136664114176
250 2.2871895158701463
251 2.926735855553238
252 0.8908069576152517
253 0.2626314511687315
254 8.394682064607732
255 0.9027074343244389
256 3.2564168677673297
257 0.7973118288658162
258 0.032837609916730154
259 1.443442907420205
260 0.8673474542339935
261 0.6540660011236449
262 0.7437468013992721
263 0.6116796126803326
264 3.9291654955067035
265 0.9971873347159104
266 0.8332681421525815
267 0.8407041368558665
268 17.428039974619946
269 0.9976307764981516
270 2.145628348521415
271 0.759662644913047
272 0.010006538360303059
273 12.243640019090824
274 19.969935213087176
275 13.661557504717637
276 0.422063166351767
277 2.9101057333678164
278 4.171911818485816
279 31.69214798629156
280 4.002676611525672
281 5.1027539025760875
282 0.6255441325177515
283 0.076595764820692
284 6.3701913091069144
285 0.08005155796507356
286 1.8053537115507663
287 1.2902115571591581
288 5.710998385903209
289 2.2752228567582193
290 7.9520360874282146
291 16.649003210876693
292 0.6006186290080707
293 0.22938535450469807
294 2.2290168040330824
295 1.4745016600093375
296 0.7672438188995718
297 1.7427940039853806
298 0.41001055292222705
299 0.3461103286966602
300 0.6878671769387622
301 0.9526025645005797
302 0.5854202282468696
303 0.6913192785022753
304 0.7418791711069015
305 0.3205395030493737
306 2.0814625726516507
307 0.2691643245186878
308 0.011114258528354164
309 49.711174096888364
310 3.868203407411881
311 0.8141831863463629
312 0.36812392205887795
313 5.780647944104764
314 0.8198204410114255
315 1.2640383801664852
316 0.08756492585020904
317 2.851927272855033
318 7.963875080271777
319 0.8221554316299345
320 25.730312721786124
321 10.62310032383678
322 13.410820413149395
323 2.969717973853427
324 5.369865537138706
325 3.1665924440181836
326 0.34323280403429185
327 1.0369771739736828
328 0.11049001628047177
329 0.3982757732323297
330 17.86824965491132
331 0.22555201462855834
332 0.8634826137190192
333 0.5925157777179912
334 1.7020754459989
335 9.136541328033775
336 0.3213152264795472
337 0.176416012606008
338 0.12392809216123336
339 0.46972065236179705
340 11.814875649250325
341 0.534050614253925
342 0.9180391530653412
343 1.4975931569288172
344 0.10493893839310871
345 16.196114297535974
346 0.1635863103160378
347 0.15770782715687562
348 0.8347922982522631
349 1.9111273931031976
350 193.8331264396221
351 0.9437228724204751
352 0.15569398533962092
353 5.4603587941455345
354 3.2842377940752305
355 0.8249502623423148
356 7.867053584339326
357 0.3376340941637362
358 0.7829552836833041
359 3.9624824214225063
360 0.3710569485959837
361 1.2887909508877324
362 2.2002691519722672
363 1.4754780858666006
364 0.7192395919599123
365 0.3426189269307625
366 0.4055625325292401
367 0.02668852199834532
368 7.985262949530227
369 0.09264443364217222
370 5.404499243886895
371 0.08985129762504801
372 0.39608211332444443
373 11.42974009065088
374 0.6765851234184386
375 0.057954108552072496
376 0.60425872344983
377 0.5129709514105535
378 0.4334646464961677
379 2.1121679592667655
380 0.8782880089587274
381 2.7166048018285713
382 1.1058915898485167
383 0.6057826106696343
384 0.5973785643245686
385 0.13375987270816686
386 0.7688485205378147
387 0.013253790015158548
388 7.803153631630189
389 0.5807621505573474
390 0.8385528890914751
391 2.2166187400593764
392 0.8681210933534428
393 3.5204303491829467
394 0.3233014804637397
395 0.922013907399027
396 6.898592136930185
397 1.0312586870715708
398 1.8487637995586512
399 1.4755232738377526
400 0.23763457438777766
401 0.41664975960589373
402 2.7460262556421866
403 39.08957123197469
404 0.5767125429019825
405 0.564872423172948
406 1.44385442095792
407 0.005388215927090405
408 0.7841772598536715
409 6.517836092672622
410 1.7572916675892576
411 0.5786633211085853
412 1.2863755984627812
413 23.653325639108303
414 19.367639249131464
415 5.640544998699979
416 2.201184945349699
417 0.3463838730881267
418 1.5245490012958827
419 0.23158869752138458
420 9.347695223762678
421 0.21443277876042363
422 0.9227383636439072
423 1.0583147896746743
424 0.031288130058810204
425 23.097797720238855
426 0.7164820995788642
427 37.56985796467189
428 1.5670272505186242
429 1.999014664222162
430 3.4779033533853343
431 11.831537603606758
432 2.0883089121602385
433 5.406736942765866
434 4.0465856240254
435 4.977377454640393
436 2.233499843170776
437 2.2751264537121254
438 4.377554741114885
439 2.63107811414902
440 0.0787890610065745
441 2.937892451293712
442 0.46314673176442556
443 0.7732544948452289
444 0.5582605351197666
445 2.2710630664379963
446 16.705088792260973
447 3.4755754410877433
448 3.367917177286797
449 15.83945067530374
450 3.2786121812499514
451 0.35918185906062267
452 39.87819945178386
453 1.8148400144464678
454 0.0550693030683588
455 2.7469483781105946
456 0.09627891997560022
457 0.8908803405391663
458 0.5156019842232222
459 1.7664940191351552
460 0.23429113484536895
461 0.5942988680372175
462 3.3923706071835977
463 9.366847945407306
464 6.955004462596164
465 0.20904628070641748
466 0.4387979853915011
467 3.122840413870897
468 0.07998508523091459
469 2.2419989071925093
470 0.11977851736017284
471 0.04251379857164578
472 0.33913778416735085
473 0.3067097316934476
474 2.032512556692712
475 0.002077681670838947
476 2.470363475924691
477 11.81095633726241
478 0.027000739681132743
479 0.346572405546279
480 0.1944235172876864
481 0.172275005490117
482 10.032879634091717
483 0.5264984582319813
484 0.892589560110294
485 10.10332603786422
486 23.396474911642418
487 68.38288580677344
488 5.031163602124889
489 0.02623119815791086
490 0.02603364379549998
491 1.300841226162775
492 3.005525204314582
493 3.7431600885091605
494 2.3927438256594744
495 2.490120461316718
496 14.402666015302367
497 0.19829933883369272
498 0.13396258997685434
499 0.44051607765487644
500 0.3708547546963558
501 3.417678491442264
502 5.811347960108532
503 0.4007316670776594
504 0.01849997844742448
505 1.6268063843460396
506 0.11579012285248919
507 1.019273792302999
508 4.5600308168972825
509 4.595407590932308
510 2.5857759676908705
511 3.1951936875763853
512 0.5775396003743781
513 0.5577955224856801
514 7.345132055667993
515 0.058029040203332626
516 4.657798468537885
517 9.719313815237399
518 0.2567789909332072
519 0.25597478153718717
520 0.3990817750843484
521 0.5876656125495036
522 0.34187939578277854
523 2.762710368122913
524 0.5808130496656021
525 0.742710124065826
526 0.35883300805635354
527 0.09725339817141239
528 1.7491681776641785
529 0.1268522954749152
530 0.36112113393319567
531 1.102092902832694
532 2.16635594635289
533 0.32344674241471255
534 24.930972815510167
535 27.498493187051878
536 0.30172739684766087
537 27.831346717201622
538 3.417195889428707
539 0.1644459888844077
540 2.563498984468158
541 107.78182711667053
542 0.41839920252341395
543 0.09465849045285732
544 2.759367798696409
545 0.062240324906928275
546 0.052764067872850054
547 0.0023722892844258315
548 0.02526051756006497
549 4.358245477744424
550 0.04833404425349283
551 6.134629180029593
552 2.8039631630283877
553 5.215414812243605
554 0.00967114182334182
555 0.888566107473882
556 0.11508745029034674
557 4.976786628959301
558 1.6347764020411162
559 0.09139733306065266
560 0.12488748696271235
561 3.5873606914601237
562 2.647428465680786
563 0.3893826305533214
564 3.133694502665502
565 0.7696969916834892
566 0.8550971901426645
567 43.68751790279346
568 6.62376835237538
569 0.0764530662474637
570 25.30483155806678
571 1.3773107565979446
572 0.8388420009811358
573 0.18455565995514037
574 0.5583000039902359
575 1.0585936279838115
576 2.2249831968472287
577 0.7105221890921404
578 1.1869549194919282
579 32.30735652600316
580 23.2361635726487
581 1.3358261199867327
582 14.715211664177334
583 4.958568322937007
584 0.43087729936891433
585 0.3260885635337307
586 0.7334921572990669
587 0.14793678456368398
588 1.516147129977372
589 0.2668585545594084
590 0.4727354621281921
591 0.007642745870950757
592 0.060347172570681784
593 0.041757267935360304
594 0.8284146746371047
595 0.5909070524289963
596 0.3143939403571669
597 0.74142083310432
598 1.582335028405771
599 3.5302824379248627
600 2.407751538237558
601 0.11453249269221906
602 0.20487390574555647
603 12.720460326843058
604 0.5616214949280584
605 0.7505821019040553
606 4.48573157717372
607 11.042306208960419
608 0.3734269236306436
609 0.4788530719942958
610 0.1568644866519008
611 4.487805677764024
612 2.032833449357034
613 0.9860425802112164
614 0.1899292073002312
615 0.0017177280759946142
616 0.28409788078709153
617 1.9831555159043495
618 1.0848706476145316
619 0.6669761520448877
620 0.3868561675812095
621 0.3156846330382198
622 0.30553898956096365
623 0.20063453010504978
624 0.1710240533477562
625 1.2684064740502343
626 15.464570902935973
627 11.626615133612166
628 2.1099040340671964
629 12.65804205036152
630 2.8356636525337153
631 2.3594549795577864
632 0.8493611677896297
633 0.45189681449788044
634 2.6561284251108916
635 0.19496326858552546
636 1.375948614514325
637 2.6144225264038363
638 1.1365359787036242
639 0.08012781053636825
640 0.4858660521921592
641 3.18112121591052
642 0.028290968352286724
643 0.009601787481731341
644 6.774203902556856
645 2.3878646725715678
646 24.798339932089768
647 0.4923151022649107
648 10.91950775860687
649 2.626978801970641
650 1.1934094432325093
651 0.00800620336896909
652 0.767035856901569
653 0.12333019218933394
654 0.3612899915605578
655 0.16327669897465433
656 5.953914250662332
657 3.397982749647831
658 0.10092379473800962
659 0.32655789117006245
660 0.5553683330697669
661 1.3379074233377584
662 1.1104105637250845
663 1.5586141983420518
664 0.18159918958463336
665 0.6961365805940796
666 0.1250491073807694
667 0.7665341398295457
668 0.8616052609272448
669 3.6147983910412957
670 3.0474024956426278
671 17.876805116073204
672 0.20683683113832133
673 3.316396150766888
674 0.05452601458212057
675 1.8388940734521528
676 5.248402163871715
677 0.9919350787786114
678 2.0073517761118995
679 0.3352912353117278
680 0.4679238346366072
681 0.15707298760184982
682 1.2446841188201379
683 1.0134667389523608
684 5.586308582977557
685 0.07666221814733801
686 1.4434869647370134
687 0.752506587169847
688 2.0831107934984336
689 0.603155199722395
690 0.2699115633213879
691 29.945197703612525
692 1.6108115251303168
693 3.6795643733995274
694 2.595242200349644
695 0.4996571132682538
696 0.35028145025450974
697 1.1200428880841824
698 5.6813566719573965
699 2.0905801603295178
700 0.1604278274809194
701 0.5095236728108057
702 0.28788707875580094
703 2.2445094085772004
704 1.0765246688159675
705 3.145776378579858
706 0.7234211978830294
707 12.391514902780138
708 0.13968430204007712
709 1.8611664897509632
710 1.440010658992581
711 4.8351216400811605
712 4.777224028466678
713 0.18170352842873386
714 2.1483830865012568
715 0.07379496057991394
716 0.5056727169206227
717 0.04546409485310945
718 0.1716893657070333
719 2.66194512152548
720 1.2545519400289467
721 4.12842474892508
722 0.8004190082731959
723 0.7839117703696864
724 0.16191922223128166
725 0.6318270857199979
726 33.37318617910888
727 0.06786539068588038
728 1.162028759985457
729 0.0046349676007885875
730 40.56308784013737
731 0.4703997007602289
732 0.08243945815344496
733 0.2844948039746414
734 0.6292478855297506
735 0.14282817078230436
736 0.8715197765583977
737 1.5939874477327107
738 1.1091125220100944
739 0.9286827698912945
740 6.378934883530736
741 3.4624366135900746
742 0.24018539599964286
743 2.256210569806655
744 1.9469884052695383
745 0.1262675112314268
746 5.662955468087956
747 8.764008802444051
748 0.16527920868738924
749 0.6377626970962829
750 0.27123321492609737
751 28.25783656254885
752 53.608393025262636
753 0.6224445995712892
754 1.8500032783667189
755 0.41898055694377917
756 0.42974133361133415
757 1.3805176769964629
758 0.9533933284984374
759 0.33688099173798225
760 0.8685521433475878
761 0.5805916836605647
762 0.5123878943270118
763 5.455783504167508
764 0.042588300194183276
765 0.18222451942754836
766 3.232943814241804
767 1.6715909237258508
768 9.754272367973535
769 0.7327968949525894
770 0.8818512914512808
771 0.36414257571580627
772 2.6843345452823733
773 0.0062520704613173075
774 0.5132710979829453
775 7.514020780004796
776 0.2668785464171115
777 4.546607371689118
778 0.548558075360911
779 1.81916920459723
780 68.96970867469625
781 1.8279698132120399
782 0.19955994150722928
783 0.41108215666142406
784 9.446469427600977
785 0.4137410553284295
786 0.7230006422824182
787 0.3701761991660928
788 20.51263412426845
789 0.7329745340876443
790 0.16376305046605805
791 81.13476059943112
792 3.989689085614039
793 5.389155324019636
794 1.3460307408451109
795 0.0920733021588461
796 32.61104407292943
797 0.5852431016435726
798 2.508080842859135
799 1.3448228968784215
800 0.30279178256509776
801 0.4075486645129931
802 5.616712024237389
803 0.2798730202674885
804 13.220467386334128
805 15.377139531504568
806 0.09884232250690378
807 1.6230917045870716
808 0.15978265014867138
809 0.5740378804995913
810 0.036454163821209806
811 1.2909665104456394
812 0.559958484057989
813 1.5687333718237828
814 0.0867661730993757
815 2.5341337684796637
816 0.4261361053383063
817 5.245973799721415
818 3.283889399720031
819 0.49286640087089395
820 3.374608464145504
821 0.8553666529146009
822 0.9270654890993737
823 2.1281249810090244
824 4.054474682861303
825 0.43053540476141977
826 0.002430275474803941
827 0.6793199270231328
828 0.3170506468879976
829 9.794046337725884
830 0.104151307406507
831 0.05884653129425505
832 0.007852560773376437
833 2.536999545217166
834 2.673819825881463
835 0.05484284771862824
836 6.9667915751369
837 1.609956785824925
838 3.981843310862915
839 1.198231266444275
840 0.14607320619643377
841 7.478876024356625
842 16.803796217054654
843 4.007380435666934
844 0.8627950437386421
845 0.004200702708165025
846 0.6028536464130749
847 0.11110213217852327
848 0.2978449910860025
849 0.09280970629504745
850 0.13760892862682148
851 0.3860085711574973
852 0.10295661700055095
853 0.07314705846270404
854 2.985665850318984
855 2.6255984444411076
856 4.677274909092422
857 0.3560343110697028
858 4.861082524432332
859 1.055803216729584
860 0.08304855194017176
861 0.07485467783538641
862 0.13660809403634916
863 1.5847475990432722
864 6.437682618838305
865 0.29943819916572617
866 1.0089404171926666
867 1.8799826173793472
868 0.947478558037458
869 0.5481559148684503
870 24.526752471464693
871 7.065598543062592
872 4.692997228289487
873 0.8673847098927899
874 2.4835584050571753
875 3.680583708972103
876 0.49844027520536127
877 0.12389803326097441
878 0.37504452172980496
879 1.7482156825454944
880 6.332516296939149
881 6.601868368798266
882 0.5739557434174352
883 2.231853367213553
884 8.03742781264201
885 11.8340810468601
886 1.37943252475925
887 1.8660381460542488
888 1.1158709666388544
889 0.464499486968138
890 2.6970472326054775
891 3.3648660086159055
892 17.377514709149118
893 1.803213230517469
894 1.9618383403033766
895 0.2702892862544628
896 1.425655753273863
897 0.04050886504227853
898 4.403674226843694
899 0.9685519985205961
900 1.7916027879706733
901 1.1071978458815588
902 2.3896160520025784
903 0.12366654765865408
904 0.2953303047097557
905 14.298246857620386
906 0.24037314141522345
907 0.3877156705162148
908 1.8913011217117262
909 4.0443705592417425
910 0.2724181634477281
911 0.29833494918937026
912 3.436710327707613
913 1.9001682327547682
914 1.7805412703375447
915 4.665843343037218
916 1.9216321577729494
917 0.36373073587335664
918 37.14743424410279
919 0.22959899726073985
920 6.21535794240557
921 5.447089403331966
922 9.030587499050144
923 1.9513990687531706
924 0.6281461587760429
925 1.8502026834472574
926 0.18117386406880667
927 0.020068336897208817
928 0.3808820096158825
929 4.249958389898174
930 19.253413365225423
931 13.419365777480849
932 4.9299435792298185
933 2.830147357248064
934 0.3129395755738865
935 1.0181460634117063
936 20.640592769784494
937 0.19699378736988013
938 0.045479896359115354
939 0.9446979154900784
940 0.04689787563111749
941 0.28812253003583216
942 0.6254843190927915
943 1.7051910920246274
944 1.7462960401072014
945 0.4570918157532564
946 0.13861238191259337
947 1.5186095171288307
948 1.8977384295650248
949 0.2433079473684746
950 5.375378513105285
951 2.633158004269174
952 0.6037016361192348
953 1.2202214993318228
954 2.223384966882886
955 1.7326990577743038
956 0.4112035602804201
957 0.8862564965198467
958 2.6773268792175964
959 18.383844441314977
960 0.7304738074470912
961 0.6010364658732972
962 0.03638012804341466
963 3.5099019959802726
964 0.00023615739030057218
965 0.005163843760517358
966 14.747687390884968
967 0.16613812782694737
968 7.787995402096453
969 0.4961430520442147
970 0.7144624670056804
971 1.2852857991091369
972 4.648529335254992
973 0.5825602245338504
974 0.6706297375145289
975 0.10115680760796769
976 1.02141023951426
977 0.0649192147529705
978 0.23011834547838272
979 0.15950093811761437
980 1.2795342536777214
981 0.47810255892765635
982 2.1186036516562092
983 1.9469868619673554
984 3.9499489091934645
985 0.23337135740908202
986 0.5245708741145747
987 14.20001268150799
988 0.7625680373700152
989 0.9224432726833045
990 0.12766080777883154
991 1.625454870425887
992 46.25183704226683
993 0.36388781102184975
994 0.3009580060135496
995 0.8272013582203319
996 3.5819037396840896
997 40.248876205799974
998 0.0965576542123879
999 1.6091452087875802
1000 3.8057768787511663
