2 425 534
2 942 138
2 724 943
2 587 112
2 911 825
2 996 737
2 92 763
2 645 883
2 481 416
2 579 701
2 742 97
2 681 879
2 609 691
2 863 312
2 947 873
2 126 657
2 991 170
2 327 285
2 631 453
2 243 104
2 694 920
2 776 589
2 978 385
2 815 190
2 638 981
2 97 53
2 715 952
2 994 825
2 329 552
2 307 965
2 259 542
2 940 476
2 929 1000
2 861 506
2 180 732
2 779 220
2 133 835
2 348 240
2 314 161
2 235 181
2 325 962
2 802 93
2 695 502
2 913 584
2 672 155
2 546 779
2 89 565
2 724 42
2 82 140
2 94 600
2 696 207
2 442 393
2 424 415
2 88 810
2 482 261
2 657 426
2 97 27
2 135 126
2 229 297
2 425 42
2 8 49
2 186 569
2 648 314
2 429 989
2 500 177
2 772 129
2 547 296
2 790 237
2 381 113
2 440 372
2 624 432
2 542 174
2 993 526
2 927 992
2 687 490
2 56 295
2 393 383
2 992 479
2 188 264
2 935 67
2 988 175
2 831 374
2 184 340
2 855 689
2 288 906
2 512 170
2 792 510
2 814 436
2 994 678
2 743 273
2 135 364
2 899 380
2 288 145
2 731 552
2 745 704
2 336 778
2 530 170
2 280 218
2 942 189
2 324 207
2 337 425
2 392 52
2 379 910
2 521 567
2 861 346
2 816 655
2 190 488
2 158 705
2 658 741
2 210 856
2 641 434
2 702 391
2 551 967
2 928 140
2 10 306
2 124 738
2 583 816
2 984 28
2 283 850
2 54 31
2 905 285
2 342 418
2 392 957
2 925 422
2 604 123
2 91 565
2 423 828
2 861 798
2 5 518
2 641 623
2 298 904
2 691 314
2 208 323
2 977 887
2 434 884
2 675 802
2 748 504
2 457 665
2 807 524
2 124 485
2 358 478
2 653 663
2 17 217
2 140 766
2 249 499
2 148 327
2 139 630
2 435 940
2 399 773
2 535 984
2 221 541
2 431 909
2 522 892
2 556 259
2 309 308
2 811 456
2 566 85
2 651 841
2 922 660
2 345 424
2 383 234
2 278 413
2 853 261
2 206 962
2 127 109
2 331 434
2 673 846
2 574 913
2 742 650
2 720 531
2 947 966
2 731 936
2 147 108
2 710 657
2 291 47
2 653 1
2 119 234
2 407 785
2 263 359
2 726 37
2 618 409
2 876 18
2 858 924
2 305 175
2 677 837
2 182 818
2 927 346
2 574 304
2 5 344
2 797 541
2 284 720
2 934 877
2 183 751
2 439 455
2 315 717
2 559 580
2 892 897
2 439 482
2 219 822
2 89 518
2 624 109
2 279 165
2 309 385
2 440 740
2 514 707
2 116 265
2 192 89
2 530 848
2 782 125
2 553 390
2 566 922
2 139 915
2 389 511
2 119 356
2 101 378
2 746 905
2 154 289
2 61 177
2 347 609
2 650 92
2 695 344
2 929 714
2 875 427
2 581 818
2 622 109
2 517 928
2 218 882
2 787 266
2 581 152
2 652 740
2 165 340
2 102 23
2 631 259
2 836 854
2 240 78
2 381 616
2 621 146
2 824 894
2 857 267
2 219 120
2 976 970
2 502 134
2 258 897
2 737 229
2 230 520
2 78 202
2 96 980
2 129 614
2 243 391
2 738 170
2 585 876
2 950 220
2 516 214
2 638 499
2 326 556
2 738 275
2 885 313
2 345 417
2 182 189
2 33 672
2 246 599
2 754 622
2 267 816
2 234 826
2 780 881
2 615 192
2 749 396
2 379 207
2 347 720
2 240 26
2 183 142
2 233 329
2 798 558
2 57 65
2 295 917
2 963 142
2 321 156
2 719 311
2 981 256
2 988 584
2 942 655
2 743 579
2 800 56
2 384 788
2 222 912
2 715 180
2 790 212
2 481 921
2 528 478
2 842 380
2 855 584
2 147 885
2 141 523
2 396 995
2 950 418
2 744 118
2 231 19
2 676 48
2 334 313
2 595 466
2 538 152
2 701 458
2 134 676
2 610 779
2 362 632
2 552 287
2 276 600
2 407 261
2 78 47
2 534 129
2 376 821
2 958 217
2 702 854
2 950 836
2 902 869
2 702 164
2 5 630
2 673 247
2 15 605
2 129 664
2 568 629
2 265 261
2 528 356
2 815 765
2 878 292
2 934 311
2 478 9
2 761 633
2 68 959
2 471 683
2 853 762
2 736 202
2 687 897
2 727 513
2 532 922
2 503 612
2 839 115
2 450 203
2 61 292
2 919 555
2 740 194
2 839 805
2 502 176
2 693 930
2 531 47
2 416 781
2 308 217
2 969 776
2 390 569
2 185 363
2 26 840
2 611 20
2 376 45
2 755 578
2 283 108
2 183 986
2 864 642
2 617 899
2 152 785
2 752 199
2 337 458
2 745 794
2 527 955
2 112 828
2 604 1000
2 427 109
2 486 537
2 830 967
2 527 572
2 111 210
2 259 626
2 599 491
2 673 535
2 103 101
2 727 310
2 141 547
2 893 355
2 370 213
2 580 941
2 690 75
2 769 154
2 554 321
2 875 700
2 35 564
2 508 772
2 970 800
2 693 647
2 298 892
2 507 347
2 616 493
2 534 92
2 11 842
2 948 571
2 475 187
2 873 987
2 330 233
2 291 865
2 849 282
2 540 189
2 636 342
2 408 685
2 307 362
2 467 306
2 885 928
2 608 349
2 480 589
2 101 122
2 892 868
2 319 181
2 688 302
2 111 116
2 905 184
2 961 742
2 527 540
2 680 392
2 480 543
2 980 135
2 981 427
2 975 387
2 489 499
2 946 104
2 160 845
2 390 45
2 849 491
2 881 368
2 252 933
2 968 712
2 235 882
2 149 657
2 54 582
2 547 969
2 160 17
2 580 783
2 87 207
2 360 950
2 192 845
2 332 537
2 538 698
2 32 783
2 725 407
2 538 751
2 331 694
2 513 464
2 174 662
2 319 495
2 756 81
2 973 925
2 783 444
2 178 825
2 807 779
2 216 374
2 585 421
2 835 900
2 853 991
2 12 952
2 832 952
2 940 927
2 511 98
2 665 589
2 407 913
2 541 432
2 345 109
2 715 820
2 1 652
2 63 675
2 827 571
2 41 571
2 124 229
2 688 163
2 24 151
2 831 405
2 201 617
2 86 845
2 420 418
2 255 25
2 402 40
2 70 640
2 474 656
2 363 506
2 345 633
2 5 341
2 454 143
2 34 662
2 927 394
2 629 822
2 920 760
2 461 405
2 231 898
2 179 734
2 125 914
2 907 248
2 579 411
2 864 85
2 72 228
2 709 726
2 329 27
2 730 273
2 830 243
2 547 398
2 87 521
2 238 393
2 118 178
2 683 879
2 86 627
2 133 437
2 531 572
2 499 669
2 978 427
2 824 205
2 590 38
2 33 824
2 588 609
2 246 108
2 454 498
2 561 812
2 400 525
2 337 829
2 884 956
2 864 100
2 135 196
2 551 51
2 862 879
2 613 63
2 538 433
2 421 739
2 174 655
2 804 726
2 461 883
2 21 103
2 20 633
2 100 643
2 876 676
2 487 277
2 288 528
2 625 489
2 566 434
2 512 534
2 120 121
2 84 763
2 343 640
2 84 299
2 468 495
2 376 534
2 616 427
2 797 997
2 899 525
2 262 542
2 372 562
2 362 48
2 678 510
2 429 586
2 578 186
2 727 919
2 675 539
2 978 292
2 758 436
2 83 134
2 13 911
2 264 582
2 160 445
2 278 521
2 680 495
2 54 287
2 96 304
2 29 146
2 210 299
2 558 739
2 502 607
2 328 510
2 123 292
2 403 669
2 448 266
2 683 339
2 647 221
2 466 864
2 388 779
2 608 506
2 67 373
2 956 419
2 22 496
2 653 697
2 993 333
2 642 81
2 133 428
2 390 40
2 382 627
2 61 290
2 622 395
2 627 620
2 241 821
2 998 276
2 809 759
2 733 261
2 787 130
2 838 677
2 176 569
2 11 239
2 878 791
2 872 492
2 804 115
2 607 101
2 217 406
2 715 770
2 121 239
2 971 401
2 500 353
2 749 232
2 105 455
2 460 669
2 446 393
2 968 443
2 835 680
2 248 509
2 975 691
2 107 579
2 19 10
2 174 284
2 624 851
2 706 826
2 331 666
2 171 712
2 700 804
2 978 451
2 235 995
2 929 398
2 657 381
2 794 463
2 381 578
2 527 363
2 126 672
2 122 340
2 51 838
2 901 780
2 154 515
2 33 433
2 276 601
2 935 280
2 182 676
2 953 21
2 118 837
2 859 822
2 987 184
2 618 808
2 33 176
2 690 306
2 749 465
2 654 165
2 254 388
2 746 175
2 734 10
2 339 510
2 414 542
2 811 723
2 353 212
2 23 170
2 573 791
2 535 136
2 295 103
2 855 970
2 833 190
2 716 656
2 260 417
2 576 706
2 142 687
2 467 972
2 370 129
2 643 410
2 399 346
2 501 437
2 654 582
2 382 375
2 233 528
2 865 349
2 359 995
2 908 860
2 310 738
2 96 157
2 983 22
2 717 875
2 742 787
2 137 304
2 559 584
2 700 53
2 535 130
2 383 495
2 978 656
2 88 176
2 872 309
2 728 112
2 153 383
2 887 803
2 736 346
2 50 368
2 493 925
2 135 382
2 322 704
2 50 31
2 413 901
2 580 760
2 503 596
2 428 575
2 774 31
2 502 14
2 108 862
2 862 812
2 402 500
2 707 882
2 879 614
2 679 681
2 221 995
2 338 43
2 148 531
2 364 540
2 579 901
2 492 14
2 486 58
2 334 346
2 280 994
2 504 266
2 857 885
2 753 51
2 887 268
2 51 655
2 621 556
2 616 759
2 328 565
2 990 181
2 363 740
2 354 672
2 227 16
2 706 800
2 773 612
2 706 969
2 16 763
2 587 11
2 2 339
2 973 882
2 777 822
2 150 752
2 992 559
2 91 1
2 135 873
2 656 474
2 581 783
2 699 523
2 512 170
2 684 783
2 571 760
2 466 921
2 223 175
2 220 352
2 460 847
2 684 78
2 991 564
2 558 275
2 663 577
2 721 143
2 235 364
2 586 244
2 907 603
2 319 535
2 941 601
2 333 883
2 655 297
2 887 492
2 979 379
2 169 402
2 918 425
2 54 59
2 342 606
2 894 874
2 121 942
2 160 476
2 999 282
2 21 46
2 116 244
2 314 606
2 286 1000
2 958 289
2 306 123
2 443 2
2 6 266
2 381 730
2 546 680
2 386 356
2 72 558
2 438 109
2 239 402
2 731 137
2 112 691
2 908 89
2 477 838
2 690 509
2 596 528
2 316 492
2 864 214
2 511 289
2 223 264
2 739 597
2 482 184
2 949 192
2 75 991
2 990 349
2 239 537
2 105 180
2 871 709
2 739 236
2 173 989
2 192 359
2 786 631
2 980 932
2 240 47
2 716 729
2 723 114
2 486 21
2 563 554
2 121 858
2 960 20
2 823 208
2 19 705
2 19 294
2 490 263
2 829 969
2 672 170
2 364 64
2 644 807
2 147 160
2 740 257
2 572 432
2 374 297
2 543 127
2 72 450
2 356 36
2 579 814
2 747 904
2 888 629
2 671 573
2 369 468
2 8 326
2 587 190
2 245 807
2 481 499
2 155 489
2 674 553
2 208 474
2 243 167
2 558 67
2 756 309
2 279 959
2 865 538
2 256 18
2 63 886
2 683 164
2 37 661
2 852 494
2 844 589
2 334 36
2 767 924
2 241 793
2 620 561
2 197 984
2 3 464
2 515 488
2 3 324
2 611 908
2 503 603
2 204 265
2 719 822
2 183 374
2 420 561
2 971 131
2 461 936
2 777 418
2 268 85
2 508 352
2 952 311
2 941 958
2 732 649
2 641 656
2 350 870
2 866 125
2 134 924
2 880 662
2 439 266
2 239 633
2 468 129
2 651 265
2 443 607
2 544 176
2 308 895
2 281 973
2 781 256
2 982 973
2 87 36
2 713 145
2 922 172
2 757 923
2 720 14
2 184 289
2 105 910
2 734 809
2 72 378
2 337 235
2 245 210
2 644 821
2 651 126
2 129 760
2 216 142
2 178 303
2 109 714
2 230 906
2 397 858
2 72 923
2 613 809
2 241 673
2 941 177
2 114 307
2 263 781
2 293 417
2 721 561
2 235 397
2 476 676
2 493 283
2 641 458
2 391 248
2 52 537
2 998 850
2 282 316
2 392 270
2 835 329
2 930 436
2 578 533
2 277 379
2 472 819
2 137 190
2 746 61
2 691 301
2 469 911
2 265 26
2 655 905
2 327 2
2 853 924
2 688 312
2 226 329
2 109 875
2 896 971
2 909 296
2 550 128
2 784 610
2 566 898
2 857 227
2 208 311
2 960 469
2 613 678
2 142 682
2 122 256
2 231 518
2 951 846
2 598 300
2 408 705
2 831 825
2 872 366
2 862 250
2 377 705
2 131 514
2 491 691
2 341 828
2 290 439
2 997 191
2 96 682
2 716 642
2 51 460
2 699 586
2 801 62
2 284 161
2 235 636
2 905 744
2 228 36
2 842 851
2 106 100
2 776 851
2 294 296
2 246 195
2 267 552
2 586 802
2 414 822
2 911 335
2 784 446
2 833 672
2 834 850
2 692 36
2 450 351
2 986 364
2 374 939
2 608 193
2 169 704
2 117 913
2 303 496
2 995 656
2 716 959
