1 0.7851550976283976
2 6.047061370155308
3 0.20613659868468326
4 0.5458907026108161
5 2.034245385571434
6 0.061690793068590564
7 7.220879016580835
8 0.30991837707820075
9 12.085250737548861
10 1.902306960049724
11 0.38472444487735047
12 1.5733434335268983
13 0.7980600377157183
14 0.5015964378579861
15 0.10249250900027464
16 0.19279732978136313
17 1.3512589799224815
18 0.44743098754581095
19 14.978357254962544
20 0.00038209720091977
21 1.9242190565256503
22 0.15041501168597518
23 1.6814913312352324
24 0.2736736906140593
25 4.903498371572691
26 10.893888594797927
27 1.8222651818729152
28 1.7333164420332334
29 1.2770666831690027
30 11.936402973622508
31 0.24850778314512975
32 14.916570825984888
33 1.2345392460377833
34 5.769524904958911
35 5.523208688979692
36 0.07386077658131912
37 0.007325309540553186
38 2.3320819766043455
39 0.4430212180588087
40 2.2014611554123
41 0.8347897707695445
42 15.22593187339002
43 0.3000257685293953
44 0.03960851706542175
45 1.4388504813213927
46 0.44145355733926434
47 0.16838415512727914
48 2.269197879967092
49 7.024935964707931
50 2.5906303600821134
51 3.1987667119502605
52 0.08710699089392197
53 0.02071597067804455
54 1.5081939607478374
55 0.36172145279964246
56 0.8269187914813825
57 13.242673789153386
58 0.2773898033628516
59 4.781859085537275
60 12.569191659440666
61 1.0623118370959654
62 0.05090303510325253
63 0.10967235546956496
64 11.823335661973896
65 7.795435838132755
66 0.7338168467334174
67 3.493696477249977
68 2.261682435566951
69 0.235183257688138
70 0.22488000628499047
71 0.5628727403950463
72 2.6719289884080366
73 1.097386102634996
74 0.4905347212697178
75 13.883087970545072
76 5.507043464367712
77 0.04680358209352813
78 0.05926316784798155
79 70.43197456088319
80 0.10762896688117982
81 8.07863767560294
82 0.5276587456138966
83 2.0750910744190163
84 84.53572128452102
85 20.703220803006804
86 0.07959754914517318
87 1.2789521941442474
88 0.02393892390676775
89 2.0711929571909113
90 1.3172887553628576
91 3.108693281284433
92 1.0654170513403647
93 0.34721261222206123
94 0.3780192904935394
95 0.3418868874670517
96 0.9018711554604633
97 0.12056771235630642
98 0.7353247461815394
99 0.8938688122338165
100 2.4504168694551614
101 4.55047136878629
102 3.3039220819440263
103 0.9514017348160372
104 0.4553720638414514
105 1.010259303289805
106 17.46830738270019
107 0.11231623811891177
108 0.09737838536571473
109 0.30100273570992064
110 1.703553602033424
111 2.2633508520228416
112 6.10459287124645
113 4.438016096639929
114 0.007003398528044552
115 1.0138617121939828
116 0.028787440633954123
117 0.7013799131708218
118 1.817029102438332
119 0.7063790650104453
120 3.6542864744444157
121 0.019736921177366355
122 0.1898577046009261
123 260.882728796018
124 12.707641678709258
125 0.8525420256239572
126 0.14121543607666712
127 0.6572741580961563
128 0.07556150253340033
129 0.6156516588940623
130 0.5645435005125737
131 0.5856564787182038
132 0.16571493707606802
133 0.6490167685544744
134 0.7052567440323281
135 2.732407974010306
136 2.00285201361239
137 1.19024657438365
138 12.823367342155247
139 0.18988490614497622
140 2.223990818654429
141 3.2374619146703614
142 14.989474714309052
143 0.23724911216016661
144 57.24360264836523
145 4.215984747594959
146 0.14415362047383654
147 1.5334154921032193
148 4.668928706592703
149 0.2527330212523254
150 0.6903920032788042
151 1.2728528841579334
152 1.1317479267173287
153 2.267447864220763
154 0.23214602847546834
155 0.06657376427049239
156 0.6380354882174094
157 0.11990632999445881
158 15.154994025222145
159 1.1678810780631421
160 7.560526960278613
161 0.6181795219230731
162 0.10845308885958763
163 0.7306894280053139
164 0.031325392331865425
165 0.547705189548153
166 0.276760842535583
167 1.3389503632346003
168 0.8157902832806923
169 0.276321255236799
170 0.044967865518209534
171 0.30486517155331766
172 0.1692326256951707
173 0.1644908593044239
174 0.20240411035204056
175 4.926841057014713
176 7.173624221287959
177 1.7872683949030648
178 0.94451528220498
179 0.944821197862685
180 0.1319719915484128
181 7.044489208976812
182 11.922620714457212
183 0.6542134821065629
184 0.4002687964593656
185 1.4374050231687552
186 0.6234629041423
187 0.7743505038017726
188 3.3826030504434605
189 0.8664931984291983
190 1.5679401293645598
191 2.3507039102759606
192 3.7201732518607264
193 1.2855162035477203
194 2.1104792013885705
195 1.4614838072695373
196 0.746650713316266
197 2.048056541041648
198 56.33068398473576
199 0.5839353661105623
200 0.046644516516223054
201 1.5229281493397189
202 8.300805635739708
203 1.8883145647821256
204 0.6158844341629108
205 0.35754398213850247
206 0.03985899750333929
207 1.4875325996414446
208 0.45494990200368
209 10.205203465187713
210 132.67585710798033
211 15.624357927517565
212 3.499530905369902
213 184.2235937366722
214 0.4784933850645833
215 1.8321455371000808
216 0.19531412539971618
217 1.3482439171771634
218 0.08745620034873207
219 0.008549597552263971
220 0.4845097375142475
221 60.51961139880935
222 2.8734291689084546
223 12.857002707077068
224 10.483065358431995
225 0.6091482031728864
226 0.7272183482394264
227 1.0896174197421167
228 1.8467859745430446
229 1.8284752187182385
230 3.392267869573091
231 0.7569136603510337
232 0.11136090507539524
233 0.28039736515646874
234 0.055401337778513624
235 0.3519407945137984
236 0.5067625432217668
237 1.3635262948801468
238 5.301783007270363
239 7.0770174202879925
240 0.14704804170854407
241 9.471508007586824
242 0.11752298196861541
243 0.8382255861218199
244 4.764049232555946
245 2.36928165659841
246 0.4029713531350947
247 3.1151414861829188
248 0.3283578588349235
249 7.252404010976938
250 2.72937192242836
251 1.9696456077311861
252 2.7677046126671554
253 1.2096949923064335
254 0.027771639200620635
255 0.1295702465142577
256 1.3325460729305112
257 4.738301494133722
258 11.810368150644276
259 11.863428195849856
260 0.9636855847194143
261 3.3523862885113918
262 0.20125677738722333
263 2.425287398837388
264 1.7590748991148708
265 2.4763057395210066
266 0.21189665324380255
267 1.9075865920083015
268 0.4072832918330351
269 0.025254435852011155
270 0.03691243513239111
271 0.9227892177914405
272 12.267860541568549
273 0.5247954730056228
274 1.1787616882634349
275 4.061318578098211
276 1.3632889303257225
277 4.818704320989177
278 0.009449553467218015
279 1.8517838186951303
280 0.8636324334616899
281 5.925612385786668
282 0.547289929003085
283 1.1347296912422629
284 1.521134664869397
285 2.0380987232310748
286 0.7775941304890863
287 0.7450682004277792
288 0.9104067953124149
289 8.286403933275505
290 1.2497805840950014
291 0.01135139914767771
292 5.097363889337941
293 1.1375107098728203
294 0.3401801973347378
295 0.1369896651548818
296 0.05992803833617443
297 1.862093184403056
298 4.112186096696757
299 1.2284272941601058
300 2.757419573392872
301 14.322952251927125
302 0.5818223233221143
303 14.290630118522595
304 0.07443128159110232
305 1.3101027291449636
306 3.9485476891931626
307 2.437783923959293
308 1.9475145260044604
309 0.16402827641169793
310 2.955742386137095
311 0.08553073437874213
312 2.236307944746069
313 6.5668651437768295
314 0.2801948223204438
315 11.934266198429603
316 0.26466578163377624
317 0.5611723468038141
318 3.4103249803573155
319 0.49302300660011616
320 2.4077142348178904
321 0.15159245690030118
322 22.14641554268906
323 0.03553083515368804
324 0.17854415338967758
325 0.04719771150498473
326 1.3815546502834157
327 1.2856343255934346
328 1.3306302071122864
329 0.15888203392624053
330 0.9059912898751235
331 0.2941541533756446
332 1.0667971425917986
333 0.2991253153882197
334 0.7201781174017244
335 0.49493913100246906
336 1.2757402771083264
337 0.4661527007322356
338 0.9867345603089436
339 2.0481251724118263
340 0.09319791724845125
341 0.18202111466973178
342 0.1175754882386707
343 1.1420723735194802
344 6.635219674540569
345 0.17837086940726787
346 0.6955226871821403
347 0.5526654072894943
348 0.5837816528761918
349 3.645362991168569
350 0.21092935927520334
351 0.053604640867467995
352 1.3770465921970856
353 0.19362575995919545
354 0.3183848960790048
355 19.279427248521877
356 0.3113368294993842
357 0.058037020833168605
358 18.08831976719153
359 1.2302637175326114
360 0.07520225084094688
361 0.7016394658369561
362 52.78845233905923
363 1.4451244150567237
364 0.6434651312082341
365 1.3602193137099852
366 59.07518609659072
367 3.152776036573093
368 1.9475071122483634
369 0.8568913184450215
370 1.6215271003864247
371 1.7050190618490668
372 0.08094225984178127
373 0.08278692245959725
374 0.2118360391027747
375 4.7154069983159665
376 0.11867929973702031
377 0.42640053704623937
378 0.8985927861830209
379 0.09212611339992398
380 6.044164613144879
381 1.4368444919272405
382 0.12150728825231293
383 1.1947388095602238
384 4.846373016917871
385 0.9342101294495238
386 3.8055533054941817
387 0.9397784611920497
388 0.4519818114455878
389 1.722689004936928
390 0.9385713575239713
391 0.04943379515071292
392 11.70979261603715
393 1.7662459579224772
394 2.7947595506558995
395 1.565362287688712
396 0.8309550909334287
397 1.7999876728655546
398 1.2334097265512154
399 0.5338380143251823
400 2.834432490708755
401 13.78810413085448
402 0.00533377449517697
403 0.4903180501809585
404 2.568320980339651
405 0.20162362322701863
406 0.16503601634651366
407 5.601010318171219
408 2.499265931090348
409 0.13185572328441436
410 6.86454530238378
411 0.28398820286957216
412 0.624503537897196
413 0.5414232153583742
414 0.5827624338617877
415 0.2098372936534263
416 0.08588928760293099
417 3.5707906153327853
418 0.6349593427912665
419 2.210675942005958
420 2.7867192825609943
421 0.12696952945779333
422 2.0016431881763266
423 0.3590771359102239
424 0.6773944469506794
425 0.19063823213976666
426 0.08593486558588141
427 17.278605464906406
428 0.6401366901711344
429 3.3078162903251767
430 2.0697394968904925
431 54.81831811129946
432 0.900238204005286
433 0.8055940679242347
434 93.22990123261748
435 0.4423589171348327
436 0.19226960507858445
437 0.2516907926869403
438 0.04991952878208387
439 3.3824348924982894
440 0.12061073057272159
441 1.5421761898554343
442 0.08205291152533704
443 3.428178230277328
444 3.3646993066452144
445 2.4197279183889875
446 1.1996534626982303
447 188.94325180292697
448 0.16699872762323892
449 0.23886327060245346
450 0.10562352315503955
451 13.500771462792656
452 0.4653702535825105
453 1.6215243789189846
454 0.9877340507158996
455 1.0043088992927423
456 4.2357232045370194
457 0.07120489778992337
458 1.4274061949533694
459 1.4958253676587938
460 1.8998459325614339
461 1.6747719146320141
462 0.412162539524324
463 0.008571726397054408
464 0.6051084799571443
465 0.06801060350595595
466 0.6382479830363746
467 0.46837356519241713
468 1.320532120213974
469 0.0008655231980480917
470 5.4526255578261695
471 0.8186111129070149
472 0.2238971185883654
473 1.12610371098221
474 1.4072092399972589
475 1.0833931966700463
476 0.980392068659239
477 3.431877112346964
478 1.1306297341146283
479 3.268247804473226
480 2.23930980054892
481 6.835672494374223
482 2.2249010542381384
483 1.901674127516137
484 60.864145423937316
485 0.004196992036174854
486 1.1415009738324071
487 0.16550657809460473
488 7.376093694648089
489 11.21496346770284
490 0.1724225936566788
491 8.706401529878748
492 2.1604013278780636
493 4.038163700200232
494 2.0297045179649373
495 21.46467565392873
496 2.3607611747125987
497 0.4809587806475112
498 0.14703928161770508
499 1.1375329559540153
500 0.26570508879211424
501 0.9505832354808125
502 0.5431297930375768
503 1.0819775248957626
504 2.4696873323072692
505 18.383748042433893
506 0.9286479775046959
507 0.5236936427756579
508 0.6426694248729113
509 1.4931458831881286
510 0.261866617240894
511 3.01659280240187
512 3.2491767869169372
513 0.37161382585827035
514 0.3241234124008215
515 1.0147558434527426
516 53.77041995623445
517 0.26291394070635415
518 0.057526718862215616
519 3.232930819038551
520 0.7450190503819213
521 0.3966216179804872
522 0.1937221027957969
523 0.0414832223057057
524 0.9869112797467728
525 0.1276070722846735
526 1.6322424766953938
527 1.2872602738238417
528 2.6022675462685085
529 0.3295207426966664
530 0.2914546410870158
531 1.855192248613113
532 2.8296399250961923
533 1.6813959052367389
534 3.057559548389833
535 0.34111832662604097
536 1.970352291101423
537 13.343467219671139
538 15.832244505964965
539 0.05497360403414506
540 1.0970080662536132
541 2.48136844251099
542 0.3427619297101626
543 1.2332126635422986
544 3.047762957273073
545 1.7167892177761583
546 112.3616625679632
547 4.263522473381167
548 0.6350203774709132
549 5.227256755788615
550 0.2629781144220757
551 0.9795940535426497
552 0.21204262431718354
553 0.38846771824649323
554 2.123689889683487
555 9.050963867966567
556 6.672267456231601
557 1.2864813885446196
558 0.45810331835218754
559 0.47214768487441766
560 151.60202603811203
561 1.2595102456775178
562 0.3686045557758274
563 5.428608111414075
564 8.095848590597482
565 9.066078237969904
566 0.03662249475630028
567 6.30137522238749
568 2.192473611830294
569 0.9686578200387217
570 0.15951119179544623
571 0.055273825625434016
572 2.9092163036677046
573 0.4520757785588689
574 0.5871125666785532
575 0.01616179215622046
576 0.060325640154121354
577 1.7067630229859359
578 0.5956718084897756
579 0.46814334645788197
580 1.7543232037885284
581 5.552806407613471
582 0.9681677905446814
583 0.01384854228604459
584 1.0491688980054568
585 6.67541277787694
586 1.2120585302882896
587 0.18414215163807796
588 4.030970430652471
589 0.4500847076434308
590 104.30687132435705
591 6.864817712006129
592 0.4083728987702325
593 1.1876499790361128
594 0.24306362921615604
595 7.989489698995913
596 0.8962195305455101
597 0.5865316899241316
598 1.1892339667852103
599 9.395201723326766
600 0.2645532673854899
601 2.7126698270311294
602 5.965558665689971
603 0.8072056141902354
604 0.13735029073858349
605 0.39338701168487605
606 0.5724038404438477
607 4.101879272409129
608 8.436569249009853
609 0.05070461746027305
610 0.6458121050060157
611 0.029882266528652036
612 0.1279338652909346
613 5.790647548328644
614 0.7306035505535897
615 17.838812775062475
616 6.092507107917048
617 13.666320068702044
618 1.662590814764553
619 0.8792830474279197
620 0.8326293152282848
621 1.8546999535345745
622 1.6507611010900103
623 3.518926927770033
624 1.1039690648107103
625 1.4988212970665982
626 1.5382151064086735
627 0.04868111368245918
628 0.11389656778697199
629 10.784204020647863
630 0.1156788839454412
631 0.31826779117751347
632 0.27365816260786063
633 3.7235704553068976
634 0.7038075018263712
635 21.98815967323698
636 2.0584488536250296
637 0.4580196811587515
638 2.3506999271482396
639 0.004634399975546899
640 0.9578490414532433
641 0.08681769820278153
642 0.021203009887716884
643 1.969155954395486
644 1.6970274896002369
645 1.497556303493303
646 0.532961229936152
647 9.88504817055966
648 1.4736187393662306
649 0.25067256020383594
650 27.585613856552552
651 2.7838950024027094
652 1.66026126147935
653 5.874756501591138
654 0.2752295589898293
655 1.135961020797365
656 1.738337397512739
657 0.5000380415337828
658 0.9283955068362324
659 1.9791038151825668
660 1.3412611177362557
661 0.8037122817957822
662 12.952981300716498
663 14.513288563893555
664 1.1164397766735614
665 0.12305745264207296
666 0.396019266124481
667 2.797391097066693
668 56.91228094813332
669 0.37044270397642604
670 0.8294669936731072
671 0.230717971074561
672 1.229406333817244
673 1.009321554346801
674 0.08591105603388509
675 5.188294169728761
676 0.16678500179923708
677 0.3734289870763882
678 1.7812911637778572
679 36.57682035081975
680 13.13490965603407
681 16.206225661993972
682 1.2142948086378587
683 3.2176841989430263
684 0.7399572254218715
685 11.866221853863289
686 3.178473935664463
687 0.2111228563182943
688 0.21766314890568744
689 0.8452448186617653
690 1.2399887056565781
691 11.299578686794923
692 0.6463255597257354
693 1.4135721405910542
694 4.995034046659064
695 0.21341255338267853
696 3.985092954979767
697 1.2104082606461986
698 0.4640041994277426
699 1.337658223326398
700 2.957519313002085
701 3.421136894287014
702 4.260895361176592
703 0.7919560569573544
704 6.679244276285845
705 0.7545947871347576
706 0.7407347772051449
707 0.3015139664644892
708 0.07595470308133356
709 94.24483791718629
710 0.5343415673859232
711 0.02644244443794515
712 6.844951113374656
713 5.7837339706947155
714 0.2912235712533898
715 0.09769538367984237
716 0.6697333294162249
717 0.06754126969697079
718 3.933961494286165
719 0.35291682072822583
720 0.5379477063850374
721 0.7986989957381242
722 0.23943311173167403
723 0.3858031820905237
724 2.018882921530007
725 9.24357168577997
726 2.4330505321129947
727 2.4088367351855138
728 2.3888305482354117
729 4.038942661749532
730 1.0959137660198426
731 0.3684352777472351
732 0.11915003537879115
733 0.0057966058336912495
734 0.4843596339730537
735 0.6694472881923769
736 0.5881132699921313
737 1.2109215866150986
738 2.1600302858915317
739 0.13667571894251793
740 0.6793658353413002
741 0.5465782300308213
742 0.1327450161916458
743 4.651042903877696
744 1.2305777866123684
745 2.53305886741436
746 3.8167487521020957
747 3.0828365310724584
748 0.49406293429350784
749 4.016655998947393
750 0.18056619386153663
751 0.7585179564595095
752 2.7974843138485923
753 0.9993547233033852
754 2.088676415044129
755 0.5575952286701072
756 2.9480644691567064
757 0.7584507568402932
758 0.9286150338218222
759 0.146434615572276
760 3.175793571983559
761 1.0420701739990648
762 0.09920797763291526
763 0.7113811253826023
764 0.028486376952947895
765 0.31077365615841607
766 1.096409541967159
767 1.093370067867385
768 3.06038888733484
769 4.297034901266536
770 2.3225784111798977
771 103.73966147843484
772 0.20393632309607576
773 0.09566427941377398
774 0.07349824901646956
775 7.903546171661174
776 6.266260350356554
777 2.842735926244941
778 1.0793475699740753
779 0.24137490097825398
780 0.465253871139127
781 1.454174439651464
782 22.36955690549246
783 2.1673138085084322
784 1.600108858591274
785 0.32291564400563944
786 0.9506175840359107
787 0.7668269163910364
788 1.5532586098752832
789 7.9304792680008775
790 0.4024390994908128
791 0.557938238839844
792 1.6038295424700693
793 0.16467267483848705
794 0.25077681011698766
795 0.16917538384805786
796 0.07437021233829325
797 8.595047183510319
798 0.17836493931324834
799 1.1930897210767402
800 0.008127564799123396
801 20.76029971940988
802 3.8673016031624625
803 0.9747820106726691
804 6.2298440206344665
805 0.29548318498764875
806 0.08497952191773864
807 0.565193890338214
808 0.06032228084221316
809 0.774518465858332
810 0.7165564320145008
811 16.373018888369575
812 6.9290377425236995
813 0.9384799100870993
814 24.163867697810268
815 0.04364107666152435
816 2.744557328349019
817 0.051240711627188365
818 2.097738958920796
819 0.276336120786601
820 3.1685766382202365
821 7.1084637662413614
822 0.6086431233820957
823 0.14527683639413314
824 0.7338036377888641
825 8.327420133561667
826 0.19710003907632437
827 95.40874662359595
828 0.6877926680685529
829 4.638072104315671
830 5.065585593041256
831 1.4907777755287843
832 0.1883170944380313
833 0.21275877793504044
834 6.7674412294894815
835 0.43685166166521777
836 0.07311393552290787
837 0.2226681324900772
838 12.107585809772496
839 0.48337321318453375
840 56.0327825450116
841 1.0581884936262467
842 0.4070481323239619
843 2.1731132397308306
844 4.479657446070994
845 0.7624433357744158
846 0.16436099765030837
847 0.5363788194624629
848 0.2328668354831293
849 0.568015610992538
850 0.036506278039586594
851 0.27981306865648
852 1.4127099508711085
853 1.6393540264009625
854 0.037665926090951415
855 8.0793185939011
856 1.83731983580984
857 0.3856725389422237
858 0.5605152410435723
859 0.37429679335449306
860 0.1594193455967889
861 8.701516582985793
862 3.194969705204701
863 0.010222892735410369
864 23.08902423405008
865 2.8258818179608887
866 0.1509382223029681
867 0.44154364722539374
868 2.2231178287533995
869 0.13458893274363185
870 0.25811621410694063
871 1.9120836172557483
872 0.7303050640438903
873 0.2974499500479694
874 0.5094420934269912
875 0.022550413134622905
876 0.8370027907221468
877 0.6452520001801159
878 6.645887071898796
879 0.9528390069435686
880 0.5476490178491936
881 0.1327056259350754
882 6.2582565326103134
883 4.931446292568869
884 1.1981932796570545
885 0.8251066196133902
886 2.3963670441180907
887 0.16609783836273836
888 0.23414004279094275
889 0.6051895700096594
890 0.4402626940011684
891 0.1657647606567584
892 14.151830585647074
893 0.036061122628523276
894 1.4356884589166878
895 1.7714433106499456
896 0.7724817582009921
897 101.53878267413911
898 2.9245410483591745
899 0.9584752221662146
900 4.887289951064089
901 194.49839634795754
902 0.14027393685912337
903 0.13227474125652774
904 0.5105531058716012
905 0.38698122970928883
906 2.009468629491283
907 3.697888934027348
908 1.6221059643720743
909 0.4186943886589427
910 0.14118575506296455
911 1.8730037687900225
912 0.8317332729548589
913 1.895834996994718
914 0.4970651154824782
915 0.6045694454382816
916 0.23100314857857274
917 2.5500005024981527
918 322.21270217898405
919 5.391721715224289
920 0.057171073253468825
921 0.4559520797012882
922 0.03337272285962686
923 1.3830900477802688
924 0.6753704222454948
925 0.45820513118402806
926 1.6745345075508533
927 0.4303354629907256
928 96.29430852136512
929 4.079213311527691
930 2.095260379555317
931 7.056012820695981
932 0.19205381118946174
933 1.894014327042419
934 1.2369106657950402
935 0.7713226672573201
936 7.918261059454422
937 2.3855748721122487
938 0.9015421131063862
939 5.079431047046572
940 7.130381559075254
941 0.06394367816018912
942 0.16362264271227867
943 0.1443560733812953
944 6.731848025201207
945 2.201717525628938
946 18.296092532235065
947 0.3356168859661454
948 0.5090473373322871
949 1.1495775417201937
950 0.976642280401291
951 1.4353991183388044
952 5.206162522938553
953 2.479989446249166
954 7.322146107844768
955 20.87417378635988
956 53.98358699577908
957 2.1251664028467756
958 1.0585541126777909
959 0.17844637861271506
960 1.1875209217095488
961 2.1783974182575494
962 2.0973102320187014
963 0.31647889192324435
964 5.909414197751648
965 7.996242108296855
966 0.1924453272802428
967 0.35807507846475134
968 10.391653892719521
969 1.8697588122184532
970 1.2913624379849509
971 4.332286226589865
972 1.2763265427967723
973 53.26991458368025
974 0.1269107433373003
975 1.6641011809795778
976 0.02419883469686308
977 0.8940224037737674
978 2.534494378270933
979 0.4150811717176467
980 1.0256781475146821
981 2.2220904872726086
982 1.7527641212363205
983 0.9765189955232257
984 123.9901050327276
985 30.58784647483324
986 0.09651632254679646
987 0.9865514783396367
988 15.864443095586713
989 2.4704029675572814
990 3.271140197041709
991 2.707903835239059
992 0.11046643168621534
993 0.1271521384103747
994 0.041291106539326536
995 0.13565490287402218
996 0.4292995779918919
997 7.352172569925422
998 0.3142360164291522
999 0.038890669601349466
1000 1.567441181788041
