6 279 125 771 510 589 26
6 566 277 998 476 842 21
6 114 629 297 951 437 665
6 682 131 725 723 817 740
6 90 707 460 16 549 444
6 788 569 439 975 574 900
6 293 471 957 982 450 129
6 923 766 814 4 234 39
6 737 263 878 264 929 962
6 439 813 82 676 572 132
6 767 722 947 960 379 330
6 565 640 532 124 4 536
6 830 485 478 228 382 43
6 590 301 511 440 527 180
6 232 550 749 603 762 627
6 785 319 861 286 241 977
6 301 610 194 76 830 309
6 668 952 938 639 85 225
6 441 328 683 175 926 740
6 449 554 875 535 662 676
6 226 306 739 286 162 221
6 314 894 419 474 560 333
6 90 94 213 304 747 263
6 556 97 285 207 456 144
6 576 75 984 889 27 977
6 46 590 400 982 843 56
6 805 514 391 871 993 761
6 638 624 947 406 822 404
6 556 954 12 112 27 812
6 399 206 442 700 333 387
6 173 441 136 87 252 588
6 555 50 5 937 956 653
6 875 948 353 881 191 861
6 304 885 315 36 301 566
6 930 488 805 154 99 892
6 508 549 439 584 20 901
6 318 75 556 823 896 781
6 586 204 471 526 813 627
6 559 90 575 543 823 143
6 764 164 82 618 627 382
6 601 506 193 593 841 148
6 258 397 681 803 40 903
6 647 496 945 738 166 677
6 276 802 375 806 952 168
6 293 3 10 674 783 531
6 200 882 814 679 703 497
6 171 226 933 358 53 671
6 372 965 255 834 684 864
6 409 642 183 122 807 931
6 558 850 14 803 309 112
6 198 735 982 18 35 671
6 737 502 313 324 175 573
6 295 436 691 701 123 45
6 438 950 676 784 182 157
6 595 270 831 680 561 163
6 296 956 81 33 357 848
6 374 658 3 867 252 962
6 389 972 285 960 239 280
6 524 75 613 636 227 382
6 898 298 514 377 603 648
6 480 218 236 405 267 79
6 480 373 353 501 695 359
6 216 476 23 626 523 595
6 219 258 428 803 418 146
6 135 838 877 60 356 430
6 111 317 13 811 1000 531
6 460 150 279 980 997 670
6 506 783 368 619 760 992
6 493 972 75 742 148 823
6 126 449 728 341 179 375
6 971 620 855 903 56 379
6 742 103 539 971 946 921
6 669 98 527 895 631 825
6 459 552 209 26 118 810
6 206 556 271 913 539 773
6 119 318 746 731 215 27
6 682 486 354 831 128 827
6 981 428 342 394 384 475
6 3 566 885 256 736 798
6 987 203 877 856 214 557
6 487 181 817 118 186 539
6 398 411 251 782 543 162
6 465 370 423 755 452 83
6 367 938 185 415 387 761
6 308 442 371 281 413 87
6 81 491 863 12 677 172
6 647 546 594 829 209 654
6 417 524 629 519 993 199
6 335 375 181 877 966 822
6 736 735 775 108 168 333
6 906 346 49 881 185 830
6 731 279 10 265 572 849
6 92 479 911 844 807 44
6 590 643 949 96 884 415
6 831 542 895 738 306 661
6 586 919 192 264 45 899
6 891 319 85 288 927 681
6 156 193 852 541 840 921
6 465 29 794 238 217 807
6 31 13 581 248 959 347
6 533 566 802 579 868 104
6 522 94 502 364 685 642
6 411 706 868 760 519 585
6 696 73 559 84 939 548
6 928 677 436 136 661 147
6 542 609 445 14 608 327
6 633 521 288 589 14 225
6 571 389 914 284 222 142
6 20 510 342 655 62 7
6 588 217 835 680 21 899
6 722 81 629 964 424 256
6 796 312 501 360 326 208
6 796 488 820 547 778 171
6 846 390 893 331 729 697
6 381 923 34 105 620 957
6 975 512 369 37 195 924
6 525 461 889 931 856 481
6 485 878 402 262 532 989
6 422 924 245 274 926 921
6 754 65 868 19 775 457
6 454 328 924 25 596 8
6 173 506 253 563 39 816
6 60 726 575 147 406 950
6 944 376 110 181 208 162
6 441 435 863 44 544 466
6 826 850 701 565 569 849
6 392 250 679 944 311 538
6 301 42 369 71 241 976
6 586 33 342 337 692 21
6 885 353 332 475 56 387
6 807 741 61 105 654 165
6 789 838 892 337 452 536
6 36 372 533 458 851 697
6 763 666 634 959 262 963
6 381 511 940 303 102 379
6 32 80 327 122 635 145
6 403 891 728 55 479 916
6 135 688 188 139 267 993
6 737 33 193 886 427 330
6 986 431 313 430 966 623
6 930 693 317 167 351 827
6 397 352 122 893 989 61
6 578 194 226 620 893 817
6 506 507 547 80 294 580
6 478 352 857 1000 873 504
6 468 462 589 628 284 333
6 809 734 807 801 61 568
6 154 289 321 90 452 649
6 558 66 189 412 736 448
6 501 688 952 55 873 724
6 495 793 445 679 568 762
6 258 211 781 801 836 74
6 380 13 181 142 198 127
6 675 757 467 347 450 618
6 578 917 14 35 736 383
6 841 918 743 127 112 275
6 437 414 876 726 122 545
6 772 640 653 585 811 103
6 404 889 156 677 870 43
6 805 441 400 572 716 44
6 136 906 548 829 280 157
6 317 629 588 215 717 15
6 346 373 954 4 767 853
6 485 994 978 4 482 916
6 135 932 361 9 565 800
6 522 150 534 357 905 963
6 38 938 525 628 603 331
6 375 987 406 325 269 761
6 348 322 362 608 815 242
6 302 173 491 563 327 627
6 200 965 307 391 384 976
6 34 848 757 195 881 185
6 563 567 307 736 892 162
6 6 249 922 955 464 44
6 591 212 284 809 836 705
6 783 699 368 751 491 771
6 809 861 774 459 864 165
6 783 253 307 844 498 623
6 524 615 490 685 876 717
6 980 175 9 872 973 83
6 392 93 871 798 459 300
6 371 553 73 745 127 761
6 193 255 755 61 239 709
6 770 841 661 131 180 203
6 788 417 681 56 199 552
6 417 181 263 416 817 740
6 669 619 136 421 541 132
6 820 883 637 903 811 112
6 980 758 452 122 269 254
6 251 361 26 999 654 812
6 60 779 857 357 344 709
6 158 987 153 910 189 741
6 273 537 27 640 730 580
6 796 453 492 310 191 138
6 737 952 881 905 950 822
6 972 814 75 540 45 309
6 114 486 135 458 275 602
6 647 638 632 242 427 202
6 635 423 852 52 972 827
6 591 193 451 868 711 541
6 92 888 146 837 750 810
6 628 516 308 656 907 121
6 683 362 772 966 587 827
6 586 857 612 664 166 538
6 680 546 756 689 715 282
6 679 556 747 141 149 116
6 571 624 294 631 780 15
6 629 312 819 824 534 740
6 831 9 909 955 234 620
6 93 444 343 127 225 519
6 32 436 238 16 159 207
6 107 290 918 306 369 199
6 601 164 867 556 934 378
6 626 839 561 956 419 897
6 224 5 235 338 190 967
6 213 831 65 295 204 157
6 328 375 972 611 992 815
6 609 566 888 344 830 378
6 218 163 751 36 362 608
6 793 806 831 452 870 827
6 850 336 130 214 876 648
6 92 348 554 672 916 79
6 979 624 860 933 106 856
6 632 517 669 773 151 716
6 405 428 575 799 842 589
6 571 354 951 53 825 778
6 486 368 878 54 583 637
6 524 51 203 268 120 385
6 454 883 110 531 573 977
6 912 657 875 762 103 138
6 696 369 95 747 717 536
6 494 534 793 279 99 920
6 607 219 900 196 812 199
6 133 27 338 442 427 827
6 97 22 363 321 163 201
6 847 803 432 446 835 172
6 699 733 955 889 635 988
6 38 565 24 65 785 334
6 592 492 550 844 453 595
6 397 55 357 858 963 868
6 194 933 764 804 545 180
6 797 566 410 568 269 991
6 35 868 999 950 280 321
6 101 805 838 108 724 989
6 930 670 669 400 602 608
6 517 369 970 499 72 988
6 412 786 839 389 783 818
6 398 504 279 423 765 625
6 114 478 411 551 724 560
6 445 507 992 87 11 562
6 307 120 7 652 227 334
6 508 100 319 363 652 836
6 368 887 785 720 697 157
6 725 300 14 213 181 484
6 737 838 599 613 421 982
6 381 93 662 514 385 916
6 234 666 835 425 897 172
6 577 744 307 353 858 153
6 737 947 168 513 529 730
6 32 111 945 192 565 697
6 511 478 336 235 177 56
6 886 542 359 51 235 799
6 614 737 238 862 349 474
6 986 621 714 439 554 266
6 951 217 549 857 327 43
6 922 358 510 695 150 272
6 441 733 352 72 11 670
6 510 816 142 359 957 747
6 95 728 565 877 659 971
6 370 669 472 73 259 351
6 348 686 809 877 221 175
6 234 705 437 345 225 62
6 205 804 760 537 625 319
6 832 437 321 859 490 220
6 158 532 281 127 320 812
6 469 260 371 771 725 300
6 302 939 663 973 989 162
6 94 86 221 735 532 828
6 188 752 134 295 87 20
6 658 77 507 972 235 741
6 173 784 484 359 155 349
6 543 235 529 499 162 333
6 916 815 787 349 235 685
6 990 38 802 363 901 717
6 983 464 356 534 426 969
6 486 550 251 984 327 220
6 673 707 941 771 842 325
6 205 356 150 970 645 387
6 930 315 176 362 662 525
6 894 593 302 115 783 995
6 757 425 489 225 858 681
6 29 444 550 184 818 659
6 42 963 994 446 143 874
6 289 223 593 469 976 968
6 965 411 304 732 988 160
6 352 431 164 512 411 865
6 407 886 994 568 201 762
6 772 833 866 364 676 305
6 311 277 743 390 877 160
6 3 478 23 396 629 450
6 442 978 816 692 652 74
6 328 936 989 235 778 780
6 912 666 789 718 139 175
6 657 72 814 925 851 569
6 158 273 394 414 961 85
6 137 38 63 555 566 775
6 451 229 327 906 357 148
6 59 12 645 917 915 62
6 586 82 587 391 727 921
6 609 315 701 622 795 988
6 173 248 455 88 414 89
6 366 748 664 824 911 245
6 109 373 284 455 665 853
6 258 944 144 885 784 145
6 960 793 857 611 130 976
6 504 56 473 545 157 962
6 421 220 554 400 234 773
6 822 650 183 728 61 112
6 179 443 238 85 780 962
6 196 797 289 107 826 686
6 441 919 391 296 322 104
6 276 731 632 596 795 30
6 845 230 977 978 884 544
6 276 360 803 580 490 897
6 401 933 656 74 710 967
6 133 261 44 83 47 899
6 981 758 360 774 759 689
6 413 637 329 829 479 377
6 366 635 780 817 409 773
6 372 835 141 182 377 697
6 923 41 411 531 349 711
6 367 999 141 771 165 104
6 114 312 669 700 895 616
6 576 772 263 452 160 899
6 373 875 247 372 244 48
6 322 621 428 922 483 338
6 335 842 75 42 553 57
6 366 308 887 225 821 160
6 494 522 58 919 720 425
6 549 931 331 897 864 7
6 751 431 776 767 413 730
6 607 389 62 376 622 373
6 168 13 388 411 269 830
6 638 722 241 656 545 254
6 166 193 412 772 958 169
6 942 790 929 826 52 331
6 831 947 717 490 866 559
6 693 171 617 895 259 649
6 706 276 339 316 275 602
6 219 371 873 708 226 96
6 428 506 375 622 671 648
6 217 110 396 656 985 259
6 152 987 433 148 312 450
6 398 918 65 779 541 761
6 505 876 929 424 125 74
6 463 889 644 844 790 503
6 110 746 123 36 828 603
6 941 119 459 140 162 382
6 793 622 398 681 932 779
6 981 974 367 257 91 636
6 344 673 464 692 207 378
6 215 904 404 681 311 738
6 471 460 406 896 99 572
6 511 262 932 880 57 727
6 757 133 245 579 125 21
6 610 206 87 459 798 67
6 948 411 76 107 526 957
6 675 737 593 740 746 708
6 371 44 420 621 243 876
6 449 687 965 204 153 600
6 77 279 786 470 860 780
6 866 911 552 822 154 521
6 594 910 38 581 220 177
6 453 963 808 234 313 976
6 904 64 616 541 203 516
6 949 477 879 855 823 598
6 607 586 375 214 286 916
6 71 192 520 581 530 44
6 258 938 787 893 915 623
6 644 629 70 226 853 44
6 46 540 934 963 643 27
6 529 995 283 263 430 408
6 614 251 556 947 209 20
6 525 115 336 326 790 21
6 157 524 403 153 751 671
6 879 451 598 761 140 587
6 1 885 183 525 402 807
6 414 106 215 142 821 514
6 500 237 993 917 442 129
6 125 945 256 244 116 83
6 465 110 529 905 929 57
6 441 606 906 399 739 180
6 348 573 563 54 479 67
6 346 679 620 267 689 659
6 370 706 461 458 651 738
6 632 187 541 437 384 450
6 46 5 69 82 275 694
6 200 183 628 450 729 159
6 386 322 542 791 579 170
6 496 888 292 247 887 467
6 128 721 206 619 988 310
6 359 155 61 692 204 45
6 1 839 141 822 828 74
6 647 133 793 482 988 536
6 524 249 661 653 330 991
6 372 33 88 331 984 880
6 203 923 263 194 662 582
6 413 211 304 620 35 761
6 634 245 294 399 736 62
6 576 567 248 475 298 86
6 90 189 349 191 91 740
6 287 88 693 802 938 89
6 794 878 200 728 303 544
6 609 426 42 1000 103 157
6 366 449 621 714 295 846
6 918 595 879 446 378 580
6 792 858 583 834 982 415
6 166 534 409 403 864 334
6 607 614 50 159 189 118
6 757 189 502 874 552 21
6 816 929 729 770 350 18
6 845 735 778 61 479 623
6 764 646 924 917 895 239
6 986 688 485 140 733 565
6 940 34 703 842 874 698
6 454 141 767 415 664 906
6 806 511 209 348 778 932
6 855 55 410 58 53 851
6 787 461 317 952 813 908
6 192 376 936 395 661 44
6 520 745 402 565 490 191
6 549 932 624 833 852 768
6 542 393 276 513 228 415
6 313 894 375 34 553 977
6 213 477 658 799 120 746
6 33 786 487 900 784 967
6 607 624 181 717 976 856
6 542 486 900 51 124 557
6 890 886 985 83 681 269
6 340 94 411 883 98 429
6 219 95 612 20 50 896
6 355 646 244 851 697 199
6 965 960 798 49 278 823
6 909 65 360 309 697 7
6 460 788 735 712 771 269
6 610 507 599 110 150 277
6 792 301 913 549 980 505
6 269 438 240 110 472 960
6 878 686 728 989 210 966
6 135 667 435 390 565 937
6 13 109 980 33 267 611
6 581 575 755 908 180 118
6 894 231 913 178 830 122
6 285 904 198 50 361 744
6 122 783 155 746 474 922
6 187 577 751 613 266 872
6 607 296 863 439 866 663
6 769 622 798 216 178 57
6 933 73 411 178 915 125
6 500 622 193 919 42 261
6 403 373 456 772 353 129
6 601 515 213 472 363 847
6 133 933 681 303 584 864
6 910 509 577 107 823 988
6 764 380 10 261 325 146
6 355 494 974 449 806 316
6 31 120 986 180 827 448
6 465 894 973 949 935 756
6 407 992 135 641 937 437
6 348 760 498 274 479 266
6 796 470 117 797 220 484
6 954 440 888 213 235 132
6 54 803 111 999 58 106
6 520 264 684 353 269 654
6 955 372 244 208 957 812
6 496 419 270 815 669 99
6 6 982 181 516 963 333
6 882 496 268 102 263 587
6 8 528 232 559 864 697
6 647 621 366 431 484 747
6 152 670 824 662 361 330
6 449 501 494 312 652 406
6 304 938 655 652 116 973
6 2 34 531 902 497 377
6 94 472 857 969 242 180
6 553 456 998 280 854 825
6 314 987 863 730 36 713
6 788 731 700 847 309 305
6 495 546 279 289 87 350
6 576 318 337 530 654 623
6 150 630 362 198 652 816
6 491 535 779 138 758 163
6 369 396 60 20 541 245
6 629 286 94 242 557 870
6 346 624 206 444 676 282
6 571 360 533 462 635 44
6 898 289 615 947 936 627
6 318 906 625 528 649 937
6 364 979 782 275 539 499
6 443 512 855 923 656 959
6 306 981 440 637 556 358
6 707 258 236 141 296 225
6 250 613 100 873 40 226
6 342 182 664 65 683 913
6 586 460 84 384 905 207
6 88 758 260 541 333 773
6 223 431 939 482 656 400
6 223 240 367 417 471 425
6 209 699 667 860 756 153
6 263 567 314 60 437 993
6 399 678 880 748 450 600
6 724 453 561 167 170 557
6 683 890 573 80 670 306
6 867 92 561 399 19 430
6 282 327 878 257 644 129
6 583 371 176 791 263 679
6 25 405 343 18 826 978
6 440 469 505 447 595 147
6 187 372 152 567 582 988
6 64 990 742 575 47 645
6 845 910 37 881 738 333
6 760 610 895 811 992 349
6 515 200 1000 432 202 67
6 850 470 486 436 210 430
6 558 66 69 403 873 528
6 318 267 312 539 309 208
6 31 434 350 256 747 349
6 200 433 638 625 990 964
6 398 437 54 701 473 854
6 650 310 642 924 283 690
6 785 546 431 464 937 146
6 712 819 781 308 959 810
6 904 673 142 509 840 387
6 489 320 902 934 552 79
6 193 570 226 779 559 112
6 94 878 860 754 295 269
6 388 59 813 123 984 326
6 460 944 156 650 831 404
6 469 48 257 821 98 83
6 332 985 626 727 337 842
6 299 592 683 308 747 892
6 37 33 700 385 605 165
6 374 375 337 959 448 921
6 529 850 831 725 857 235
6 355 31 851 204 635 141
6 550 995 873 800 908 275
6 668 968 841 405 207 184
6 986 137 348 226 853 528
6 682 956 281 937 184 864
6 522 3 108 956 118 900
6 593 867 337 503 282 596
6 769 94 348 458 364 881
6 809 257 583 868 345 869
6 853 776 380 892 351 338
6 567 60 998 213 642 907
6 975 947 664 541 415 74
6 440 947 919 363 818 927
6 500 32 158 77 111 177
6 441 203 909 99 404 557
6 4 505 338 972 899 538
6 883 311 940 771 356 282
6 686 682 613 471 138 509
6 893 879 144 95 889 141
6 311 803 12 419 264 531
6 293 133 761 513 827 698
6 667 924 210 575 56 685
6 845 329 932 883 163 710
6 229 769 824 531 53 395
6 590 5 462 426 784 773
6 601 454 819 930 564 719
6 753 913 599 978 211 966
6 403 834 771 729 663 897
6 31 29 460 267 720 926
6 802 5 772 363 742 457
6 477 763 725 917 573 245
6 952 968 785 27 718 659
6 688 986 154 861 727 673
6 592 684 212 425 642 653
6 489 399 257 677 732 444
6 136 402 109 412 197 518
6 766 289 604 61 252 146
6 590 317 58 574 779 589
6 366 493 817 539 412 481
6 685 99 679 254 149 652
6 651 529 148 182 598 79
6 786 42 648 260 326 582
6 592 411 863 307 813 690
6 845 755 719 818 157 19
6 367 311 994 973 783 723
6 549 352 576 414 970 351
6 101 9 546 905 961 412
6 293 794 679 66 513 597
6 670 997 585 605 562 698
6 533 610 27 657 360 384
6 431 255 82 892 893 557
6 484 731 496 462 75 421
6 126 845 176 539 588 884
6 803 380 215 439 426 280
6 492 54 971 942 541 408
6 876 979 505 559 295 943
6 647 405 9 47 650 331
6 268 806 925 76 863 15
6 324 632 957 876 214 7
6 624 303 997 876 703 812
6 138 359 840 770 851 408
6 537 95 676 815 76 169
6 732 955 798 350 636 146
6 293 806 533 216 879 525
6 359 300 147 63 711 854
6 107 610 759 846 879 245
6 200 75 230 23 274 636
6 576 38 664 463 471 971
6 638 987 491 369 70 180
6 506 95 443 25 848 623
6 887 883 108 702 119 643
6 758 302 252 927 79 214
6 2 468 130 603 76 884
6 206 669 360 513 746 761
6 393 38 73 16 432 686
6 232 109 260 442 503 490
6 571 290 968 707 76 198
6 939 1000 707 76 710 899
6 454 393 990 831 661 208
6 772 108 34 361 778 222
6 663 178 369 769 275 185
6 257 321 735 543 475 130
6 368 767 519 130 636 825
6 454 714 880 727 895 545
6 601 248 525 574 169 172
6 728 568 307 648 830 490
6 32 60 236 336 741 671
6 696 508 542 448 127 172
6 268 658 531 945 630 34
6 765 102 756 994 146 121
6 609 441 513 10 887 877
6 111 847 476 829 385 424
6 353 529 327 677 900 351
6 81 974 997 125 605 503
6 796 480 532 917 752 780
6 318 133 612 113 623 700
6 502 420 729 130 377 907
6 961 680 633 602 281 295
6 352 174 534 267 708 185
6 913 576 662 407 774 884
6 453 390 149 903 588 48
6 791 848 265 672 716 926
6 610 353 136 304 758 55
6 25 217 663 664 858 121
6 293 46 667 113 239 425
6 6 148 234 480 838 976
6 371 133 695 934 471 21
6 521 657 875 550 830 957
6 613 236 352 52 383 283
6 792 561 711 961 712 96
6 126 766 990 69 479 162
6 845 23 738 778 781 286
6 915 800 517 616 47 149
6 95 240 432 955 243 697
6 423 923 951 238 943 531
6 789 468 36 569 908 812
6 590 407 310 913 686 28
6 721 615 651 947 567 637
6 353 341 965 550 684 165
6 706 289 244 437 277 172
6 760 135 192 824 855 997
6 600 741 815 692 503 685
6 171 342 710 295 751 286
6 666 469 639 183 681 96
6 850 237 588 606 267 208
6 290 441 311 713 76 991
6 173 630 477 678 559 191
6 115 604 82 70 47 870
6 867 608 819 897 659 225
6 796 187 66 781 953 96
6 267 878 634 856 573 710
6 273 793 896 487 14 87
6 320 883 72 700 338 457
6 110 920 884 710 161 623
6 669 873 567 244 228 679
6 3 306 537 568 574 773
6 616 13 446 620 338 816
6 882 942 299 889 159 48
6 219 25 878 503 702 864
6 886 399 909 175 484 15
6 500 244 117 238 534 145
6 724 351 381 342 248 865
6 2 954 689 620 351 379
6 361 667 839 426 234 130
6 908 561 386 979 896 116
6 24 683 693 184 780 713
6 549 70 742 228 709 356
6 797 201 447 151 700 957
6 558 453 218 999 404 347
6 571 688 185 757 162 598
6 507 803 497 444 161 773
6 287 431 251 226 438 849
6 422 644 826 917 540 892
6 752 803 630 247 356 698
6 200 206 863 178 982 931
6 114 426 758 341 139 884
6 392 38 476 839 574 555
6 945 507 18 151 91 842
6 310 938 192 855 572 598
6 192 196 437 770 406 382
6 980 472 645 695 327 660
6 374 624 517 951 957 995
6 353 510 388 637 140 190
6 168 344 654 884 869 977
6 392 342 961 458 858 580
6 46 754 308 163 358 934
6 487 40 959 937 157 67
6 27 568 264 406 52 39
6 200 637 391 341 503 323
6 195 111 171 491 795 68
6 647 680 88 691 828 86
6 97 680 444 288 568 252
6 299 637 504 128 444 832
6 407 894 726 621 55 481
6 898 706 941 979 288 690
6 361 940 471 622 673 481
6 764 930 281 435 352 414
6 613 180 446 443 307 324
6 204 834 232 733 995 211
6 965 200 315 737 876 83
6 758 824 755 390 762 790
6 637 940 372 628 356 130
6 783 861 343 421 620 896
6 315 439 725 639 319 105
6 909 996 988 913 439 430
6 381 268 911 993 991 280
6 822 520 918 577 535 36
6 492 566 561 994 387 562
6 218 509 684 147 943 516
6 328 13 610 502 450 91
6 546 838 202 411 998 457
6 6 715 386 234 498 950
6 610 949 567 235 221 557
6 485 726 605 648 851 104
6 131 759 690 920 141 652
6 290 373 751 236 238 349
6 495 50 826 443 547 57
6 78 416 888 8 163 928
6 135 848 743 491 329 227
6 527 226 748 937 874 768
6 696 958 228 343 474 227
6 135 188 284 157 934 700
6 231 179 22 404 946 740
6 97 845 335 255 140 543
6 65 774 319 561 256 729
6 938 759 63 261 319 103
6 400 452 54 887 479 671
6 824 644 239 382 390 782
6 544 862 78 861 582 96
6 785 693 582 79 876 798
6 495 584 248 266 19 555
6 533 371 532 743 499 313
6 460 752 274 709 818 631
6 478 667 543 406 282 35
6 583 51 942 213 197 408
6 477 786 170 482 595 313
6 3 318 214 329 211 201
6 3 881 865 82 585 973
6 137 855 858 704 190 623
6 402 430 321 574 338 899
6 428 471 439 196 899 259
6 789 523 667 362 562 104
6 609 772 910 150 274 711
6 230 458 533 765 116 694
6 721 135 39 347 20 143
6 707 919 141 84 582 503
6 77 501 437 847 395 172
6 507 831 306 917 170 950
6 776 752 880 147 775 827
6 990 818 868 272 723 79
6 592 88 314 420 952 562
6 359 354 50 402 115 787
6 31 401 875 445 594 966
6 38 947 341 85 803 467
6 66 771 364 540 379 246
6 763 952 930 871 741 671
6 372 572 598 774 717 283
6 524 720 927 365 824 663
6 353 784 456 712 523 862
6 219 741 710 874 483 773
6 571 564 193 143 408 716
6 695 308 156 893 49 684
6 578 648 279 296 186 908
6 133 13 890 11 175 884
6 763 137 119 758 243 580
6 507 547 410 739 561 964
6 267 1000 754 976 810 104
6 945 856 409 864 747 356
6 590 609 695 414 942 797
6 302 276 968 721 810 110
6 152 682 631 685 612 425
6 486 328 809 666 624 963
6 238 395 502 313 697 921
6 200 796 833 619 877 378
6 576 9 787 817 305 122
6 938 131 883 490 117 406
6 534 354 180 16 677 694
6 891 695 395 608 245 473
6 736 756 821 83 656 676
6 623 913 407 228 119 424
6 796 216 151 726 40 523
6 263 344 242 20 569 557
6 454 960 915 330 387 246
6 368 249 215 961 198 991
6 173 133 380 61 750 165
6 608 349 181 178 516 544
6 59 235 737 127 895 962
6 311 178 782 27 451 915
6 166 743 153 690 30 773
6 88 454 801 452 474 481
6 974 968 771 428 712 865
6 792 814 374 164 928 690
6 343 573 801 99 221 162
6 673 171 531 381 278 235
6 610 554 422 734 816 408
6 131 389 542 599 56 565
6 485 578 298 799 419 770
6 707 919 257 807 877 419
6 5 863 575 323 781 159
6 81 433 55 134 437 331
6 590 633 167 172 334 750
6 173 158 485 357 386 636
6 683 558 24 774 281 432
6 71 614 133 61 22 459
6 522 992 511 905 197 518
6 113 604 236 617 400 852
6 477 238 659 920 185 628
6 607 922 65 102 859 560
6 51 277 399 502 969 196
6 584 42 439 237 926 627
6 2 443 315 358 716 300
6 955 181 359 416 487 692
6 820 591 786 791 338 631
6 114 317 505 606 863 227
6 34 731 844 652 727 400
6 771 365 895 762 874 812
6 981 477 516 559 684 869
6 805 958 856 539 53 536
6 607 332 965 630 592 910
6 583 396 656 918 109 631
6 34 386 712 619 195 452
6 399 224 684 727 717 689
6 496 619 349 713 180 690
6 237 374 559 879 995 957
6 629 872 707 734 110 347
6 793 806 676 450 697 899
6 534 124 350 154 843 555
6 23 343 229 318 741 925
6 90 894 261 676 83 849
6 92 707 141 261 510 232
6 529 120 203 391 782 444
6 401 78 337 151 122 746
6 237 707 658 89 636 160
6 229 440 72 541 43 962
6 348 696 23 226 256 481
6 894 634 26 640 174 412
6 114 397 906 163 288 519
6 606 642 992 44 602 382
6 326 124 297 994 728 662
6 895 629 420 781 386 122
6 255 38 806 945 358 603
6 981 833 747 109 978 953
6 688 786 433 910 271 172
6 284 510 885 762 421 143
6 314 942 136 753 253 248
6 194 951 566 729 637 561
6 965 984 474 718 801 598
6 183 174 72 837 739 386
6 370 753 22 453 903 750
6 362 890 408 581 198 334
6 344 276 855 994 331 56
6 981 229 936 362 997 884
6 669 281 228 459 309 347
6 454 815 399 936 220 204
6 427 603 37 813 184 344
6 577 834 956 634 651 560
6 571 785 603 856 584 853
6 714 983 480 63 836 849
6 996 840 22 782 581 589
6 423 24 838 454 243 694
6 168 554 383 294 926 404
6 346 496 833 632 583 579
6 981 567 166 433 288 61
6 904 125 296 953 798 324
6 108 270 352 459 572 536
6 829 228 695 924 391 544
6 173 472 654 762 663 391
6 90 289 599 752 959 43
6 478 472 504 985 510 525
6 114 980 760 65 722 892
6 663 643 504 774 749 884
6 131 107 285 727 654 130
6 578 726 871 925 953 44
6 683 583 681 885 691 685
6 471 857 893 19 169 21
6 187 679 958 52 457 870
6 581 319 135 107 678 76
6 882 277 215 877 145 849
6 163 152 421 866 57 162
6 943 575 4 171 150 406
6 949 888 793 967 54 830
6 3 752 159 617 901 382
6 4 753 995 411 800 826
6 344 867 705 985 694 43
6 918 838 417 832 972 151
6 392 219 203 300 984 202
6 343 306 438 341 595 825
6 4 203 249 661 769 855
6 823 531 713 915 394 104
6 578 930 361 9 995 899
6 59 533 356 403 404 790
6 486 279 400 640 338 677
6 996 550 824 384 925 895
6 987 472 430 263 132 690
6 850 191 714 16 33 690
6 981 667 944 22 12 68
6 699 674 604 885 969 132
6 647 432 131 909 460 61
6 792 933 923 621 573 300
6 77 84 372 658 204 391
6 675 468 516 652 773 698
6 124 71 568 630 992 553
6 500 757 862 211 329 562
6 614 152 522 489 742 860
6 614 687 304 298 946 645
6 980 503 16 608 821 972
6 492 885 705 839 378 697
6 509 76 20 573 271 199
6 42 646 573 931 275 103
6 32 29 670 531 329 271
6 32 411 368 360 921 977
6 171 800 52 300 587 129
6 983 183 472 48 605 671
6 968 273 449 885 749 351
6 426 851 237 109 182 587
6 754 933 935 419 815 254
6 353 398 593 471 116 145
6 319 713 835 720 895 429
6 675 229 194 185 271 232
6 301 64 507 297 927 851
6 909 965 453 341 790 950
6 699 722 59 709 330 997
6 77 845 951 742 526 877
6 912 101 819 388 262 580
6 609 883 839 548 585 597
6 397 801 958 79 39 957
6 282 476 751 925 390 970
6 930 261 70 914 521 536
6 114 857 525 991 288 331
6 801 126 218 722 109 950
6 318 200 329 172 519 157
6 422 935 513 143 300 201
6 961 147 132 458 843 937
6 453 59 480 83 330 859
6 862 776 438 863 300 387
6 291 791 151 709 72 740
6 64 657 183 661 235 911
6 126 667 495 289 989 479
6 33 4 879 143 283 641
6 647 73 767 187 802 513
6 898 786 776 70 294 559
6 130 150 342 504 502 161
6 392 192 212 624 45 569
6 774 712 251 632 547 57
6 576 904 877 809 553 856
6 705 446 524 196 172 387
6 994 32 675 977 595 817
6 506 875 264 329 938 534
6 898 952 59 526 83 761
6 789 668 786 949 997 151
6 705 780 464 834 181 427
6 461 60 267 818 827 768
6 777 511 504 585 254 694
6 511 763 472 166 824 951
6 558 440 944 405 337 404
6 876 883 194 545 595 275
6 133 512 65 889 427 585
6 766 882 281 658 181 849
6 477 179 811 926 942 768
6 670 669 215 108 387 246
6 18 640 995 285 395 503
6 506 763 756 514 65 716
6 154 720 983 939 149 347
6 613 354 219 864 567 43
6 923 963 841 314 680 747
6 29 498 326 383 715 333
6 463 826 726 458 958 870
6 277 192 115 538 874 143
6 937 430 582 887 170 162
6 788 265 154 260 503 690
6 890 479 140 345 444 283
6 850 470 365 323 181 596
6 508 369 149 555 997 580
6 767 876 447 616 747 711
6 213 639 972 487 663 292
6 341 925 39 186 907 43
6 218 368 11 72 226 177
6 16 706 987 844 791 434
6 181 583 922 889 911 963
6 97 12 9 498 713 856
6 2 295 543 91 143 21
6 367 936 453 985 242 58
6 436 399 50 837 810 147
6 384 295 678 523 584 562
6 355 372 411 626 150 928
6 913 866 295 323 956 539
6 342 374 230 376 306 172
6 64 722 628 543 215 484
6 593 249 179 615 248 296
6 789 858 793 670 519 730
6 41 386 596 761 529 165
6 101 135 781 869 577 220
6 293 438 677 624 832 281
6 751 999 863 307 674 467
6 346 846 143 122 907 67
6 13 795 487 632 644 955
6 526 707 418 427 257 836
6 250 776 46 805 7 825
6 558 629 820 828 280 129
6 219 749 63 753 917 834
6 6 658 771 872 44 962
6 517 12 386 357 556 663
6 355 583 358 755 89 653
6 956 992 588 449 442 623
6 675 533 822 327 715 112
6 219 725 85 279 21 950
6 974 748 317 803 518 351
6 918 371 452 973 175 698
6 370 553 676 525 778 823
6 935 999 341 798 812 129
6 3 52 637 625 498 589
6 110 461 188 169 645 334
6 867 436 242 513 719 548
6 570 749 403 26 357 761
6 210 894 837 535 889 977
6 944 373 251 881 993 800
6 386 218 244 472 624 87
6 455 753 397 109 102 823
6 381 493 255 432 995 127
6 110 152 453 640 939 826
6 192 111 664 452 606 119
6 756 729 61 483 264 664
6 574 458 553 204 104 67
6 417 606 411 182 338 448
6 58 905 841 383 877 874
6 715 542 8 756 512 516
6 373 337 939 502 177 893
6 831 417 471 752 341 720
6 731 100 491 929 843 962
6 576 64 458 11 560 901
6 602 63 526 671 527 15
6 357 887 507 501 787 115
6 360 529 405 534 929 89
6 463 693 752 412 3 91
6 431 276 301 50 701 262
6 65 686 459 307 163 905
6 749 198 458 521 975 28
6 783 787 363 115 932 123
6 290 421 804 867 115 959
6 922 308 998 47 872 587
6 81 452 927 324 967 962
6 882 133 115 679 553 851
6 156 668 930 917 295 324
6 696 178 297 125 1000 876
6 433 895 621 534 880 199
6 219 340 255 714 210 859
6 508 366 206 181 91 305
6 494 346 509 479 167 79
6 293 767 893 749 588 89
6 920 429 236 887 756 934
6 356 517 310 625 349 545
6 699 839 365 919 157 481
6 212 118 932 692 186 325
6 614 639 10 174 626 99
6 488 632 18 33 736 661
6 757 446 73 228 167 548
6 223 969 712 212 239 790
6 788 792 27 809 639 230
6 751 687 841 329 830 761
6 965 290 910 752 334 43
6 992 55 52 106 145 30
6 898 130 538 956 515 780
6 441 575 757 938 723 338
6 465 235 16 402 701 988
6 593 441 978 610 671 962
6 219 436 491 559 128 26
6 73 824 665 581 48 309
6 673 761 463 604 344 169
6 94 610 359 80 73 637
6 31 327 336 125 261 946
6 743 847 779 235 247 466
6 380 780 65 476 87 74
6 599 273 923 215 344 684
6 981 237 769 140 344 892
6 73 508 138 805 724 640
6 820 205 658 448 545 378
6 95 471 716 701 429 976
6 593 850 613 472 429 181
6 506 546 514 242 580 900
6 22 517 556 719 879 872
6 734 408 896 378 199 15
6 980 940 113 163 823 334
6 607 11 566 405 730 555
6 339 550 25 266 121 86
6 371 783 307 62 599 239
6 777 749 458 720 740 812
6 512 5 797 426 716 639
6 601 667 431 61 423 625
6 986 299 662 648 541 836
6 401 290 894 964 770 528
6 290 898 509 33 119 752
6 431 193 674 955 785 252
6 2 287 558 312 272 159
6 352 395 585 406 37 498
6 873 933 251 567 113 662
6 731 924 778 697 652 91
6 814 368 59 910 376 221
6 46 777 176 668 417 982
6 902 935 463 961 444 379
6 173 809 903 964 606 864
6 502 349 260 856 702 892
6 511 307 950 452 874 562
6 126 152 173 563 661 849
6 64 707 714 369 840 903
6 306 274 755 153 262 988
6 898 688 113 196 823 271
6 813 195 92 326 741 655
6 796 272 445 533 269 767
6 318 489 526 244 697 26
6 381 94 311 564 772 96
6 760 793 584 150 761 773
6 675 60 951 793 87 803
6 546 152 859 867 467 30
6 291 939 107 778 145 121
6 933 514 156 982 122 334
6 530 10 685 139 561 245
6 590 158 759 804 831 177
6 226 512 914 739 455 926
6 46 194 798 343 568 528
6 322 76 815 118 509 274
6 593 140 712 801 325 595
6 952 945 712 963 744 665
6 218 389 707 436 771 282
6 601 353 42 746 1000 144
6 133 485 237 705 755 48
6 299 839 831 357 668 755
6 730 8 59 954 690 851
6 776 419 279 327 841 836
6 229 478 417 298 695 430
6 457 563 610 271 960 678
6 494 149 327 377 275 172
6 683 749 336 450 259 685
6 137 476 465 158 255 39
6 81 666 935 192 687 96
6 935 837 196 707 960 826
6 370 633 436 809 439 828
6 522 405 409 520 314 993
6 339 397 73 458 232 15
6 789 173 317 167 863 700
6 335 956 673 50 296 962
6 279 639 772 738 634 895
6 407 789 776 228 424 790
6 561 349 907 536 518 812
6 389 679 426 36 519 254
6 200 10 226 547 242 672
6 200 712 329 664 130 272
6 314 393 747 493 418 937
6 454 346 620 904 483 394
6 277 923 514 670 217 298
6 16 227 208 598 602 545
6 97 507 206 829 595 413
6 423 885 842 489 654 641
6 578 183 371 517 760 555
6 586 287 668 672 20 252
6 912 423 124 491 844 950
6 6 156 858 458 720 761
6 204 926 951 887 155 552
6 906 620 148 20 190 694
6 433 734 548 215 574 545
6 164 914 54 532 650 662
6 638 367 795 855 907 697
6 456 798 654 817 209 768
6 440 591 72 908 185 147
6 860 781 917 611 178 227
6 389 889 289 288 934 661
6 998 372 821 8 406 709
6 632 310 245 928 689 418
6 126 97 850 485 391 70
6 100 542 380 478 174 239
6 500 965 786 12 63 531
6 763 465 42 529 644 159
6 878 233 132 531 202 21
6 152 507 769 552 278 21
6 389 268 93 639 296 239
6 763 93 469 381 378 986
6 902 683 984 727 973 334
6 52 36 848 705 330 874
6 3 592 648 700 175 246
6 367 308 440 350 957 330
6 251 766 22 40 616 516
6 250 647 193 173 326 244
6 604 367 925 954 133 517
6 550 500 420 163 138 645
6 273 491 164 365 640 685
6 933 306 53 222 121 177
6 673 777 922 242 665 905
6 197 342 822 378 347 105
6 739 640 814 150 810 659
6 794 125 207 770 963 689
6 683 222 615 324 907 408
6 996 758 529 588 527 716
6 912 304 34 403 349 836
6 173 54 461 19 316 780
6 758 113 649 260 775 970
6 607 693 606 748 315 708
6 77 535 949 554 883 207
6 524 209 391 210 964 897
6 862 641 901 589 552 254
6 388 229 615 217 900 351
6 287 749 932 141 988 645
6 932 687 839 632 778 62
6 801 272 154 519 383 973
6 409 321 435 787 72 849
6 788 302 765 61 633 636
6 19 124 685 640 280 899
6 855 54 951 208 859 184
6 632 318 327 475 844 842
6 722 458 328 719 902 349
6 218 340 376 969 927 645
6 949 319 605 337 662 271
6 465 33 898 69 772 34
6 299 407 904 316 677 536
6 5 862 289 787 172 654
6 596 652 928 642 157 916
6 590 952 819 516 481 715
6 558 401 950 421 177 812
6 507 592 45 771 896 928
6 222 576 914 113 514 548
6 258 487 948 729 35 966
6 973 297 327 333 709 56
6 189 603 502 217 801 916
6 126 23 606 809 553 474
6 961 589 573 756 830 147
6 609 736 397 310 79 849
6 889 313 941 260 528 145
6 216 510 131 354 937 233
6 369 207 188 294 710 201
6 886 992 478 771 926 104
6 339 850 705 68 375 110
6 414 924 372 120 948 199
6 809 612 73 887 48 208
6 369 301 263 241 225 864
6 487 969 652 103 377 246
6 419 381 255 651 313 44
6 493 594 285 210 790 527
6 463 202 569 58 711 387
6 558 914 619 575 745 685
6 615 683 651 191 277 44
6 114 428 574 209 39 811
6 875 197 851 11 444 282
6 72 443 386 689 779 836
6 797 820 135 712 82 961
6 878 397 784 153 139 499
6 223 886 450 640 733 30
6 366 847 797 648 840 966
6 914 819 393 407 628 448
6 219 50 748 363 844 280
6 777 64 332 36 144 970
6 968 66 469 213 177 900
6 633 686 138 895 834 864
6 630 626 413 14 907 775
6 299 782 791 626 174 523
6 302 787 274 514 432 823
6 373 766 353 832 870 387
6 31 92 216 469 62 503
6 273 13 949 783 759 843
6 814 789 399 372 59 220
6 517 844 710 47 199 278
6 322 922 217 220 470 866
6 961 817 937 573 750 43
6 372 930 813 775 503 333
6 793 308 413 861 294 153
6 814 297 51 851 756 382
6 638 933 2 735 816 309
6 965 981 902 52 514 977
6 534 951 501 110 390 716
6 802 630 909 745 387 160
6 945 465 931 688 303 790
6 537 943 10 751 660 245
6 940 985 893 982 159 943
6 819 158 38 990 327 155
6 706 229 353 690 568 926
6 930 290 533 734 108 251
6 981 547 680 190 710 466
6 721 342 722 575 710 418
6 353 816 288 716 209 57
6 797 992 206 902 181 385
6 862 426 915 488 455 926
6 299 624 139 679 69 165
6 469 164 919 409 564 552
6 58 669 209 360 561 330
6 612 785 735 304 864 768
6 504 216 846 44 256 327
6 638 932 673 936 198 943
6 401 792 22 41 658 640
6 469 751 826 932 76 798
6 355 296 591 159 989 227
6 923 845 838 95 349 580
6 555 421 531 780 649 121
6 46 268 838 826 488 741
6 131 678 852 511 195 611
6 81 71 879 174 627 557
6 249 302 534 863 176 334
6 839 279 192 887 736 385
6 25 533 751 532 220 424
6 922 135 646 715 63 665
6 279 105 489 134 169 597
6 601 447 774 143 823 557
6 137 205 535 68 7 827
6 688 814 531 429 908 383
6 41 316 619 807 353 812
6 192 881 624 534 920 121
6 377 404 172 993 208 977
6 935 144 717 362 557 825
6 233 10 310 61 286 859
6 591 531 844 207 44 442
6 592 308 611 272 636 175
6 485 484 640 821 456 818
6 688 855 644 719 901 551
6 236 919 517 999 300 96
6 229 993 237 50 718 185
6 302 687 507 194 90 539
6 796 492 447 799 28 262
6 990 803 883 136 438 697
6 290 131 265 99 448 689
6 77 468 680 495 443 54
6 93 41 532 877 57 116
6 219 218 614 140 354 147
6 158 401 343 769 684 280
6 77 417 956 919 241 62
6 299 72 853 350 208 15
6 388 99 475 697 573 199
6 512 706 37 402 24 116
6 607 5 522 14 278 113
6 167 634 567 974 857 710
6 240 427 857 676 907 271
6 205 247 138 871 774 678
6 276 528 404 204 294 544
6 51 471 890 64 913 175
6 638 898 350 51 311 671
6 31 882 388 414 40 269
6 293 28 130 21 455 916
6 13 55 746 884 580 499
6 914 451 298 260 901 572
6 757 426 736 170 473 773
6 875 668 480 748 19 74
6 307 436 379 115 267 854
6 670 535 14 984 420 182
6 898 857 319 244 745 159
6 919 621 766 984 284 115
6 310 832 484 421 717 516
6 686 574 505 409 303 243
6 886 563 719 554 234 661
6 647 486 376 575 277 565
6 206 195 766 197 239 545
6 670 100 629 687 118 151
6 236 453 354 406 925 282
6 922 14 198 514 905 662
6 769 26 611 902 815 162
6 93 94 487 918 251 962
6 726 192 900 619 672 713
6 835 504 169 50 221 271
6 529 900 940 65 210 917
6 440 5 616 740 458 43
6 981 634 963 862 139 148
6 558 85 718 907 20 385
6 675 789 704 204 718 379
6 78 778 879 459 471 127
6 996 197 555 627 199 387
6 737 14 204 232 832 967
6 912 952 445 456 612 732
6 364 801 689 460 548 455
6 135 508 211 207 330 900
6 506 933 285 142 781 698
6 148 549 397 430 803 235
6 862 599 55 369 361 405
6 979 778 895 543 210 957
6 401 485 653 390 925 48
6 912 73 20 858 406 280
6 64 576 677 836 266 333
6 500 590 445 82 684 167
6 366 696 745 434 150 466
6 442 792 801 424 123 432
6 449 4 843 234 364 17
6 26 61 452 810 908 461
6 640 619 416 572 332 732
6 230 411 400 301 757 854
6 924 150 384 282 83 562
6 796 734 823 475 267 498
6 495 371 381 764 184 946
6 968 370 78 697 490 57
6 682 751 673 211 867 718
6 535 974 727 242 803 926
6 136 425 132 306 843 928
6 187 945 952 640 575 605
6 558 906 781 664 673 600
6 442 5 831 406 854 991
6 171 9 356 608 404 790
6 636 669 893 181 118 241
6 620 732 448 902 385 15
6 629 152 961 194 242 946
6 944 782 84 671 341 694
6 651 311 462 834 257 87
6 791 344 811 637 897 96
6 193 501 229 666 217 44
6 898 912 675 999 24 82
6 70 400 121 330 245 404
6 285 365 604 895 55 539
6 339 584 862 19 671 991
6 657 496 968 719 774 207
6 912 372 422 837 551 9
6 291 374 482 95 263 61
6 82 68 650 612 277 464
6 583 46 955 909 715 973
6 78 211 803 104 562 43
6 366 696 584 753 253 493
6 583 164 100 68 162 948
6 264 540 502 784 960 331
6 1 106 933 343 551 61
6 512 693 956 575 413 123
6 433 206 63 220 420 703
6 66 366 805 100 521 703
6 845 611 832 775 190 280
6 403 179 598 513 4 712
6 148 667 319 943 743 160
6 906 47 969 961 112 773
6 397 789 632 634 232 448
6 886 230 963 117 559 880
6 368 540 542 359 296 415
6 945 924 560 33 425 737
6 322 484 746 547 625 473
6 374 348 90 582 617 159
6 92 796 110 498 142 946
6 451 399 841 904 606 372
6 13 949 919 113 741 181
6 862 844 724 296 583 48
6 511 591 710 333 877 275
6 675 178 937 861 125 30
6 506 131 22 59 725 206
6 352 695 317 416 645 710
6 37 522 182 610 733 772
6 668 843 244 195 383 172
6 164 524 910 710 932 275
6 93 809 930 919 147 921
6 312 5 352 449 202 21
6 317 860 86 689 91 123
6 250 65 839 569 808 406
6 398 409 76 821 951 973
6 886 342 375 214 159 808
6 25 802 253 612 525 915
6 353 133 251 734 741 15
6 476 667 294 329 49 877
6 134 1 578 787 226 471
6 393 233 613 728 742 887
6 213 940 357 295 798 711
6 687 606 319 930 860 292
6 158 441 420 765 528 554
6 647 794 341 717 260 587
6 375 122 749 652 559 654
6 370 29 33 494 956 727
6 346 13 612 517 920 387
6 912 352 824 589 697 481
6 494 984 60 101 412 160
6 965 358 69 564 746 539
6 367 462 106 320 608 313
6 229 111 469 70 503 946
6 24 568 944 788 454 210
6 113 784 424 341 298 541
6 819 297 27 611 915 68
6 31 346 272 152 545 136
6 376 863 544 169 406 654
6 181 92 205 546 289 684
6 140 996 223 153 594 602
6 576 657 606 217 529 901
6 367 504 548 594 954 79
6 610 655 23 821 321 648
6 156 535 752 931 177 869
6 922 888 604 739 650 467
6 763 218 486 276 323 8
6 126 615 529 11 410 103
6 366 166 953 906 256 853
6 777 985 501 837 744 645
6 393 27 475 604 134 220
6 23 155 985 751 345 159
6 585 194 993 555 116 43
6 194 707 66 350 921 773
6 609 502 897 594 281 202
6 938 90 136 706 369 715
6 882 749 89 626 105 557
6 80 942 940 761 325 160
6 487 688 767 724 95 632
6 453 157 404 554 973 383
6 323 517 835 278 539 208
6 367 357 530 335 879 896
6 41 356 426 560 836 768
6 930 228 18 182 858 521
6 522 318 192 265 999 846
6 722 650 716 770 262 645
6 699 851 728 764 871 239
6 766 978 308 326 859 338
6 912 800 791 9 513 895
6 125 670 533 527 887 35
6 273 485 851 69 459 45
6 231 862 164 722 589 404
6 92 156 370 754 237 337
6 194 84 637 323 771 660
6 451 285 139 352 596 858
6 495 22 720 363 824 144
6 784 82 343 209 915 292
6 223 793 599 805 602 324
6 456 468 678 149 314 964
6 695 346 14 660 740 53
6 789 734 119 815 419 822
6 610 785 716 730 178 916
6 335 938 767 493 141 554
6 346 456 12 596 222 172
6 451 416 759 214 715 140
6 77 328 251 957 27 98
6 22 733 124 441 885 112
6 760 240 863 429 121 659
6 990 799 876 405 269 618
6 41 879 909 949 238 892
6 757 326 119 521 729 870
6 465 138 815 785 778 434
6 706 989 577 354 144 391
6 200 479 666 916 324 309
6 287 352 813 985 113 72
6 174 819 695 905 729 160
6 885 1 144 16 781 275
6 100 952 491 307 905 828
6 376 301 17 42 430 868
6 459 501 269 359 961 973
6 24 146 116 157 297 351
6 938 910 935 154 707 35
6 558 688 980 822 89 660
6 607 775 922 596 195 242
6 667 493 642 575 330 127
6 632 989 467 971 761 698
6 731 285 130 997 905 248
6 794 974 616 572 326 880
6 431 512 671 681 885 201
6 242 14 309 841 170 587
6 850 712 375 778 247 479
6 533 609 613 665 950 104
6 495 844 144 484 421 869
6 460 36 579 581 44 184
6 230 592 717 821 993 432
6 5 41 666 180 611 872
6 311 231 897 993 717 709
6 845 955 793 41 831 177
6 765 264 800 313 697 713
6 996 570 707 10 182 329
6 610 13 422 681 798 652
6 77 719 391 791 840 434
6 393 688 571 171 260 131
6 78 857 979 985 907 518
6 586 582 611 521 866 544
6 8 543 134 950 325 959
6 114 468 543 277 483 272
6 468 870 646 532 167 177
6 6 571 743 428 816 385
6 552 710 197 225 275 282
6 638 212 107 878 621 323
6 372 820 394 51 884 650
6 766 616 61 702 199 562
6 936 493 417 741 854 899
6 891 157 140 390 661 116
6 71 22 860 756 116 181
6 609 771 742 580 79 467
6 402 362 753 272 99 364
6 704 817 108 328 315 199
6 647 549 952 551 937 180
6 762 574 212 47 169 67
6 370 930 11 554 241 562
6 495 738 915 978 68 325
6 833 998 803 61 204 86
6 667 769 878 752 202 694
6 401 366 646 863 545 982
6 318 168 612 837 727 43
6 500 440 718 319 947 63
6 326 108 164 560 896 269
6 614 40 731 194 301 359
6 837 461 530 685 503 121
6 992 918 365 226 57 269
6 78 454 770 859 115 854
6 126 443 940 251 321 727
6 173 251 883 221 966 15
6 293 803 244 815 739 865
6 581 724 941 822 44 709
6 725 802 164 754 739 643
6 41 82 979 554 473 778
6 890 187 947 255 568 723
6 576 211 670 866 964 991
6 776 485 287 702 467 991
6 374 251 272 238 191 20
6 700 456 345 241 233 854
6 954 679 456 823 950 895
6 436 1000 212 865 747 207
6 217 549 218 322 726 643
6 73 253 606 288 396 344
6 886 25 398 281 447 498
6 983 317 430 515 872 457
6 294 739 984 502 787 603
6 784 263 592 793 633 836
6 895 855 253 943 327 608
6 927 831 857 717 600 85
6 23 440 524 792 436 14
6 205 637 814 811 612 863
6 886 918 537 264 288 641
6 270 289 624 177 309 768
6 317 374 159 148 545 425
6 583 4 673 573 611 808
6 290 36 855 359 182 713
6 802 33 358 283 143 479
6 797 40 664 871 939 790
6 31 319 956 318 550 53
6 722 507 999 434 730 266
6 287 462 832 901 972 626
6 500 806 426 108 87 730
6 763 31 839 737 961 750
6 926 810 821 782 256 993
6 755 566 390 690 384 598
6 874 185 835 124 584 286
6 789 796 117 153 295 245
6 231 875 166 212 343 121
6 521 687 956 482 821 415
6 712 518 135 903 961 639
6 506 956 23 751 738 147
6 647 179 824 610 447 956
6 417 512 838 15 618 254
6 318 41 359 809 498 948
6 894 583 66 220 611 931
6 206 150 940 291 879 881
6 342 657 5 604 815 112
6 898 322 192 956 784 259
6 101 328 144 207 128 844
6 328 691 253 746 574 659
6 66 94 875 948 455 160
6 492 679 415 754 562 52
6 733 216 433 464 973 989
6 860 372 51 803 365 829
6 732 151 834 244 321 141
6 445 116 668 932 476 146
6 294 64 244 342 889 265
6 831 721 801 207 584 915
6 788 230 892 744 690 72
6 494 678 883 531 404 170
6 494 447 794 615 84 160
6 95 233 483 896 605 822
6 60 784 520 56 86 351
6 317 777 695 288 730 488
6 614 274 112 197 324 333
6 918 580 664 50 551 300
6 183 322 824 400 728 404
6 38 590 418 608 27 548
6 802 848 971 746 172 516
6 706 462 783 147 298 412
6 776 29 370 910 358 810
6 372 758 272 818 209 177
6 796 998 265 781 363 98
6 919 509 316 998 159 53
6 712 216 952 529 252 146
6 399 210 80 261 241 565
6 401 64 944 218 506 914
6 411 560 28 791 790 562
6 891 477 231 11 762 117
6 785 716 954 556 625 207
6 205 101 501 721 260 418
6 496 704 403 989 207 967
6 845 949 381 902 616 899
6 765 511 233 679 147 139
6 647 179 779 237 128 48
6 696 537 687 619 525 201
6 500 487 183 208 350 780
6 193 738 716 161 828 387
6 788 822 553 527 319 521
6 885 833 952 829 998 971
6 891 135 563 592 755 120
6 804 24 722 489 977 869
6 981 231 211 570 418 196
6 886 279 470 296 742 623
6 751 428 55 300 215 48
6 231 696 462 559 569 876
6 380 393 348 468 837 9
6 60 764 429 332 745 561
6 867 847 726 437 976 747
6 94 801 20 210 252 30
6 904 716 402 324 527 830
6 736 696 701 275 17 269
6 522 938 655 464 565 645
6 83 621 608 823 905 572
6 299 687 16 11 840 56
6 187 752 501 788 604 951
6 374 662 438 843 517 132
6 492 655 673 310 180 98
6 767 263 510 748 723 455
6 126 101 367 693 123 612
6 684 888 343 70 184 740
6 553 746 782 105 86 916
6 126 666 100 180 901 704
6 496 893 491 26 89 86
6 983 423 574 365 703 773
6 850 613 300 821 319 761
6 97 507 213 766 125 999
6 705 449 107 782 859 825
6 667 796 486 41 924 275
6 290 927 629 187 646 878
6 593 336 265 560 442 620
6 547 296 979 917 637 897
6 878 794 749 411 677 499
6 551 696 321 925 861 169
6 230 793 99 653 603 161
6 279 615 732 911 198 598
6 97 111 102 569 915 121
6 41 802 218 878 329 76
6 607 939 529 756 241 868
6 747 966 458 181 881 861
6 935 229 470 574 180 160
6 101 888 615 358 248 870
6 638 855 461 556 823 387
6 751 667 756 204 908 525
6 502 109 59 961 661 390
6 114 721 309 443 615 559
6 235 933 477 539 363 998
6 769 865 20 747 834 129
6 922 907 985 242 266 21
6 471 701 634 748 579 199
6 688 82 279 940 758 587
6 502 769 801 703 654 518
6 124 848 436 677 929 275
6 200 485 749 372 787 946
6 14 537 281 356 426 555
6 712 443 640 933 190 603
6 719 517 588 115 806 199
6 32 986 47 132 483 988
6 500 137 992 218 835 617
6 688 820 510 135 301 708
6 909 919 617 497 365 390
6 131 839 167 179 998 207
6 422 813 206 995 363 661
6 629 156 548 915 269 977
6 794 566 18 103 481 184
6 8 414 975 985 973 870
6 318 240 237 183 753 483
6 290 890 1000 50 190 887
6 682 206 658 883 703 182
6 546 867 298 265 826 132
6 401 706 258 722 24 170
6 368 930 284 889 816 474
6 721 932 803 446 964 582
6 666 215 723 437 459 740
6 31 29 533 430 654 530
6 223 195 884 52 139 387
6 31 270 215 234 746 704
6 586 50 180 153 971 869
6 228 46 2 154 72 471
6 804 42 559 614 800 266
6 32 6 609 980 532 563
6 219 550 122 772 929 394
6 318 156 930 586 283 762
6 588 242 808 26 170 104
6 524 923 69 665 333 44
6 794 231 865 710 929 618
6 570 179 232 592 961 197
6 789 602 704 58 759 976
6 401 549 477 238 243 536
6 192 615 189 674 840 799
6 967 879 964 957 175 30
6 13 918 420 708 194 950
6 12 728 684 87 572 30
6 354 46 193 941 942 781
6 594 311 895 256 579 993
6 477 968 136 325 353 774
6 734 365 999 212 681 976
6 939 850 614 844 510 573
6 767 738 152 978 561 821
6 819 760 670 501 243 729
6 1000 724 403 5 934 555
6 31 397 4 34 790 103
6 365 611 232 327 123 147
6 902 405 980 725 595 58
6 696 437 196 702 365 130
6 515 584 942 982 518 768
6 954 301 563 823 921 15
6 765 453 318 526 443 958
6 398 87 395 800 148 870
6 820 205 550 209 424 86
6 789 142 542 120 971 677
6 714 270 509 745 103 967
6 896 229 823 584 671 499
6 357 3 308 75 637 112
6 55 956 772 818 892 49
6 198 606 624 510 817 709
6 890 46 722 372 56 521
6 981 633 756 11 237 959
6 302 888 258 409 837 694
6 366 205 795 423 852 40
6 913 947 902 277 959 464
6 975 658 514 413 104 645
6 942 543 469 418 729 291
6 431 154 644 727 761 334
6 325 705 892 585 162 717
6 670 800 924 345 635 119
6 231 329 531 710 45 309
6 348 551 572 889 742 356
6 894 318 453 493 735 797
6 273 586 786 420 908 921
6 31 236 25 866 257 756
6 902 238 622 192 498 295
6 302 158 821 672 143 636
6 835 145 942 99 479 659
6 126 655 88 191 197 104
6 590 332 402 517 681 659
6 41 268 501 400 723 602
6 804 776 2 936 905 540
6 200 871 329 832 668 310
6 312 429 775 497 382 43
6 691 906 191 159 846 652
6 402 974 14 971 790 208
6 722 947 477 472 971 589
6 5 80 609 596 128 975
6 859 892 588 432 800 519
6 187 785 5 215 830 746
6 213 23 95 125 11 641
6 820 860 867 345 859 104
6 900 502 446 241 324 161
6 389 326 868 528 415 536
6 24 602 853 207 21 768
6 180 405 723 654 30 334
6 281 480 525 504 530 122
6 231 332 673 992 268 761
6 233 337 553 209 644 105
6 183 977 235 503 741 762
6 945 886 430 887 234 656
6 59 5 406 684 918 121
6 3 814 442 52 539 732
6 340 917 817 686 995 842
6 451 204 332 70 878 175
6 284 813 138 723 221 971
6 193 520 12 320 149 405
6 586 796 584 227 57 20
6 994 805 33 186 193 948
6 114 354 678 81 582 659
6 250 251 901 580 582 207
6 510 404 787 854 697 825
6 485 60 565 642 145 184
6 508 453 628 131 818 997
6 500 546 13 898 308 883
6 491 315 679 102 645 627
6 983 791 166 8 836 768
6 938 731 111 531 35 598
6 16 923 472 551 145 828
6 754 224 90 98 323 642
6 574 782 152 778 989 191
6 522 678 251 1000 464 364
6 470 346 82 595 939 931
6 274 233 811 822 214 358
6 538 264 234 295 844 998
6 219 954 806 44 541 259
6 742 472 369 995 844 901
6 468 453 208 660 977 698
6 204 133 556 610 658 985
6 793 749 612 528 7 347
6 569 682 445 604 894 991
6 607 793 23 617 214 864
6 357 380 537 66 517 528
6 33 947 269 283 729 921
6 422 288 972 108 378 825
6 468 441 883 148 842 525
6 343 124 425 570 983 543
6 728 598 325 661 35 519
6 137 55 576 487 72 157
6 397 610 553 569 161 147
6 51 610 111 923 361 61
6 675 285 682 677 262 964
6 59 100 551 797 457 87
6 986 380 140 941 295 620
6 766 255 831 167 477 103
6 477 743 622 92 363 527
6 417 556 278 984 661 698
6 59 486 480 569 901 781
6 482 822 58 799 993 807
6 409 358 826 406 897 812
6 101 692 559 939 44 717
6 299 667 381 515 501 567
6 549 166 808 56 118 225
6 238 14 730 637 858 916
6 949 845 236 261 840 338
6 646 819 149 653 725 67
6 380 779 919 892 21 921
6 63 308 543 214 350 30
6 441 906 194 585 762 125
6 468 443 805 539 818 286
6 920 314 873 960 994 418
6 401 107 591 873 956 447
6 81 598 122 720 96 698
6 206 578 978 241 851 157
6 831 990 341 404 998 631
6 289 25 204 993 523 736
6 886 779 889 444 585 717
6 41 477 735 904 239 467
6 287 41 896 853 967 557
6 754 295 588 939 822 246
6 164 72 346 565 519 645
6 515 362 92 41 695 103
6 342 223 753 339 4 984
6 833 965 677 988 143 967
6 803 270 785 564 659 278
6 532 370 879 704 736 536
6 549 810 354 123 204 379
6 890 797 472 613 625 243
6 306 691 961 192 456 911
6 115 352 462 72 640 592
6 428 987 54 709 58 750
6 310 727 906 103 643 736
6 763 279 839 215 211 483
6 465 366 136 303 386 106
6 622 904 990 947 782 125
6 341 753 730 251 301 395
6 97 344 729 25 908 881
6 472 881 45 928 167 773
6 126 506 944 615 943 143
6 215 73 203 155 526 246
6 381 990 36 181 787 544
6 348 471 171 288 701 652
6 32 933 81 556 143 91
6 935 784 329 284 897 197
6 506 41 198 166 145 916
6 776 115 482 670 741 555
6 357 465 42 528 858 587
6 552 164 646 843 565 736
6 794 811 480 304 913 227
6 276 122 701 660 379 643
6 302 507 289 568 430 17
6 486 174 947 632 438 473
6 857 270 261 277 89 997
6 763 809 386 195 175 425
6 170 454 908 413 505 942
6 803 103 695 197 474 148
6 320 789 27 785 150 54
6 393 852 530 99 103 159
6 492 80 437 978 157 259
6 737 502 233 786 214 153
6 806 33 765 628 364 600
6 831 542 14 59 661 842
6 567 178 602 529 539 849
6 91 614 695 493 435 849
6 453 1 136 642 588 138
6 420 414 707 872 741 762
6 981 482 726 501 225 595
6 918 591 100 468 384 35
6 302 219 814 78 139 450
6 238 462 815 602 832 175
6 981 553 183 491 681 729
6 35 893 606 304 99 916
6 515 214 99 560 382 129
6 835 681 420 33 55 503
6 731 924 574 376 663 633
6 33 719 344 830 406 685
6 630 288 136 309 830 15
6 155 575 804 885 176 559
6 792 833 889 963 448 333
6 346 748 852 862 249 255
6 777 543 140 905 695 728
6 508 360 876 35 843 631
6 485 759 108 892 484 589
6 82 249 20 457 900 232
6 355 758 460 317 834 553
6 968 836 230 784 621 269
6 60 745 152 84 997 560
6 754 708 525 271 518 157
6 114 743 348 708 560 946
6 996 301 335 471 639 876
6 556 949 701 138 28 856
6 867 813 17 892 283 195
6 699 558 405 564 700 7
6 478 306 659 670 798 715
6 445 756 993 134 483 225
6 237 735 670 633 172 946
6 523 420 459 98 600 67
6 789 474 41 272 764 146
6 437 901 113 139 993 140
6 591 754 427 660 309 854
6 374 215 852 723 685 661
6 850 737 833 738 45 19
6 985 674 198 404 421 17
6 236 952 695 662 438 690
6 311 200 102 569 351 425
6 460 193 767 421 18 691
6 392 456 725 722 433 383
6 607 217 310 993 649 740
6 218 502 986 51 314 35
6 875 695 493 227 430 790
6 238 298 572 551 874 538
6 31 716 507 301 499 715
6 746 588 124 779 420 122
6 313 731 873 192 954 810
6 469 705 419 871 185 897
6 558 308 446 791 741 169
6 950 806 756 553 740 146
6 549 56 543 312 11 562
6 65 179 66 795 815 207
6 270 284 670 138 631 884
6 886 751 472 885 366 787
6 110 985 515 630 336 239
6 610 231 546 65 354 478
6 850 591 949 978 119 936
6 667 368 361 868 151 254
6 601 493 238 818 402 887
6 90 432 381 516 467 247
6 164 503 203 49 277 916
6 486 51 489 210 418 333
6 302 318 423 596 384 957
6 619 163 910 927 999 275
6 833 206 632 953 442 408
6 34 417 152 403 999 893
6 495 417 107 213 585 973
6 55 443 726 396 821 989
6 543 449 120 168 836 527
6 628 319 153 424 842 112
6 111 667 553 939 207 740
6 478 6 88 343 551 787
6 422 31 340 20 34 631
6 173 164 726 933 220 125
6 496 542 931 107 364 781
6 506 492 495 546 406 926
6 206 493 492 529 163 605
6 388 494 22 399 906 234
6 549 537 520 446 939 950
6 944 769 583 335 824 208
6 413 73 583 982 427 807
6 124 319 468 564 869 649
6 571 155 462 634 79 710
6 170 149 523 49 483 823
6 83 649 564 862 573 937
6 831 376 824 608 269 527
6 882 599 173 670 247 897
6 749 926 687 510 28 191
6 253 989 903 76 790 962
6 766 752 268 412 885 536
6 796 579 928 948 497 48
6 949 819 967 87 516 643
6 542 550 563 63 162 377
6 912 712 212 993 637 162
6 116 848 958 616 377 385
6 200 57 808 709 458 856
6 205 322 510 629 799 934
6 124 767 27 292 554 361
6 188 490 971 483 700 379
6 302 733 69 516 174 582
6 754 624 683 442 639 57
6 97 336 402 844 418 692
6 358 319 18 818 689 921
6 607 888 215 175 807 162
6 217 862 751 544 641 21
6 872 198 906 45 242 246
6 576 268 435 971 418 295
6 29 656 224 213 933 773
6 137 951 513 202 637 636
6 492 376 450 569 472 717
6 741 82 446 186 405 587
6 485 939 262 450 711 849
6 500 55 999 195 296 585
6 930 178 115 410 637 625
6 230 491 281 964 26 587
6 990 189 565 240 693 226
6 1 735 568 438 729 676
6 707 841 410 343 208 448
6 337 986 12 837 479 448
6 436 902 806 159 711 740
6 764 352 224 362 16 202
6 571 235 570 758 456 715
6 908 915 365 332 286 569
6 64 699 753 16 778 659
6 688 978 193 679 150 834
6 28 475 661 432 53 700
6 393 36 839 824 689 467
6 189 102 690 742 663 825
6 601 381 393 372 271 483
6 343 51 304 95 922 384
6 80 498 521 79 703 160
6 250 42 741 719 636 557
6 857 179 410 426 703 161
6 712 855 532 445 574 20
6 359 678 264 431 847 834
6 820 794 637 901 528 572
6 845 815 656 92 830 834
6 468 346 725 785 528 623
6 558 435 974 426 408 199
6 820 508 92 943 728 170
6 628 445 803 502 72 17
6 909 375 867 257 483 225
6 776 494 613 78 836 649
6 101 55 411 435 759 207
6 500 591 361 631 228 600
6 374 381 454 583 963 185
6 81 819 807 709 467 773
6 687 676 434 118 645 973
6 517 843 428 174 569 45
6 839 798 458 297 811 147
6 882 315 507 984 758 125
6 530 2 144 533 9 846
6 807 616 73 283 281 37
6 935 418 378 226 661 557
6 695 571 435 452 626 585
6 234 604 785 180 877 351
6 486 215 541 632 28 210
6 759 789 961 299 476 561
6 515 295 663 286 825 854
6 54 805 752 255 689 808
6 811 357 703 279 221 225
6 776 3 922 904 686 86
6 512 853 719 79 195 685
6 845 501 24 533 574 934
6 370 488 658 501 99 605
6 77 922 689 937 61 903
6 111 261 708 53 893 467
6 680 512 142 657 337 232
6 236 115 640 864 516 562
6 488 705 747 884 871 671
6 373 883 316 198 330 201
6 10 333 115 786 294 774
6 411 274 390 278 716 43
6 218 728 284 494 932 691
6 219 238 665 191 539 870
6 758 731 567 932 350 907
6 335 417 514 402 89 180
6 625 624 226 884 928 812
6 789 578 931 80 988 854
6 340 726 987 734 637 35
6 500 276 791 167 130 208
6 213 90 154 919 244 832
6 77 111 139 531 811 351
6 607 308 656 146 350 473
6 445 380 50 605 364 877
6 794 748 4 204 726 47
6 341 802 288 871 540 39
6 944 835 460 254 208 856
6 478 318 914 995 887 525
6 868 240 842 235 498 663
6 687 953 771 863 830 227
6 397 497 108 499 102 254
6 269 974 581 488 842 897
6 32 454 629 359 175 112
6 855 958 788 470 211 596
6 903 68 780 673 309 645
6 733 848 410 625 142 899
6 137 211 950 939 79 843
6 28 995 878 872 989 201
6 778 686 867 643 650 884
6 888 738 869 770 243 568
6 97 485 340 577 504 174
6 688 253 837 603 934 569
6 500 609 316 545 718 96
6 815 339 961 999 271 62
6 564 866 980 585 884 197
6 137 388 949 726 474 817
6 322 486 615 256 608 427
6 682 329 452 727 761 548
6 965 941 253 342 209 864
6 271 983 204 410 424 544
6 777 340 549 291 471 828
6 882 111 802 712 708 541
6 444 379 447 686 208 569
6 965 115 142 414 242 207
6 509 317 71 554 271 98
6 124 799 539 532 242 582
6 647 520 123 339 180 854
6 51 108 620 684 559 811
6 947 375 494 469 405 350
6 350 576 127 461 125 37
6 5 868 840 521 295 410
6 675 422 995 984 416 756
6 509 786 123 761 519 967
6 601 850 297 939 16 977
6 223 372 669 410 901 467
6 166 174 879 402 363 333
6 126 413 470 673 984 466
6 354 41 955 448 330 157
6 674 166 681 234 504 603
6 881 763 407 517 161 52
6 987 925 889 884 331 408
6 968 311 88 830 519 121
6 355 610 670 615 718 132
6 422 2 323 452 538 829
6 904 400 716 934 243 539
6 52 71 217 952 471 528
6 264 776 746 743 780 854
6 302 819 784 488 903 448
6 986 152 657 4 474 455
6 981 203 874 589 713 98
6 753 257 489 813 113 521
6 508 84 982 708 157 271
6 171 622 744 153 203 235
6 590 841 718 700 490 528
6 375 794 215 895 532 190
6 433 595 423 247 865 130
6 340 961 343 533 297 48
6 935 491 543 163 746 655
6 558 820 388 426 73 499
6 69 826 734 628 216 519
6 135 749 154 80 896 580
6 614 606 841 372 919 942
6 423 342 229 831 303 76
6 219 967 248 885 879 864
6 273 368 10 298 329 538
6 564 458 428 40 186 39
6 335 804 17 858 479 280
6 272 54 793 948 931 246
6 258 794 489 33 556 161
6 375 502 611 279 712 569
6 638 510 596 733 364 631
6 288 888 150 915 740 347
6 902 283 645 874 201 854
6 686 426 222 243 170 957
6 796 754 50 480 80 277
6 888 714 22 251 157 91
6 754 646 321 618 298 207
6 5 583 532 476 641 926
6 683 693 480 626 155 333
6 126 64 487 555 848 876
6 882 981 945 360 786 864
6 695 41 979 716 541 44
6 59 25 596 502 138 45
6 699 586 131 513 790 697
6 137 721 621 645 263 834
6 451 833 306 781 56 21
6 796 614 957 330 594 915
6 593 89 13 963 300 338
6 316 692 484 709 481 988
6 342 629 188 138 119 913
6 258 257 918 452 196 283
6 223 934 608 927 263 931
6 704 957 243 738 560 698
6 934 99 594 139 379 351
6 984 823 780 283 254 15
6 556 538 253 520 950 162
6 688 250 767 567 668 711
6 767 604 893 383 773 854
6 594 793 419 665 671 182
6 769 51 10 978 747 582
6 922 685 701 800 652 147
6 100 298 196 429 781 916
6 749 782 369 771 136 312
6 314 593 537 47 983 157
6 786 546 897 49 208 191
6 559 535 216 286 587 232
6 304 985 693 437 700 157
6 763 3 824 977 72 828
6 863 491 495 458 901 982
6 728 867 354 404 943 899
6 13 376 813 9 885 971
6 407 279 72 484 604 780
6 355 407 364 709 603 334
6 952 571 955 522 844 259
6 925 279 997 409 920 808
6 174 708 752 834 412 617
6 607 8 449 839 573 378
6 401 546 366 651 257 149
6 796 919 734 475 727 518
6 695 3 214 811 982 7
6 348 192 76 932 916 382
6 381 352 413 644 482 125
6 368 357 51 99 516 773
6 403 783 371 156 736 959
6 77 350 403 660 653 243
6 1 154 195 266 659 618
6 912 813 786 769 361 202
6 27 17 928 971 822 67
6 24 397 336 857 479 676
6 287 886 770 662 700 471
6 134 377 596 286 810 79
6 495 200 388 315 186 490
6 504 376 935 234 383 650
6 501 848 350 7 913 684
6 638 426 841 493 547 351
6 75 352 340 252 734 484
6 168 944 549 703 155 874
6 421 704 213 915 574 227
6 392 249 72 758 815 581
6 549 299 909 835 82 142
6 468 354 987 255 560 169
6 591 354 726 514 837 143
6 820 388 320 4 784 503
6 803 427 628 78 692 897
6 32 5 35 72 711 303
6 436 58 742 339 800 149
6 868 682 687 272 866 807
6 986 658 203 624 139 880
6 891 366 497 473 67 199
6 571 440 873 203 925 716
6 891 796 75 50 595 408
6 592 82 426 779 602 364
6 230 127 618 825 473 481
6 230 353 354 445 615 246
6 782 436 961 10 323 649
6 218 372 88 203 260 999
6 111 819 7 630 36 234
6 674 5 867 655 588 653
6 514 986 949 378 627 518
6 329 213 748 640 689 573
6 297 629 22 923 407 130
6 654 889 450 124 345 921
6 111 640 170 872 552 761
6 581 760 336 121 573 976
6 340 493 383 625 378 67
6 255 276 493 535 641 587
6 258 476 87 580 903 562
6 398 590 949 405 358 479
6 696 228 102 364 545 988
6 13 738 766 210 971 458
6 752 42 885 174 879 927
6 744 883 458 568 191 536
6 918 211 748 317 979 720
6 374 900 971 652 497 169
6 25 446 564 136 973 874
6 440 332 611 174 732 908
6 359 776 767 4 27 191
6 380 354 20 815 653 843
6 398 613 263 596 992 821
6 114 783 357 36 186 962
6 60 65 424 837 995 442
6 496 381 871 782 220 946
6 465 952 8 143 160 309
6 421 923 942 91 881 157
6 682 12 785 437 209 718
6 438 356 724 279 452 951
6 206 664 553 513 175 67
6 798 530 477 260 89 950
6 1000 40 595 444 969 232
6 792 784 118 650 908 146
6 500 495 845 251 589 991
6 285 744 736 234 978 145
6 192 4 174 972 271 659
6 13 986 120 330 692 720
6 367 493 617 983 834 347
6 100 237 266 350 364 585
6 613 737 431 809 198 62
6 669 428 284 52 811 848
6 639 365 884 710 61 98
6 794 204 969 484 157 254
6 774 839 573 822 823 227
6 821 686 775 548 147 597
6 721 59 92 289 124 566
6 667 960 452 211 787 458
6 50 94 268 905 826 900
6 431 428 974 10 426 294
6 765 929 403 247 69 519
6 737 687 889 365 305 836
6 952 669 437 610 909 813
6 661 431 642 689 662 479
6 653 909 871 98 528 30
6 607 693 655 926 970 618
6 417 267 1 695 172 76
6 804 575 795 984 323 479
6 107 346 604 263 211 708
6 233 248 163 800 681 685
6 821 583 249 756 543 612
6 230 445 18 746 180 899
6 73 366 141 75 902 713
6 173 90 927 473 844 555
6 865 777 758 573 824 858
6 891 206 759 486 733 791
6 632 495 297 161 259 739
6 137 384 152 504 441 879
6 535 873 234 327 338 950
6 274 838 356 746 433 448
6 842 108 643 519 970 516
6 389 549 799 369 241 710
6 71 553 340 36 641 83
6 423 241 994 180 589 30
6 370 159 791 424 473 962
6 389 769 766 630 538 877
6 425 61 357 155 755 30
6 714 820 73 202 771 582
6 454 417 235 324 798 988
6 776 419 60 507 467 473
6 721 678 481 320 130 382
6 749 171 123 419 148 870
6 861 961 942 210 964 931
6 187 657 461 819 274 169
6 349 59 299 22 689 410
6 335 986 133 454 625 202
6 891 470 850 537 11 383
6 596 289 493 628 326 308
6 583 206 84 922 678 616
6 352 24 756 548 942 410
6 306 249 152 575 316 531
6 101 5 250 107 492 167
6 1000 833 489 960 858 177
6 388 776 295 635 566 347
6 250 504 839 443 915 439
6 133 906 546 636 74 466
6 346 793 508 303 337 818
6 820 943 33 525 512 344
6 630 108 226 521 943 957
6 224 524 404 703 959 641
6 861 769 51 337 705 430
6 764 630 509 880 395 383
6 276 974 537 449 567 692
6 997 291 767 510 462 984
6 734 677 359 960 717 56
6 318 859 317 144 555 96
6 463 140 148 746 325 907
6 550 115 528 982 61 323
6 189 643 410 132 283 418
6 758 576 891 644 866 172
6 440 33 313 514 149 35
6 32 303 41 784 282 118
6 776 90 163 150 448 555
6 3 194 370 520 56 866
6 6 370 669 809 313 351
6 586 567 911 470 405 210
6 270 861 350 148 518 129
6 624 139 257 907 582 694
6 763 756 198 235 947 269
6 472 861 860 748 107 385
6 502 657 968 399 793 59
6 314 776 920 630 291 481
6 728 59 693 214 174 125
6 308 818 635 626 631 870
6 658 857 206 342 264 314
6 293 839 990 940 669 421
6 114 42 249 473 378 87
6 904 971 178 556 795 818
6 12 368 855 442 701 351
6 986 923 637 19 560 544
6 229 82 8 551 112 807
6 610 517 253 662 261 653
6 328 686 472 651 775 390
6 591 64 994 336 4 612
6 558 32 273 215 829 259
6 952 100 732 924 143 82
6 173 502 753 910 941 44
6 164 312 590 721 798 143
6 93 935 922 336 349 641
6 794 542 257 112 324 720
6 668 149 488 866 384 562
6 601 803 22 239 414 405
6 46 889 192 874 269 15
6 28 461 745 838 459 243
6 451 923 125 79 868 853
6 550 837 781 713 197 104
6 426 69 852 822 855 39
6 240 418 89 102 519 481
6 101 42 375 622 748 697
6 318 484 738 885 396 356
6 550 310 433 979 55 427
6 94 229 915 195 349 874
6 366 368 214 545 710 208
6 688 13 831 473 385 970
6 397 992 687 294 209 536
6 995 116 573 516 931 800
6 914 154 553 966 762 671
6 679 222 69 710 575 172
6 882 381 537 834 903 241
6 945 739 482 978 770 269
6 362 914 460 40 547 856
6 949 362 463 82 817 256
6 352 577 735 932 288 396
6 805 9 740 592 628 689
6 113 374 352 734 987 170
6 370 293 744 529 525 43
6 271 801 195 25 551 976
6 584 795 889 192 108 948
6 961 778 680 234 402 479
6 783 218 949 960 596 626
6 248 886 670 336 821 541
6 767 465 41 819 666 7
6 149 363 380 771 728 208
6 863 441 256 394 843 983
6 388 927 738 104 879 324
6 268 211 170 989 125 768
6 193 92 895 101 116 74
6 568 904 222 316 296 142
6 630 217 183 308 378 358
6 32 27 372 649 76 331
6 367 638 879 442 385 382
6 77 212 611 633 174 976
6 944 357 306 168 922 596
6 380 341 261 750 600 685
6 156 231 8 195 569 623
6 386 658 820 140 581 315
6 371 17 447 770 879 720
6 945 990 819 48 434 67
6 604 806 89 861 140 991
6 981 80 337 469 94 943
6 346 658 373 449 301 616
6 886 84 564 739 493 269
6 51 29 522 625 193 503
6 219 855 321 207 943 877
6 200 25 580 876 654 67
6 152 46 862 848 437 636
6 696 993 113 644 548 518
6 909 344 853 157 282 309
6 219 737 158 464 221 836
6 154 949 292 582 421 184
6 393 240 906 577 933 858
6 445 973 735 83 844 518
6 33 792 118 862 535 821
6 675 658 573 617 300 603
6 192 219 767 228 584 953
6 392 216 363 400 125 943
6 188 898 236 534 307 385
6 749 535 801 153 994 311
6 293 805 788 646 244 145
6 875 340 594 242 163 988
6 32 577 941 887 701 530
6 949 502 563 60 68 899
6 355 144 545 824 778 208
6 164 771 733 925 534 474
6 4 24 704 978 421 690
6 999 242 759 972 790 872
6 10 794 621 319 758 120
6 613 611 402 599 159 708
6 250 796 302 909 1000 625
6 578 777 553 211 645 15
6 478 515 239 214 808 966
6 891 273 738 437 107 861
6 92 71 124 224 103 937
6 411 713 583 106 263 967
6 607 81 311 594 364 698
6 94 795 770 274 151 349
6 506 629 746 861 513 429
6 179 20 504 920 151 516
6 494 350 635 120 349 146
6 8 764 946 174 527 892
6 753 566 49 490 442 901
6 1000 460 342 714 643 993
6 302 935 723 10 509 562
6 380 25 186 116 787 167
6 682 423 198 63 134 434
6 166 77 255 936 547 552
6 586 346 985 588 829 347
6 314 759 867 846 552 143
6 64 831 376 777 617 758
6 453 134 635 873 384 519
6 722 343 342 215 978 726
6 219 826 904 678 245 928
6 925 166 264 755 577 47
6 293 754 226 407 259 404
6 137 722 285 754 385 516
6 218 774 584 336 409 307
6 373 75 955 37 469 718
6 276 124 785 348 315 967
6 920 744 260 437 750 161
6 97 411 577 430 828 129
6 782 65 249 212 681 327
6 549 100 878 521 948 874
6 517 406 418 982 876 523
6 106 760 412 437 56 208
6 287 968 371 469 905 603
6 210 541 802 345 321 180
6 576 302 323 419 282 773
6 173 477 306 969 308 351
6 38 13 951 683 329 715
6 119 82 442 574 612 652
6 450 817 803 341 400 919
6 454 213 523 415 254 921
6 647 66 192 88 76 560
6 581 423 914 777 190 165
6 36 192 131 632 432 770
6 947 908 106 543 748 123
6 939 402 18 70 653 853
6 106 194 134 583 13 908
6 294 801 37 988 870 30
6 179 236 380 442 242 870
6 164 987 938 735 619 903
6 824 119 606 439 639 762
6 372 664 237 321 861 225
6 492 840 390 807 717 274
6 301 308 709 436 412 710
6 792 495 674 416 979 836
6 776 509 610 476 344 560
6 152 512 630 689 434 853
6 299 723 961 684 267 325
6 506 133 70 681 459 744
6 794 292 459 405 225 21
6 941 552 612 784 430 649
6 403 108 834 969 429 649
6 906 320 182 969 873 732
6 355 419 955 203 625 694
6 486 1000 802 166 717 773
6 507 299 94 731 211 697
6 143 364 584 363 840 225
6 495 46 237 38 896 35
6 10 628 646 567 910 532
6 445 595 95 959 858 43
6 237 757 215 242 107 151
6 179 983 211 716 929 419
6 500 542 113 171 201 829
6 114 82 575 709 461 145
6 767 431 245 60 782 544
6 136 551 30 744 115 239
6 65 436 608 663 349 660
6 558 576 955 37 754 842
6 494 223 296 281 61 828
6 898 214 769 85 876 125
6 591 38 833 663 661 892
6 578 320 304 797 874 519
6 302 407 805 920 602 768
6 932 470 971 545 872 692
6 932 437 665 942 309 86
6 441 60 426 649 653 56
6 609 941 34 95 775 382
6 244 564 706 814 828 151
6 372 909 196 26 479 280
6 706 164 764 89 588 887
6 73 297 724 749 976 810
6 262 376 606 921 829 121
6 668 357 156 299 222 582
6 909 961 154 298 868 434
6 368 306 136 884 987 413
6 416 488 651 197 363 180
6 763 469 228 486 854 56
6 290 494 27 369 752 275
6 610 902 182 615 262 853
6 171 668 742 661 132 587
6 401 199 354 979 565 210
6 652 918 964 512 823 659
6 81 783 196 668 554 209
6 699 463 517 723 672 410
6 423 454 393 840 561 750
6 524 752 756 194 91 43
6 647 248 973 356 915 246
6 130 695 504 65 635 536
6 393 651 257 799 942 379
6 401 679 611 933 778 448
6 902 107 82 917 801 69
6 791 725 237 310 998 921
6 187 223 805 452 690 358
6 610 759 745 860 447 673
6 858 527 588 915 243 464
6 882 794 192 489 381 259
6 228 65 260 196 939 283
6 607 290 59 952 649 697
6 193 811 384 185 475 521
6 508 666 668 741 865 199
6 799 996 397 904 844 976
6 646 99 455 926 709 21
6 571 258 380 713 85 165
6 789 346 541 818 191 812
6 299 509 507 547 510 978
6 590 869 600 729 560 266
6 738 35 458 967 47 467
6 789 487 745 82 266 957
6 366 955 73 834 958 597
6 556 571 472 940 536 325
6 77 36 931 413 363 849
6 472 835 12 152 41 128
6 314 709 988 653 844 967
6 357 897 639 586 582 170
6 594 227 873 14 254 339
6 496 794 313 617 141 241
6 487 509 202 517 761 39
6 148 993 380 832 145 970
6 477 152 535 979 426 637
6 890 289 546 197 288 61
6 546 16 154 911 585 650
6 374 23 940 807 45 557
6 936 753 309 149 649 172
6 237 164 452 795 420 56
6 891 346 624 793 729 554
6 291 757 615 141 879 602
6 867 136 939 461 808 199
6 635 394 344 552 516 83
6 32 329 127 617 16 202
6 912 329 439 793 298 127
6 737 742 863 598 847 157
6 578 217 624 497 908 361
6 451 367 633 88 54 694
6 650 533 314 589 456 627
6 250 695 620 262 730 587
6 445 188 640 555 692 775
6 590 441 328 156 583 532
6 994 152 4 917 459 162
6 71 647 692 925 278 745
6 405 362 49 232 859 202
6 183 158 350 977 870 334
6 373 868 634 612 931 842
6 873 273 960 323 598 481
6 622 169 274 803 63 874
6 706 296 785 734 713 274
6 591 814 274 532 895 950
6 890 288 829 988 197 190
6 166 66 350 141 169 466
6 102 65 805 908 56 812
6 981 311 840 353 557 499
6 783 767 11 194 360 225
6 981 115 865 550 581 799
6 6 173 103 649 900 161
6 985 576 830 255 991 661
6 393 118 577 241 624 165
6 113 3 167 387 234 130
6 882 485 892 980 961 988
6 614 860 725 719 419 740
6 533 102 678 220 649 991
6 454 553 666 972 331 665
6 910 948 930 12 61 473
6 834 788 942 584 916 597
6 426 815 235 589 826 557
6 638 335 925 171 530 596
6 158 684 529 807 117 851
6 228 268 313 624 781 712
6 218 347 85 800 815 552
6 229 545 396 530 324 899
6 59 242 957 390 810 710
6 638 64 571 838 648 165
6 658 803 521 412 28 246
6 431 168 525 20 415 309
6 751 737 550 783 716 237
6 373 744 10 760 774 450
6 287 214 629 265 62 104
6 875 477 615 20 752 551
6 29 783 771 44 641 21
6 38 6 337 932 79 921
6 287 918 971 484 943 338
6 257 754 881 433 872 544
6 268 640 182 74 161 768
6 500 891 63 915 526 99
6 638 706 939 332 943 254
6 431 218 239 76 313 116
6 975 544 709 519 562 587
6 622 108 182 982 390 870
6 32 205 411 113 805 69
6 601 468 450 897 828 636
6 133 914 509 241 926 53
6 276 128 48 838 416 259
6 801 743 426 12 476 782
6 465 8 229 755 142 263
6 36 402 706 396 260 750
6 453 406 559 717 336 561
6 930 279 361 488 770 991
6 250 375 778 910 816 970
6 578 488 520 414 999 130
6 688 621 511 468 611 337
6 506 987 793 567 330 812
6 373 918 810 997 816 864
6 604 758 414 216 30 689
6 80 731 695 117 822 539
6 566 360 120 183 815 214
6 721 314 673 147 497 552
6 918 727 752 45 363 851
6 51 52 468 26 515 993
6 231 507 795 386 635 395
6 974 192 496 359 222 402
6 401 778 968 301 347 44
6 398 320 142 351 736 125
6 986 478 141 701 24 266
6 141 478 317 244 143 149
6 777 890 914 542 82 259
6 290 683 805 85 8 526
6 463 896 377 330 574 86
6 682 208 132 464 503 434
6 965 792 60 517 767 905
6 249 265 680 156 251 216
6 682 247 732 467 283 516
6 524 438 832 795 175 807
6 786 397 733 679 901 916
6 346 463 905 640 700 869
6 401 799 22 955 499 225
6 407 719 357 956 925 557
6 550 646 787 244 425 828
6 657 680 689 547 664 286
6 287 290 515 583 723 408
6 152 551 727 669 787 877
6 94 987 610 210 21 518
6 675 168 156 479 245 562
