1 0.6200432767018892
2 31.330560232633367
3 18.98030594440391
4 3.201031531099121
5 1.7889559408150162
6 15.016891834997077
7 0.04600814313204968
8 0.7953783065465211
9 0.881930660114849
10 3.104600558783264
11 71.99960054791343
12 1.5494422390255558
13 0.13834010978934763
14 1.7184907344529565
15 1.0935324705195386
16 47.58357118035493
17 0.5045788783784254
18 0.16324140739100745
19 318.30578451268127
20 39.18735744855544
21 0.09441851704284134
22 1.896373718668204
23 9.047961565020643
24 2.077077490672334
25 1.010838821226208
26 10.119579969441292
27 0.09498172605585332
28 28.87478552467891
29 0.4529047331302218
30 0.05118283139607829
31 2.039061680558161
32 0.02361116238362085
33 0.38094664411479734
34 5.379889278137658
35 0.03156461836844275
36 1.5959581390213753
37 0.586942270701482
38 17.204088427632005
39 4.2929533083215565
40 4.082239392490139
41 0.49040181351569145
42 2.7187579334395124
43 0.2815558734408881
44 0.25032993026858846
45 32.875338115219016
46 1.2867327783358495
47 0.03262191738260491
48 0.4685507166249829
49 0.6810472949985386
50 2.6018840737967395
51 4.1707711738222715
52 3.878941228055908
53 4.171005607502332
54 0.4177434114418679
55 0.6304358588184625
56 0.2683110593143094
57 0.40148153789196217
58 0.32228915618731263
59 0.7405038534391034
60 0.2809575968758829
61 7.114470199260467
62 0.648498970721693
63 0.022528293806583177
64 4.24220610144901
65 1.6919361958470422
66 0.042817202670754936
67 0.9334197491031875
68 14.945618586653016
69 0.7050756851975165
70 0.31747902730586997
71 0.24841747710244044
72 1.6290633694928063
73 0.019792578982204063
74 0.39359929165265345
75 3.8536600724835903
76 0.17626914721598944
77 0.3607944710646212
78 0.6925155640459547
79 1.5855131196682681
80 5.761253863172409
81 1.4522908993865942
82 0.4011922293647668
83 0.7596154143099425
84 0.8464096700804705
85 0.4653286231084212
86 1.0211531884754717
87 0.8458795350981128
88 0.4062676732423492
89 0.0044500806567069505
90 0.007094871126197821
91 1.1170362559109206
92 1.1267405690692183
93 0.23696910085383668
94 0.5133533458830334
95 0.406841398603034
96 0.4959857167842228
97 0.34509745707538164
98 4.43771714173572
99 4.90520388160843
100 0.5608644970924339
101 5.199647663581981
102 87.25055416838323
103 2.601073511978751
104 4.2863592076113886
105 14.491736588167695
106 0.03975335087255427
107 0.049888789898799996
108 0.009574042596011518
109 0.36997831489949295
110 0.24133558802808935
111 0.12213189605478003
112 2.412645124131676
113 3.314276045952862
114 1.5381311322875577
115 0.34813003038647555
116 6.677113684684227
117 5.279429043070537
118 0.025780375548007127
119 2.801974181046044
120 1.2152820704824425
121 2.7145139559659577
122 1.7522852427368028
123 1.4059770758895829
124 4.9508109015671256
125 4.392892414055275
126 1.6286246776389461
127 1.528529470771568
128 2.9473565287233603
129 0.7065871315980914
130 0.8100425162121956
131 0.3782298765121545
132 1.8623467225851613
133 0.6910948940286192
134 0.41039122238532744
135 10.05141043772743
136 3.438855082463525
137 0.8496414145482786
138 0.28030490352113446
139 0.1397385360548964
140 1.0535563927488858
141 0.29371770596156604
142 0.49717998256105295
143 2.435378698771641
144 0.2983400810849122
145 3.260016226702629
146 3.783998870485333
147 1.8164483146401587
148 0.2950529537365856
149 1.0436728048647546
150 1.4070785911752592
151 3.097916454411962
152 4.462884261881981
153 2.761108290460515
154 6.864101249323559
155 12.77369206540229
156 3.1479038053393857
157 2.21149112839645
158 0.34014858415353083
159 7.73711258280425
160 0.9810837178261435
161 3.6233184919420367
162 0.08494296541222028
163 1.1591710524593846
164 3.241730014727053
165 27.13398859427906
166 0.8691010245886245
167 0.3024542577908581
168 1.1453842307170674
169 4.626090313728174
170 2.8218891739335437
171 0.4405359908256104
172 0.5819983252452747
173 0.15285472824364468
174 1.2265245734302315
175 3.5004805680760747
176 0.7130696299103875
177 3.1208383147771785
178 1.95925890392921
179 0.08875592954204659
180 47.980741615155665
181 2.311942383908724
182 0.33412084130898506
183 1.0611063922082813
184 0.3065590105243
185 0.41791645842497144
186 2.1817019180905803
187 1.1649710191813842
188 0.08568950717109648
189 0.13695838622799636
190 0.7946378877574016
191 2.672516825905125
192 1.7554883130626049
193 2.011536920489571
194 14.898321042019214
195 0.35582033745144276
196 0.35859012000980567
197 7.085362171498734
198 0.03813319955975743
199 0.8376655339629644
200 0.7678357371493229
201 0.07874759302750725
202 0.14052133644015025
203 0.28170159453394306
204 1.0151307846853266
205 2.7480796949821915
206 9.67471743026775
207 1.0034678106073562
208 1.1636766332257686
209 1.2537696563110383
210 0.24584569334058934
211 0.9557243455036485
212 0.03004398960868206
213 32.33316572738497
214 0.49610479578268235
215 1.528649480117665
216 0.6960273131580905
217 2.880957552823345
218 6.123750126327969
219 1.7374734766809685
220 0.25663751985434546
221 0.03534668232091666
222 5.452018317139914
223 0.5427863945616843
224 0.23436743228997545
225 2.0424729741735286
226 16.441789368029205
227 8.050025840356493
228 2.284783247734079
229 0.9669763106312876
230 0.045469032373322005
231 0.8470543748040874
232 1.142249536655125
233 0.9501829126445539
234 0.11440018887868571
235 2.0732843633101075
236 1.3112272853693885
237 1.1498405326152132
238 1.3574684530253156
239 0.20464189414111916
240 0.6400868812679125
241 1.1634272589240422
242 1.1311370182578493
243 0.8426157486021121
244 1.8479652330686103
245 0.7767451522844988
246 3.297302891639419
247 2.6380100785901077
248 4.251659942422188
249 0.6056744862624667
250 22.282134657384802
251 0.01576255950856602
252 0.8629237808176687
253 0.49446469253094927
254 2.1293156240596267
255 0.4580600184813408
256 0.006077193197331988
257 0.31422245146891353
258 0.6822699813904632
259 0.28342584836986073
260 0.5637983324310427
261 0.6979603328923788
262 1.4603516946047015
263 1.0982123664318644
264 5.0890194002761575
265 0.5652635250042418
266 0.802899531633928
267 0.810736912942527
268 0.034878221101279076
269 0.23069142416890143
270 0.2512078243476117
271 7.850235090629645
272 0.35020783067596467
273 0.041856903102968156
274 0.5786717997826
275 0.2291195120620489
276 0.27713026698005727
277 0.11846868852070869
278 0.32205274237296205
279 2.451299320438427
280 4.71619258545956
281 0.7319258176791822
282 0.12691670616056858
283 6.488947993096651
284 2.0305506575194667
285 0.15043958489134612
286 2.3917075122380265
287 0.7727527634545279
288 1.2384776155376198
289 0.10817473316668155
290 2.036733664099741
291 5.111613356868707
292 2.642310253938473
293 0.2330900729376571
294 45.08260102403833
295 0.4525061599957054
296 11.423947832496092
297 3.5135964990858786
298 0.22363641889930605
299 1.0130967255670447
300 3.7580303021374073
301 0.24768066367894068
302 0.5039067986932284
303 0.05876798432029922
304 47.41924593884083
305 35.318692070685785
306 0.49600491594634677
307 0.42638050126384636
308 0.03809770662567387
309 1.6426992159381413
310 1.0516387822173423
311 1.7202324880221262
312 42.126357506585585
313 5.73977761657226
314 0.19531466977098003
315 1.6269086792199434
316 1.6011973452085502
317 1.5319173080736657
318 6.257351079137536
319 0.5672961061706715
320 0.8251666561743277
321 0.43889640737548846
322 1.356244288840811
323 0.5726857207627754
324 2.441867565484997
325 0.049455628731578334
326 0.5105963840051941
327 1.0530384883790644
328 0.41582911311904186
329 0.3151096913080572
330 10.107951595694912
331 0.10928764625452524
332 0.28019104631447506
333 1.2884107825373772
334 0.617652242571623
335 1.6961065892623444
336 0.6771266136584411
337 2.4981904294600197
338 12.5805648266445
339 3.4658575276928745
340 1.007503311618135
341 576.7675596890614
342 7.223873273789858
343 0.6876882318267981
344 0.5030092606877998
345 0.053729717517955314
346 0.5861619036287355
347 0.30915009931175647
348 21.124244002777203
349 0.06574551158028503
350 0.08875741128480909
351 9.545231279535052
352 1.3495777209438102
353 1.217864388165264
354 0.7485230717217706
355 1.5811388229098944
356 3.08031783967575
357 0.984271671504954
358 14.960038151430663
359 54.21061856939706
360 0.4167274596508386
361 6.17350776437241
362 0.7623596724119945
363 0.11062782522614811
364 0.47443531322398996
365 0.027358572328966605
366 0.578360780057916
367 157.99909156216492
368 1.1120590924926979
369 6.362020704066996
370 2.1731432326010043
371 0.5845736529489297
372 0.2835751976824081
373 2286.692876946521
374 1.0090568481232447
375 3.9268079759475567
376 0.08845075786114333
377 0.7972458826681853
378 0.2963127494057625
379 0.49674146772904576
380 0.3396531196691759
381 2.400213176786027
382 0.3132513266647485
383 7.373672332041111
384 5.638169763550529
385 0.2043855566208435
386 0.5233296400160101
387 3.8988426831689096
388 2.140914551666291
389 0.49647370974893446
390 14.403136524489755
391 0.2684041278604909
392 22.030313603015436
393 0.08140194146952079
394 6.5577378112208535
395 3.877599939623338
396 1.2442763333110598
397 1.6289621755636192
398 19.04278455624468
399 2.8092960102415576
400 9.549497018314206
401 17.27311757531313
402 1.2840859204803434
403 0.31687815268649955
404 1.2548944208374646
405 0.14211959783960432
406 0.12458798229071198
407 0.333154806512384
408 0.6517303113050728
409 7.518856293186815
410 0.15196873619538498
411 0.19294231776508472
412 4.724870069390079
413 0.12505146326150926
414 5.483355669984417
415 0.09476328141287303
416 0.020962858617968257
417 0.04548079573627373
418 5.824513075380087
419 2.257533900607002
420 0.45003875565412266
421 0.8716198161755796
422 0.7136448707795584
423 0.8215862497868784
424 2.6498516648464903
425 2.732568374346175
426 1.79168365251813
427 0.527782001603209
428 0.5206456707857033
429 2.10323758168377
430 38.88975436305117
431 0.18718596147409003
432 0.16077708925349032
433 0.11895906902362613
434 2.2429063907173563
435 2.959310299374948
436 5.696395269698742
437 0.7853350539732521
438 4.573604024946881
439 1.1854534071958311
440 1.8633821185454087
441 4.277333352923474
442 0.2886330351004367
443 3.0445055875010256
444 2.076612244902223
445 0.10090698183265527
446 0.07619040486002437
447 0.38717546155993554
448 0.11622333275165644
449 0.6652583624504508
450 5.837648226434765
451 0.7989802622221872
452 10.647534517224782
453 0.8432674919839245
454 0.8248384256723527
455 0.3212509115748497
456 49.67264810341526
457 0.003928051914767703
458 1.3389068746625696
459 0.6505108621274014
460 0.602684607706387
461 2.7082633129982407
462 0.7746623494873526
463 0.4463828478016157
464 0.19672022960380842
465 4.772830084229436
466 0.7828200007285055
467 2.3115479610321263
468 0.1508302119543261
469 6.136701588983279
470 1.2334004080787577
471 4.186531955877876
472 0.202431825405392
473 0.1698885136880133
474 0.014383779341174513
475 0.0940657045694559
476 6.996562390195986
477 1.0208730658268395
478 1.8540069935100716
479 1.8327225025946485
480 40.01312531812504
481 587.0234499743298
482 0.22530738809839682
483 0.5087309926741326
484 2.0584003751073108
485 1.5553744844428157
486 0.024769075511664115
487 0.728902177405849
488 0.018611365773692507
489 1.6711587826589815
490 9.853325725087258
491 524.5954576375862
492 0.41628534725841193
493 0.248578909446761
494 1.8228999948890816
495 3.4484001387913596
496 4.817376132035131
497 105.54054728882537
498 21.056548946614054
499 16.991695270226092
500 4.47316416460666
501 0.9803932425289803
502 0.9586402149450466
503 37.62591154589824
504 0.7105876553596497
505 0.8473002575010937
506 2.373054434555132
507 2.1307592589350883
508 1.404690874254312
509 0.0025185885886500345
510 3.8562092173705014
511 26.269491992460036
512 0.33421787588350343
513 0.1365343443315157
514 10.323374620845213
515 0.5009332981880821
516 0.8501497995430595
517 1.4640052453072796
518 2.9500521209680985
519 0.28736611338358314
520 16.72653181919785
521 0.4740468113679185
522 3.0858565781375464
523 0.04301543088855099
524 6.331277067481744
525 7.9621013653224075
526 4.502188266398184
527 4.015796395979682
528 1.0996355548841976
529 2.3371138285143886
530 0.4142774829741928
531 3.0530351924128687
532 8.88426105195625
533 0.45824485684073607
534 0.011545336704397903
535 0.32328171199547884
536 0.5746673500814924
537 3.99001926617704
538 0.8753799767755521
539 5.385651402408191
540 0.8028943991772592
541 4.130456861215237
542 0.0010625544292937768
543 5.461420256846371
544 13.254861972366578
545 2.217637805448958
546 9.711023794879496
547 0.5090151996151268
548 0.6121795357023044
549 0.8523978185598445
550 0.21341715520740734
551 3.8069873314299776
552 0.12176183646779792
553 0.0010121453846829434
554 0.5435778567414045
555 2.7102599803968546
556 0.7034310548822704
557 0.08745080678530884
558 0.7935233972434874
559 0.25859806489829673
560 2.9123522334313185
561 0.378582460750452
562 24.28543615974221
563 0.425191993134692
564 1.5672142516401015
565 0.7453913716211349
566 0.3170202351210134
567 0.2844352787115847
568 0.29674450795469676
569 19.891501500620542
570 1.397639091993214
571 2.803642720349973
572 10.470406432392018
573 0.2782120048868591
574 0.9607241349550413
575 1.1470672174355783
576 0.40197585631454275
577 0.36712419933850393
578 0.2699180778527056
579 0.11138907733002094
580 0.039359387758720936
581 0.27377961056943667
582 1.6959926366944462
583 0.8205697337432227
584 0.8372680296270057
585 1.2083875307586318
586 497.8228475216089
587 0.6281613308313987
588 175.63002594665087
589 0.2541685284648204
590 0.5361661970420234
591 16.872510874335305
592 0.18885084859851964
593 2.8881971167068974
594 0.31672362395791887
595 2.0255063656343344
596 0.3688768176431356
597 1.3637188589343938
598 1.1705702948935628
599 0.2552775435618153
600 0.056890151010964674
601 2.743040162594461
602 2.5610817440529074
603 0.918727513602503
604 0.30349418717827403
605 0.006759225770366084
606 0.18247394155229388
607 0.8845995637953522
608 2.141195422792563
609 1.0732889519075142
610 0.838189118561809
611 0.6725445457395112
612 0.910579090327897
613 5.138960068000528
614 1.135788454436656
615 42.947238767543794
616 1.3702638203166788
617 0.4606162140812011
618 1.0054034719308136
619 0.25760852801633227
620 0.34114193776132257
621 0.5144931398705802
622 5.160519529142404
623 2.401060630649716
624 16.438548443011836
625 1.2846431362809614
626 107.64999697623605
627 0.49329344269313413
628 0.5372140793129683
629 0.5337330100956476
630 0.5657717362131143
631 0.20443619148627087
632 1.4056040583775673
633 0.8414256944371904
634 0.11034178779043577
635 0.06211742754051877
636 1.453294689749945
637 3.303136249447128
638 0.6472916395403001
639 82.91168399708361
640 1.3473922659492827
641 4.531209807667554
642 11.268034009705167
643 16.099961236641676
644 0.5199608381495293
645 2.810146757429431
646 0.16100648975226417
647 0.8180379174027306
648 0.011670150151939509
649 0.018499872068299332
650 1.7497282067872222
651 2.1114119549927155
652 3.465832302509158
653 0.562983664735906
654 0.5010241531401144
655 0.9508914609236929
656 1.025058031024059
657 0.3218990636838193
658 0.29717516927516674
659 1.761898429990437
660 0.8183735213594108
661 0.11968280291835355
662 0.873995912050855
663 5.625810531851533
664 0.5675625249402061
665 0.24272215017249316
666 0.21838729401089588
667 3.0553642134088204
668 3.9134694124742
669 0.011832735908641904
670 17.19756785633252
671 1.0245118576304952
672 0.13618969491788294
673 0.5820063614672267
674 1.5859160592377373
675 0.1508495905920815
676 0.8187312865505253
677 0.2729175105565552
678 0.0359640991281209
679 0.8982251552948702
680 0.29208490739035026
681 0.6311775312841601
682 1.502309477529593
683 2.7919399300038474
684 22.73811498007064
685 294.6137211352886
686 3.460446561589177
687 2.3379293892757373
688 1.9118189879193968
689 0.0053920851685943134
690 5.7795037660061785
691 1.3418216379335983
692 0.08365130679427192
693 1.2730944847453554
694 0.1451184315798133
695 0.9944614392933667
696 0.7879877935048134
697 0.2129819003966757
698 10.562179046370195
699 1.4252768974774737
700 0.042608222840304084
701 3.6763693877060546
702 0.12754537857293974
703 3.390304734294595
704 1.1096387753022738
705 0.12858855583300108
706 5.714051705467468
707 12.48597109079857
708 17.030138090509894
709 0.3659819750741409
710 2.2328281867911333
711 1.220994938891806
712 0.4574482552658192
713 1.5295899547872538
714 0.5760168322101707
715 0.6053840638370662
716 2.851726408118318
717 0.6649554927290701
718 1.824706567902207
719 0.4199541050791818
720 0.7376788159485693
721 5.714604427644283
722 0.9717113730949646
723 2.1794077045818785
724 2.4225472737119578
725 0.4626103699073773
726 2.4861826445906883
727 3.6501451594800005
728 0.4613974824900335
729 237.6362145133017
730 0.0365206690247451
731 0.9458024675140527
732 0.03514875752690946
733 1.8995259634345811
734 16.13447511796426
735 0.004104868029097172
736 0.43632621729508364
737 0.7455350089819216
738 0.5219014420129041
739 2.9478388071256205
740 5.609319742267501
741 0.057279597315934315
742 0.3798863330777751
743 1.4251608449242434
744 1.4563300705163111
745 0.020603877416810423
746 0.6149788311526562
747 79.40380090872175
748 0.3480563227882341
749 2.0383746755973995
750 0.7759663490101631
751 1.1404179272791628
752 0.4209180987044805
753 0.45841724995427585
754 1.686542706255009
755 0.17877215466655605
756 0.3075846059914965
757 1.4054467526492123
758 1.634699138175008
759 6.1041317424990424
760 0.9377485381216354
761 2.571014596299713
762 0.20662172808082993
763 0.47771257155695906
764 0.8833413162798277
765 0.2814093092355071
766 0.24560689124769242
767 1.963440311244492
768 10.962272661889305
769 0.08219219944405781
770 0.6058907415445977
771 2.99755329039311
772 0.7034573435997147
773 0.5088800347223862
774 1.4864744881489078
775 1.7998185973347844
776 0.21097291460614098
777 0.8530173178621142
778 1.1176444304389876
779 0.006378986076553826
780 0.004038702029125658
781 18.922451707890335
782 4.429815982597568
783 4.6596191504226
784 0.5145506074232904
785 3.137528002853601
786 10.119653849547692
787 0.9492605567026712
788 5.834372601441595
789 0.19268509957699606
790 64.26102882938673
791 0.10454966081665819
792 17.541131297618456
793 1.2755996781841328
794 6.681337964644395
795 0.9484820300197024
796 3.3976927698564485
797 72.70029394720721
798 1.2560682157322636
799 0.1363058562038116
800 30.374707684477688
801 2.7964511662702005
802 0.459238382086823
803 0.8742423938881791
804 0.5067985916242005
805 0.9634823890526375
806 0.20136468232643254
807 0.6214373877249816
808 0.033860093403939716
809 0.10895491474742808
810 0.05989797051200281
811 0.0645793063443615
812 1.0130527138179521
813 4.256658002232525
814 6.830911543609708
815 3.36881899705699
816 13.077888625485443
817 0.21304359789485616
818 0.0884337035292152
819 0.09915048740751049
820 0.4286956125282811
821 0.3451423606460629
822 3.5993645996055745
823 0.6656602376662182
824 0.6270368837947357
825 4.1349610631518825
826 15.877924938193376
827 0.6281031401212427
828 0.08455439462970013
829 0.004963967978329505
830 3.521711583695173
831 9.905568494516235
832 0.7088479360449258
833 0.8986983539196541
834 0.8441308279218771
835 22.142503849053075
836 2.5124472968040257
837 460.20131260138965
838 1.180473934045207
839 0.11896277262446614
840 0.16220970559592124
841 0.8385429869839767
842 0.9016804930490478
843 0.43329372840054314
844 1.2181718343507097
845 2.477689521410183
846 1.579527733254477
847 0.5228967860240634
848 0.08161128226273301
849 0.4357380230655571
850 0.13771658637763476
851 0.3617056540360415
852 110.67213281777484
853 2.6930414091982655
854 0.05190990804715413
855 0.28807377613289414
856 0.06004589137358201
857 0.4338503064905288
858 0.7403264557322835
859 0.004530237672297378
860 0.36675638272228417
861 0.027075118145980258
862 2.782622855078646
863 1.4810198555824035
864 5.063679552065874
865 1.5740931641956812
866 0.6520280958325388
867 1.1383568257178909
868 0.34345720475763286
869 0.3721900886706171
870 1.024170911466168
871 0.5656132283804135
872 7.196857829626912
873 5.009172318440746
874 2.696921119283481
875 11.907555930196631
876 2.881662989398259
877 1.8377418959567617
878 0.0857177741172383
879 0.6110160095223757
880 1.6414632066143682
881 0.6890842066949266
882 0.2751227535491491
883 0.673122517394954
884 0.028002324371542434
885 1.0260329658274394
886 34.60389919250825
887 31.100880161348122
888 8.19443386657356
889 0.4731539491268147
890 1.993296660303889
891 91.31409644740341
892 1.230465029431468
893 2.6491639849157247
894 0.9963460519334072
895 0.0072602023599371325
896 51.46039115639875
897 1.16056166852679
898 0.19836162547796243
899 1.1642661503762954
900 0.5920049203406637
901 5.545686717908414
902 1.1560085418361479
903 3.2997470582899946
904 2.694391752674412
905 13.405774420244377
906 0.12284719353410609
907 0.6031062182828206
908 0.45964768556853824
909 0.6430316838739385
910 0.4919819759182249
911 0.8902396831785543
912 6.722754335834747
913 2.026954724465737
914 6.883256331744209
915 0.10528108141614682
916 0.8747498351492783
917 1.246567431827768
918 1.1288495510725767
919 0.4892679291450037
920 1.6453394541330655
921 0.061182102411143406
922 0.12607726455717277
923 7.714614115513806
924 0.008756711765677978
925 0.40529011315901464
926 0.7712259730305119
927 0.031244987727820528
928 122.09051633799338
929 0.16533935813367262
930 1.5380007998468601
931 1.7195719054417156
932 1.2960801954573702
933 0.8755861570549353
934 11.91649340860148
935 26.22916565979482
936 1.8882868884274535
937 0.09317430510486914
938 1.776474820610747
939 0.11242346237255382
940 1.6673079281629062
941 0.9959306844248181
942 0.6600166651188761
943 1.5875930249787873
944 307.30609993925293
945 0.2593730132932941
946 3.732161542915418
947 1.8635628557931467
948 0.8270982842746246
949 1.6714664348376633
950 0.8083694903117137
951 0.31696794629650976
952 149.60831714854294
953 3.3156524629388455
954 4.723431991128191
955 0.15253208671497206
956 2.7406088276773675
957 1.247272570881394
958 3.3665694783235613
959 0.023774757430237936
960 0.5772932101962139
961 0.16092685578809202
962 0.38685033940902747
963 0.17523672050230682
964 0.11888134673476919
965 3.8444603475642793
966 1.241282227505017
967 3.7251081530695975
968 0.7706805338184033
969 0.5891701545906997
970 0.6403414047351818
971 0.24706237640168774
972 0.06617550632834002
973 0.6549077203013447
974 1.2505220962907195
975 1.3485078023832373
976 0.0093013498106207
977 1.1330082949130276
978 0.03199390814111334
979 0.6492545660933884
980 1.8202273452906506
981 51.78293966003336
982 0.4260900349587652
983 1.5071605480590977
984 0.2789238571674021
985 4.624107585072629
986 0.5940374220162183
987 4.534970307160885
988 0.1254383966940271
989 0.5680812496098813
990 0.49733769512819126
991 9.594074980627973
992 0.035098596499645966
993 0.20670796065643918
994 4.1525444291527815
995 0.21591454485019104
996 1.0688361941055715
997 2.4253548455175356
998 1.2126214438277427
999 3.3619657459675443
1000 0.13357625360643674
