6 451 447 707 635 997 143
6 170 81 483 637 356 430
6 797 678 288 771 755 875
6 137 619 236 200 937 145
6 866 221 939 77 633 565
6 267 301 384 650 124 236
6 654 700 921 807 556 711
6 322 102 89 300 540 189
6 881 459 533 985 339 791
6 965 334 607 263 95 714
6 782 175 347 250 108 148
6 411 78 236 38 774 973
6 914 242 20 746 3 277
6 468 276 205 453 656 652
6 6 384 358 575 465 570
6 942 397 462 839 186 370
6 137 326 370 411 703 561
6 597 383 568 708 283 44
6 451 523 458 778 613 38
6 866 771 998 684 386 596
6 720 657 193 604 925 714
6 910 822 795 661 909 981
6 913 221 709 11 735 292
6 123 213 417 44 662 572
6 817 213 52 488 861 696
6 487 785 170 52 96 842
6 390 95 258 399 725 528
6 410 518 446 996 581 122
6 331 614 253 653 177 122
6 393 200 243 974 764 339
6 619 375 8 858 853 626
6 811 315 813 653 665 111
6 539 154 700 667 344 714
6 487 182 557 376 585 415
6 435 974 167 409 176 687
6 217 509 133 172 189 38
6 212 160 566 840 728 470
6 712 464 491 993 734 132
6 654 20 509 743 814 317
6 55 640 226 287 499 392
6 834 749 891 392 252 292
6 844 424 959 488 740 428
6 748 509 887 714 520 241
6 830 379 933 846 757 11
6 620 229 263 254 277 861
6 536 769 812 399 842 174
6 243 408 421 701 313 13
6 971 369 715 233 414 663
6 243 18 928 829 612 759
6 976 845 952 669 792 960
6 123 911 215 879 226 825
6 159 47 880 794 474 346
6 442 295 438 560 844 411
6 927 27 532 313 341 641
6 489 788 779 149 93 541
6 930 704 182 180 480 714
6 267 530 461 746 641 13
6 838 255 363 189 907 132
6 373 204 857 334 480 467
6 371 89 203 37 97 19
6 274 984 137 970 947 76
6 912 950 622 949 348 844
6 377 713 883 108 132 596
6 931 265 632 60 718 520
6 212 675 118 526 96 261
6 896 284 354 526 645 329
6 785 105 194 13 979 641
6 780 228 278 317 612 677
6 230 163 317 792 590 906
6 17 359 389 286 470 989
6 232 18 380 251 761 9
6 393 185 613 394 944 122
6 524 646 161 166 356 241
6 620 461 990 25 817 148
6 557 451 489 268 753 976
6 328 172 405 567 537 391
6 342 641 764 218 581 166
6 866 894 896 121 8 602
6 301 694 832 254 128 981
6 518 424 793 765 637 132
6 804 701 393 9 178 575
6 163 594 946 285 486 772
6 293 512 43 346 386 663
6 668 892 83 300 680 235
6 337 564 139 985 257 825
6 709 377 830 509 176 241
6 301 104 385 495 850 30
6 693 985 175 78 835 805
6 742 782 919 904 958 906
6 225 510 984 580 827 551
6 408 209 292 93 759 298
6 974 933 609 769 296 670
6 249 161 116 382 990 957
6 830 286 990 275 978 957
6 666 93 36 820 953 176
6 526 826 580 711 817 101
6 854 617 874 469 680 759
6 435 647 284 163 349 165
6 606 649 105 132 926 872
6 517 537 901 47 288 929
6 72 659 52 750 309 490
6 597 676 201 259 516 400
6 167 821 840 207 374 493
6 6 504 5 953 869 76
6 534 895 627 602 394 746
6 886 771 125 975 250 672
6 636 988 795 801 906 330
6 866 5 447 100 914 416
6 455 997 768 702 719 800
6 599 327 72 777 403 658
6 50 491 736 75 370 773
6 838 55 131 427 142 525
6 720 660 140 795 326 407
6 541 443 117 414 805 553
6 849 326 422 250 46 650
6 353 1000 774 38 799 641
6 654 15 741 226 963 326
6 736 98 442 381 21 220
6 185 988 303 405 159 941
6 324 133 988 295 548 366
6 212 563 196 269 450 31
6 917 944 997 168 240 345
6 250 33 591 183 765 404
6 83 600 930 994 959 989
6 557 503 628 821 103 915
6 694 387 39 256 532 786
6 674 629 413 61 878 416
6 349 64 58 866 285 329
6 946 618 40 475 254 195
6 644 655 817 269 753 613
6 62 931 914 281 96 536
6 606 156 213 238 890 857
6 212 614 529 73 773 448
6 674 169 826 534 47 947
6 770 674 174 992 743 510
6 316 424 593 805 181 803
6 580 831 702 373 803 79
6 517 742 810 219 413 504
6 433 264 518 190 617 53
6 363 628 409 653 855 897
6 90 697 547 912 884 773
6 426 735 162 113 912 703
6 579 488 966 813 181 957
6 863 662 290 171 668 295
6 270 36 810 941 771 362
6 491 812 546 174 832 1000
6 134 398 458 242 452 888
6 807 709 579 939 96 858
6 188 997 707 539 69 48
6 340 84 266 684 100 980
6 398 477 1 701 750 470
6 720 962 512 203 612 254
6 807 61 273 817 120 746
6 457 525 861 186 396 786
6 881 214 720 421 52 128
6 65 112 935 982 346 352
6 221 751 93 249 814 799
6 624 839 649 757 690 603
6 867 313 986 387 11 616
6 211 508 45 290 129 765
6 512 242 303 765 310 670
6 319 402 673 680 41 19
6 452 800 728 765 13 883
6 206 27 859 941 126 357
6 738 546 939 686 144 161
6 389 200 955 401 684 957
6 666 927 876 571 759 755
6 457 438 839 932 360 520
6 917 801 952 101 311 26
6 568 115 477 142 18 982
6 133 540 366 368 416 852
6 5 9 676 996 846 956
6 1 20 838 598 637 791
6 90 955 983 137 600 536
6 237 91 499 108 352 621
6 790 367 170 182 216 292
6 867 674 121 156 995 332
6 301 612 297 213 380 38
6 104 636 18 159 148 15
6 324 823 249 16 963 872
6 338 495 738 593 348 96
6 91 275 362 150 325 998
6 620 789 726 682 908 596
6 63 745 701 363 959 143
6 293 28 833 445 679 241
6 530 610 532 452 797 989
6 364 997 766 344 623 150
6 494 768 858 135 239 929
6 638 642 584 344 585 89
6 221 834 787 701 404 665
6 65 260 716 405 368 352
6 806 494 884 990 306 11
6 88 810 182 313 734 68
6 378 659 451 513 407 184
6 811 336 264 818 300 152
6 293 834 134 972 532 929
6 624 447 901 527 812 436
6 125 214 478 189 965 820
6 312 664 437 261 976 583
6 974 319 201 778 45 341
6 522 682 672 227 216 242
6 49 344 679 8 901 273
6 794 890 269 436 572 156
6 221 359 999 850 157 129
6 881 261 346 407 791 681
6 651 246 121 449 10 551
6 645 571 183 669 951 618
6 178 410 510 742 444 621
6 939 488 740 702 12 450
6 388 322 164 405 706 430
6 578 456 766 975 679 820
6 146 817 456 322 124 382
6 527 603 565 869 989 430
6 106 433 489 523 864 277
6 588 686 127 757 650 429
6 854 895 941 156 837 428
6 760 358 83 167 22 997
6 764 603 715 512 994 247
6 128 246 237 841 901 724
6 720 930 142 24 271 45
6 64 823 210 436 724 384
6 697 70 211 100 298 462
6 274 513 491 81 916 176
6 950 582 809 550 143 56
6 599 238 317 719 326 239
6 212 586 812 496 864 851
6 638 112 90 692 758 773
6 830 636 840 363 718 446
6 115 573 563 325 77 958
6 552 373 230 21 663 76
6 37 914 19 903 919 166
6 517 54 40 878 612 234
6 775 491 929 600 778 79
6 614 876 449 140 308 816
6 212 839 749 65 529 540
6 438 955 72 634 415 403
6 340 620 697 519 690 656
6 636 601 775 466 779 939
6 64 522 732 745 934 339
6 354 784 776 344 991 405
6 51 191 536 712 968 180
6 552 689 443 755 959 583
6 627 625 115 783 873 885
6 780 617 230 281 505 500
6 603 854 563 72 707 498
6 921 406 603 615 314 396
6 723 153 225 295 972 19
6 931 203 18 615 303 434
6 6 20 311 884 786 9
6 312 152 137 516 157 940
6 631 643 510 316 535 960
6 798 971 447 572 746 815
6 538 58 421 165 851 989
6 193 751 185 47 443 727
6 465 473 230 462 165 19
6 59 701 124 837 911 252
6 202 326 684 743 127 585
6 163 907 711 83 427 687
6 699 377 697 258 556 475
6 212 54 406 459 482 78
6 451 74 138 262 467 656
6 746 358 163 268 592 993
6 899 774 988 689 793 111
6 826 765 928 712 127 463
6 364 726 365 887 516 753
6 939 363 887 352 187 427
6 90 762 65 630 603 248
6 554 290 355 188 976 958
6 849 238 569 351 100 411
6 702 699 713 261 714 107
6 505 565 560 379 584 470
6 115 591 169 252 411 38
6 890 219 389 757 431 251
6 542 606 904 275 470 66
6 913 630 834 426 149 107
6 270 863 459 155 600 754
6 952 576 421 89 38 483
6 717 904 895 228 68 504
6 739 598 625 840 256 483
6 185 643 634 887 882 848
6 595 627 918 839 285 140
6 908 891 47 58 34 883
6 338 487 44 172 977 586
6 630 783 854 891 394 797
6 654 529 539 302 805 828
6 718 308 545 979 463 940
6 478 641 434 299 475 484
6 594 259 606 139 95 846
6 266 685 91 909 127 483
6 529 965 762 228 925 24
6 402 577 326 60 46 553
6 651 935 876 782 646 812
6 789 530 279 688 592 875
6 854 302 159 96 124 69
6 609 455 460 143 976 825
6 823 18 582 178 754 490
6 188 178 305 9 404 291
6 417 226 573 363 285 706
6 338 823 619 882 846 89
6 866 243 749 507 888 570
6 337 556 632 49 111 547
6 614 870 433 397 380 521
6 873 523 164 490 66 241
6 863 155 880 605 356 600
6 745 535 278 363 400 79
6 672 736 501 194 188 135
6 422 1 309 735 429 527
6 694 319 751 16 395 247
6 518 62 235 796 781 905
6 784 383 47 899 688 66
6 898 138 910 179 219 893
6 514 32 291 73 60 791
6 312 513 21 827 728 758
6 41 740 170 158 588 935
6 739 67 708 934 995 158
6 961 898 187 583 644 953
6 854 286 439 35 825 180
6 385 270 841 36 953 570
6 441 686 694 919 348 300
6 895 138 533 927 770 832
6 187 157 52 458 405 585
6 728 259 25 20 652 797
6 6 971 282 342 965 860
6 187 59 992 150 390 39
6 728 38 769 796 656 356
6 569 324 920 87 113 490
6 277 617 861 474 778 284
6 555 7 435 934 43 42
6 881 455 584 806 105 996
6 675 794 138 728 407 525
6 589 202 182 639 469 414
6 913 729 622 476 98 724
6 789 534 742 193 589 818
6 614 963 744 829 532 294
6 262 185 149 957 416 76
6 954 477 262 111 440 756
6 559 642 519 582 278 786
6 346 170 669 411 805 596
6 446 154 267 960 668 805
6 272 408 280 454 892 241
6 708 238 771 348 829 167
6 25 780 172 262 350 665
6 529 595 997 402 816 616
6 351 485 20 505 453 759
6 550 965 544 576 119 528
6 625 334 818 57 9 476
6 212 654 51 149 357 690
6 887 479 688 93 561 794
6 811 369 970 677 805 387
6 364 41 509 740 885 368
6 763 784 709 60 19 897
6 560 151 715 768 23 551
6 457 45 565 445 906 188
6 260 536 825 230 713 740
6 301 36 925 802 397 872
6 488 601 399 639 608 365
6 381 933 420 226 18 150
6 510 489 853 985 412 116
6 61 60 824 527 770 905
6 328 459 906 184 39 816
6 203 58 340 547 200 222
6 263 788 381 346 951 113
6 302 421 187 286 166 618
6 97 645 452 491 182 911
6 605 839 443 659 295 180
6 517 689 718 634 941 825
6 210 583 561 637 778 803
6 331 6 744 925 869 305
6 636 293 49 731 389 773
6 735 510 997 952 505 122
6 276 5 116 202 728 696
6 534 342 412 841 150 330
6 71 984 995 645 783 915
6 14 335 933 650 167 107
6 25 854 984 723 58 940
6 784 971 724 834 269 816
6 5 777 193 340 805 268
6 91 672 185 957 45 379
6 629 653 580 723 883 979
6 579 226 77 345 711 820
6 99 276 976 985 948 391
6 876 914 100 175 803 725
6 798 980 883 818 945 581
6 636 701 765 10 584 245
6 383 770 164 877 719 848
6 279 723 62 761 499 130
6 997 961 826 63 57 786
6 554 562 544 736 639 279
6 801 407 979 719 868 696
6 794 374 327 812 820 298
6 202 760 970 812 800 479
6 315 571 694 985 407 304
6 766 904 94 490 483 960
6 6 804 453 43 370 656
6 919 367 572 435 824 162
6 328 512 165 22 773 499
6 552 269 180 51 824 171
6 775 85 609 628 63 356
6 88 286 858 348 252 959
6 365 178 106 780 75 828
6 186 351 164 32 275 959
6 137 247 762 227 204 925
6 523 453 650 291 130 993
6 999 243 684 824 130 592
6 158 528 184 937 370 848
6 806 21 348 126 278 869
6 538 367 547 890 181 626
6 666 373 634 686 116 345
6 574 47 818 268 9 979
6 478 969 200 903 779 127
6 917 195 506 532 923 878
6 830 517 71 446 445 691
6 704 819 386 612 856 490
6 736 175 24 19 53 107
6 769 904 25 138 697 570
6 393 995 217 482 751 652
6 522 17 936 317 712 300
6 780 264 890 283 500 685
6 80 987 233 693 350 566
6 538 364 577 385 476 670
6 212 917 433 445 567 109
6 28 705 482 696 254 841
6 705 717 537 450 960 11
6 91 28 728 384 992 735
6 896 810 20 409 697 880
6 59 424 420 587 126 116
6 487 338 816 943 759 467
6 614 246 655 36 45 288
6 432 467 289 252 370 929
6 16 300 496 60 835 289
6 204 613 154 162 73 820
6 80 533 434 280 165 878
6 221 255 893 397 265 888
6 223 137 206 208 11 897
6 406 441 183 690 423 581
6 591 987 394 770 759 122
6 385 685 439 45 778 797
6 426 984 524 400 210 616
6 266 503 418 674 578 979
6 645 254 404 506 829 372
6 251 95 861 120 346 926
6 785 419 949 145 329 842
6 133 449 51 628 13 122
6 552 785 431 518 613 553
6 745 260 130 865 494 687
6 711 547 69 982 515 566
6 6 435 190 203 556 484
6 672 146 13 165 952 751
6 398 197 190 305 366 76
6 624 5 602 731 762 801
6 675 220 516 852 500 872
6 775 741 740 46 83 727
6 578 943 741 247 667 248
6 804 560 792 885 516 581
6 173 534 426 910 453 652
6 337 999 826 752 462 985
6 809 148 840 664 73 890
6 432 761 120 240 257 521
6 594 575 156 386 976 79
6 651 826 839 868 133 122
6 514 975 267 114 753 490
6 597 666 154 522 995 960
6 866 101 723 249 738 422
6 219 580 908 388 598 344
6 678 204 935 227 105 703
6 682 625 128 425 962 549
6 6 507 436 987 535 923
6 950 526 961 151 710 691
6 244 28 198 214 56 430
6 473 145 210 222 33 142
6 914 297 203 878 341 960
6 324 337 133 941 829 248
6 86 168 571 634 748 667
6 46 887 990 792 885 980
6 660 374 947 163 394 176
6 550 749 623 410 855 48
6 931 52 4 822 747 765
6 447 71 965 899 394 994
6 457 738 104 882 303 628
6 359 477 336 295 440 521
6 514 397 507 980 585 553
6 378 418 529 283 711 912
6 898 546 323 54 587 150
6 699 530 585 105 508 721
6 950 90 521 555 778 589
6 70 313 944 431 350 765
6 620 810 791 114 240 11
6 123 395 928 126 731 989
6 478 984 13 188 889 551
6 744 253 908 373 958 480
6 689 616 853 295 484 42
6 106 18 131 284 498 905
6 515 250 435 150 877 860
6 723 732 538 635 611 241
6 301 52 862 325 758 463
6 338 17 560 773 392 799
6 900 634 678 933 10 275
6 495 524 353 895 458 669
6 745 151 1 904 641 570
6 586 99 983 555 345 380
6 969 134 43 46 30 490
6 126 331 102 569 728 751
6 182 442 450 488 350 834
6 569 591 673 222 418 929
6 879 273 525 52 611 322
6 98 738 19 242 669 345
6 931 311 901 84 499 940
6 6 736 969 394 150 325
6 930 71 254 124 445 905
6 545 850 649 608 486 415
6 164 27 667 20 449 973
6 617 497 108 303 283 356
6 931 576 720 222 869 429
6 350 351 794 763 847 279
6 651 871 928 49 603 635
6 563 491 855 958 113 714
6 694 451 136 622 658 8
6 617 780 705 834 819 812
6 398 9 764 916 727 670
6 631 115 530 910 10 706
6 215 354 71 331 260 24
6 359 582 731 554 168 509
6 959 82 963 909 520 803
6 167 794 183 49 424 98
6 255 554 668 145 981 79
6 730 542 402 84 394 78
6 487 790 71 887 872 875
6 988 531 484 265 671 714
6 834 542 406 552 454 719
6 293 487 172 730 135 366
6 253 866 41 653 981 24
6 170 421 675 267 441 363
6 963 338 250 91 820 724
6 559 705 730 879 806 411
6 174 464 146 831 924 317
6 33 424 26 313 453 142
6 187 617 389 893 814 767
6 732 6 532 562 441 689
6 773 316 969 664 309 130
6 987 74 629 51 138 252
6 358 647 99 410 205 483
6 774 450 282 455 537 926
6 536 244 184 956 982 298
6 573 649 827 205 865 737
6 625 638 41 37 807 485
6 145 896 223 957 801 304
6 328 574 535 934 258 757
6 625 297 286 532 275 195
6 647 203 978 965 53 296
6 264 408 862 836 158 868
6 223 65 414 379 536 114
6 777 711 793 306 429 24
6 954 732 504 880 567 656
6 50 185 274 414 290 241
6 37 121 736 590 99 160
6 682 578 96 575 679 767
6 390 368 143 749 583 127
6 918 838 343 75 434 132
6 630 136 186 711 531 192
6 475 956 908 355 250 484
6 101 313 737 892 265 869
6 120 78 908 135 106 57
6 620 974 417 429 665 903
6 353 83 242 198 993 868
6 5 238 58 212 489 320
6 534 44 661 583 976 236
6 265 881 738 961 320 663
6 402 252 34 132 181 897
6 744 879 500 382 127 34
6 609 768 265 317 640 490
6 448 643 190 794 690 303
6 667 748 311 802 507 103
6 336 517 748 178 889 124
6 80 348 110 718 60 416
6 371 503 151 506 753 786
6 931 27 718 699 733 650
6 422 762 177 462 480 880
6 407 502 547 439 953 141
6 811 675 365 548 979 194
6 950 555 365 339 998 650
6 32 690 336 918 858 241
6 881 7 774 291 128 687
6 168 716 970 223 652 21
6 238 984 890 982 926 848
6 931 36 335 299 960 470
6 601 393 264 439 798 416
6 974 948 188 624 288 566
6 664 782 114 374 663 76
6 886 393 57 654 10 248
6 221 154 911 139 884 278
6 91 140 20 422 578 287
6 449 997 41 139 906 860
6 312 146 531 659 946 439
6 548 826 874 189 871 712
6 324 501 20 11 905 76
6 809 509 23 500 867 608
6 804 286 607 709 803 758
6 286 37 200 31 872 549
6 255 202 707 798 357 370
6 296 990 679 261 960 553
6 215 102 991 893 45 372
6 723 58 719 303 361 490
6 732 986 7 901 445 35
6 678 981 237 890 978 440
6 99 340 338 693 946 818
6 134 519 474 467 565 415
6 631 918 792 56 734 329
6 58 475 885 42 692 218
6 206 546 254 822 755 304
6 283 266 418 138 972 490
6 323 346 417 450 416 493
6 503 446 266 579 240 551
6 694 964 547 422 817 274
6 263 614 952 944 997 901
6 324 75 762 544 718 329
6 961 121 685 558 160 122
6 700 654 75 338 650 869
6 514 433 586 666 645 940
6 538 406 624 351 177 1000
6 468 314 744 796 827 290
6 284 293 950 856 588 278
6 914 615 733 462 199 814
6 50 174 515 556 859 843
6 115 996 792 387 637 856
6 715 492 362 261 188 31
6 881 271 705 648 738 287
6 766 924 578 404 224 241
6 813 451 952 216 909 973
6 675 967 355 892 242 290
6 917 336 544 335 51 991
6 5 785 454 461 87 467
6 574 333 926 261 681 815
6 597 55 988 99 483 639
6 212 498 918 937 9 48
6 629 71 850 840 539 588
6 266 937 764 640 936 493
6 538 807 353 438 419 531
6 651 769 851 533 251 786
6 185 966 757 777 368 330
6 282 417 187 511 800 915
6 811 589 674 402 129 925
6 253 556 204 170 774 820
6 272 893 508 581 476 428
6 419 605 494 658 141 722
6 383 797 565 317 772 234
6 643 436 915 452 980 741
6 917 952 840 776 854 856
6 485 65 614 630 227 33
6 115 65 351 757 491 35
6 559 272 829 761 771 951
6 715 666 478 591 412 321
6 272 302 94 352 218 957
6 732 707 71 696 357 9
6 74 617 291 444 94 294
6 685 349 665 184 796 19
6 908 534 694 771 428 641
6 26 399 236 385 370 48
6 602 126 350 271 680 551
6 150 397 265 353 160 30
6 211 873 452 800 656 4
6 648 508 874 87 604 911
6 961 399 865 105 56 19
6 297 86 568 375 658 496
6 54 782 585 186 640 179
6 961 198 191 915 471 822
6 14 145 315 585 572 507
6 25 583 668 258 998 755
6 351 662 256 787 640 127
6 214 507 373 93 865 109
6 84 959 604 650 9 889
6 146 112 433 455 980 171
6 355 523 554 433 192 905
6 229 974 590 996 959 868
6 420 538 168 425 869 835
6 168 88 705 216 737 414
6 500 46 680 400 727 799
6 367 742 554 282 227 786
6 696 410 783 770 875 31
6 328 744 611 866 667 32
6 591 699 795 822 329 21
6 313 858 523 919 852 181
6 920 127 877 231 803 132
6 104 374 578 657 882 122
6 37 151 339 837 250 254
6 965 74 612 992 603 314
6 29 336 424 891 105 907
6 244 456 645 908 8 180
6 243 702 683 585 774 999
6 91 573 340 96 837 103
6 6 810 781 635 741 801
6 161 339 733 497 661 314
6 222 671 161 412 635 868
6 203 751 794 648 534 45
6 147 70 334 684 623 639
6 851 138 966 968 695 621
6 426 297 895 573 95 403
6 266 120 655 204 185 208
6 331 121 110 20 835 602
6 745 630 914 506 831 721
6 456 457 39 431 146 832
6 527 529 780 488 925 181
6 707 534 613 759 592 621
6 432 986 725 93 741 786
6 202 472 283 189 751 142
6 497 385 315 189 817 652
6 785 317 327 934 103 953
6 118 576 202 284 89 621
6 568 812 642 239 508 949
6 707 944 909 233 925 843
6 212 514 617 194 294 521
6 85 735 711 58 915 428
6 14 644 856 116 872 612
6 212 562 717 391 477 191
6 256 507 650 211 525 414
6 682 567 1000 361 758 130
6 260 323 742 165 571 912
6 52 732 206 744 884 565
6 373 587 150 422 231 737
6 293 795 418 958 525 77
6 601 39 572 644 411 362
6 595 936 749 576 41 126
6 648 562 191 205 770 820
6 505 523 627 783 864 490
6 574 620 336 850 211 66
6 378 15 381 49 317 926
6 954 894 647 333 450 786
6 745 694 314 137 10 405
6 29 729 688 947 911 722
6 73 488 49 810 162 166
6 913 272 676 780 634 300
6 591 944 827 173 207 34
6 878 342 506 941 191 759
6 523 474 60 30 482 171
6 574 25 737 883 295 957
6 367 444 282 232 160 801
6 512 263 895 317 962 610
6 562 381 26 352 9 996
6 685 580 534 664 454 897
6 780 342 230 110 205 57
6 922 504 24 416 222 525
6 942 349 17 170 87 79
6 159 331 644 757 360 32
6 433 226 728 972 725 561
6 153 836 530 439 781 945
6 117 308 143 250 820 641
6 102 894 223 974 58 193
6 382 217 645 461 446 889
6 858 37 541 787 662 21
6 419 276 823 498 814 703
6 451 457 634 382 859 755
6 840 106 717 389 532 453
6 997 436 288 258 949 621
6 115 485 851 672 962 995
6 790 830 49 782 693 11
6 729 643 713 699 217 262
6 758 877 726 704 216 68
6 466 762 761 605 242 31
6 984 419 455 112 532 325
6 85 212 573 873 990 794
6 517 678 584 246 389 41
6 969 921 205 578 247 109
6 966 488 792 26 11 681
6 289 98 844 657 701 868
6 654 854 523 540 463 130
6 323 873 167 321 400 759
6 863 61 569 602 45 721
6 229 28 53 606 296 379
6 196 399 435 274 991 330
6 485 932 227 428 714 76
6 819 347 705 532 640 304
6 595 568 622 295 105 566
6 894 401 347 355 303 454
6 569 265 419 400 162 309
6 534 744 967 386 385 403
6 590 588 464 377 429 864
6 153 977 172 727 294 612
6 627 187 634 289 831 938
6 420 649 765 582 119 93
6 383 672 579 563 489 908
6 788 442 58 225 627 722
6 542 831 710 135 329 11
6 95 858 36 725 759 570
6 459 407 126 290 454 851
6 343 351 8 346 721 31
6 745 137 595 598 416 109
6 802 614 401 45 222 39
6 446 70 528 642 113 120
6 358 475 733 541 565 66
6 157 678 823 494 925 592
6 609 479 632 69 162 41
6 694 33 986 433 18 765
6 185 173 710 659 216 661
6 457 301 903 208 415 719
6 731 99 295 778 425 566
6 187 834 89 644 929 756
6 833 202 995 797 339 692
6 809 562 47 955 669 592
6 419 965 98 77 360 374
6 920 136 879 843 856 532
6 63 958 399 823 228 824
6 971 321 524 906 706 981
6 574 253 442 461 918 548
6 62 558 412 452 180 279
6 922 777 833 192 19 767
6 643 769 479 537 83 133
6 934 353 708 515 245 912
6 149 771 234 345 403 19
6 642 236 142 341 981 356
6 222 617 878 529 194 117
6 336 582 339 81 135 755
6 597 774 131 914 155 234
6 918 545 846 801 261 828
6 632 85 492 602 935 924
6 690 693 521 389 907 957
6 172 235 90 865 846 142
6 873 246 317 449 784 791
6 840 632 716 134 44 616
6 952 650 482 153 277 210
6 398 513 839 600 448 79
6 863 41 285 289 467 107
6 39 482 986 662 712 143
6 319 676 253 32 643 721
6 961 927 331 956 524 127
6 221 588 478 4 930 828
6 238 473 476 401 853 13
6 749 265 62 978 778 567
6 523 647 812 275 703 681
6 458 609 29 769 626 756
6 763 399 23 796 791 416
6 609 701 560 697 224 734
6 297 98 979 476 388 68
6 863 609 529 496 506 374
6 264 752 908 699 29 189
6 967 68 847 195 437 962
6 619 259 334 513 473 547
6 14 431 827 857 386 816
6 661 741 622 776 765 698
6 255 264 282 321 325 791
6 619 90 249 158 639 156
6 473 525 137 128 60 621
6 46 609 408 546 450 416
6 221 482 441 479 292 107
6 80 263 481 197 508 991
6 624 942 968 26 116 680
6 316 338 93 335 43 967
6 381 766 769 365 423 176
6 266 492 784 980 409 500
6 457 836 988 205 996 868
6 375 939 672 782 846 391
6 319 928 151 986 458 481
6 808 516 98 828 653 855
6 50 728 16 540 853 622
6 469 464 354 101 905 805
6 468 150 944 53 892 670
6 631 648 160 206 673 655
6 229 221 134 565 405 852
6 102 131 744 455 462 956
6 559 74 781 79 815 490
6 25 302 862 54 311 470
6 893 607 699 436 963 430
6 378 101 14 638 81 596
6 554 594 775 744 920 407
6 518 342 515 285 901 756
6 207 651 43 384 320 592
6 468 739 636 316 190 309
6 229 211 219 438 969 376
6 559 562 415 588 117 257
6 20 544 782 308 773 691
6 601 782 359 988 103 218
6 163 77 360 105 277 553
6 922 586 972 668 941 659
6 266 788 177 852 951 756
6 625 295 136 885 9 119
6 811 713 735 232 247 721
6 432 966 764 414 341 756
6 217 112 276 327 743 107
6 559 790 857 488 285 959
6 821 911 521 916 116 437
6 716 694 935 561 658 411
6 319 894 865 572 210 677
6 569 629 647 743 937 669
6 823 970 182 271 163 268
6 950 18 587 219 46 430
6 492 74 424 616 484 245
6 562 37 365 368 891 938
6 672 197 952 721 54 887
6 431 183 785 128 873 976
6 359 658 740 333 912 490
6 75 98 986 967 242 815
6 348 59 934 835 907 781
6 86 730 451 207 395 859
6 819 628 972 231 208 737
6 739 702 983 755 429 551
6 65 763 357 880 210 32
6 419 347 156 399 642 932
6 886 194 701 203 592 24
6 96 783 544 392 262 756
6 14 564 348 137 51 479
6 157 657 52 852 578 910
6 95 804 614 426 382 600
6 173 485 642 543 279 122
6 377 821 876 23 83 35
6 369 466 599 399 145 338
6 60 315 947 492 53 182
6 895 582 543 535 926 275
6 215 598 949 209 615 727
6 80 514 363 321 208 993
6 569 380 497 854 161 463
6 631 593 378 925 69 397
6 620 205 657 558 281 553
6 136 175 955 209 685 868
6 293 99 522 935 274 257
6 255 413 774 160 770 271
6 284 741 831 718 387 252
6 3 90 716 374 425 241
6 451 529 884 31 584 48
6 264 29 763 638 137 703
6 952 603 944 534 621 681
6 932 859 701 953 440 897
6 529 619 535 803 681 76
6 21 901 700 799 224 570
6 213 135 233 141 363 566
6 54 447 177 710 765 310
6 354 890 322 719 624 500
6 723 955 173 32 549 467
6 399 87 779 20 410 205
6 328 568 353 465 542 92
6 431 275 377 492 235 476
6 192 577 92 857 290 241
6 757 536 163 948 93 463
6 859 796 673 655 396 912
6 282 974 707 316 83 30
6 686 151 60 575 102 258
6 763 711 377 903 275 346
6 631 244 809 228 155 527
6 505 268 604 423 616 30
6 769 931 158 43 826 291
6 954 436 867 318 199 875
6 311 678 973 709 577 875
6 538 819 54 712 105 21
6 914 408 39 760 598 34
6 607 966 952 562 123 549
6 917 110 267 250 158 119
6 491 388 219 608 300 626
6 134 639 375 525 239 828
6 512 169 952 649 174 281
6 732 367 656 280 852 56
6 159 821 944 768 711 306
6 651 460 387 16 818 180
6 975 100 504 703 423 872
6 253 99 526 438 711 703
6 201 908 946 672 607 892
6 858 19 259 438 964 960
6 555 263 757 584 153 803
6 534 789 269 713 887 43
6 862 200 438 231 361 493
6 214 918 261 69 135 938
6 736 173 307 349 892 906
6 22 364 646 335 321 188
6 273 877 102 701 731 976
6 693 659 662 714 275 940
6 319 996 752 383 467 737
6 293 697 509 218 848 122
6 353 193 275 77 157 712
6 373 524 190 436 440 372
6 530 735 290 991 37 31
6 233 840 784 131 391 403
6 720 312 910 810 704 700
6 337 353 804 172 988 663
6 798 941 197 309 454 306
6 625 232 327 962 13 855
6 886 952 599 424 941 977
6 432 880 785 308 803 241
6 85 716 787 192 856 924
6 563 163 146 982 174 851
6 601 274 964 471 179 144
6 70 914 320 910 295 772
6 6 871 788 986 419 290
6 894 554 280 697 733 19
6 536 790 728 34 641 415
6 636 505 807 876 23 893
6 465 206 644 966 162 332
6 512 272 213 37 942 406
6 978 377 419 914 564 415
6 464 817 316 308 191 909
6 921 433 619 215 603 81
6 398 562 513 253 800 679
6 876 38 95 813 986 549
6 187 742 627 282 894 237
6 99 478 784 699 363 687
6 53 975 510 285 945 73
6 676 650 713 192 362 722
6 790 233 807 876 191 901
6 823 259 92 761 409 209
6 331 606 408 424 827 622
6 163 983 862 735 136 332
6 378 331 326 611 445 737
6 693 519 738 885 734 414
6 576 622 901 548 851 681
6 971 47 622 828 668 445
