2 581 900
2 817 695
2 953 703
2 918 397
2 92 163
2 266 765
2 334 793
2 650 890
2 503 699
2 330 291
2 93 624
2 288 59
2 214 858
2 743 674
2 142 515
2 635 916
2 263 233
2 830 105
2 75 433
2 835 587
2 687 814
2 551 745
2 344 165
2 429 828
2 821 961
2 219 809
2 836 785
2 654 398
2 290 886
2 410 832
2 806 727
2 712 516
2 930 543
2 252 293
2 361 31
2 985 543
2 649 210
2 453 51
2 387 61
2 14 435
2 965 699
2 331 518
2 716 947
2 623 926
2 83 854
2 51 42
2 327 217
2 837 740
2 16 276
2 767 631
2 744 120
2 546 54
2 805 425
2 509 402
2 837 82
2 799 852
2 37 180
2 253 570
2 643 14
2 888 850
2 462 753
2 707 98
2 781 328
2 455 854
2 923 118
2 314 428
2 642 792
2 984 182
2 603 588
2 95 378
2 387 170
2 488 624
2 282 622
2 681 229
2 182 775
2 710 372
2 556 224
2 504 661
2 352 62
2 820 363
2 201 26
2 797 812
2 359 43
2 526 715
2 896 398
2 668 158
2 465 110
2 696 892
2 335 487
2 907 908
2 737 707
2 795 106
2 75 588
2 394 229
2 497 78
2 148 784
2 17 653
2 576 413
2 860 370
2 339 239
2 327 963
2 843 331
2 757 182
2 495 25
2 473 766
2 305 699
2 307 292
2 664 898
2 246 106
2 649 766
2 874 464
2 953 937
2 987 977
2 453 915
2 415 350
2 923 460
2 608 658
2 258 511
2 323 896
2 763 734
2 686 407
2 228 548
2 647 989
2 375 818
2 157 873
2 541 177
2 515 95
2 147 244
2 588 279
2 689 728
2 565 98
2 330 268
2 232 671
2 931 346
2 996 766
2 399 132
2 126 755
2 702 146
2 236 860
2 126 473
2 710 728
2 788 316
2 732 970
2 61 622
2 456 207
2 657 516
2 146 35
2 113 471
2 821 968
2 76 59
2 330 991
2 75 779
2 177 486
2 899 48
2 721 965
2 269 832
2 665 864
2 13 665
2 551 647
2 710 403
2 48 807
2 240 73
2 134 806
2 307 342
2 796 760
2 393 89
2 979 145
2 585 72
2 555 984
2 162 368
2 903 617
2 596 864
2 985 480
2 692 435
2 292 902
2 788 54
2 505 699
2 737 576
2 600 253
2 728 635
2 976 18
2 234 32
2 308 557
2 61 124
2 732 706
2 486 900
2 7 500
2 971 464
2 192 824
2 931 47
2 484 208
2 106 600
2 905 139
2 481 440
2 414 436
2 511 657
2 370 50
2 269 745
2 515 363
2 211 693
2 38 834
2 634 814
2 506 644
2 901 945
2 657 88
2 955 77
2 515 157
2 461 857
2 64 732
2 687 643
2 225 637
2 939 222
2 27 500
2 574 21
2 252 851
2 335 661
2 137 679
2 678 836
2 849 117
2 161 846
2 692 679
2 964 161
2 430 118
2 86 965
2 898 493
2 221 893
2 926 458
2 133 534
2 963 93
2 566 192
2 754 223
2 215 543
2 652 517
2 321 132
2 965 353
2 244 178
2 38 281
2 22 226
2 651 781
2 36 793
2 883 856
2 565 887
2 61 886
2 158 640
2 777 942
2 838 734
2 503 405
2 47 168
2 352 241
2 284 356
2 940 774
2 840 456
2 260 712
2 951 872
2 661 527
2 761 51
2 426 908
2 466 229
2 727 32
2 173 349
2 494 445
2 839 872
2 882 927
2 321 846
2 680 407
2 700 842
2 491 961
2 190 667
2 117 855
2 320 307
2 913 303
2 261 148
2 495 42
2 453 580
2 938 539
2 72 191
2 812 198
2 232 187
2 558 34
2 642 585
2 120 615
2 102 593
2 608 663
2 2 759
2 438 548
2 581 298
2 451 712
2 212 436
2 711 79
2 147 24
2 222 133
2 791 943
2 648 182
2 981 655
2 504 122
2 121 40
2 592 301
2 297 347
2 712 103
2 758 362
2 361 137
2 853 237
2 611 900
2 263 881
2 819 674
2 657 380
2 971 949
2 437 968
2 488 161
2 669 499
2 123 640
2 219 827
2 466 839
2 376 174
2 964 715
2 167 174
2 252 920
2 613 657
2 683 87
2 775 973
2 931 533
2 950 571
2 538 33
2 149 649
2 889 596
2 801 994
2 147 965
2 749 643
2 814 345
2 306 868
2 284 815
2 480 657
2 548 17
2 474 688
2 542 416
2 427 448
2 756 461
2 466 26
2 868 489
2 222 892
2 491 489
2 145 157
2 196 487
2 515 134
2 651 696
2 127 806
2 944 102
2 324 872
2 700 171
2 636 873
2 501 405
2 269 545
2 302 826
2 868 38
2 636 884
2 668 568
2 45 36
2 446 227
2 557 760
2 948 407
2 397 774
2 389 287
2 403 527
2 964 927
2 952 780
2 545 475
2 573 720
2 737 237
2 23 168
2 696 842
2 687 992
2 283 113
2 2 391
2 898 680
2 803 811
2 655 545
2 217 468
2 524 542
2 206 261
2 771 963
2 665 554
2 17 200
2 129 140
2 191 543
2 698 439
2 752 439
2 36 50
2 283 213
2 583 614
2 873 433
2 878 934
2 754 5
2 314 867
2 865 511
2 61 195
2 192 683
2 675 699
2 364 578
2 608 125
2 196 785
2 50 378
2 155 651
2 952 277
2 254 646
2 302 597
2 265 515
2 747 10
2 839 241
2 588 927
2 740 807
2 23 703
2 379 755
2 74 789
2 491 785
2 222 178
2 316 928
2 859 313
2 458 483
2 204 794
2 632 208
2 298 944
2 115 536
2 165 847
2 147 782
2 349 726
2 176 885
2 307 933
2 299 385
2 849 965
2 784 209
2 703 255
2 472 257
2 323 45
2 909 108
2 697 130
2 111 894
2 59 89
2 135 381
2 342 548
2 586 545
2 794 662
2 747 625
2 228 692
2 279 698
2 33 347
2 152 415
2 249 426
2 859 718
2 115 944
2 29 223
2 860 818
2 275 134
2 563 833
2 762 118
2 400 178
2 654 54
2 639 195
2 676 489
2 878 104
2 353 432
2 618 462
2 920 237
2 724 39
2 794 239
2 683 971
2 312 346
2 959 455
2 398 624
2 335 624
2 510 688
2 581 616
2 13 836
2 95 302
2 849 873
2 138 14
2 905 884
2 548 785
2 275 753
2 261 972
2 818 908
2 566 341
2 723 366
2 929 667
2 841 848
2 701 389
2 604 423
2 359 481
2 648 12
2 56 885
2 850 351
2 293 774
2 429 784
2 922 384
2 494 605
2 896 413
2 282 239
2 306 869
2 323 608
2 162 756
2 971 622
2 917 925
2 977 463
2 49 341
2 700 99
2 899 347
2 724 737
2 827 439
2 375 870
2 965 814
2 140 751
2 454 620
2 9 681
2 687 804
2 62 717
2 983 710
2 213 109
2 606 997
2 770 435
2 211 437
2 569 717
2 230 185
2 434 735
2 624 905
2 880 27
2 707 391
2 960 406
2 579 978
2 333 254
2 967 276
2 790 893
2 549 388
2 941 485
2 752 54
2 818 834
2 362 279
2 474 201
2 29 343
2 145 653
2 781 508
2 882 994
2 883 693
2 269 186
2 954 564
2 263 140
2 685 991
2 340 499
2 152 230
2 766 704
2 196 21
2 203 497
2 634 784
2 775 637
2 929 579
2 919 522
2 448 398
2 801 484
2 398 703
2 910 446
2 266 564
2 182 619
2 728 846
2 337 675
2 522 465
2 685 971
2 204 102
2 741 256
2 11 814
2 525 711
2 228 483
2 566 340
2 678 526
2 962 772
2 413 17
2 65 933
2 330 634
2 800 237
2 114 698
2 598 827
2 316 871
2 678 302
2 444 595
2 302 271
2 777 370
2 206 652
2 591 207
2 661 1
2 12 169
2 616 400
2 820 357
2 488 723
2 965 143
2 436 958
2 796 475
2 677 887
2 43 328
2 708 279
2 657 78
2 663 324
2 89 372
2 627 327
2 258 231
2 997 578
2 106 558
2 915 662
2 428 663
2 556 196
2 815 416
2 654 158
2 687 542
2 8 22
2 293 661
2 230 311
2 203 509
2 122 972
2 117 177
2 529 262
2 517 231
2 453 166
2 440 620
2 683 425
2 922 412
2 183 43
2 517 541
2 960 34
2 364 614
2 309 188
2 214 267
2 566 132
2 754 540
2 605 553
2 316 657
2 829 1000
2 83 315
2 360 228
2 258 740
2 316 54
2 148 393
2 714 558
2 899 64
2 834 290
2 370 718
2 84 32
2 616 279
2 630 897
2 309 715
2 87 806
2 284 180
2 316 496
2 217 117
2 23 293
2 702 937
2 796 641
2 745 117
2 857 228
2 700 71
2 955 58
2 339 503
2 761 530
2 651 182
2 149 181
2 252 735
2 816 137
2 10 635
2 374 237
2 308 404
2 703 21
2 610 77
2 745 292
2 408 948
2 375 362
2 331 445
2 910 955
2 967 983
2 896 832
2 899 789
2 343 996
2 298 972
2 370 612
2 511 49
2 895 502
2 987 633
2 307 913
2 370 719
2 355 566
2 685 271
2 473 974
2 332 978
2 851 774
2 56 989
2 979 826
2 410 365
2 907 326
2 1000 904
2 27 769
2 356 991
2 269 42
2 838 881
2 277 165
2 555 456
2 861 299
2 505 562
2 252 539
2 269 45
2 630 61
2 697 97
2 923 955
2 106 888
2 148 97
2 580 411
2 91 382
2 146 887
2 155 244
2 147 699
2 373 113
2 69 449
2 974 772
2 260 300
2 6 790
2 426 396
2 429 336
2 754 696
2 888 175
2 467 60
2 900 46
2 927 358
2 686 714
2 211 520
2 506 150
2 829 146
2 252 104
2 830 756
2 554 266
2 997 708
2 702 645
2 169 783
2 573 236
2 954 227
2 269 292
2 904 457
2 890 94
2 714 557
2 549 830
2 228 199
2 654 79
2 252 51
2 855 995
2 136 498
2 601 658
2 588 60
2 541 375
2 957 786
2 373 244
2 222 38
2 890 170
2 92 413
2 978 778
2 473 879
2 338 464
2 307 12
2 600 715
2 36 236
2 155 893
2 637 941
2 41 486
2 156 799
2 690 580
2 611 948
2 231 846
2 199 720
2 408 726
2 510 960
2 713 970
2 80 58
2 433 820
2 517 511
2 12 475
2 522 493
2 307 266
2 388 290
2 560 422
2 487 972
2 591 566
2 877 977
2 906 664
2 818 109
2 826 175
2 225 783
2 614 511
2 861 137
2 387 422
2 278 449
2 676 968
2 2 251
2 913 129
2 40 292
2 817 342
2 331 657
2 546 135
2 566 783
2 647 675
2 771 364
2 311 735
2 57 498
2 909 802
2 519 82
2 597 924
2 866 382
2 260 825
2 926 996
2 190 543
2 731 483
2 428 742
2 323 971
2 125 740
2 415 253
2 289 523
2 517 725
2 671 190
2 482 550
2 638 934
2 672 750
2 981 860
2 204 499
2 363 804
2 510 230
2 673 199
2 690 322
2 233 704
2 114 882
2 184 553
2 763 664
2 265 607
2 269 966
2 187 3
2 618 677
2 99 349
2 388 191
2 126 490
2 522 750
2 880 447
2 689 471
2 669 137
2 558 295
2 472 466
2 889 187
2 52 615
2 415 791
2 361 524
2 489 629
2 699 994
2 465 832
2 121 912
2 547 693
2 389 460
2 811 527
2 23 832
2 159 177
2 428 776
2 523 629
2 45 410
2 837 333
2 480 791
2 979 577
2 948 802
2 858 333
2 87 756
2 481 574
2 646 770
2 710 959
2 61 882
2 253 796
2 485 180
2 684 184
2 288 20
2 745 180
2 613 411
2 403 423
2 167 287
2 974 476
2 644 24
2 677 877
2 12 838
2 314 527
2 162 25
2 38 901
2 249 101
2 717 743
2 138 997
2 825 903
2 196 582
2 240 425
2 860 294
2 13 223
2 528 262
2 92 40
2 251 800
2 354 680
2 497 674
2 805 271
2 549 621
2 735 936
2 13 857
2 921 620
2 303 198
2 111 670
2 898 125
2 654 435
2 599 674
2 795 273
2 103 287
2 740 388
2 988 998
2 757 24
2 882 452
2 242 306
2 956 90
2 844 138
2 160 237
2 479 248
2 538 119
2 682 963
2 984 423
2 47 982
2 23 503
2 307 543
2 685 76
2 307 878
2 352 861
2 271 534
2 320 331
2 739 809
2 618 352
2 475 270
2 11 469
2 661 447
2 631 292
2 260 677
2 70 130
2 94 706
2 821 270
2 604 116
2 441 328
2 849 882
2 730 415
2 795 844
2 264 942
2 304 919
2 417 202
2 611 937
2 76 615
2 158 209
2 109 999
2 987 205
2 725 907
2 913 937
2 947 447
2 842 19
2 219 394
2 819 458
2 702 29
2 951 155
2 718 978
2 451 574
2 916 281
2 286 377
2 280 454
2 737 553
2 216 722
2 918 968
2 461 27
2 395 447
2 524 456
2 28 674
2 598 643
2 790 760
2 220 505
2 962 742
2 373 1
2 9 947
2 790 493
2 782 180
2 506 317
2 89 902
2 512 62
2 456 851
2 21 267
2 291 634
2 491 109
2 819 44
2 786 310
2 703 869
2 121 847
2 86 41
2 737 56
2 755 601
2 200 659
2 709 195
2 974 756
2 479 930
2 472 208
2 458 662
2 625 722
2 685 367
2 912 332
2 149 490
2 790 503
2 337 123
2 964 502
2 401 441
2 354 72
2 655 966
2 368 418
2 416 239
2 728 441
2 507 493
2 254 290
2 910 480
2 723 476
2 319 626
2 695 513
2 410 206
2 453 871
2 231 12
2 652 556
2 68 235
2 964 50
2 859 897
2 878 671
2 711 5
2 551 546
2 888 424
2 126 268
2 618 921
2 883 365
2 819 670
2 858 538
2 749 881
2 928 509
2 92 781
2 219 216
2 176 772
2 568 924
2 70 999
2 103 647
2 951 224
2 247 27
2 952 840
2 909 437
2 283 696
2 917 182
2 191 923
2 863 237
2 281 351
2 55 351
2 187 924
2 491 959
2 2 621
2 120 795
2 748 58
2 75 82
2 730 21
2 538 54
2 454 902
2 772 220
2 959 930
2 421 661
2 272 727
2 651 924
2 240 443
2 556 980
2 896 92
2 652 221
2 459 73
2 541 708
2 31 755
2 397 189
2 653 436
2 348 802
2 304 831
2 331 612
2 353 66
2 602 934
2 801 279
2 447 915
2 199 455
2 314 222
2 417 140
2 946 315
2 845 60
2 600 386
2 570 651
2 392 37
2 282 760
2 452 644
2 161 754
2 27 391
2 408 872
2 91 898
2 288 452
2 888 994
2 373 322
2 681 807
2 288 142
2 593 770
2 153 973
2 857 892
2 222 554
2 462 199
2 614 497
2 332 657
2 687 785
2 449 718
2 219 524
2 898 662
2 492 474
2 83 556
2 441 832
2 409 269
2 865 530
2 459 240
2 521 483
2 130 693
2 296 930
2 819 487
2 381 773
2 216 382
2 960 620
2 2 72
2 291 682
2 377 818
2 761 75
2 724 407
2 735 301
2 30 574
2 286 529
2 742 471
2 974 835
2 954 681
2 403 757
2 72 69
2 150 802
2 407 845
2 65 882
2 454 435
2 81 526
2 482 41
2 404 94
2 167 82
2 588 582
2 289 972
2 627 903
2 625 109
2 430 768
2 489 923
2 123 715
2 21 127
2 137 499
2 803 675
2 107 251
2 473 411
2 457 44
2 201 890
2 388 543
2 683 333
2 837 487
2 976 715
2 304 354
2 520 634
2 123 116
2 952 847
2 240 420
2 481 798
2 580 415
2 151 770
2 664 63
2 485 582
2 345 970
2 461 157
2 353 772
2 153 820
2 540 663
2 912 345
2 509 250
2 636 504
2 750 847
2 628 516
2 790 410
2 529 948
2 952 599
2 94 691
2 440 220
2 15 202
2 998 34
2 748 908
2 668 973
2 5 140
2 148 339
2 806 467
2 569 49
2 935 880
2 575 570
2 8 195
2 756 643
2 937 709
2 485 947
2 300 36
2 574 102
2 330 109
2 700 741
2 81 67
2 204 662
2 103 891
2 964 938
2 786 525
2 462 21
2 241 871
2 534 583
2 842 821
2 147 88
2 919 593
2 188 234
2 645 654
2 883 517
2 573 511
2 608 91
2 950 599
2 70 691
2 644 864
2 861 429
2 896 625
2 623 443
2 495 191
2 811 57
2 998 750
2 700 857
2 770 336
2 87 413
2 300 190
2 181 410
2 148 74
2 61 884
2 265 447
2 640 720
2 122 435
2 155 673
2 508 715
2 879 100
2 478 243
2 954 998
2 75 401
2 87 954
2 446 96
2 684 581
2 42 35
2 517 72
2 151 607
2 571 589
2 575 368
2 831 276
2 661 767
2 4 788
2 427 128
2 154 620
2 345 741
2 342 1000
2 316 280
2 742 593
2 856 368
2 815 787
2 378 644
2 609 324
2 272 712
2 648 778
2 484 432
2 296 864
2 838 616
2 752 587
2 264 947
2 444 591
2 653 318
2 238 287
2 18 93
2 932 470
2 979 612
2 406 32
2 25 881
2 636 890
2 269 343
2 244 705
2 685 928
2 472 387
2 724 33
2 967 761
2 339 518
2 560 193
2 214 165
2 41 749
2 447 146
2 894 823
2 417 765
2 367 391
2 572 674
2 574 350
2 742 171
2 541 679
2 567 300
2 566 759
2 935 505
2 578 539
2 453 146
2 196 461
2 536 103
2 236 955
2 121 346
2 344 556
2 492 206
2 79 209
2 470 10
2 32 87
2 55 902
2 342 774
2 95 513
2 776 232
2 833 620
2 219 86
2 767 969
2 181 653
2 627 540
2 153 198
2 697 527
2 701 695
2 527 743
2 234 125
2 19 165
2 440 290
2 444 101
2 761 455
2 903 482
2 625 60
2 574 884
2 648 65
2 689 420
2 649 978
2 181 649
2 897 795
2 205 105
2 440 136
2 379 5
2 12 480
2 553 639
2 816 306
2 211 902
2 309 822
2 976 458
2 282 26
2 225 446
2 575 947
2 987 763
2 115 441
2 423 809
2 96 856
2 228 306
2 197 200
2 568 334
2 884 635
2 11 362
2 63 220
2 473 317
2 847 990
2 621 530
2 34 811
2 669 824
2 991 118
2 538 168
2 904 542
2 861 998
2 31 463
2 62 127
2 844 219
2 630 71
2 849 465
2 115 483
2 49 101
2 370 53
2 672 432
2 361 94
2 806 689
2 427 854
2 784 438
2 509 824
2 95 742
2 891 171
2 47 261
2 692 818
2 730 236
2 988 622
2 186 967
2 72 569
2 752 916
2 434 783
2 861 104
2 152 207
2 444 168
2 616 54
2 68 683
2 489 198
2 125 428
2 27 665
2 47 637
2 728 635
2 587 32
2 486 258
2 594 122
2 169 775
2 288 8
2 683 289
2 142 302
2 425 318
2 859 92
2 160 469
2 129 202
2 593 248
2 23 188
2 143 368
2 355 539
2 891 396
2 304 952
2 209 322
2 772 223
2 204 975
2 465 908
2 96 98
2 310 779
2 241 518
2 520 818
2 117 956
2 723 992
2 219 640
2 143 297
2 288 630
2 399 202
2 15 247
2 912 444
2 519 961
2 516 349
2 64 846
2 74 38
2 541 674
2 140 460
2 885 331
2 125 607
2 515 711
2 538 878
2 488 333
2 39 118
2 288 309
2 156 673
2 531 913
2 209 765
2 146 698
2 980 830
2 902 530
2 362 68
2 869 400
2 581 69
2 338 175
2 836 910
2 996 860
2 919 503
2 844 358
2 75 698
2 842 384
2 152 743
2 963 365
2 832 600
2 424 483
2 422 925
2 29 487
2 571 663
2 877 241
2 377 76
2 324 170
2 580 194
2 101 941
2 337 862
2 203 167
2 84 709
2 356 637
2 613 938
2 965 228
2 338 473
2 826 708
2 598 994
2 143 752
2 10 336
2 222 435
2 693 755
2 358 54
2 981 614
2 868 600
2 770 281
2 890 669
2 150 958
2 48 876
2 610 946
2 639 358
2 134 174
2 288 243
2 880 577
2 48 599
2 448 16
2 163 884
2 674 391
2 473 690
2 243 769
2 83 52
2 696 191
2 517 423
2 571 155
2 931 519
2 560 852
2 763 62
2 851 365
2 747 848
2 441 427
2 361 870
2 520 527
2 543 585
2 470 689
2 754 389
2 168 314
2 284 344
2 291 368
2 13 862
2 659 693
2 532 585
2 771 584
2 121 246
2 830 809
2 870 812
2 21 821
2 194 389
2 714 185
2 942 478
2 119 923
2 922 332
2 466 663
2 537 930
2 408 993
2 266 902
2 759 394
2 143 374
2 803 813
2 61 132
2 265 956
2 685 796
2 412 341
2 758 631
2 981 562
2 531 286
2 904 49
2 604 941
2 808 532
2 703 139
2 573 89
2 375 593
2 790 239
2 631 855
2 746 244
2 259 855
2 883 498
2 414 533
2 289 5
2 687 320
2 457 128
2 708 262
2 291 321
2 746 516
2 204 602
2 697 736
2 987 61
2 505 167
2 621 70
2 858 615
2 586 637
2 880 204
2 63 934
2 339 640
2 597 772
2 640 441
2 929 101
2 766 72
2 503 671
2 314 936
2 36 902
2 49 544
2 355 999
2 606 161
2 496 363
2 813 244
2 265 879
2 905 677
2 711 65
2 68 749
2 462 520
2 74 41
2 143 919
2 94 128
2 177 54
2 204 538
2 718 596
2 298 170
2 917 241
2 375 671
2 165 574
2 917 427
2 825 376
2 937 399
2 613 282
2 106 717
2 547 748
2 103 615
2 842 696
2 627 677
2 264 768
2 712 847
2 895 204
2 149 813
2 96 50
2 501 262
2 41 140
2 161 524
2 923 157
2 91 766
2 524 534
2 302 550
2 334 916
2 398 942
2 151 749
2 799 120
2 283 68
2 23 357
2 375 790
2 473 241
2 484 593
2 648 58
2 108 123
2 197 468
2 125 386
2 594 930
2 711 440
2 718 835
2 916 656
2 512 447
2 158 585
2 605 523
2 165 893
2 57 739
2 374 756
2 151 572
2 979 423
2 521 857
2 747 7
2 135 476
2 589 924
2 254 411
2 2 868
2 594 806
2 517 807
2 426 678
2 509 748
2 509 544
2 528 36
2 343 16
2 258 471
2 815 630
2 831 438
2 935 354
2 329 948
2 959 333
2 1000 231
2 519 135
2 310 248
2 954 845
2 163 527
2 594 76
2 109 493
2 604 666
2 283 757
2 596 483
2 747 273
2 280 540
2 552 464
2 576 90
2 786 358
2 767 534
2 592 977
2 668 523
2 105 365
2 897 617
2 845 61
2 716 250
2 74 300
2 215 328
2 65 169
2 487 809
2 572 547
2 805 793
2 643 673
2 833 482
2 334 228
2 883 564
2 386 717
2 283 388
2 313 323
2 781 329
2 575 108
2 147 320
2 103 994
2 238 337
2 824 573
2 553 556
2 368 827
2 176 778
2 5 132
2 42 831
2 215 432
2 885 458
2 810 436
2 876 970
2 13 986
2 472 438
2 373 924
2 57 871
2 532 61
2 617 801
2 277 769
2 494 217
2 873 50
2 560 577
2 95 290
2 154 237
2 593 721
2 120 304
2 334 41
2 991 558
2 931 752
2 186 569
2 258 316
2 387 305
2 47 558
2 928 840
2 102 798
2 928 580
2 776 938
2 837 580
2 908 59
2 475 831
2 822 303
2 586 945
2 888 851
2 633 372
2 699 347
2 148 253
2 571 521
2 258 175
2 541 532
2 204 901
2 338 589
2 24 376
2 66 90
2 532 766
2 20 933
2 334 625
2 329 359
2 975 545
2 184 686
2 761 464
2 956 169
2 725 380
2 338 745
2 62 813
2 793 537
2 437 582
2 828 545
2 622 461
2 710 921
2 725 469
2 218 299
2 597 593
2 756 79
2 719 728
2 440 644
2 553 939
2 394 497
2 490 758
2 238 291
2 372 304
2 541 275
2 122 923
2 284 666
2 944 942
2 687 944
2 607 404
2 512 299
2 65 425
2 484 325
2 327 191
2 456 918
2 859 319
2 134 673
2 181 253
2 177 930
2 815 110
2 313 572
2 902 455
2 762 290
2 959 454
2 817 712
2 592 89
2 80 256
2 618 671
2 290 58
2 687 735
2 620 418
2 692 794
2 744 994
2 779 714
2 184 180
2 917 985
2 242 651
2 747 108
2 401 369
2 394 325
2 526 732
2 912 255
2 182 805
2 475 139
2 950 846
2 380 887
2 45 941
2 414 476
2 524 32
2 261 177
2 697 647
2 380 612
2 967 423
2 620 382
2 471 29
2 281 412
2 932 623
2 145 528
2 157 717
2 418 970
2 221 786
2 998 612
2 332 848
2 172 561
2 683 385
2 352 873
2 654 172
2 939 42
2 914 402
2 47 101
2 728 647
2 300 336
2 786 993
2 512 477
2 231 875
2 297 206
2 636 955
2 531 717
2 340 637
2 217 390
2 790 97
2 20 559
2 688 99
2 191 867
2 650 226
2 669 276
2 253 772
2 759 855
2 818 37
2 112 378
2 163 500
2 634 742
2 312 824
2 898 905
2 200 456
2 452 226
2 4 827
2 389 229
2 693 720
2 87 168
2 46 558
2 259 11
2 153 47
2 528 19
2 951 221
2 55 214
2 515 339
2 496 647
2 105 427
2 120 936
2 627 39
2 364 119
2 965 878
2 161 796
2 531 287
2 263 142
2 519 979
2 56 988
2 930 715
2 807 369
2 98 438
2 794 777
2 27 659
2 709 416
2 371 704
2 354 887
2 922 189
2 792 848
2 308 102
2 92 303
2 929 868
2 513 644
2 661 990
2 425 629
2 557 937
2 719 396
2 51 989
2 42 76
2 595 251
2 90 777
2 245 847
2 678 669
2 167 425
2 982 132
2 82 19
2 728 108
2 254 971
2 708 416
2 946 796
2 8 391
2 279 854
2 162 352
2 430 3
2 324 804
2 557 702
2 729 581
2 94 926
2 172 342
2 547 503
2 647 726
2 565 656
2 995 220
2 538 955
2 447 144
2 992 441
2 376 407
2 845 652
2 803 662
2 462 943
2 896 981
2 931 674
2 771 526
2 984 916
2 165 231
2 342 232
2 272 775
2 765 311
2 692 24
2 92 554
2 679 234
2 488 649
2 522 335
2 72 250
2 46 892
2 694 301
2 961 40
2 836 718
2 424 930
2 829 209
2 591 148
2 216 900
2 765 209
2 387 644
2 917 388
2 592 21
2 359 158
2 586 607
2 914 318
2 485 301
2 910 180
2 891 20
2 795 511
2 789 500
2 101 578
2 527 1
2 817 624
2 752 421
2 815 738
2 330 179
2 430 822
2 517 38
2 470 286
2 818 783
2 917 157
2 68 273
2 121 128
2 66 21
2 415 376
2 521 695
2 279 141
2 12 94
2 62 15
2 186 16
2 138 921
2 521 877
2 161 852
2 376 483
2 838 580
2 49 38
2 158 100
2 986 503
2 575 268
2 760 447
2 717 489
2 269 367
2 300 121
2 584 540
2 849 526
2 251 945
2 304 558
2 283 253
2 614 583
2 744 486
2 850 695
2 639 836
2 78 858
2 525 706
2 239 946
2 172 848
2 387 44
2 116 918
2 887 395
2 235 100
2 270 405
2 732 891
2 850 879
2 613 797
2 826 411
2 359 250
2 258 100
2 617 53
2 8 660
2 666 328
2 913 762
2 436 202
2 260 405
2 727 30
2 168 588
2 590 726
2 141 411
2 488 28
2 814 716
2 568 927
2 882 872
2 331 646
2 221 601
2 492 598
2 408 37
2 882 740
2 448 446
2 11 623
2 640 782
2 518 388
2 31 163
2 810 508
2 828 916
2 740 617
2 632 268
2 642 436
2 96 202
2 68 893
2 950 9
2 821 71
2 536 949
2 8 724
2 334 560
2 740 960
2 763 476
2 501 220
2 38 78
2 700 620
2 689 42
2 514 597
2 110 118
2 621 583
2 912 522
2 142 658
2 833 598
2 218 506
2 359 749
2 215 752
2 776 449
2 513 561
2 739 402
2 135 17
2 215 748
2 729 96
2 375 669
2 482 137
2 998 633
2 510 364
2 843 622
2 654 752
2 563 342
2 634 94
2 206 918
2 767 733
2 723 524
2 688 113
2 542 527
2 950 381
2 373 356
2 88 774
2 800 893
2 115 969
2 419 350
2 314 415
2 213 340
2 524 646
2 745 437
2 210 622
2 1000 629
2 79 691
2 235 302
2 99 141
2 246 427
2 184 897
2 164 704
2 570 7
2 444 34
2 150 835
2 889 353
2 52 219
2 453 499
2 765 587
2 919 268
2 605 294
2 519 362
2 558 140
2 975 52
2 560 247
2 690 411
2 687 747
2 727 258
2 186 577
2 466 840
2 261 877
2 247 73
2 763 951
2 805 822
2 614 836
2 758 188
2 907 103
2 232 802
2 387 499
2 260 962
2 59 443
2 68 520
2 553 162
2 5 242
2 263 440
2 650 250
2 206 767
2 595 157
2 48 742
2 906 881
2 531 755
2 138 486
2 625 60
2 92 968
2 930 425
2 164 784
2 805 972
2 977 469
2 83 175
2 249 916
2 199 670
2 536 851
2 99 718
2 746 978
2 501 997
2 878 206
2 984 14
2 760 811
2 957 694
2 115 691
2 339 852
2 860 923
2 731 301
2 245 886
2 762 183
2 305 860
2 119 391
2 466 873
2 976 109
2 890 802
2 739 174
2 575 102
2 343 342
2 652 1000
2 817 582
2 407 248
2 841 872
2 913 108
2 115 80
2 851 169
2 323 818
2 217 683
2 889 694
2 392 347
2 1000 941
2 151 846
2 110 146
2 637 471
2 875 564
2 920 243
2 810 661
2 952 277
2 894 100
2 744 256
2 355 593
2 585 175
2 85 826
2 979 625
2 805 130
2 606 178
2 593 530
2 172 990
2 341 942
2 204 613
2 155 470
2 217 24
2 865 667
2 618 325
2 228 193
2 944 864
2 900 840
2 732 246
2 349 43
2 455 103
2 709 679
2 997 945
2 973 599
2 224 939
2 910 434
2 561 847
2 453 104
2 93 505
2 453 418
2 480 715
2 92 930
2 374 270
2 911 942
2 592 730
2 49 25
2 417 123
2 484 102
2 4 301
2 156 174
2 690 638
2 224 47
2 636 841
2 788 503
2 551 125
2 816 357
2 643 978
2 712 556
2 123 620
2 668 221
2 352 785
2 714 409
2 22 349
2 611 512
2 57 292
2 566 712
2 269 481
2 946 871
2 206 119
2 627 7
2 820 37
2 343 303
2 312 99
2 510 328
2 470 905
2 182 663
2 160 207
2 414 489
2 803 236
2 7 274
2 664 27
2 154 37
2 259 436
2 551 534
2 56 718
2 323 226
2 563 909
2 788 94
2 393 243
2 466 44
2 63 938
2 632 180
2 766 721
2 574 391
2 484 93
2 43 65
2 931 954
2 593 396
2 74 592
2 232 896
2 251 503
2 696 884
2 231 61
2 598 150
2 234 427
2 377 384
2 841 445
2 787 203
2 286 184
2 208 682
2 5 880
2 580 773
2 304 749
2 78 108
2 492 493
2 12 500
2 980 239
2 31 744
2 745 458
2 122 303
2 512 671
2 598 960
2 593 871
2 510 688
2 36 234
2 490 656
2 810 802
2 331 521
2 609 756
2 187 229
2 452 648
2 502 981
2 833 267
2 252 875
2 591 703
2 158 621
2 976 95
2 669 436
2 534 641
2 749 438
2 175 365
2 845 436
2 885 792
2 720 582
2 584 425
2 862 385
2 888 850
2 30 355
2 373 58
2 617 369
2 186 179
2 258 817
2 866 534
2 895 594
2 837 810
2 75 288
2 414 176
2 535 994
2 771 68
2 212 907
2 548 340
2 659 420
2 874 350
2 505 854
2 991 796
2 675 168
2 120 228
2 877 395
2 42 326
2 104 998
2 390 977
2 611 317
2 445 511
2 581 308
2 947 540
2 775 3
2 69 499
2 448 102
2 478 242
2 496 594
2 264 567
2 369 851
2 454 426
2 694 539
2 996 265
2 880 926
2 299 106
2 979 220
2 71 994
2 966 576
2 93 626
2 49 913
2 283 779
2 812 71
2 519 635
2 207 476
2 269 787
2 339 389
2 503 188
2 149 324
2 713 195
2 249 65
2 537 6
2 535 43
2 627 32
2 962 765
2 753 346
2 485 302
2 408 238
2 296 583
2 171 66
2 308 125
2 952 607
2 712 267
2 463 862
2 219 112
2 363 160
2 87 146
2 541 177
2 804 783
2 816 536
2 405 539
2 197 562
2 405 594
2 992 39
2 709 435
2 27 869
2 957 561
2 919 657
2 592 621
2 945 341
2 401 395
2 341 7
2 786 782
2 937 278
2 467 956
2 226 449
2 880 463
2 49 248
2 307 79
2 115 461
2 826 89
2 18 773
2 859 753
2 395 623
2 22 326
2 658 2
2 928 130
2 506 885
2 983 109
2 367 421
2 803 251
2 749 543
2 989 83
2 259 137
2 488 567
2 39 276
2 247 256
2 56 986
2 204 324
2 243 584
2 692 441
2 72 155
2 23 276
2 452 915
2 240 706
2 449 624
2 489 376
2 763 123
2 549 646
2 998 637
2 378 599
2 167 17
2 28 832
2 525 514
2 565 71
2 281 926
2 23 837
2 578 616
2 829 806
2 347 595
2 59 157
2 731 933
2 236 49
2 549 183
2 668 471
2 154 305
2 859 977
2 844 516
2 648 811
2 739 922
2 157 119
2 856 349
2 290 108
2 907 493
2 685 808
2 883 826
2 389 41
2 228 657
2 593 769
2 283 970
2 638 756
2 717 665
2 351 514
2 78 248
2 396 497
2 577 756
2 541 848
2 787 698
2 387 878
2 753 741
2 525 486
2 776 579
2 879 742
2 418 870
2 502 671
2 192 649
2 298 270
2 81 551
2 541 958
2 252 406
2 800 882
2 479 63
2 79 671
2 541 120
2 663 609
2 167 699
2 160 290
2 258 199
2 784 626
2 891 500
2 316 507
2 652 342
2 565 188
2 428 550
2 799 920
2 373 174
2 357 893
2 522 910
2 488 455
2 114 557
2 266 614
2 648 12
2 938 506
2 718 49
2 13 527
2 800 35
2 770 748
2 723 793
2 431 115
2 512 274
2 749 458
2 153 832
2 324 326
2 133 770
2 311 527
2 453 677
2 873 374
2 486 386
2 782 561
2 742 303
2 987 677
2 124 656
2 658 977
2 841 582
2 922 695
2 850 742
2 677 203
2 541 97
2 102 172
2 570 317
2 831 193
2 931 255
2 474 247
2 919 826
2 881 970
2 803 597
2 901 985
2 259 166
2 584 100
2 668 630
2 284 89
2 591 914
2 667 958
2 440 801
2 108 439
2 354 321
2 379 989
2 901 699
2 586 759
2 49 287
2 678 97
2 448 239
2 353 953
2 333 943
2 181 501
2 805 208
2 938 183
2 8 162
2 939 657
2 794 328
2 197 809
2 683 781
2 62 934
2 804 798
2 185 436
2 117 377
2 804 690
2 247 735
2 94 748
2 544 128
2 720 202
2 1000 345
2 540 615
2 289 458
2 591 492
2 288 101
2 952 886
2 952 262
2 284 683
2 736 814
2 29 826
2 652 63
2 692 9
2 754 88
2 649 958
2 406 130
2 373 984
2 236 486
2 30 423
2 713 204
2 156 135
2 577 368
2 72 534
2 757 811
2 925 649
2 113 158
2 603 624
2 964 380
2 606 949
2 761 719
2 470 620
2 503 925
2 777 730
2 922 110
2 308 938
2 810 482
2 592 907
2 75 934
2 23 960
2 337 656
2 36 820
2 222 39
2 359 163
2 296 173
2 428 942
2 827 108
2 208 439
2 931 585
2 475 78
2 652 648
2 181 833
2 343 982
2 161 804
2 834 664
2 509 151
2 216 103
2 486 172
2 414 411
2 280 809
2 12 692
2 398 326
2 689 293
2 204 122
2 333 567
2 379 961
2 501 57
2 759 381
2 963 732
2 172 336
2 744 594
2 319 861
2 646 169
2 826 940
2 668 641
2 800 320
2 40 364
2 819 699
2 828 333
2 925 792
2 954 21
2 122 385
2 862 617
2 663 521
2 440 523
2 339 446
2 946 637
2 697 423
2 339 824
2 125 869
2 149 717
2 808 65
2 690 190
2 998 533
2 448 658
2 101 195
2 806 198
2 850 385
2 11 294
2 976 860
2 521 110
2 613 276
2 68 99
2 956 910
2 133 347
2 459 656
2 457 637
2 956 142
2 538 455
2 519 578
2 524 662
2 246 839
2 641 255
2 111 985
2 42 441
2 688 876
2 111 88
2 571 105
2 201 101
2 61 704
2 625 863
2 232 563
2 42 118
2 72 632
2 679 675
2 566 978
2 143 961
2 872 351
2 269 271
2 4 503
2 272 990
2 960 454
2 216 529
2 115 603
2 767 808
2 153 251
2 489 69
2 526 449
2 665 730
2 43 708
2 368 119
2 593 417
2 668 380
2 147 888
2 876 277
2 960 246
2 414 44
2 557 681
2 602 832
