1 0.06610663870389728
2 0.37648701893077635
3 0.3512624411320262
4 6.129668189801509
5 6.257722680969775
6 22.609851582953628
7 0.08335124309570698
8 0.7311692086706196
9 1.444247144004877
10 0.10753708290515823
11 0.429530533846021
12 0.7842719729867574
13 0.6650543341394852
14 22.955781021401886
15 0.37348236362055315
16 58.66486472514169
17 0.10308490569323168
18 0.4689958537643523
19 0.6791234580655501
20 7.264790073737836
21 0.2351146845783055
22 2.4191334372427677
23 0.09349944497327073
24 0.0282200235503168
25 1.6439447612855727
26 3.1296545729728154
27 0.13779408418129244
28 1.2908852834936146
29 0.4584390742478043
30 0.06674220436468446
31 17.71848544527095
32 1.2561466076922905
33 2.158431154872312
34 0.9254506539008092
35 99.42194593509288
36 1.2144635546332443
37 15.29788794257946
38 1.1545682662085492
39 0.49332431002320276
40 0.11606444142860436
41 4.488149250762957
42 3.6612627933917183
43 0.8420822452247319
44 0.8633163188582829
45 1.404992497885552
46 6.715817549750625
47 303.67148871715005
48 1.5153781057841744
49 0.4345778759364615
50 0.14908750203497811
51 1.3340888186423567
52 0.2735793869235454
53 0.1971795938611424
54 4.785439391800951
55 4.290493425480965
56 0.5355044803715662
57 0.9299386018889201
58 0.2210464626295626
59 0.11730764090457586
60 17.33969076148312
61 8.688443501330747
62 0.16693612379268313
63 0.08290677373602029
64 8.001873717054478
65 0.17805848091529156
66 1.6490881374565503
67 2.552071991795448
68 5.19085758656143
69 11.11234337502974
70 2.7065857379306024
71 1.5674999895466657
72 0.7566065645367877
73 1.1197377444686933
74 0.6875930372812441
75 0.034586994574702386
76 2.728587717631019
77 2.0447978137924117
78 4.440530141877737
79 9.948300715559581
80 3.32558454980019
81 0.16516488456034573
82 1.0287421612523766
83 0.5137124497431079
84 0.3008734976546565
85 1.2914195755998972
86 13.839952087164981
87 1.4890859554271043
88 2.99297939368325
89 19.169757596977
90 0.5338172190256205
91 1.1278680206765768
92 0.6667039247241016
93 0.6719640558988134
94 31.65558931379082
95 3.56168855210811
96 0.4218136784007193
97 1.6518774714026625
98 1.184855824500203
99 0.06883261828012774
100 0.8661674997831438
101 0.6507596815652292
102 0.29615153082474666
103 0.14822067584286064
104 6.174933584067139
105 0.4565247906592302
106 0.40078691515052445
107 0.3056474045256467
108 5.4595017155898145
109 0.48292668934314864
110 1.1864760326958215
111 1.4885190110904203
112 0.05487014091354998
113 0.2386877470208237
114 0.20210207637246286
115 1.8927651020515452
116 1.565769960572387
117 1.619723711084686
118 7.156596444404309
119 1.405467480666351
120 0.8603735613124569
121 2.8257004009602946
122 1.2076879532579679
123 0.11374563205284924
124 1.984037642063702
125 2.6885738491653797
126 2.6046973827188276
127 3.162994777334877
128 0.31501365582810653
129 4.319195231340921
130 7.491166322017666
131 3.350599872428876
132 2.6291988280166554
133 4.452739090913642
134 0.7387222341377538
135 0.005457257851055213
136 0.006640658655572107
137 66.35670906269728
138 0.8356574677771781
139 0.7849404939063896
140 0.11807291176831218
141 3.631426730117322
142 2.5524194481184446
143 2.0640648191953064
144 1.5498031809034605
145 6.404582962494794
146 136.12347505684764
147 0.04795515334486614
148 1.8210759735619766
149 0.2537900860473926
150 21.800102583596196
151 0.09064148535410506
152 4.595255535024601
153 13.170544690807619
154 0.6020915314001232
155 0.30274756485286963
156 1.7788560912012192
157 0.7975971271176999
158 10.464490327835165
159 1.5625260613474548
160 0.4263394755949883
161 0.030442979372289607
162 6.881262060078065
163 4.372084977609835
164 0.26756244204141116
165 3.095129073946965
166 33.84869717943406
167 0.8805492281039079
168 6.136709543292935
169 0.11998398138959765
170 0.0014436947941962818
171 4.976996341340689
172 0.09584386985403931
173 0.28586636157467615
174 5.309675111074383
175 1.4009992159254425
176 17.66657462501277
177 1.1565015515950343
178 0.07719489433470642
179 9.435346913299465
180 4.1365679507213144
181 0.1156929044036265
182 0.5421985956812987
183 0.7446710172218319
184 0.04389895518825902
185 0.05090075624112385
186 6.137769670228291
187 0.9450423397890204
188 33.405091840620095
189 0.23830784552714251
190 0.024539735905892878
191 3.963654325294504
192 10.224847366555833
193 0.2136604772369283
194 5.390767387699904
195 0.160270894768388
196 3.0917342183632166
197 2.063322831405633
198 0.5498345686155601
199 0.2446602783000288
200 2.6905325725556994
201 13.015153120599216
202 0.23548944885222828
203 1.8540240893051987
204 0.3818612583547553
205 1.0316128138132408
206 287.8451448591063
207 1.3198040683769305
208 1.2451107876341347
209 0.3706958424451919
210 0.03144304072827664
211 0.7064756678883751
212 0.5468984047591422
213 11.085651153399024
214 7.128599311464716
215 0.5603645316661602
216 0.9910824207192279
217 2.560634508366361
218 6.961586886020088
219 0.8517023265622662
220 0.2987414112770825
221 5.513575189053319
222 2.418550268199795
223 6.510275854162017
224 0.07365716157958187
225 3.3909875958351696
226 0.7000335964578149
227 0.8291562771989552
228 0.033828287266551245
229 1.5668276665151277
230 1.1211689591380707
231 8.564534596892539
232 16.665842250122108
233 0.8245971669911406
234 3.752198083805353
235 0.2572842434760784
236 0.014450905404813525
237 0.13262852928436983
238 3.8064727106626424
239 5.308483256175963
240 0.44661704202680785
241 0.32547944057887246
242 21.962256963903187
243 4.299413812676497
244 7.0133656021198725
245 3.41761342053098
246 2.3972424654900433
247 1.5953335404280486
248 0.7991175020602576
249 2.9378287166036317
250 4.963866528462706
251 0.10723075806698
252 0.032361732032904884
253 0.41302422493669877
254 0.024385082787763766
255 2.071572373342655
256 0.3329402310285153
257 2.384037643408145
258 3.7875634376573473
259 1.0479013849430416
260 1.884084154817529
261 0.8890782271225084
262 1.2012042476242601
263 0.16645032718974834
264 0.3864248553519172
265 0.6570904141659917
266 0.5688319861103304
267 75.61164539750428
268 0.19290750532075615
269 0.33030528205206316
270 0.43030105976011684
271 0.8987391063999947
272 0.38397051986916997
273 0.4436787302982281
274 0.11595352018508995
275 0.8022723915521094
276 2.403444886986655
277 1.0750266957233385
278 1.0522242593420765
279 1.6620178226937359
280 3.5926690591935317
281 0.8811971719728376
282 2.173122142414787
283 4.072458063924025
284 0.3895325923142805
285 3.391660017337616
286 2.69053729703986
287 7.34211406739128
288 0.18154459404549206
289 0.2673215546707031
290 0.7378424325354929
291 0.35084294163546526
292 1.1788600376516687
293 0.34980205674235865
294 2.3240388609034666
295 2.053891398063392
296 0.39631744906631433
297 2.532475027673517
298 4.354263708588556
299 14.462048995156891
300 0.8169446545295298
301 1.8959559093065825
302 0.7594869111162197
303 0.06781538319735035
304 2.2328364762344433
305 11.616071349270571
306 2.4892066580749552
307 1.498125185767725
308 0.1087141636792534
309 3.4352948911915124
310 24.926615151251987
311 0.9253070505472929
312 8.009747007611688
313 2.255311947722444
314 0.6287524791867972
315 0.41980047738226933
316 0.018770831669963413
317 1.6580504066714945
318 0.8432730288303013
319 1.0835638018430356
320 0.10663590712001425
321 0.4552430124501361
322 1.282255138786067
323 15.722692818480779
324 2.5296016444465295
325 0.011444929821628449
326 0.09904390202896196
327 1.009412009913197
328 1.0225471665986086
329 0.9921556133748807
330 0.7749181578258826
331 4.613587208297277
332 0.1468671823905899
333 0.08900058427851847
334 0.07056405811350357
335 0.1453400794601714
336 1.6114002859277985
337 1.309243310070663
338 8.783231353931678
339 108.60363036300916
340 0.45526949833413555
341 6.776415471857909
342 1.1653227728112783
343 5.687238989394238
344 2.396483993962016
345 3.568552406854972
346 0.2843329008108879
347 2.9995917161172976
348 0.5146120737371616
349 0.8752568476338128
350 0.20705784354892937
351 0.49039872127307466
352 0.2757983667077368
353 1.5887500469703664
354 0.3451105984555228
355 1.650733399717362
356 0.6452132532195166
357 0.20734304659345593
358 1.3806247462094468
359 1.8921451094155441
360 0.9294918597182336
361 0.46413900020486376
362 24.343930011858394
363 2.0450510070648766
364 0.6722559595567933
365 0.03940663274475341
366 0.7962171226007673
367 1.869321960625614
368 13.648300266321119
369 0.09541871185833908
370 8.350634244210408
371 0.13001699305179537
372 3.9349455936885898
373 0.07417955007514951
374 0.4714689356290803
375 2.3303550820712697
376 0.27349261297510374
377 0.2979294454619477
378 0.5020532162236064
379 0.02219955976414695
380 0.1760048086698965
381 1.6635734594707694
382 3.6507877911338205
383 4.0746015830711535
384 0.7503434078820864
385 0.241322923252187
386 0.6419108929244052
387 11.19851080484821
388 0.05039680797139429
389 1.3421977867422121
390 0.2510233167880068
391 3.092069486608332
392 1.4046625320200263
393 0.5683225743963035
394 0.8255680788321906
395 1.220206745053759
396 1.0026960737208916
397 3.9171891837042243
398 0.6939349879354144
399 0.39798333066351776
400 0.07347761872146025
401 0.5079963328630084
402 4.137034804008089
403 0.028632246534149544
404 1.0159351700220174
405 1.7689442171998118
406 0.5400668260339174
407 0.1416735925068773
408 9.223709665997962
409 0.09574309650967572
410 3.3115528565426837
411 0.15195839489841478
412 0.40715146667839175
413 0.2787117114766149
414 1.9482185544367785
415 0.49804963471901376
416 0.3632314693062637
417 1.1349697114497244
418 0.5531724035438743
419 28.154129467108945
420 0.7114328604317539
421 0.5949321441862222
422 0.07377022436407712
423 3.184548238287194
424 2.1822907566731318
425 0.6788519640552416
426 1.1890507126184138
427 23841.904344491057
428 3.0963781983210867
429 11.287838256219086
430 0.018779238142447825
431 1.0349784961340567
432 0.1360140696400333
433 2.0137508799266963
434 2.2501683794796414
435 0.002005264421589541
436 10.168972711815536
437 0.0420216796148987
438 0.3044215362036388
439 0.03718193276544407
440 0.3183257028158987
441 0.0375022070997579
442 2.083945676561655
443 0.8283851706542595
444 9.313383680540394
445 0.21343440026368055
446 0.8043012899225629
447 2.3598441565507344
448 114.89263641714611
449 1.8028096050499862
450 0.07649922266504776
451 0.4839668551480175
452 1.8464825157557934
453 0.21177749160988996
454 0.3609376020305862
455 4.479869360896852
456 1.671682900759309
457 6.771432066372729
458 0.10844219263809794
459 0.9800067872211764
460 1.738288686149355
461 5.5056304164151415
462 36.00889237170178
463 0.4192864809979768
464 3.3937086486592403
465 0.48528313975331105
466 1.0651802038621079
467 0.2886906395039536
468 51.18594913760307
469 1.9277142264005447
470 30.096206047294945
471 42.02358530487331
472 3.729984036604966
473 1.4356987177712641
474 1.7807210606766604
475 1.5606962720817796
476 0.7893775848201144
477 0.5416840383568952
478 3.0025795992763564
479 13.050139969553674
480 0.8228201446414523
481 9.581977691205752
482 16.708849557760647
483 0.026317192673601966
484 0.1856693652112918
485 1.2546918437018617
486 0.9997717810341895
487 326.54950702796117
488 2.1067734089974173
489 2.1129500913537433
490 0.13171253035095698
491 311.60624790935077
492 0.2915860733962224
493 17.117183216945563
494 17.399149856789535
495 1.0373127865846608
496 0.01960460383177264
497 0.2692257559136147
498 1.1833855361950976
499 0.24430450594955572
500 12.665130771129522
501 2.675794008538968
502 0.6139450933960211
503 5.081194397552452
504 1.6167105021089303
505 68.63851779706359
506 1.3891655080883767
507 1.97447254558122
508 2.3590596609539745
509 1.042765798306312
510 0.39097742298798277
511 1.5031378075500283
512 0.07658599105055235
513 4.542796632132976
514 3.1080995642610727
515 18.191424548561294
516 2.372865041087497
517 1.139044340406381
518 2.8033081174540113
519 0.3062069530739896
520 2.3501392724980343
521 0.38162001607459284
522 0.9342323140765737
523 0.3902067212255441
524 4.795939273489995
525 0.19378771197340058
526 0.4846387501221223
527 0.008438722366090685
528 0.6253726168804853
529 1.3063468715142277
530 69.11604615211569
531 3.2747628352747187
532 0.5985468639292766
533 0.8020886322363866
534 0.6159587693740173
535 0.31303402666648805
536 5.8449759431193975
537 1.0091925123263865
538 3.658949947200075
539 1.0625730024579358
540 0.6210495707136893
541 0.2788368861525692
542 0.0473357312713373
543 0.685740906430405
544 2.9425236311262974
545 71.4262443410324
546 0.16026130050939594
547 13.280692615604021
548 3.48718147916177
549 0.047029924134825006
550 1.1346632797169627
551 0.41069274144659923
552 0.11195330904531912
553 2.0176814284187747
554 3.7688061064527814
555 4.749332460671943
556 3.4725081008096637
557 0.7522269625540511
558 5.400572301798892
559 5.082532268850717
560 0.057910585100660314
561 5.796406883446249
562 0.1339016174290692
563 0.017940577262681615
564 0.21964743470959722
565 0.20930681472442147
566 2.2967239884667814
567 26.735454259972595
568 4.5206172199361445
569 1.1468971702071915
570 1.3546052091878915
571 0.5896163062921513
572 0.00389598782549246
573 7.8987977408870105
574 7.017429618859882
575 0.0938292127181116
576 0.6593656690060367
577 0.44023526407924235
578 6.064605366605939
579 168.80996246587927
580 0.007813173550801118
581 0.14871540554471632
582 4.893636346492349
583 8.025189041855981
584 1.476918532403811
585 29.242477143653304
586 0.07885902689082558
587 0.7639348425573341
588 0.34042442655722005
589 2.3204194980316664
590 0.682568786867512
591 2.6373656892834374
592 3.300786752806924
593 0.6952299662567252
594 3.4824663223252603
595 0.6511063341918181
596 0.32942152524707274
597 0.6606744416054344
598 9.082007257546092
599 14.799478670158353
600 0.02341655165722688
601 0.2743720076911298
602 0.25967469575037855
603 3.0547226479918175
604 1.5628319184498378
605 1.9168410739278252
606 2.384591047877462
607 0.15354379937641036
608 97.44376169074862
609 1.22420434102588
610 0.9869876705650473
611 0.5122832595922064
612 0.7189419600061797
613 0.7213027118793417
614 1.4804529635483592
615 0.3526813503732986
616 0.08990068534224217
617 3.3251969677827318
618 5.373495438054293
619 1.645182966871144
620 2.8330010498887015
621 4.691267705081801
622 0.27647935766384263
623 26.091097993895023
624 2.8727216133527653
625 0.9184701310827332
626 0.07457174064542153
627 14.897778386976146
628 0.36748305081760635
629 0.5282520936833324
630 0.4843938655589042
631 0.07692738893755954
632 24.714370565708887
633 0.8358502650739306
634 1.5772490114542859
635 0.9129933201393459
636 3.418453349592398
637 1.2689518396627242
638 2.1381433488511106
639 0.41195996640376525
640 2.6367294998313584
641 0.1133072711084035
642 4.370814942224451
643 0.20699893205737643
644 1.1821313133485036
645 2.3666367797622083
646 0.2509229780801775
647 2.8954794794991527
648 1.3965508790035122
649 0.4174047812838082
650 0.8509766872695222
651 0.1550419207572004
652 0.051627510530546775
653 4.3463023713982
654 0.39725583773257495
655 5.321544268517673
656 0.9251341973369753
657 0.9892848131249925
658 0.10701583954383366
659 1.3057731809946624
660 0.1602438079980656
661 0.5396705831104537
662 0.012888539449538371
663 0.15875392528358973
664 0.6748479194283113
665 0.04190102582087663
666 0.4029301938614369
667 0.4397443725471774
668 0.3612193864609986
669 0.6588305245173137
670 1.4820598635383972
671 0.5936352018043676
672 0.49787660142644163
673 0.25687504962452
674 0.4649060252941363
675 0.3417336792210179
676 0.5276843592509752
677 0.1174203924131766
678 0.05525079745676743
679 1.1716150857257892
680 2.6205777863862547
681 1.8100586603282363
682 0.5531848946451798
683 0.022430163149779143
684 0.045567791585855194
685 0.06243602771248556
686 2.919210105979442
687 0.28079966877941703
688 0.5346268293780362
689 1.925386313587767
690 0.8237613648283151
691 2.3713284749978802
692 3.329902714431176
693 165.52469780799592
694 0.10646283098153256
695 0.8104525163344332
696 0.5855951887397375
697 0.05034507163743123
698 1.6871982584933785
699 1.4498894821725614
700 0.039717086156003716
701 10.452845926614613
702 6.7405902951002465
703 1.1855003433606384
704 8.64464411519993
705 6.843980309003748
706 1.9853030422426048
707 0.5581177247844413
708 0.5913466251191122
709 2.2290107651685322
710 0.6169593346929093
711 0.7045325564049209
712 0.21388669273358848
713 0.020956485356959074
714 0.2711585048845548
715 6.492064144513459
716 1.0293558522381243
717 0.19231964553875758
718 0.07956023158003596
719 0.43195214999357767
720 0.1641542920925393
721 0.48205511579989124
722 0.4578323978745161
723 5.197957987373428
724 4.320862653769054
725 1.5531277971600947
726 0.2651640849648186
727 1.7577134854293353
728 6.1308387127641355
729 0.9438053828372104
730 6.606996717923821
731 2.3861402692489935
732 0.5496314161506005
733 5.138609601920968
734 0.36569472166677264
735 6.237556028364121
736 0.04509725154326637
737 0.09264615575635886
738 0.9922255352489805
739 1.6081370564755302
740 0.08856712955396491
741 1.5570345369120813
742 31.373953432813106
743 0.2345133905322711
744 1.108891148775003
745 13.98290322247181
746 2.1578695174180034
747 1.279486624916079
748 0.18131049655548767
749 6.350398415054543
750 7.179707343871277
751 1.1535507527475586
752 1.4136994453710099
753 0.9074127016647908
754 9.639511416317053
755 1.5686340668745251
756 0.19490486836785478
757 1.7362924165104687
758 2.2620187604549744
759 0.6122597473201465
760 0.26619103141925105
761 0.33301008489177175
762 0.21394561313813443
763 1.9441438468136456
764 0.22924117070068553
765 0.760557728347264
766 8.756670423933718
767 2.286289526108149
768 6.136587961282604
769 0.5720673947185967
770 1.8641757454618226
771 0.7743396551702555
772 0.9500984753700876
773 0.23391414577969755
774 3.0598185569843728
775 0.011468626532707173
776 9.47470296911741
777 1.4779212093899707
778 1.4656551459972091
779 6.792942830897648
780 0.1813777691016243
781 1.436112760400445
782 0.908202198542107
783 0.8111212696557816
784 2.125370906203665
785 0.45461068826061385
786 0.4649539130847467
787 6.525531788563184
788 1.0417821345535803
789 6.399866242111673
790 0.1937245850336815
791 0.016481329724933175
792 0.5255450155022371
793 0.45199634500313
794 2.254791485444118
795 0.06222236295516921
796 0.05374996637209867
797 0.1107376991716321
798 1.55550810408109
799 0.21122831673398101
800 1.9622204684255735
801 1.7193889237041733
802 33.34328926404565
803 0.4359687566204756
804 6.071630009452407
805 3.0271119557605095
806 0.11385292913974793
807 1.697134329464001
808 0.4222752673178159
809 2.921712233387098
810 10.843494995676858
811 0.19382298470077994
812 0.07975290845864566
813 268.925856719244
814 0.9220299623465623
815 0.8826364122324958
816 2.208693285986855
817 4.210800813885795
818 0.5524326551284673
819 0.06322892966267668
820 0.12357040629872253
821 0.10420771782276815
822 64.92664792210235
823 0.09935102295212879
824 1.3526264325439956
825 1.4936004794202513
826 0.9341171727399978
827 0.17247849973718457
828 0.3941785323099679
829 0.3891505603552365
830 0.8625678939722392
831 2.2903165542383417
832 0.04325960985413108
833 5.928974620627915
834 3.4447548478273595
835 0.7561783170336207
836 0.9063067288081728
837 0.22131767264811322
838 0.2098547853730975
839 4.259925864702414
840 0.1277149043595113
841 1.5890968742693035
842 0.22688430074545113
843 0.1282380481284279
844 0.5027525997080061
845 3.8996600270567483
846 7.91363244382479
847 0.0799979565869818
848 0.270451705293291
849 3.001687902297182
850 20.453068691355988
851 0.6677625471757956
852 4.571587942323741
853 0.5287391619649222
854 0.6546122235903561
855 72.06490430569426
856 0.07081038222381832
857 6.341948206645392
858 0.46443569783595756
859 0.4909702402869664
860 1.2061811560404587
861 0.02609264976311125
862 0.1968383284575707
863 0.31660182869347214
864 1.3908750618633898
865 0.029582335521200393
866 0.800064992846956
867 5.125937367973308
868 2.497033350254134
869 2.7101242467309428
870 1.773132896663478
871 27.132544677286806
872 0.4381822714953935
873 0.15626168674007127
874 4.000093270737235
875 1.2626400105192601
876 0.5658694747414413
877 7.247700742095834
878 0.4085836441340616
879 1.8312242997561166
880 1.9859785166928112
881 0.2729575261483472
882 0.17637831432166534
883 2.1234206142197776
884 0.13924033809164577
885 0.31180801312988793
886 0.7312017436875081
887 0.5155694808986546
888 29.080202629205484
889 10.827490882815239
890 11.046330505266353
891 0.45101397515290226
892 1.1459193600328923
893 0.8782971759730329
894 1.4214674020919527
895 1.3722341122091541
896 0.23711465247363278
897 3.8382909099730487
898 0.11159254197245581
899 0.9693167095517838
900 0.10642635138748174
901 0.13740812001495536
902 3.536287808674678
903 1.477627025357865
904 0.3790707969227305
905 0.5562662682297033
906 3.1806810096266243
907 1.6998402591714075
908 25.58029951328039
909 0.07330831281620527
910 0.07038061467517266
911 10.006963864692171
912 0.6165087678716901
913 2.8576938781603225
914 0.782866626427702
915 0.9934919422972673
916 27.864674911862046
917 7.211192263471058
918 1.503332998760124
919 3.097877760037496
920 1.3417308047259329
921 2.7284749513466697
922 0.4097484732803378
923 7.273577770962833
924 2.446365240860218
925 8.24788470839901
926 2.794200229538203
927 4.253549692256767
928 1.6207243102753521
929 1.4175942046041434
930 74.83262092268878
931 0.1493928879919134
932 0.16168396362237034
933 0.30953350837687255
934 0.6549325324371401
935 2.1850660350240356
936 1.0251589561693466
937 0.37203446796947676
938 1.1701179230292755
939 0.4368081396304668
940 0.022729019843685614
941 9.253689967188862
942 4.171354316437444
943 0.05287812237884438
944 0.2629875360646217
945 0.09735294994475656
946 7.293282782714126
947 1.154050243219356
948 0.02103131885834485
949 2.635842226240527
950 0.5126889427801473
951 12.00709249618129
952 0.4320110105561199
953 4.979289771980285
954 0.15706662931809806
955 0.39919691925186895
956 0.28914727139549634
957 3.4252671861084703
958 0.1447616859090934
959 0.23166216582202515
960 0.09408828233810511
961 0.37271172829627053
962 1.518646389007149
963 1.7628908757344477
964 0.2838608950802889
965 8.519656325465327
966 46.49541628205806
967 1.5676158149547017
968 1.1300653315467533
969 0.3920017232367764
970 0.02031372790658258
971 8.55658656031565
972 0.5243376795162653
973 0.45413428320166743
974 7.705419255099329
975 0.8423130927113185
976 0.29852605899555273
977 1.742284110908784
978 0.7863196745652444
979 2.2984834120174904
980 0.7221469937704337
981 0.5257649148261883
982 0.0899429041948624
983 2.3005184895200292
984 4.730767014009133
985 0.09270630651732482
986 0.8888649771726702
987 0.00588079856787775
988 5.717186421633003
989 1.3086168925315187
990 0.058698211799903637
991 1.5377059942289897
992 0.8655562603672626
993 0.5779709132628352
994 0.32539901342077465
995 4.346857078875588
996 14.490838612441083
997 0.5013465035134788
998 1.1825013629108059
999 0.6715082436198766
1000 0.9570140916383454
