1 0.0077293488707863645
2 4.133264529769886
3 0.5686782225807084
4 6.479718350540997
5 2.4618960505110183
6 2.5044234400180936
7 0.02236754609443175
8 0.009020023829776444
9 1.2322532479772397
10 0.6726782473790976
11 0.4300411052999821
12 0.09122551868004387
13 0.6483284912258797
14 0.3403195002361862
15 0.08185501095621983
16 10.314922382961992
17 0.673144241845291
18 0.040418198430610064
19 3.1651456799254913
20 2.9666742197355407
21 0.892880486036977
22 3.5844108024041565
23 0.3263946387508325
24 0.29980960731653455
25 3.2189515965787345
26 9.733620870582376
27 3.279712212866129
28 5.546662120380829
29 28.446893889179822
30 42.141064825530115
31 9.548916658523515
32 2.647380963128416
33 12.270234645734767
34 0.49235955261422526
35 5.7250215808121006
36 7.058824749722081
37 0.7113202168328122
38 0.49571775922401445
39 0.060996795526464226
40 3.60134964650279
41 4.318526371837196
42 0.12194709875652134
43 3.3332723346722335
44 5.203250149301589
45 0.08315979985684058
46 1.2382563995435625
47 3.3524577843105936
48 1.0649334483294197
49 17.2553576771346
50 2.9018868636620287
51 0.37536669580657195
52 0.13853957887612245
53 1.198876147960173
54 0.17246490428356803
55 0.07264811426446605
56 5.756066729580927
57 0.6445302517039574
58 1.2800650741964217
59 7.887933135455177
60 0.36472183507111927
61 4.289283629485902
62 0.05738621856053606
63 2.378704743371697
64 0.17075404639660746
65 0.34451071444225617
66 3.182272554705853
67 1.0952637279060988
68 7.10015751401808
69 0.47466340810817165
70 0.00781794866837092
71 0.44211786291680594
72 0.07087501087656405
73 7.428387740229544
74 0.06084221799156607
75 0.806207379782433
76 1.0677344737261527
77 0.7830470533797484
78 8.728119306082908
79 31.122175756911233
80 0.35426497968311543
81 6.63424457736692
82 2.3030053922940668
83 1.9477633418501854
84 0.5425286485056385
85 14.250570233342998
86 3.714539166822999
87 0.9397000610192371
88 0.4608626823872664
89 0.63396777454685
90 2.8183562595518463
91 1.8061773235867569
92 3.9910651928691006
93 1.6942158636196178
94 0.39234773950583124
95 0.2995660638182758
96 2.2703954844522647
97 1.3448247329319012
98 5.637694750092852
99 0.2232569288929211
100 0.7446659648795189
101 0.6772217283470826
102 0.07032387067411634
103 0.9094583528686115
104 0.7784215395000266
105 0.3433195328871752
106 231.2980051496892
107 6.598949427953087
108 5.826531947644705
109 2.7033167389960107
110 0.9926499961436647
111 0.08176511043990438
112 4.333314216210581
113 0.34963266711764324
114 0.6244479833829953
115 3.7901536016425514
116 3.9263688710470674
117 0.009350129914717079
118 0.7296795057955349
119 1.074399922903715
120 6.4177139586978385
121 0.5688917755050333
122 0.8282809047307165
123 1.9875950810494993
124 0.38111258920086344
125 8.18592637464521
126 8.272121937162899
127 0.28501767085189844
128 1.1327859685431647
129 1.7155821141238585
130 1.1141670918435582
131 2.993326418568757
132 0.23543651318196074
133 0.5211274343974898
134 1.897297883281844
135 0.2339107720907075
136 0.2517874381901814
137 0.14238013685509274
138 0.9281546112055611
139 0.11443372055530886
140 1.1973449522477808
141 0.5018673509590826
142 0.35827891386039246
143 0.032478082091200955
144 0.034659742530964675
145 0.22337488860217022
146 0.2925377647483704
147 0.08685022243283552
148 6.352091718935675
149 5.3355145389363
150 1.739305649759115
151 0.03161627313929196
152 0.2159831894043402
153 0.8089818445581604
154 1.8406943973739962
155 1.3174015577396214
156 0.6771312710308538
157 0.5624239143204147
158 5.563152098078072
159 1.8983538169948857
160 104.00920054852955
161 0.5699907582164256
162 0.3352674983509615
163 2.674463100467371
164 70.00895528698797
165 0.02150785291685127
166 0.1478813400344615
167 0.05434179203416202
168 0.2594497224726299
169 20.590585403963225
170 3.284765073574085
171 0.03957022027255718
172 0.3079890567431553
173 15.082912972016814
174 0.8043201472913813
175 1.8225642187844229
176 1.1274216095492944
177 0.1647111305695945
178 0.7855092153909051
179 2.4971283312372696
180 0.11635218099860736
181 1.7658133685295
182 0.40763524637800214
183 11.417614332565707
184 1.452183671617453
185 10.75488117118539
186 3.7866983401505614
187 0.08171956344813446
188 5.521834015489313
189 5.9057845736023244
190 0.15335719420336302
191 0.6622301223587388
192 0.02364747749646847
193 0.5901948576372428
194 1.4553336926493161
195 0.852940613745866
196 1.062867356981264
197 0.20412993145437977
198 2.334860297420345
199 7.218137044551893
200 1.2687197642527863
201 0.038335727531819574
202 11.959372543089042
203 0.21207803187317556
204 1.3959169999460133
205 0.49009377068382154
206 1.033665728643478
207 1.7486072345620596
208 0.8960635600304697
209 2.0935072940377526
210 1.3259143552440453
211 1.9767851743950922
212 0.2400461844644386
213 0.8698896102419466
214 0.2214496891494957
215 0.7487069734803135
216 1.0109241749348716
217 0.2743136453137081
218 0.5421594129959391
219 2.3261368376700853
220 0.021248239242094926
221 1.0788373331723704
222 1.6241014322581022
223 0.052329770034237076
224 15.20512824173773
225 0.46628172695798203
226 0.9112189251232138
227 1.0254002757258869
228 3.057039407734831
229 0.3148191505390552
230 2.5137590049609795
231 2.9049169115107856
232 7.542482605862985
233 0.3223347569044649
234 4.640444719543135
235 0.4550526842579881
236 3.162339312139884
237 0.14571157130634382
238 0.342918779013895
239 2.9932156978759825
240 0.6756337309848774
241 1.228132243411025
242 0.4757672647465591
243 0.11569948067832245
244 1.1647179239401233
245 0.05684411442082736
246 0.8571696221292603
247 11.343039199640792
248 0.8172038277378002
249 25.314672064100616
250 0.9775314329354413
251 2.9843809675923803
252 3.3210241986097326
253 0.05725167097581894
254 0.016311514739071272
255 7.84760817342005
256 2.1471805629623626
257 622.195433145337
258 0.4391123540650812
259 1.9306438394784573
260 1.5497830980564111
261 2.803898543437287
262 0.38033524378981814
263 3.8942240440069207
264 14.510450999517468
265 4.28542958546431
266 0.6411220041782599
267 0.04367223627063621
268 4.352069837288733
269 3.4235965381761475
270 30.397723857562404
271 0.10266192717562429
272 6.921152238401303
273 0.3271736327387204
274 1.1215486946492506
275 2.859230927572054
276 0.16660338605278088
277 0.05467491502717071
278 0.12313056191855193
279 61.75154549926804
280 0.9099879021402358
281 1.4114316656026666
282 12.756047103413945
283 0.10915068234744389
284 5.697313671436993
285 0.17005616956954162
286 2.340933622969533
287 61.769159985017765
288 5.163158443055075
289 3.6652087921925904
290 0.07835450101558636
291 0.1787385701218004
292 0.20502069191644712
293 0.12660314649598997
294 2.2588532970524566
295 0.05890888871749467
296 0.24758700603539446
297 3.459886604994776
298 2.4046785929857135
299 1.1103118181782783
300 0.030937621655116865
301 0.14020279901220392
302 0.5506526139294089
303 2.275604817205428
304 1.9375840125390305
305 1.4724278746672133
306 12.275572120875367
307 297.0213070774615
308 0.6459230018780295
309 0.06456709718420414
310 4.366873165427885
311 27.73866830210031
312 0.48366184054244193
313 0.3256238199539322
314 3.3056073248170184
315 0.07612092074780988
316 17.945660811297728
317 2.5202911389490636
318 0.20062601694003462
319 1.6884275954958472
320 1.6252064606432108
321 0.5900632052984319
322 0.6978043083001559
323 2.7946713287058995
324 0.09337803273697723
325 0.06856245671268192
326 0.1532944630956505
327 4.127101488346336
328 22.22903527919717
329 1.1816822284249098
330 1.0509090191199915
331 4.763358795909647
332 0.07946771467594388
333 2.627850832758162
334 0.5851086415497408
335 1.197448938429464
336 0.44449835318515596
337 2.1808848751727186
338 48.03051986825239
339 2.9529719420421485
340 11.455210282051281
341 0.7298173600347938
342 0.5425560311290489
343 1.0261457927910158
344 6.352920181643349
345 0.08752688999749034
346 0.2300649521017095
347 0.6596321358369547
348 20.830876308284644
349 1.1568697617755923
350 0.16263014589800645
351 0.6825708825427877
352 1.8236502772120997
353 3.637577121974997
354 2.637919897424749
355 8.188630227757224
356 3.435641246294374
357 8.604867681992927
358 1.1541824514614258
359 1.7630158680338897
360 0.8829821358017662
361 0.16141741787042801
362 4.5659753247016805
363 0.6513009422629028
364 0.42035615545910615
365 2.035228407223349
366 0.6363909709118033
367 0.03166768849690656
368 2.0140204977262885
369 2.425341050671763
370 40.45977528216766
371 2.7014782051545625
372 64.9799293783659
373 2.650160597045982
374 0.3895684057306855
375 0.6611550767869211
376 2.6365986923362303
377 0.8639126520006872
378 4.406197933496434
379 4.099161471799704
380 0.09926328295590102
381 0.07043747589090713
382 0.7961144340690033
383 0.5719479595383613
384 0.4022207912667216
385 13.956928038293285
386 0.1680894478628619
387 0.7204066513778999
388 3.87679469595826
389 1.552483337061888
390 0.49188571573633116
391 0.27812547143799377
392 0.08586240127957072
393 1.6088465800523117
394 0.679814504607476
395 0.512438861398441
396 1.9056126031484406
397 0.8325054963015922
398 5.528634112511677
399 1.3801273725452823
400 20.654669983938344
401 7.83833328436947
402 93.58868786387337
403 0.10003889534365874
404 4.6768606785736715
405 1.1567359553327348
406 0.3222215883010696
407 1.231056907357913
408 0.1293151903276727
409 6.041540890633594
410 0.30523695548686286
411 3.3470209848362993
412 11.585472622276406
413 2.1258889283345663
414 2.155451306465014
415 3.0020721352087185
416 4.021918849123165
417 3.449072338867616
418 4.236914154895874
419 1.7567110855946988
420 1.200772831027821
421 0.6433042092265963
422 0.2291424353247771
423 1.019509887041101
424 2.072817011838916
425 0.6112778118343891
426 0.23513713957299145
427 0.008092312650824017
428 1.8901601984371892
429 0.5214817004395429
430 1.5821938707122192
431 0.034461697265674385
432 0.001096901830287035
433 147.248775119342
434 0.5703166351040095
435 2.9209603910532733
436 1.3173006583443059
437 0.19335339935841817
438 0.49546582899315866
439 80.00534143074422
440 10.926420880494529
441 4.109056766675554
442 2.6037454603431094
443 0.46986241906859577
444 0.12323593260129694
445 0.19468891185218154
446 1.0050693206252905
447 0.8699894001436814
448 8.937676950088576
449 0.37889326944426993
450 0.6300560374802935
451 0.2630812258461548
452 0.2129308031224781
453 0.2831687872499192
454 0.17269896535685408
455 2.31814938750519
456 1.1202690350580635
457 0.8084506393849872
458 2.324076149681911
459 0.32797954888229025
460 3.102557985791349
461 1.8667782057666082
462 0.49747332965561386
463 1.4708244550696126
464 1.5482632170202852
465 1.2858345745502848
466 4.299491135567496
467 0.5176531949433125
468 0.5534219288951953
469 13.107604759611402
470 4.625584405477602
471 1.072950899343211
472 3.600994427179776
473 0.18036599890510938
474 17.160049476040292
475 1.5888562359653158
476 0.020245230486636012
477 2.831129787442557
478 3.548238789183727
479 0.1409141963445102
480 0.10491259991774166
481 2.110762764244036
482 1.3722539280640436
483 3.326525403107824
484 23.032434692023756
485 22.149809859551723
486 1.0169365245882158
487 0.7713967936894998
488 0.09800063560658068
489 0.1496188387393417
490 1.035083411560598
491 0.233534987118018
492 0.15337908244465023
493 0.8790713824911068
494 1.1008834065445106
495 0.024071938111307735
496 0.6181838137317096
497 0.13134340322268684
498 0.15531538309934173
499 0.7388637763395889
500 5.06849260229991
501 1.2279195814440893
502 1.847511031199585
503 0.9780827189322091
504 0.3023996852151056
505 16.14108905427539
506 0.9693396719520533
507 0.18445695936525922
508 7.229389979081349
509 0.7725883210192639
510 90.68638896138931
511 0.4537528096636687
512 0.24259516118485575
513 3.13723929768132
514 2.4780113276727085
515 0.4688673814009472
516 0.3028002778384286
517 0.735540669445316
518 0.34772067025374814
519 0.34544921303187953
520 0.5222450480803917
521 1.0629079422034742
522 0.028255923957421845
523 1.4568366527054812
524 1.1566628527829752
525 4.455725694699604
526 0.5093428463788253
527 1.2996495212789414
528 0.38244602065833855
529 2.6868686537851163
530 0.38984788046874796
531 0.7810854012522322
532 4.609333592462891
533 0.11387349734981016
534 0.09357062180407695
535 0.08305881707913523
536 0.9958405099811027
537 0.7901415792389669
538 3.79078591084338
539 5.590068117042955
540 0.42341722347157984
541 0.46000807053848597
542 0.29224477214506445
543 0.10322734390330551
544 3.797090522261071
545 0.16044355894615336
546 0.9488748669969994
547 2.8380326031849306
548 1.3961723016285632
549 0.06762629280382224
550 4.9721988306418945
551 144.06297663244143
552 0.49260266507921396
553 0.3703408149023041
554 0.5977464770446713
555 11.015562816527584
556 2.6460740401122993
557 4.382242297340965
558 2.1138351240167603
559 1.2830564244007603
560 6.352323169971695
561 0.8717588485208683
562 1.9697216330068867
563 136.06963628598302
564 1.4381160330754772
565 0.09119824789315381
566 0.20238024150052092
567 0.41458232682179313
568 0.026503989187208823
569 1.0382557733128175
570 0.5558173519560906
571 0.2186715700177616
572 1.7811163311874627
573 4.014156190206288
574 0.5460392356241043
575 1.056170037490948
576 9.83060178069168
577 0.1897826659443893
578 1.133384200515724
579 7.9681919655215525
580 1.8653113016513332
581 14.931091735156919
582 4.5189137367647945
583 1.0037392410303514
584 5.509315265133682
585 4.625654282983064
586 24.16598337876333
587 0.4752808042949075
588 0.8164773368303293
589 0.0273358112139515
590 3.3077206443541805
591 1.6419897693171803
592 0.12954400225986926
593 2.3317335238628267
594 30.86757672303554
595 6.29144285556258
596 4.432492689166698
597 0.8590800219513893
598 0.8608572112940195
599 2.0285419242523277
600 2.041070645889686
601 0.11568140123132531
602 1.1463245324360227
603 0.20953516817545648
604 2.068560609900804
605 0.4742251140552946
606 0.3505976095960355
607 5.23044234446013
608 2.1066827177419447
609 0.19209532336437152
610 0.17486925537338047
611 0.8675677479472953
612 2.0484884611106784
613 44.49422414646004
614 1.444122002646203
615 2.659477377462881
616 0.6662083024307643
617 1.3839632704012934
618 0.3383084188708522
619 4.8788112575337665
620 14.075227527840847
621 3.5923092117565725
622 0.0006631723988189286
623 1.8205929503967437
624 6670.984873727116
625 42.89759651471155
626 0.13160884495705785
627 1.8095917006237956
628 0.34020685427090747
629 0.44295708860564403
630 4.476015756769938
631 165.34337303292963
632 0.26314062402259564
633 2.513501497611214
634 3.045016882545641
635 0.9551559738506461
636 1.0016222508354278
637 0.8119684049522693
638 0.3971229914630417
639 0.37459069687110463
640 0.45704890310262214
641 1.583553842770835
642 1.4904307696906531
643 0.03363653984912611
644 0.16773348553154457
645 7.608421687026979
646 0.2860873193363875
647 5.869322358339836
648 0.6997739523440035
649 0.387622033153096
650 5.597105729189034
651 2.300324892907389
652 1.2799012643318475
653 0.7620017586924932
654 5.318468215809129
655 2.6179116210128184
656 1.6092252324160634
657 1.2699210414442754
658 15.942500953250292
659 7.6204914698323245
660 0.8865361283830439
661 0.5142756220044885
662 0.7414656436447614
663 31.140473616811892
664 28.996711580304765
665 1.3434523239498313
666 0.139323494385081
667 1.1211579112375283
668 0.008046961460788395
669 1.7747082539014196
670 0.7652567072817795
671 0.08189271099700642
672 0.3515241439465732
673 2.0576389446081897
674 0.16984737496271726
675 6.906158731359058
676 2.7793527097972928
677 0.19667714203932773
678 3.49949193141634
679 3.357952303886565
680 1.072069916260484
681 1.8795647585172646
682 0.6406278187342493
683 1.3627317906490866
684 1.5476108600199348
685 21.770890526421816
686 0.4636739008547053
687 0.22539329630513746
688 0.42559938774662087
689 7.809450292809171
690 0.8766297097779704
691 0.10928457870781128
692 0.11346436476140725
693 0.1335962042515943
694 4.126870477810409
695 0.47752538360846497
696 0.2406273812246925
697 1.360476001778285
698 4.27415568712555
699 3.274494268153807
700 1.63682708577971
701 0.3831606389864137
702 0.3294690323858364
703 0.22379420430791713
704 2.3121610072794145
705 2.4435573346826147
706 1.1688547699473193
707 0.18735692544753002
708 7.452827611873795
709 0.08143069764178477
710 9.160644421544436
711 3.4050310127245527
712 0.744829429351568
713 0.520577812356676
714 0.421653534445529
715 0.3533775902051716
716 1.7256885884955804
717 0.3916368394382382
718 0.10079839069814521
719 0.2167974381852385
720 0.45067501996810044
721 0.24524921170204828
722 2.965125890635528
723 12.08599252084046
724 4.674054675339321
725 1.929638375366294
726 0.7948889405237715
727 1.1429385374640362
728 2.352595114878495
729 2.557911687366558
730 2.0176260199841685
731 32.837436931032165
732 0.7243251419282809
733 0.018473611403780715
734 3.023912284874595
735 0.014189669386823022
736 0.8044606367691545
737 0.5398872677206357
738 11.097169935969495
739 0.2994976838462005
740 0.09660373638849608
741 0.2698930295941087
742 2.195357264587039
743 0.9988524969073745
744 0.8131978734297273
745 0.18216693858059418
746 0.005432208055549421
747 0.31369830878970417
748 0.16613035507072108
749 1.0803657280940215
750 1.3984787819636697
751 0.0012166985686400801
752 0.20313320598327625
753 0.08620878816628652
754 0.5023791071997352
755 1.953950005977149
756 0.22376578246950823
757 0.30918828803007326
758 1.8769139450615417
759 0.19487684758224957
760 0.21196266167702732
761 3.1721848423403953
762 1.474069220532824
763 0.2324106486823081
764 0.02909744424210077
765 0.147582062677793
766 0.42211814412204457
767 36.67140502384252
768 1.5275521290753584
769 0.03475165524431496
770 0.750913296130158
771 0.27408717855089737
772 0.18944989290643172
773 0.9923888518626846
774 1.1276481684522053
775 4.814805920324866
776 0.2972724160992832
777 0.3658320960786796
778 547.2898797171375
779 47.79997763001269
780 39.787637102555856
781 5.098485439185842
782 0.0009496027531923185
783 36.418350871508174
784 1.5020717445272918
785 2.725579915467483
786 3.7277752573184384
787 0.4630303661898753
788 0.3511465953639666
789 0.2598774303028095
790 0.6266945956949554
791 0.1078037155206034
792 0.2794104107077139
793 1.6500761442586114
794 0.8692966363470713
795 1.0300641126173329
796 0.23787105771716643
797 5.320716825361281
798 4.3092794526078775
799 4.392320221633769
800 2.7908217992882576
801 0.5069928870785261
802 0.15475107189933449
803 0.39402277709406053
804 0.49131887209234437
805 23.698136407764174
806 1.7806832086570268
807 0.3920640755722576
808 0.5004879111121245
809 0.23489961888678937
810 0.7127336292952048
811 0.7285351589270405
812 3.1979872797289763
813 0.3445169042020019
814 1.3471042182766604
815 0.6757121586384802
816 1.440351760765092
817 3.234639396616722
818 1.0527216829435297
819 0.19157050406980966
820 0.13483390192173592
821 2.3451925135491476
822 1.8482732768076884
823 1.4009457752844166
824 0.028937599409860446
825 2.743182582909297
826 0.3309568610430627
827 0.06865327094578523
828 35.722285882314495
829 1.4003926340811508
830 0.33388475952617513
831 0.35880729432661984
832 1.2966213132614497
833 0.10044728841546005
834 5.093929363318712
835 5.184716441058109
836 0.5900078939094809
837 0.3079520318878186
838 14.305181111857213
839 6.469519955561979
840 1.3733222030147094
841 6.271955419665301
842 0.07276479771313829
843 0.11107380750396363
844 0.10817548086749068
845 1.8704803232853786
846 0.47093484926713547
847 2.5604607742854424
848 0.9232366988743241
849 0.46076815720845354
850 0.11084199286511366
851 1.7779905668902876
852 0.027884180009678898
853 0.7605292540585126
854 0.04390137780870094
855 2.5814090117738493
856 0.05162758350369892
857 1.2523354428057833
858 0.5210853246170112
859 0.011371298428947572
860 0.7321414383214898
861 0.38918974062069356
862 0.09309730790514027
863 0.8907026616962713
864 19.327461815617905
865 0.08159844063343578
866 76.03072275950457
867 22.902203255193257
868 0.5391969703197427
869 0.4706738565286522
870 3.5015855696821077
871 0.3359431133416679
872 0.32592000671586313
873 0.5578905867458187
874 1.992333847763588
875 1.4336158740529976
876 7.955228483317421
877 1.2466993348796513
878 6.543083983667983
879 6.219981025708472
880 0.562353680084018
881 15.455693239939597
882 0.6828281859630746
883 4.408583188229824
884 0.23820362489878513
885 4.8173241596115774
886 0.19853294991112813
887 0.7443718412088692
888 1.3522926923238885
889 0.21859226001288942
890 8.610495087604264
891 0.22175811448402974
892 11.237031073089256
893 5.483057882116299
894 1.8388525463871987
895 3.422559456994242
896 0.7493850846718477
897 0.32396152861746635
898 2.3346205240253006
899 58.231944910699696
900 5.21125635891694
901 0.07907481648214439
902 0.24318279046632293
903 2.557085467006522
904 0.4502138320484675
905 7.677372140779163
906 0.717340366364911
907 2.3178073884230446
908 0.1466567134074302
909 0.8721181826472268
910 1.2135599386247915
911 13.188380658731518
912 0.19868810843817503
913 0.2516598390564549
914 1.6852516740528833
915 0.3023023217590311
916 2.31694761734473
917 0.3138118983627833
918 17.990715886045187
919 0.07199419480843426
920 2.191933155084062
921 19.33486031276438
922 0.9871446017948694
923 0.6907615892949306
924 0.29580157612869346
925 0.06843425338793872
926 0.32185572923747985
927 0.22630617613396586
928 0.722539900969579
929 0.821876886103645
930 11.827385334085415
931 0.4907926174250704
932 0.22100589519438085
933 0.9606310240695377
934 2.677594968756352
935 0.08695667121824463
936 5.941923806572596
937 19.81479831068761
938 0.8519082369830746
939 0.08739301111523198
940 12.520876643360307
941 0.9722918029384481
942 5.285327436494614
943 0.06595041424801362
944 0.07541932953355616
945 4.678452779109131
946 16.33050550965294
947 0.5970002810027022
948 0.35321667511805094
949 0.37381475926948404
950 1.2788751687270237
951 0.24277086745426477
952 3.2009796337427066
953 5.71804232509264
954 0.807426906232587
955 0.278469983289745
956 4.040007749156966
957 0.15059335168448262
958 7.75690357626695
959 3.446593312886268
960 0.4281186345670748
961 0.006521591644856392
962 7.37135463594789
963 78.05887917725788
964 0.5695524333659102
965 0.2562383586085609
966 2.6532239230856485
967 0.022825899685791243
968 0.19761641409708727
969 4.516348422384911
970 0.5047051940402312
971 0.11688137717263741
972 0.8944602756425322
973 0.34968878384918295
974 0.5368212691684076
975 0.20786136862565552
976 8.139969637314925
977 0.31564787165698
978 0.22849256741766097
979 115.9410567940673
980 0.0682077925140018
981 0.0014797465525635024
982 0.40577333345310723
983 0.9856898965356662
984 4.158343969331751
985 1.9782746993401947
986 2.471734147877204
987 0.33058218363003794
988 765.4545384229693
989 0.3578402701264959
990 1.1971392938647363
991 1.5819842314477297
992 8.79595207958115
993 0.8730076808790137
994 2.060897173327104
995 0.6691569621165675
996 0.07269038690026026
997 0.444894421026996
998 1.5771603341502958
999 0.6369183094830662
1000 4.9812094803868865
