2 839 97
2 769 947
2 862 77
2 560 678
2 713 779
2 26 941
2 175 540
2 174 819
2 46 760
2 556 569
2 381 607
2 168 182
2 550 617
2 692 497
2 500 111
2 711 503
2 541 53
2 478 10
2 528 91
2 8 384
2 110 790
2 820 818
2 598 505
2 396 512
2 208 807
2 677 601
2 107 690
2 112 18
2 666 35
2 641 228
2 289 906
2 206 169
2 47 558
2 853 130
2 824 973
2 337 573
2 379 297
2 718 140
2 595 579
2 165 184
2 981 564
2 824 636
2 613 799
2 916 878
2 863 747
2 334 191
2 98 764
2 410 19
2 267 106
2 151 464
2 231 413
2 90 727
2 64 660
2 702 497
2 110 681
2 755 872
2 264 683
2 986 708
2 612 281
2 785 189
2 911 388
2 443 444
2 632 645
2 748 194
2 521 120
2 985 87
2 122 463
2 395 441
2 292 56
2 223 19
2 428 381
2 441 285
2 268 461
2 491 897
2 268 586
2 576 780
2 819 173
2 123 564
2 994 494
2 402 985
2 810 593
2 485 726
2 379 872
2 914 133
2 993 575
2 587 817
2 407 53
2 266 671
2 522 412
2 252 993
2 225 996
2 326 593
2 377 879
2 331 42
2 621 682
2 521 208
2 213 453
2 503 123
2 502 681
2 207 837
2 63 279
2 255 806
2 374 115
2 215 606
2 685 330
2 82 45
2 79 942
2 960 588
2 143 751
2 491 831
2 149 366
2 809 902
2 986 196
2 824 222
2 243 792
2 802 56
2 610 137
2 724 680
2 495 805
2 632 272
2 772 351
2 304 110
2 101 487
2 927 428
2 326 336
2 50 33
2 99 415
2 393 377
2 270 75
2 655 226
2 338 148
2 347 283
2 604 289
2 475 203
2 140 901
2 223 133
2 504 697
2 161 851
2 207 637
2 543 946
2 682 980
2 410 737
2 372 436
2 840 283
2 835 362
2 692 178
2 116 877
2 836 523
2 772 485
2 114 128
2 314 14
2 634 377
2 831 37
2 986 393
2 765 80
2 124 121
2 418 206
2 622 841
2 512 515
2 706 270
2 997 926
2 903 317
2 811 686
2 533 293
2 868 659
2 506 244
2 136 670
2 113 569
2 347 130
2 455 250
2 846 945
2 314 138
2 456 352
2 635 63
2 170 96
2 716 735
2 933 608
2 973 357
2 256 190
2 111 631
2 20 267
2 232 945
2 161 213
2 40 644
2 432 358
2 388 957
2 278 920
2 64 142
2 930 214
2 109 139
2 818 444
2 774 64
2 536 668
2 86 171
2 728 279
2 292 757
2 842 249
2 471 595
2 764 851
2 690 614
2 903 83
2 113 251
2 60 434
2 233 479
2 899 595
2 63 738
2 178 172
2 748 541
2 85 204
2 706 128
2 373 385
2 25 205
2 446 365
2 822 991
2 160 907
2 857 453
2 955 935
2 658 644
2 131 945
2 162 420
2 371 875
2 458 80
2 861 821
2 25 463
2 544 157
2 601 741
2 31 365
2 242 929
2 188 1000
2 797 938
2 316 775
2 620 532
2 314 126
2 767 897
2 197 247
2 773 460
2 507 847
2 5 912
2 101 728
2 90 16
2 613 627
2 737 422
2 292 352
2 59 345
2 185 213
2 502 398
2 79 377
2 848 542
2 599 715
2 315 197
2 667 433
2 153 141
2 755 645
2 318 688
2 384 268
2 92 302
2 86 276
2 723 771
2 981 327
2 611 74
2 105 2
2 401 521
2 554 875
2 133 230
2 157 190
2 533 992
2 497 874
2 198 50
2 452 142
2 142 204
2 461 608
2 1 404
2 907 62
2 518 793
2 848 873
2 150 999
2 956 959
2 53 602
2 572 278
2 196 519
2 971 843
2 796 601
2 455 954
2 753 13
2 516 572
2 883 179
2 536 169
2 143 998
2 111 983
2 423 90
2 745 308
2 362 896
2 635 98
2 562 187
2 755 478
2 643 538
2 565 639
2 295 872
2 389 722
2 562 271
2 932 284
2 845 724
2 835 578
2 122 137
2 63 844
2 841 18
2 785 433
2 453 897
2 166 211
2 635 704
2 341 447
2 236 36
2 954 523
2 161 741
2 82 787
2 360 408
2 935 985
2 168 260
2 319 465
2 240 223
2 83 651
2 226 758
2 702 724
2 379 644
2 759 922
2 960 267
2 302 434
2 638 715
2 895 607
2 534 930
2 576 445
2 440 407
2 696 730
2 523 965
2 516 453
2 544 360
2 623 301
2 954 481
2 193 578
2 170 327
2 470 484
2 535 861
2 815 654
2 152 281
2 606 939
2 881 164
2 907 694
2 498 781
2 846 809
2 745 37
2 274 631
2 903 679
2 936 471
2 209 851
2 378 77
2 31 69
2 641 801
2 295 894
2 387 974
2 561 719
2 109 548
2 137 540
2 175 428
2 766 908
2 450 110
2 851 914
2 192 539
2 583 253
2 34 844
2 819 890
2 366 257
2 522 913
2 783 321
2 962 209
2 491 460
2 986 125
2 840 548
2 509 620
2 556 174
2 476 250
2 146 727
2 289 664
2 195 736
2 303 282
2 864 269
2 330 311
2 999 800
2 813 231
2 478 96
2 982 431
2 981 367
2 243 101
2 452 555
2 291 689
2 163 577
2 444 883
2 944 753
2 445 662
2 393 957
2 362 62
2 854 217
2 402 235
2 768 921
2 726 158
2 271 515
2 600 283
2 374 473
2 770 618
2 277 276
2 81 4
2 832 719
2 120 919
2 185 43
2 370 2
2 86 24
2 411 121
2 448 732
2 718 765
2 355 101
2 263 878
2 767 922
2 379 176
2 227 424
2 111 319
2 981 584
2 653 353
2 16 367
2 647 277
2 350 264
2 223 547
2 918 935
2 306 798
2 979 220
2 599 249
2 995 824
2 647 387
2 452 13
2 9 584
2 43 663
2 147 983
2 963 158
2 285 498
2 975 816
2 252 79
2 815 457
2 805 969
2 817 937
2 54 101
2 64 101
2 108 206
2 189 968
2 711 624
2 912 705
2 153 168
2 177 135
2 420 762
2 367 500
2 210 35
2 486 494
2 195 860
2 470 965
2 82 331
2 745 330
2 298 609
2 149 231
2 567 778
2 597 965
2 934 615
2 495 936
2 739 226
2 338 682
2 701 972
2 849 127
2 915 704
2 923 832
2 582 454
2 513 194
2 135 353
2 802 464
2 452 110
2 666 140
2 671 788
2 994 979
2 331 808
2 491 734
2 172 270
2 735 931
2 216 363
2 161 542
2 49 880
2 301 977
2 674 353
2 888 387
2 287 405
2 361 318
2 779 991
2 531 463
2 109 630
2 804 716
2 876 822
2 28 290
2 673 37
2 946 291
2 95 382
2 845 397
2 120 1000
2 343 602
2 370 381
2 187 917
2 395 745
2 644 951
2 788 382
2 607 328
2 82 33
2 329 398
2 595 474
2 337 44
2 398 148
2 160 836
2 65 612
2 31 821
2 585 622
2 215 641
2 620 131
2 760 358
2 561 670
2 796 34
2 993 600
2 768 81
2 782 58
2 49 300
2 238 261
2 266 826
2 652 577
2 758 219
2 112 506
2 502 249
2 941 179
2 586 724
2 640 412
2 111 78
2 412 626
2 255 980
2 562 808
2 164 507
2 367 794
2 608 786
2 976 441
2 56 945
2 469 432
2 783 555
2 827 823
2 255 315
2 916 132
2 523 270
2 672 953
2 218 5
2 457 477
2 219 886
2 823 983
2 492 19
2 506 216
2 296 773
2 841 912
2 409 936
2 745 321
2 167 549
2 395 681
2 93 773
2 810 671
2 269 593
2 357 536
2 310 334
2 139 217
2 484 12
2 3 562
2 954 246
2 480 219
2 142 272
2 853 775
2 509 100
2 635 387
2 31 148
2 262 318
2 148 865
2 82 495
2 934 966
2 256 162
2 919 502
2 219 792
2 954 972
2 752 45
2 326 633
2 375 836
2 739 464
2 100 457
2 737 959
2 98 973
2 796 719
2 117 683
2 637 17
2 86 965
2 39 350
2 510 175
2 230 818
2 634 980
2 267 38
2 370 21
2 500 966
2 772 624
2 490 463
2 871 806
2 629 494
2 74 769
2 716 164
2 191 855
2 785 57
2 506 84
2 326 473
2 128 23
2 344 672
2 221 188
2 809 419
2 117 716
2 524 501
2 90 422
2 445 965
2 754 387
2 324 96
2 147 514
2 903 57
2 986 101
2 478 127
2 381 158
2 163 365
2 371 429
2 710 162
2 604 405
2 166 580
2 586 37
2 118 499
2 440 778
2 101 573
2 312 11
2 944 478
2 981 481
2 357 558
2 883 661
2 602 747
2 171 157
2 637 600
2 93 298
2 36 183
2 256 904
2 616 7
2 372 908
2 72 73
2 296 373
2 50 897
2 642 160
2 378 69
2 30 127
2 974 833
2 182 424
2 783 335
2 622 240
2 252 239
2 507 701
2 152 226
2 481 865
2 346 919
2 259 999
2 124 259
2 141 165
2 956 70
2 493 910
2 949 131
2 866 692
2 928 573
2 803 446
2 574 604
2 699 865
2 77 941
2 639 144
2 217 641
2 261 894
2 892 278
2 164 166
2 263 765
2 220 224
2 154 433
2 651 251
2 549 649
2 511 662
2 651 836
2 925 408
2 406 999
2 719 200
2 82 770
2 312 405
2 29 345
2 84 861
2 899 688
2 468 27
2 710 639
2 634 594
2 120 163
2 400 476
2 556 593
2 804 354
2 172 462
2 861 327
2 188 166
2 331 274
2 846 467
2 492 302
2 490 211
2 154 407
2 165 120
2 59 482
2 18 778
2 240 719
2 771 674
2 477 714
2 674 772
2 535 372
2 721 695
2 342 564
2 632 934
2 112 563
2 937 324
2 852 220
2 877 453
2 656 176
2 184 955
2 92 837
2 536 67
2 241 505
2 590 179
2 635 457
2 440 897
2 902 775
2 684 40
2 405 818
2 51 793
2 291 199
2 367 907
2 708 23
2 263 747
2 673 545
2 381 188
2 1 744
2 139 564
2 914 22
2 133 408
2 864 95
2 838 524
2 965 208
2 848 264
2 71 467
2 582 563
2 77 578
2 568 133
2 530 607
2 648 908
2 202 12
2 653 945
2 718 535
2 79 283
2 41 431
2 92 83
2 751 930
2 621 3
2 899 972
2 218 855
2 603 392
2 617 644
2 548 735
2 302 746
2 648 193
2 258 428
2 380 542
2 949 324
2 758 214
2 141 466
2 815 463
2 240 519
2 48 368
2 73 578
2 218 106
2 242 133
2 233 528
2 647 791
2 454 369
2 720 8
2 779 696
2 77 135
2 549 10
2 964 761
2 477 528
2 381 235
2 184 479
2 303 599
2 141 536
2 650 335
2 886 24
2 933 759
2 120 980
2 201 786
2 766 69
2 249 901
2 523 457
2 434 662
2 304 167
2 784 177
2 415 929
2 898 537
2 13 361
2 409 9
2 933 632
2 191 966
2 929 271
2 167 127
2 254 804
2 316 107
2 969 313
2 924 825
2 46 739
2 446 858
2 100 984
2 505 919
2 356 883
2 207 73
2 904 22
2 450 879
2 842 322
2 114 385
2 575 663
2 420 194
2 603 581
2 932 608
2 315 157
2 990 77
2 263 541
2 401 108
2 331 991
2 830 364
2 41 926
2 845 381
2 861 654
2 807 861
2 765 703
2 671 237
2 656 815
2 770 327
2 883 841
2 760 965
2 819 990
2 727 779
2 77 980
2 170 621
2 161 840
2 207 703
2 936 985
2 478 433
2 552 637
2 20 777
2 22 532
2 331 554
2 983 91
2 731 749
2 319 438
2 843 239
2 213 237
2 986 127
2 313 906
2 184 924
2 48 312
2 736 63
2 971 852
2 744 474
2 116 546
2 27 163
2 840 248
2 552 208
2 748 929
2 599 21
2 717 792
2 232 330
2 384 327
2 524 761
2 776 113
2 570 532
2 815 724
2 220 315
2 968 383
2 960 694
2 726 758
2 461 297
2 932 604
2 489 912
2 513 644
2 918 36
2 551 644
2 124 406
2 604 976
2 919 886
2 227 969
2 922 695
2 228 884
2 47 97
2 49 350
2 974 428
2 461 928
2 225 534
2 55 64
2 88 978
2 935 92
2 592 827
2 925 276
2 438 144
2 304 580
2 509 164
2 852 871
2 648 10
2 103 834
2 111 86
2 801 624
2 178 485
2 707 830
2 974 131
2 195 367
2 485 677
2 657 655
2 524 429
2 312 458
2 72 847
2 347 393
2 296 291
2 151 838
2 8 199
2 468 234
2 756 437
2 568 273
2 356 968
2 164 970
2 192 34
2 137 526
2 823 537
2 326 564
2 333 502
2 832 508
2 237 623
2 412 590
2 342 863
2 786 277
2 71 89
2 344 532
2 366 764
2 874 540
2 213 297
2 318 561
2 916 461
2 541 271
2 256 469
2 402 581
2 693 336
2 925 340
2 164 201
2 888 230
2 76 83
2 266 164
2 282 751
2 51 947
2 51 385
2 246 855
2 186 922
2 852 375
2 737 790
2 109 321
2 363 836
2 895 846
2 210 11
2 74 709
2 316 424
2 499 364
2 195 393
2 279 44
2 656 74
2 934 936
2 252 104
2 95 695
2 310 776
2 982 892
2 791 265
2 263 210
2 114 735
2 557 786
2 189 320
2 556 822
