1 0.5582605292168631
2 0.8268487679482773
3 0.5576025254040077
4 0.0025175694099667297
5 0.3046771672946426
6 0.10452706998076597
7 5.110448538912245
8 0.22920554272919916
9 3.1553673614381954
10 8.517091136764542
11 0.2652822108948133
12 1.6688416504180843
13 0.23158708679244763
14 5.032282838082801
15 2.1559437100332053
16 0.5056458816476372
17 21.995135034677745
18 1.3963883241651949
19 0.2612402247764475
20 17.81914785334562
21 0.03181236006721291
22 1.8082838928692566
23 10.682851322227663
24 3.8586489897614875
25 65.02997316826952
26 21.665313184831685
27 16.35388567554282
28 1.236395886909585
29 10.253114798030099
30 5.864278806722403
31 2.921179398658446
32 2.389098269486195
33 34.35553785289976
34 1.2740870626991798
35 0.4555136432463319
36 2.478289046265108
37 1.9125330935934122
38 1.196224874916538
39 92.0598627544243
40 1.2176741531782533
41 1.2669121107472165
42 0.41485702040285316
43 0.5260155507197064
44 1.7684748058965811
45 0.6939976854117905
46 1.8950595252411893
47 0.12751206112664457
48 0.4930932552533715
49 3.261083801683011
50 17.683751551149154
51 9.385935678938045
52 1.2738690472206085
53 0.2940872307587979
54 0.25940503421172667
55 3.8284089394250507
56 0.09848812057320848
57 0.6394331063615805
58 17.604375358361345
59 0.24312033868846228
60 13.509268627857665
61 0.1459587108945346
62 7.991316242745103
63 0.7930594679288373
64 12.163096347513282
65 0.2884455159754777
66 0.20090687357192025
67 0.7696960989835803
68 0.5271916917480651
69 1.225581698049354
70 0.4603272790871122
71 0.7804172445957391
72 0.5241130971637981
73 68.55614621145695
74 0.028274233248663367
75 14.39312173139332
76 0.10008222890963447
77 1.335060826237678
78 3.744289289759707
79 1.1500892625054226
80 0.4950475418882711
81 0.11234230084126537
82 1.4687952556144788
83 0.6265222585564216
84 2.998115617130048
85 1.2805073614946438
86 1.6128249399010197
87 0.802691181588342
88 0.025208770569231816
89 48.995948842993556
90 1.6885819130393938
91 0.3375309922851158
92 2.5106660654584663
93 5.457840730613389
94 2.611394811192241
95 1.5016170171795395
96 0.3979704523639532
97 0.05977048996347728
98 4.7633072879482885
99 2.8172327820902443
100 1.174589837004331
101 8.038233103765155
102 0.8720380882554851
103 0.4027182613067094
104 0.4985035798563805
105 0.536232168427095
106 0.11461325999333177
107 74.49547604659604
108 1.4255095407252896
109 1.6815383129063506
110 2.691790188961917
111 7.978090155697147
112 0.9923759297694829
113 0.9248040830439439
114 0.06773298554613094
115 1.0817989034424025
116 2.3359332720816535
117 10.490391597196792
118 2.118235268049498
119 5.025923404805963
120 3.233662993580994
121 1.2533606996002857
122 0.035975280628128166
123 1.3307879443795934
124 0.11412828558229347
125 2.0182919819166747
126 5.310639792421948
127 2.057565859965904
128 0.46862748514475255
129 0.16676965900209054
130 1.7591685820354455
131 0.04215449738639192
132 36.06710984975206
133 3.1387742207185085
134 0.4068763627055966
135 1.094984841267737
136 1.1254606573374077
137 2.5079359216505757
138 2.174044437124705
139 0.10999711373440216
140 0.1427223874562354
141 0.38295338504291815
142 1.0286136826445933
143 2.5351190203762304
144 0.35102516345456436
145 0.11113650126088741
146 31.538771862624134
147 0.5367546596567105
148 0.8141631132598918
149 0.5694517106914874
150 1.4194277058137144
151 210.4832945302831
152 1.1183973939923426
153 2.051773363255622
154 0.17954290648168897
155 7.275502306448795
156 0.05044746619177303
157 2.621265758121409
158 0.06683736388470644
159 0.014266847088624208
160 0.00828169183562361
161 1.175096671317434
162 6.30010181228729
163 2.3991428728898057
164 106.34242767341762
165 26.377156278063204
166 0.03719642203338496
167 1.5732795122977548
168 10.78523657777086
169 1.4905360567510384
170 0.5388902038707187
171 0.4348964144225046
172 0.8691159197420574
173 3.6510940573428177
174 0.15332302070218126
175 0.0844865464298528
176 0.08987456573334118
177 0.02160848995240198
178 0.1570554367415904
179 34.60972355359231
180 1.2222530304850834
181 0.31025442317937724
182 15.232586441438862
183 0.14070714308353585
184 0.17884621542086873
185 0.03413284945980672
186 0.41191981359220525
187 8.575595087497794
188 2.0396137099005465
189 0.6100496517047556
190 8.956965210232635
191 4.052996235465073
192 0.7085748211907065
193 1.7568650518747346
194 7.350352678802124
195 1.7886504671201235
196 1.3521971276284428
197 9.139555550856587
198 0.17181061970002173
199 0.30972109545144827
200 4.609966898801459
201 0.7022039604881136
202 1.5739954126918478
203 0.10062176979212616
204 3.365248986350327
205 0.392270291754203
206 0.593176477912159
207 2.041692905932658
208 6.163826961023002
209 0.24906198130813578
210 0.6620099617936406
211 4.2195395589089735
212 12.16191527307244
213 3.8116837187373607
214 0.5178481575998242
215 40.37413543884437
216 1.0072054167691507
217 1.989440894067053
218 10.359263671494796
219 0.2909034074920415
220 5.2063652836556
221 0.7505689108018317
222 0.16139267677867958
223 1.48007645135749
224 3.6314432924592994
225 2.026690513918878
226 10.628269454326887
227 0.04248381678736262
228 1.4520134319782037
229 0.1966228438447648
230 1.1006933940975334
231 1.3194363941996836
232 0.5560157806007248
233 0.6677329458032687
234 0.22768503762812503
235 3.6124313692554244
236 6.717691732044532
237 1.6304091698930427
238 3.7764729707376308
239 0.14162805166237102
240 0.6278343795883973
241 1.073187625509198
242 0.45371415031121265
243 7.302613806798018
244 3.78029356838745
245 5.366308236322899
246 0.7616397820217712
247 1.8109423192067378
248 2.3874246148092166
249 116.56784795765024
250 2.041749745676366
251 1.0226264241126346
252 0.3499831452507949
253 0.16268766971523882
254 27.967608718397543
255 0.5826293029208804
256 1.0551428982616853
257 0.6804677228835949
258 2.733064646549701
259 0.16653839104598628
260 0.2030640549784297
261 1.6926485638590119
262 8.444351522408525
263 1.1736791142960261
264 0.10047152967624702
265 0.4677666864551052
266 0.09207954349594234
267 0.11710295394767843
268 1.1086291379339654
269 0.09492889673906134
270 1.3614086197020776
271 0.15325684856741584
272 0.11827459265912858
273 2.147976753187047
274 0.5831001127648355
275 13275.212084562912
276 0.25067412546027507
277 0.12674854094874474
278 0.7463741915570598
279 1.6900881387897282
280 0.6754833099373924
281 13.397401879806452
282 2.916836525574032
283 0.237240452959421
284 0.9167375932929644
285 3.2243488045691944
286 1.4209581382663863
287 0.23840891741790093
288 0.1793379488236122
289 1.90525875692511
290 0.38432205241657513
291 1.3141727434665351
292 8.619477311004001
293 65.91293870424566
294 0.6106419827325943
295 13.837965995094729
296 0.03834979143625239
297 2.6864111111604
298 0.577874283704651
299 7.010634391191694
300 3.084894925343475
301 0.3209191281823977
302 0.4140288492678942
303 0.09471225601087575
304 6.587342370781292
305 1.302773474062257
306 9.360828468000603
307 3.79958144830654
308 0.39187297091317985
309 45.6010918693363
310 0.24588203262265726
311 0.14234278531310074
312 5.434839416662793
313 4.3811801173589
314 3.3883435436474993
315 8.856787484601954
316 0.08967990326552681
317 0.26305003586198394
318 0.6818262190903152
319 5.6523252728297955
320 0.21751664210514982
321 0.1423426938709877
322 0.21903819730615423
323 0.02371998110855937
324 1.6558056391004004
325 6.97458272026973
326 1.738102719349623
327 1.374193407960473
328 0.6861856738269418
329 0.577245985373896
330 6.531604199799775
331 0.7858604073787078
332 1.1173556461133478
333 0.028733145299642767
334 0.2959741330170249
335 0.5728432159243213
336 0.019180390595691908
337 3.197952045890119
338 1.0618202642537373
339 7.287558443686586
340 0.12561851240109864
341 0.3115908910230324
342 0.04715745845755851
343 1.6627647518127746
344 3.370137725366385
345 0.8751399161869055
346 1.0246563759799627
347 0.1494639237311311
348 1.1076806413931948
349 0.09914391962586115
350 2.061889956894351
351 1.1060670225509694
352 1.1913555872592851
353 1.4448441360318633
354 0.1867028711039342
355 0.5013070119685636
356 1.1788561927377301
357 0.31128183501623613
358 0.20501347075857101
359 1.3679469689723152
360 0.168549893868707
361 1.7811777423063782
362 0.6936757403394892
363 5.391244968614539
364 0.37790198281372256
365 3.767379004725074
366 0.1903641957526086
367 0.020574321478527308
368 0.10640606783622682
369 0.14981799910589425
370 0.9396360917794515
371 2.055734533010376
372 1.1214288051188683
373 2.87251246237719
374 0.770518474373289
375 0.9634473105798995
376 0.7287245496337164
377 7.222271073334354
378 1.1010538093116167
379 0.10912302015874029
380 1.2360319755863
381 0.5265904312697246
382 0.13641475942751255
383 1.2449558640993283
384 0.2855556773062028
385 40.6354507198578
386 1.2028589983278362
387 0.17796787116109308
388 14.12932624922571
389 5.627349739548079
390 1.9480381197845857
391 1.3233743007376797
392 0.5918349812762213
393 0.8049510370961898
394 0.9431503061630374
395 8.790277088405254
396 1.5066077635913835
397 3.3515621153519852
398 0.04708462394393599
399 0.5949199225597541
400 1.5921661390663986
401 0.8804573605636973
402 7.228146024406397
403 2.5364105785854165
404 1.0205488203478168
405 0.24086222733616766
406 0.5349960467014294
407 23.775484466075255
408 1.2132382553601264
409 0.05437678487060871
410 0.9495685221972122
411 6.008127406391592
412 1.21462066613788
413 0.029513613050989092
414 0.22424775982836237
415 0.940679341003114
416 3.0241543561949316
417 0.20714274190754678
418 9.582602233406181
419 1.9700557905303369
420 0.10919493541460244
421 0.05526088997993727
422 0.31884341719255205
423 0.10461209513785966
424 0.5345135129633715
425 0.5644142661278174
426 0.3873839708150379
427 0.11680219327536372
428 2.279307536498128
429 0.23677185717264518
430 3.4334327106691753
431 2.825944957618624
432 1.9584972640536062
433 1.501019823316398
434 12.396772616934573
435 0.6454853209267808
436 0.694019398833626
437 1.2915016618164088
438 1.3561877622702978
439 21.327515862951945
440 1.225751037402403
441 0.2665612528627355
442 0.0038854839525674515
443 2.7714063859606175
444 2.6233387848226237
445 9.77399694013068
446 2.5050967195914513
447 0.023626184700971185
448 0.5848717800065922
449 0.02090056342897269
450 0.37611430394622364
451 0.041882900995270006
452 0.5742360404877335
453 2.647259946451407
454 2.4931451815477774
455 2.0189098773528737
456 2.7144792321634834
457 1.564448115174059
458 3.88987099242575
459 4.989647239894795
460 1.4046861995656308
461 2.0609352608481357
462 3.120675332389036
463 11.025792319789602
464 1.1258121505843854
465 1.5765772950893036
466 0.2192750361627513
467 3.2205041250689463
468 1.1355187269910598
469 2.37307449701899
470 0.22401203735592756
471 4.8146230394241245
472 0.6578888140596948
473 0.9878228339614036
474 0.5590877403187003
475 0.9939144979863931
476 13.899453620049945
477 0.460744673643898
478 0.03972147534381601
479 0.020709263500384333
480 0.9990951568967686
481 11.346552240486465
482 4.902798412627406
483 1.4690337318114444
484 0.13859739394952356
485 2.947611672916645
486 0.7606974074420182
487 1.308877294877642
488 1.1920958836159494
489 0.14843186588413637
490 0.37728107049634835
491 1.1102823875375014
492 47.78190894937136
493 0.21959316566093662
494 3.0346828919283695
495 1.5636097185831017
496 1.9053585142527507
497 372.89171639077966
498 0.36888673956796586
499 14.674168828130476
500 0.18410204424934698
501 0.03294917296576721
502 0.6150412440696174
503 1.431517182143117
504 4.303585518465067
505 0.47211915690877
506 0.17444842659000026
507 2.5259518103700827
508 0.37922426206518145
509 4.55643039978485
510 0.5062314574471993
511 2.096628073952135
512 0.4787503635922424
513 7.140727158826117
514 6.651001041594069
515 4.320670615818111
516 0.4826710736444944
517 2.4773832964165963
518 0.20583235661482582
519 0.8679709963945407
520 0.294998175531809
521 12.878230846668993
522 1.0836802394580674
523 0.08910027879916141
524 1.6842180357176588
525 4.395205466217449
526 15.017878792684373
527 0.6723922003485968
528 0.06678578370491961
529 0.36184211630237734
530 2.429698280664263
531 0.12952756963485595
532 2.1929882997531913
533 0.5185023015077831
534 0.16050833706914064
535 2.122160032769968
536 1.9028271078248138
537 0.02157531938884942
538 0.7544593708115352
539 0.552688116752201
540 5.154476366907758
541 0.6905524553469582
542 0.8549959108585223
543 2.988188044968344
544 0.4092739475918535
545 0.19791045873780433
546 1.7767518457270646
547 0.2738874606442636
548 1.5567870474480934
549 0.255608042981823
550 0.2887734373910706
551 1.2778605119930981
552 1.5194521281499134
553 3.966802366582773
554 6.8079979876732475
555 0.19073866249187243
556 1648.379351294657
557 0.07841423942492867
558 0.19781343922447858
559 0.031391541456811285
560 2.5389874492600057
561 0.9822422881200908
562 1.1475330231025946
563 0.18920160988525106
564 15.818934085164743
565 13.211447206963904
566 0.45287244249716174
567 0.833772368595572
568 0.19575462998451865
569 0.39401914308795427
570 0.5791888410862501
571 0.7923086551553841
572 0.1902880054082779
573 1.5890291074284306
574 0.26891411957961137
575 1.1674417348839186
576 0.47223729083401667
577 0.43697687538477353
578 52.36095580113943
579 2.93495952393586
580 45.52372002418346
581 0.6519721721856927
582 1.2790523805373115
583 2.5400536687652955
584 0.1794834133294415
585 0.06062290725310502
586 1.3786641412408802
587 0.3531781167937549
588 0.02653152157921874
589 0.24542967163416768
590 3.343013310754419
591 0.012080156922793898
592 0.4711145997334558
593 0.41527045188053197
594 3.244173069371251
595 1.770769788407191
596 16.84336175512654
597 1.1877544941156
598 1.0007926856639753
599 1.444422553019549
600 0.27072129801883293
601 1.1437883114211251
602 0.8798828828002336
603 0.0035647925490014326
604 0.7575779166586992
605 0.3017846384558135
606 4.59185506818053
607 0.5074176525735787
608 2.6683247258252463
609 0.0459414318528203
610 2.624400237365834
611 0.4806821197028428
612 9.782036911046692
613 1.385011905522327
614 2.3425065115726333
615 0.6896437210486439
616 2.0446362807608907
617 1.4062610576268935
618 1.8354851138927413
619 7.187637919495084
620 0.07520834316631683
621 13.138047450474183
622 61.54627360672418
623 5.365187384701822
624 0.45525006455063854
625 0.2726457644083372
626 3.941162696545498
627 0.15003008139254725
628 2.4771852004163257
629 0.42598950580408435
630 14.857626700245772
631 1.9488320386759426
632 0.4058113719626278
633 6.03967365668795
634 1.604112115541907
635 2.189960663187452
636 0.3623816947051986
637 1.5073339584374132
638 0.8745221838649416
639 0.09359470227885355
640 0.8502023894498166
641 0.42040261796559414
642 1.2018584183732297
643 0.6713294212898676
644 3.647494376601562
645 0.003576256567393124
646 2.7930141217708115
647 0.49074069649393376
648 0.17154337177587725
649 0.411704586536633
650 5.987674834894865
651 4.36692620529642
652 6.841117293773625
653 0.07751367788827666
654 0.1609687863481065
655 5.205984473913238
656 0.5760505138657921
657 0.1451345623540946
658 0.05572120676250936
659 0.05348333757092746
660 0.8119557076543785
661 0.6204033651107562
662 3.06619288188613
663 0.6351958049949811
664 11.141778499873467
665 0.519290429559779
666 0.9848765308378362
667 6.046066991862278
668 0.2577405085131328
669 0.5274756674807326
670 0.1674838826825382
671 0.2375669191237841
672 0.239666239802166
673 1.9468336808085673
674 4.2656878713918225
675 0.39519868475145525
676 0.29857874370292276
677 0.7248307312635092
678 0.021456872230875397
679 3.6446036265014077
680 0.028161656022785992
681 0.26076173200143143
682 0.38753536712912523
683 0.26096626077852564
684 10.919811950576483
685 1.851925902179907
686 0.3467447856903602
687 0.6571275591104261
688 0.6332519131991727
689 29.79456360873854
690 14.724017133369884
691 0.15496581967319142
692 0.5118140746361319
693 0.9949675326621519
694 1.3740179113470494
695 0.5763650415729855
696 36.43761564504103
697 2.988953122182155
698 1.3982600075342735
699 166.47970533119354
700 0.31026797534024175
701 0.3240437205679972
702 0.21063624598576308
703 2.316428010263599
704 4.059432726318084
705 0.16820614769264983
706 0.6090925083517813
707 0.09754109723018249
708 1.9253767042001617
709 1.9624157081627096
710 14.621835096522181
711 0.674833540638201
712 7.3404970024688945
713 0.2551338690757779
714 5.848037994037821
715 0.09764957115612109
716 0.0633051406307751
717 14.316264478572812
718 268.86735542171124
719 6.050568262346124
720 1.5520890662960145
721 2.133799929869126
722 5.467071290923507
723 1.226401367873312
724 0.09424965603089537
725 24.71852689091433
726 9.897657443980163
727 0.2452547421292875
728 7.347606393266452
729 1.8031513708450542
730 0.15811228326092538
731 48.0474341266776
732 0.08987431827436738
733 3.9636473994841936
734 0.6417567109812798
735 0.18715247978228414
736 8.293941828430553
737 0.12607256615978327
738 3.9235491279091983
739 0.016219570678816644
740 2.6316503001726166
741 0.63504704411964
742 0.7285133805364689
743 1.253661007808588
744 10.14014203025132
745 2.0641195488918074
746 0.29500089196357915
747 1.4051988729620952
748 2.1670989662678566
749 0.15771618775491958
750 5.193854938954701
751 0.6712313383788429
752 30.860733768773084
753 2.3506337951419365
754 0.06148841955028125
755 3.720737667967592
756 0.5751478919865793
757 0.36112077366142087
758 1.3582450877907573
759 0.693447057868282
760 0.40696303455217137
761 4.238208665692501
762 1.0523408815345734
763 1.2871917778248314
764 1.3147385432875451
765 0.36199582792892476
766 26.90626299295649
767 0.3783434260615048
768 0.9015607389410393
769 0.32105300617995725
770 0.24398991771038503
771 13.096834391299998
772 5.149969599937843
773 1.7605859856551573
774 3.3531322284811784
775 0.7747456704012221
776 0.09939953423218882
777 4.386774778894885
778 1.5040346136960048
779 0.9918094847905239
780 0.4808358128682644
781 1.1642533895476785
782 1.0030383906858822
783 9.114428590539807
784 0.22008001328301455
785 0.8837455673545828
786 8.56505790547939
787 0.652060773607377
788 0.12646800327702515
789 0.07475292872243812
790 0.45380415001495605
791 0.5519209813881855
792 0.15969777588327197
793 2.274822660996021
794 0.13780528110484747
795 0.8414060506377171
796 11.123874281009487
797 1.420117670752591
798 0.07085892088676637
799 0.6073537961119925
800 0.09491117593103574
801 0.41464713347858045
802 0.23106184191939058
803 0.030306679427142984
804 0.03560621838524114
805 7.340636434275013
806 5.40804300522991
807 0.05937644276646631
808 1.1322423489529556
809 0.6585809587629985
810 0.5158674442880098
811 0.01084481747503814
812 3.9330670541867114
813 0.6157140555537418
814 0.24423791363382158
815 1.2076390938447532
816 0.10277166313750749
817 0.037274451822524625
818 0.01856100027622214
819 1.3664958065845085
820 1.054152319761093
821 0.5587342152316065
822 1.7834564220018254
823 0.3581495880030494
824 0.6532392662030568
825 4.033365410232449
826 117.86797475288559
827 0.3275931110916587
828 3.44835747733954
829 0.8635592513092514
830 0.6447365715441564
831 2.590402622931569
832 24.913130447071957
833 0.014971636036551302
834 7.859204269487081
835 0.6252366122185238
836 0.6825117231342257
837 6.852894548235542
838 0.41666898554411363
839 54.30375803786673
840 4.332573214036879
841 0.05908139234536317
842 0.21174278176248218
843 0.6329757415338959
844 0.7035366954269334
845 1.0667976825802088
846 10.829041723688237
847 0.26332262329415673
848 9.774717701532913
849 2.2994960150205794
850 0.2612093167920932
851 2.483441924640087
852 1.6146693268504824
853 0.9095407459066267
854 0.07346908311536825
855 0.07510512170989049
856 0.841929730554233
857 1.1157335544690377
858 4.077856809053906
859 25.295507681838263
860 0.2460252229311332
861 0.9108372744365323
862 13.218570003613543
863 0.10344422497534682
864 0.13141205534767925
865 0.640276063169059
866 0.5651351976192421
867 1.0060502001104867
868 2.4126068854495855
869 5.061352743186372
870 0.29269863806853474
871 31.541591627406934
872 0.33282636186685777
873 1.3054807238853943
874 0.11985490087582663
875 0.4359001182204492
876 0.22164518862279628
877 0.004329842840750811
878 0.3016462950722698
879 0.8659827484693937
880 13.545575520711335
881 0.373176995081501
882 0.5063840943128942
883 0.07737882297008482
884 14.279885345675607
885 2.7085390866020895
886 2.2929401962588862
887 3.3923315837267416
888 21.758346107443636
889 1.0028010770274576
890 0.1891960750627628
891 0.7499665878578818
892 0.05137203188183092
893 0.20090468760780192
894 0.008148652430356368
895 0.8516696040242965
896 2.5599008444847833
897 1.3789459471570227
898 0.6889154591577912
899 0.939142065634416
900 1.9230420921889246
901 0.42534540482159533
902 1.7786776414981198
903 4.804844541406363
904 0.7861852649203536
905 1.8319388599832538
906 5.429106082091517
907 9.076825058121388
908 0.37763799246435104
909 1.9228865190633049
910 0.12629202170768933
911 2215.0161174912423
912 2.272317485954926
913 300.00887295175977
914 0.8635864184229696
915 3.1911610406711564
916 4.5910507237209375
917 1.9787314315888964
918 0.7551797925948804
919 0.6949853918831203
920 1.5625929089213717
921 47.859607063697666
922 8.757467626605369
923 0.5159264614761506
924 0.3352641779966934
925 0.3103145581029571
926 0.037214363870932216
927 0.4838994430458893
928 0.2920479395245364
929 2.4284755730641248
930 1.6050518609049977
931 2.1658149571975733
932 0.004226940302101142
933 1.0965684939548554
934 0.6506775689121473
935 8.236548725795728
936 4.253074488945101
937 0.1999488624971317
938 0.1063613379244657
939 0.8763787958012621
940 14.053702511323701
941 3.4823099854909207
942 1.1972538015784906
943 6.813227711195682
944 0.25416698790762804
945 0.41597698081592227
946 24.18299911152966
947 1.737867356733127
948 0.7203450087212877
949 0.6170144466634027
950 0.36057969040487364
951 1.079680400214959
952 13.180332146418301
953 0.19513035797805484
954 0.1437760133211479
955 11.451316771529378
956 5.291521195936177
957 3.4174336307116095
958 14.472387193031912
959 0.21496105593154868
960 0.17991489854131967
961 1.1898964934371143
962 0.8391393622772615
963 1.0762144250705625
964 0.14511662789635665
965 0.6930859436979805
966 1.0392661789195083
967 2.608298546201258
968 1.1262893837819687
969 0.28690199597865734
970 4.655536129068906
971 0.7224249817161233
972 0.5408641796299508
973 1.3672987227038078
974 0.2260190035170172
975 2.850076889755923
976 1.0082947283568828
977 0.44652855959717325
978 0.24398088371339877
979 0.05415432752600271
980 0.3534922291279231
981 0.6702614265751115
982 0.3365595217026552
983 2.5531801269126713
984 0.22518856668154913
985 1.0771959022390234
986 0.40435399758898016
987 0.6798151331873296
988 3.331152243625394
989 0.6216002628778929
990 0.5079468018711807
991 2.54225335510261
992 16.088247653401368
993 2.9562582428205224
994 0.43395597911093076
995 0.19084519064511138
996 1.6058150920604144
997 2.6832468919091
998 0.567779840571475
999 0.11236696206620053
1000 0.45390374706613607
