1 20.59471036739075
2 0.22344590817547416
3 5.55950727023623
4 0.5741723721281583
5 0.2950798402245186
6 1.0825458876009146
7 0.9312489823750717
8 0.022260282683780573
9 0.18214479596966363
10 0.1642377465687808
11 0.7033640083821584
12 1.0781861819024703
13 0.5511100433066208
14 0.9313119630503444
15 0.759969427549984
16 0.29888678464842194
17 8.848886554202384
18 4.216608291450543
19 0.16939824136143738
20 5.13602953447139
21 3.5397580348260753
22 2.3301764908316915
23 3.6949279337497236
24 3.4192365376056144
25 0.49992199794916586
26 0.029145818274754362
27 27.38881534591188
28 0.8930257087276575
29 0.4664625118743604
30 3.1436990448229865
31 1.8192511344514062
32 0.3157115916338424
33 16.29976275123334
34 1.0742817109422975
35 8.6934535709462
36 1.3605562916005582
37 0.6883312187957168
38 1.693971998976825
39 0.4850721817114231
40 19.97057514583635
41 5.519104043071776
42 1.0848335640591709
43 1.6905221889713224
44 1.1335150506159586
45 0.8618071540162768
46 4.957224596791813
47 0.5155465834292212
48 13.729653975410736
49 1.3083137941122405
50 0.6985837110586272
51 0.5511275857675825
52 25.496019285696498
53 1.1329108160607133
54 1.60346432885151
55 2.6476880648828596
56 2.6725421934395333
57 69.21653802128166
58 0.032398327017593855
59 1.8332872517464276
60 2.077683661625134
61 0.07997826400260709
62 0.7586404618295673
63 3.623315425340369
64 2.018480148207957
65 0.24840583680479195
66 2.3641828637112847
67 0.7414730137923486
68 3.9717981657192722
69 6.050132822180362
70 0.0725072571288813
71 17.926430187118246
72 1.6970173009098992
73 1.8722463632993163
74 0.15025817504500125
75 0.1103767947923304
76 5.867274669966086
77 7.030164295250359
78 0.7061327368149559
79 0.5854063238089726
80 0.6704000182569262
81 4.390839952206934
82 0.07067813567062427
83 2.1559179490321765
84 1.569862733433172
85 0.35956880424990156
86 0.7103364909626928
87 0.17218877291036558
88 28.8009371412048
89 6.407747740026841
90 0.702688694608144
91 1.3337522723342359
92 1.9447428770241562
93 1.000645543812943
94 0.06708458159913841
95 1.6177671587475397
96 8.049634477246428
97 0.5333410502206092
98 1.622765004372821
99 0.244456322548881
100 0.2872189016263982
101 5.287102799908759
102 0.003172285009608335
103 1.6044746492126682
104 3.024048596041511
105 0.14090945760634413
106 0.2288810314748336
107 0.33485463421928463
108 1.6848407899645537
109 0.8824661099001437
110 0.007268107810491133
111 1.5271836520213646
112 0.8539435887740172
113 0.25386356873474936
114 1.6909427690612886
115 0.8244157577085135
116 0.25546586625921835
117 0.5491472779034046
118 2.3392008227042305
119 3.6845036991831885
120 1.490864363579901
121 0.7837356847307231
122 1.7130067695838573
123 7.702285381824801
124 0.22310231802176939
125 1.2096251746588018
126 5.623358872395541
127 0.6029750165008373
128 0.7642972349424737
129 5.050085353155345
130 0.5653209166369229
131 2.5470588711213855
132 0.14451934231166128
133 0.09709379509677035
134 0.20601074060888885
135 1.4002977817341344
136 19.528821070405364
137 0.48519445259781047
138 1.0162504416409706
139 7.58876640469004
140 0.10404114000363247
141 1.521970419689138
142 0.017858914522278235
143 0.7369996864267716
144 0.1971170178347295
145 7.680358681057434
146 3.988861743871002
147 1.0776734295113501
148 2.463162496251681
149 0.7084844861937027
150 0.0033799012382835746
151 0.4229214483602073
152 0.37112314585730116
153 0.625831763819537
154 0.1457628202705266
155 10.302832880022887
156 4.265534210332365
157 0.695350414370193
158 0.15883721853524727
159 1.055905332003082
160 0.17118000209362982
161 0.22805121589331936
162 27.427379125681238
163 0.9978912858008996
164 0.10439924433834685
165 0.03833531065318346
166 2.930774027644732
167 0.08738479473193439
168 0.44461054621294416
169 0.3743624129562337
170 3.91356181461977
171 1.054765549496031
172 2.745294252697258
173 0.31340640505140455
174 0.0692290626893297
175 8.530614267699484
176 19.229683385368485
177 0.7672462530206479
178 15.35238693524513
179 3.478616382119959
180 0.6511329814804485
181 1.1837456820929821
182 1.4604519652184367
183 13.055989295988462
184 6.12331171721129
185 0.29377624386729667
186 1.4947930360674921
187 0.371548058378748
188 14.799343416759918
189 3.2638745766937807
190 1.7179361470105157
191 0.03731692676406851
192 1.6760733161834311
193 0.21213458858370504
194 0.17407137771399214
195 0.48412458020328447
196 6.665834779001175
197 1.6684274815954239
198 0.12776835518402432
199 32.51926340029792
200 6.730816910043286
201 1.7407108589870637
202 0.9077433019544306
203 0.4529375607630043
204 0.7708633094218541
205 2.4899765638328284
206 0.8064333886652448
207 0.15447499108920718
208 2.432237361087361
209 0.7101833542640669
210 4.660791142427439
211 41.396915504443754
212 1.723442945490745
213 1.5164578650662934
214 0.6557237175546445
215 27.539488951491084
216 0.524359755046709
217 0.3128952360094505
218 0.196505832245879
219 0.15721919336102244
220 2.1435278190033875
221 3.2685940486205682
222 8.272197191503112
223 0.1846893929351823
224 2.7364928714680334
225 10.17717677011745
226 0.9667618108815162
227 0.09103004592832094
228 4.128633997522684
229 1.0809757008834362
230 0.06803677021065319
231 24.315751850955497
232 3.6203922902061287
233 0.6077896774688819
234 0.5880806920234488
235 0.6973202459148894
236 6.5155442996191475
237 0.1934033383068583
238 0.8056369421985392
239 0.027186351204228226
240 0.42521004466486073
241 1.1226578831575564
242 0.06127003495867246
243 46.807584622694854
244 0.16896564888009147
245 0.780284933678066
246 6.448445382114683
247 0.14209689036819032
248 4.371396252951715
249 2.1924101150173323
250 0.11379850684044904
251 0.06091351603957957
252 9.681240916418563
253 0.04022639427052136
254 0.17336306149216132
255 2.260400055252971
256 0.1830653294711829
257 2.972440197769575
258 0.024133610253035544
259 0.4229264575354274
260 0.21110086051043797
261 0.8950842130589708
262 0.5632542607758629
263 0.19371955765284238
264 1.101706348975614
265 2.9112550005956765
266 8.741579040566991
267 0.5345171762024921
268 0.9855766211668222
269 27.996295006652627
270 0.4257148717766901
271 1.630833999134448
272 17.540204091721318
273 3.095711171537925
274 1.5373717219666494
275 0.884411041374409
276 365.60345941330837
277 5.916632230199985
278 0.41321994006770346
279 1.1601636001372557
280 0.3785439922699495
281 0.0538741270588776
282 5.044412534046355
283 10.967221809168066
284 18.644775109476473
285 0.23278704393774008
286 0.378023617940822
287 0.9982452341737944
288 0.19736260654742452
289 0.06196334595319221
290 0.015822123970481498
291 1.81296465833901
292 0.05876221040813668
293 52.184463783847924
294 1.6938974507823679
295 0.597594425794228
296 0.7495968805389471
297 0.9375364941993358
298 37.10262246517328
299 0.6839721123468584
300 0.46912348146162425
301 0.22554037484262285
302 1.621649541058585
303 0.12985070933675516
304 0.23604503935823815
305 0.001432190542388447
306 12.050302941816348
307 10.778036428780412
308 0.9785974821770153
309 6.449804686028432
310 0.8528773365859014
311 0.029788470480256814
312 0.3993795368029353
313 1.0789671840675097
314 127.24280160433884
315 9.17067071495283
316 0.6001391477141982
317 1.9543391597368993
318 1.6001768026109027
319 0.5001489377721392
320 0.032551131188813365
321 24.911046291145936
322 0.8927527937852636
323 3.0114703007300547
324 0.22348682469290934
325 4.438685355497408
326 0.2638440745024195
327 0.891311337621799
328 0.16955428575329842
329 0.7147685318759683
330 1.3393066502146977
331 0.1552038401688287
332 0.0913976775037361
333 4.398698614679017
334 2.0220132059103104
335 2.824842425105752
336 0.624045503454892
337 0.17302783256734924
338 0.05057730626526331
339 0.949241269646861
340 1.6614502923564909
341 1.0195456379714476
342 0.4403154826462178
343 0.22829312208108304
344 0.9670595748379519
345 1.8427050189345158
346 5.275358555732851
347 12.147038490348463
348 0.5120869872966453
349 0.19028587469212135
350 0.6765095104554324
351 1.5866491232096176
352 1.3993235789048781
353 5.191396999856875
354 1.1298797392012403
355 0.8904155352327144
356 6.552905926044757
357 0.38447929309996526
358 3.8319234979654326
359 0.5825526121770984
360 0.49914272785148484
361 10.398894242232046
362 3.586987041829269
363 1.3920912502308165
364 0.18343018055993485
365 15.382537732183128
366 0.04301813053433363
367 2.6356582304089815
368 0.12488050890828813
369 1.0868000773075033
370 0.3823595773306293
371 19.678646648201333
372 0.9924808765847376
373 4.278428514570398
374 5.369448616907349
375 1.040617540233075
376 28.71738068761672
377 0.48945332949437975
378 0.08666982308747648
379 5.101640649417002
380 1.06945593792144
381 2.028099059705402
382 0.6224534768400919
383 0.750387069520708
384 0.5974102797379541
385 3.0501493729713705
386 0.40574619650840277
387 0.46705392351124553
388 2.2289506432032717
389 0.006204159098864604
390 3.0354257104261415
391 0.23991342681293001
392 3.5642844874649247
393 0.7132260088191972
394 0.6735361997492749
395 0.4167983291412784
396 0.3605948041429527
397 5.142188216209434
398 0.5780728468743804
399 19.668181578006973
400 3.745882555881911
401 2.420024038299536
402 0.4913243236050634
403 0.18956648042216975
404 3.529818255834386
405 2.1295269943089727
406 16.582163500213433
407 11.57193972012132
408 2.2618526627990043
409 1.2535206427065064
410 0.2501723322174968
411 0.8050637191087154
412 0.18621368446042033
413 19.208870991043568
414 2.919768024235024
415 0.8383795164897975
416 1.1031783725264899
417 0.9112849450640595
418 0.8150598191235829
419 0.30936300257212745
420 1.1430962088624779
421 0.8552014416530771
422 0.7298324823390487
423 0.42271057924739386
424 13.037065986884928
425 205.28918073615867
426 0.5852498280505516
427 5.276348983983639
428 3.689947657007289
429 1.7786202963464992
430 2.66486686120819
431 8.597178124439163
432 1.0594438666460813
433 9.905494645275132
434 21.289702555077103
435 2.669671132998284
436 0.33937516649896965
437 56.943438438521625
438 1.3075990684697976
439 0.8487255969577756
440 0.9237053146352059
441 12.198324455425666
442 0.1062711776040324
443 0.4261384706415639
444 1.1104296668307314
445 0.5667418486159576
446 0.2660977393976068
447 0.30160079858773226
448 0.20630306694685382
449 1.3680772710349647
450 0.3942399963236512
451 3.7203538114996415
452 0.7584535914265198
453 0.0011232316379135748
454 0.6154615909800876
455 120.02895303347766
456 0.8565021062547606
457 1.3274024616110711
458 0.3485311595715379
459 0.3325370031136971
460 0.07689878553378116
461 7.9537895480700165
462 1.4353294562827448
463 166.5375536963777
464 1.5069016651740377
465 1.3745165473132033
466 1.6303653843442343
467 1.5069661725178496
468 0.01257008143579566
469 8.641536736856365
470 2.99622768623872
471 0.3784367646112203
472 1.013700743390952
473 0.17104169294401447
474 7.9339236793008014
475 0.3897152123154606
476 0.5601301921819738
477 13.393086299864265
478 0.4252211614390624
479 0.4419083901757821
480 0.13527025532543238
481 0.11969269156573481
482 0.2110792736276029
483 2.325927812985515
484 0.241509684295696
485 18.71926724522663
486 3.4213309727524983
487 0.2041713180494907
488 0.7751301595859399
489 0.9824189238932193
490 0.5229767182842225
491 2.405987248294846
492 0.45038662564352705
493 0.15320517137403802
494 0.5469545314077967
495 1.5727634512580413
496 0.6428946104317005
497 5.6150094463950975
498 0.3332927761199352
499 10.281650694144492
500 0.15221190040246196
501 0.5680578924248224
502 0.11164546771543014
503 0.0249318893004152
504 4.022781392655716
505 0.12457451600560418
506 2.6506582989888168
507 1.388333732088528
508 0.8682321644473762
509 1.9367594710757121
510 1.3970107937029956
511 12.494191184023622
512 1.1383901171125463
513 11.175630298737055
514 0.30723816576625973
515 0.1746609493479355
516 1.8605843087725649
517 3.6483091105988246
518 1.570950718922217
519 0.7695970458736345
520 0.09765997665153815
521 0.4763750838510564
522 11.44325225185242
523 0.25081802782427026
524 15.201549141746753
525 0.7147574593228736
526 0.46446030918463055
527 1.7748486481496377
528 0.3807039654944527
529 1.1303305731193296
530 0.8969191581066819
531 0.10307799963832041
532 4.359093768646242
533 1.1318596524309075
534 0.9581421448335286
535 0.634019946588489
536 0.1695970010136802
537 0.20319946084857887
538 1.9708963233764698
539 0.5086615383055177
540 0.04480469976536175
541 0.014992794050472583
542 0.1148251432031725
543 6.488738511144007
544 1.0322759839124585
545 0.19625248213749005
546 0.2348130382428541
547 1.4269011932410975
548 0.19496881854379566
549 0.37605654282312134
550 6.548001983566834
551 0.38074414353237757
552 0.05077456856027677
553 0.8339152683517639
554 0.34433512152497486
555 3.2446019700942443
556 2.394602951825369
557 0.40272015371275116
558 0.8930392972195617
559 0.9590716765721546
560 0.04726636509494515
561 2062.8409292672773
562 1.2331909351189845
563 6.090873913428046
564 11.641160317573886
565 0.54828975235113
566 0.09788756702353144
567 0.6766702182566139
568 4.809000207695098
569 5.103141197134277
570 0.16949160044317113
571 6.227386478921575
572 1.7292219190981994
573 0.24973125009701375
574 0.32628708079618
575 0.6475289013417225
576 0.30809894381965286
577 1.452037601612375
578 1.0285285980470118
579 1.9128695303505032
580 6.682405180482079
581 0.2902908603679844
582 4.808599317950789
583 0.13799900181680366
584 0.19928484134126193
585 1.386715589006877
586 1.2995535300151213
587 4.7402415401663704
588 1.662247865928385
589 3.658541260433557
590 0.09480110989967995
591 0.1497081827318175
592 0.332978789607738
593 0.08626751249631573
594 1.9190584399002864
595 0.44791359433733924
596 0.31604691017701336
597 0.6962596986414054
598 8.421292478856369
599 8.282796867497177
600 1.050939222067085
601 0.21595947115381278
602 0.21484753130928258
603 0.2639673042296551
604 13.062473256425788
605 1.119893398938082
606 2.4138550278281743
607 2.222130458749279
608 0.5502619867324996
609 0.6156166399014233
610 1.2977132781986704
611 0.035728677073969775
612 3.258761565813866
613 0.4069758464578921
614 0.792197405836665
615 0.06261735707753673
616 0.8970709933952952
617 0.18179269252062608
618 0.3312766070317377
619 0.21043003673762525
620 0.2911558741405316
621 0.38437029275906653
622 1.865484556058762
623 0.2177080504042533
624 2.2301905239072988
625 0.6338246535772174
626 0.7293767404811123
627 0.47311340634958
628 0.6496524391844563
629 0.5423765894676599
630 1.3971065470380748
631 23.127330905398843
632 0.27263985135599667
633 7.923537096598704
634 1.0771993091385248
635 1.1307742509885361
636 158.30855133710426
637 9.120820247279683
638 1.3373741045227705
639 2.210039541035295
640 0.4968868150968617
641 2.1138771135839316
642 0.018502800656537456
643 0.5643721057692246
644 0.6158348181187516
645 0.011268598884089322
646 1.8477525807452773
647 5.314498838556768
648 1.6089339718566549
649 4.130972425002302
650 0.8342025036273278
651 0.8643645859881228
652 0.3896296923619165
653 0.819311169895854
654 0.15506502088209234
655 2.2289352093999675
656 16.2531610773161
657 0.1565832518289891
658 0.016324141718027818
659 5.297584492783491
660 4.01641975762009
661 0.4311288056345188
662 60.33369389160643
663 0.7123848864836065
664 0.8172358145824276
665 0.6545405929048213
666 2.228792977480716
667 2.4899652341336966
668 0.43150601345737455
669 3.464632848553061
670 0.3412006200549253
671 22.12238466413153
672 1.8899361976054851
673 0.4004486344650033
674 0.515201668077576
675 1.3311958479576322
676 2.4391977549108637
677 0.949741741557268
678 0.0405261711735981
679 523.3120985452729
680 5.058484727546515
681 1.656811958380619
682 0.09082814965042289
683 0.46692565008933395
684 0.04364446252123645
685 1.6132377244945197
686 2.377786763776916
687 0.7706677447663564
688 1.2340801510344135
689 0.4728829755382199
690 8.163917953014709
691 16.743000425517806
692 1.1741403482066843
693 3.0603749473917996
694 0.23641913406903398
695 5.638398362104218
696 0.25753517394160264
697 0.9685501611664018
698 4.943719713796914
699 0.19574454827956447
700 0.25126329535739705
701 0.5057620509615296
702 0.979786955836879
703 0.5065424220847434
704 1.918486253088767
705 2.2193872677776723
706 1.0315630464951306
707 3.495830208769799
708 0.17732583794179657
709 3.287132900728414
710 1.7632395624981643
711 6.5987272335331975
712 6.246363344845972
713 0.0021005168215673027
714 2.0853792929974855
715 0.12557895185222198
716 1.2610923091025161
717 0.49669356261858694
718 6.45951758823382
719 2.0237108507596266
720 0.5346533677342179
721 0.25327048878316355
722 0.5040253799170211
723 0.0955047837625922
724 0.8877590115128249
725 3.506440992192873
726 1.4566627592118608
727 6.8853328988392395
728 0.0008202541036227795
729 0.9953876863659583
730 1.841326273392274
731 0.21716359405136376
732 0.11087291319929582
733 0.0460289843435283
734 0.8168694599525087
735 0.6777973979265322
736 0.54126961542178
737 1.6426999860941507
738 4.099066572985527
739 0.48175969402584856
740 0.8189236746408722
741 2.968816509496783
742 4.088479146508325
743 0.6885659803718284
744 0.3834360728696175
745 3.168491496360764
746 1.361498047842684
747 0.46394846866007006
748 0.5724053417783601
749 4.52933385116247
750 9.017767626886146
751 3.898179512299153
752 1.0178770197499636
753 0.6196144057386194
754 0.4060661594499819
755 0.5102240068896736
756 2.764968044587334
757 0.3364690969338938
758 10.610117770646998
759 3.4606779724459336
760 0.5805245995143178
761 0.35667544673117146
762 2.3009586529938413
763 0.04036549187636761
764 1.3822114700972166
765 0.7427388676199369
766 0.3507535914518184
767 0.7054758953015458
768 0.6245039654869976
769 0.7077107974357092
770 8.276933774846821
771 0.42324762751788897
772 17.163642154241902
773 1.6211219293789438
774 10.336075245000405
775 0.09040489344269252
776 7.094883556640559
777 2.5709509538338984
778 6.683461420340187
779 6.450702184596356
780 1.0371133163289978
781 4.796822420457761
782 0.16760214104290258
783 15.310632460272068
784 1.711903479179804
785 0.20350110377622185
786 5.094210422856494
787 0.8288785680237362
788 2.0821221256925053
789 0.025745175584507677
790 1.2329983778123141
791 0.5395699892908659
792 3.0971077571826755
793 1.1600895092398733
794 4.825460440725627
795 0.342663497165847
796 10.683907782299842
797 2.0866149094601503
798 0.8079377879435812
799 0.00995863960371539
800 12.283998592648
801 0.7967189004636619
802 0.03859984336393598
803 0.14428817844920425
804 0.6590988380591303
805 0.8962081277924222
806 1.138326551767405
807 0.04060887067845467
808 1.8045477014557398
809 388.31138806205166
810 0.10442521411136226
811 2.8154619085567503
812 169.85265552093392
813 0.2876137161107954
814 0.2852126604361999
815 0.2586602058683892
816 0.015396803194172496
817 1.4947429070757214
818 1.2867034571613207
819 27.947640074988385
820 0.0909041294048755
821 1.0332787329871846
822 0.018288558849779427
823 1.7495904585423434
824 0.3842815606605815
825 5.205577327530048
826 0.8202351524648266
827 1.872884234689414
828 1.629638088363131
829 0.062396369949662876
830 0.8830228753265599
831 0.20213829977440115
832 3.0242463565607625
833 3.7934766040237435
834 0.008103221131292297
835 0.16834030325943491
836 9.880990071852661
837 0.5567655612723869
838 0.7347996349083491
839 8.681806712526953
840 0.061317264254258416
841 1.484781093610957
842 0.845598991478347
843 3.185412348356884
844 5.571887850583864
845 1.6645492669598725
846 18.41873956681982
847 0.3842530098906401
848 0.47048324354000176
849 2.3027976313714276
850 0.7300019803040408
851 0.5036360324727318
852 2.187710701825956
853 0.5612620651168659
854 0.2322419189876232
855 0.1999607013679535
856 0.11721316221135626
857 0.5518181413111933
858 0.6991061409251536
859 0.2140464793781619
860 7.234661775031445
861 0.565506032300082
862 0.2068455169751633
863 1.67492169861685
864 21.166928278211756
865 1.2480033598623845
866 2.878515755008014
867 0.7015727827515927
868 16.684062156313683
869 1.6378010586654133
870 137.31458577917263
871 1.7639014074893795
872 0.18756814667694444
873 2.0692712221950043
874 0.01659501251269283
875 0.3652077125576558
876 0.7517993082714415
877 0.3569274857972586
878 0.3230084782813118
879 0.23266773950720548
880 42.724619614630434
881 0.5209157556729165
882 0.11662281452511812
883 0.9038550422940377
884 1.9385233080835658
885 3.5095483820165967
886 0.27460158386794536
887 0.46583464846877815
888 6.740110339431141
889 0.4309262785296919
890 0.08177769658420547
891 0.7057334623099354
892 0.03475994674725195
893 14.193383593042578
894 0.8970217430541314
895 0.25483975202001
896 0.23601907393214389
897 0.06202900860835016
898 0.13203447771592364
899 0.10713685550922969
900 1.715362409506587
901 1.806773736655653
902 0.5840274990143881
903 12.54185723367698
904 0.762407765415013
905 0.7075316210459959
906 0.017075507104741542
907 2.7214813519883227
908 0.9503132444630659
909 0.8785624387326865
910 0.11383366331425589
911 0.8421469808411317
912 1.9339721102902847
913 0.4069061880780118
914 7.645017798832327
915 53.859410158347835
916 40.56634967707401
917 3.0595735465104377
918 1.0046663846146182
919 0.2516110135695738
920 1.108138138226054
921 0.3212925413849712
922 0.13782198794598377
923 0.07756059561920892
924 2.339199376191327
925 7.049251499434478
926 1.0740981572740889
927 1.960396401767516
928 2.166023325181781
929 4.028418748997199
930 0.966634194570216
931 1.7468081997087221
932 1.594776931200485
933 0.34092763320221603
934 0.3051690851572943
935 13.692093535353694
936 10.782430978773801
937 4.968172628170058
938 0.30066588541602673
939 26.24372101213994
940 0.6017979840585662
941 31.779181339081344
942 12.480239549005049
943 0.17026173931483976
944 2.077547538805449
945 0.4702467640015719
946 1.570458767354749
947 0.04953752473726676
948 2.6699213270439994
949 1.6966942975656274
950 2.0907029701907622
951 1.4320649271746897
952 2.8803898885545083
953 1.833368267991225
954 0.29312474349306955
955 3.605845204886261
956 3.1439656399851907
957 1.1428320795880444
958 3.286053034872704
959 1.4348562581999968
960 0.5096485229390019
961 1.6984391827244996
962 0.0692287996101744
963 4.514120234398004
964 38.68639742116201
965 0.08992452808219555
966 0.8305086826137991
967 0.2946481608749058
968 0.02177790867335138
969 47.929782053832405
970 15.911590738930906
971 3.2306521626846423
972 0.04334950548975095
973 0.27168017391118054
974 3.05184398247432
975 22.02895041516531
976 0.25398315524914394
977 0.3035034368141613
978 1.0960765218028812
979 0.5202981867704948
980 4.14778509300489
981 3.6398786059196175
982 0.3206843879069645
983 0.8623832942410806
984 0.3375829908639693
985 1.7605236630199852
986 0.4380183638750872
987 0.4258036855907115
988 2.692627585283534
989 1.0292504026415175
990 1.3671223918757434
991 0.5165450747220669
992 20.473619619372418
993 0.9983490642253386
994 0.20123738780514167
995 0.16487281237697465
996 0.20999138984949617
997 21.68165476328525
998 1.286400902210731
999 1.8187567051777231
1000 0.9767759508924885
