1 1.6457733976687619
2 25.177650206038063
3 3.037800962033882
4 0.36589152716587187
5 0.5408496658504784
6 1.1105626881808708
7 6.636498925567016
8 0.2956906445218924
9 0.5701348026370474
10 0.6900778068958539
11 2.0693105935135003
12 0.3579575543440051
13 16.21068276703251
14 3.7153227525990284
15 2.070395671286435
16 2.5014635845859092
17 0.7614901274499646
18 0.8922279847217105
19 2.9409171005832278
20 3.992624592500445
21 0.2822228719281393
22 2.831198449093653
23 3.681864920760949
24 0.6243874747726518
25 0.08666531021474322
26 0.3828190145982781
27 5.147417406509719
28 0.0052165509977863895
29 1.3046386133488168
30 2.2114714758413037
31 3.548747688298109
32 0.25979736911001844
33 1.4776920628769212
34 0.09085661667464809
35 1.535101413328682
36 55.348702917221694
37 0.27013052720197067
38 0.14468222151013727
39 0.12091980026509624
40 0.57347279375771
41 3.9532602101923158
42 242.5617668049132
43 0.5084177640394016
44 6.962214481244405
45 12.293529386720675
46 1.0105136563142494
47 29.93987189342916
48 3.038463253119276
49 0.30167658118646506
50 1.5987820194713633
51 0.49284557757730924
52 0.09886988707169345
53 0.9262433671526008
54 0.8798902570728903
55 0.39461642354571264
56 0.12194979130412745
57 0.06163703252159778
58 3.501051788343259
59 0.1685274876409998
60 8.365392372312986
61 61.62170242583347
62 86.48349478341719
63 0.2088455722024482
64 0.32444570947868623
65 1.9767141681438796
66 5.641934609219866
67 34.33352033155443
68 0.08191240521799346
69 2.209595546840236
70 0.059954550170828534
71 2.015517672320075
72 1.2297107719877747
73 10.299273132313422
74 14.595962492765787
75 1.0014711511882484
76 0.21313079767889503
77 0.09109528785579267
78 113.43931568643657
79 0.6854751182980322
80 6.013637481555502
81 0.3913936434520985
82 0.766545168736087
83 2.712570633659324
84 3.8751471935221384
85 1.8027734282150105
86 4.14285364666435
87 1.5149557954763815
88 1.7671742725959794
89 0.6522580436141783
90 0.8555176018236847
91 1.038633764496208
92 0.7039966095030469
93 0.40897906339423007
94 31.248801553393033
95 1.3800449693204
96 0.27063074184414493
97 0.13243094247834208
98 0.41016298682578833
99 24.55106020400201
100 13.915720976126435
101 0.6882997303930581
102 0.872480550905229
103 0.08291534061047506
104 2.9228948875395755
105 0.7562778364762538
106 0.32902922639626436
107 6.690144571163411
108 5.205178425455073
109 1.5198370086257207
110 0.40404109241198083
111 0.07628392975552696
112 0.6124367069052509
113 2.0310392611519723
114 6.188715882962053
115 0.3488544319546925
116 1.940592734960075
117 0.3455530045308981
118 0.1742906099107963
119 0.9086902985174192
120 1.2462009671457352
121 7.36375434845467
122 0.03759633770925493
123 1.3702191021252301
124 0.7281488071104772
125 0.2787826478065538
126 10.329097738931226
127 0.3334119389815818
128 3.8020853324523785
129 0.49961250700329896
130 0.062372691144023405
131 1.4708823901530983
132 2.5183451597921795
133 2.021605278756501
134 0.451018664598221
135 6.585527429637564
136 0.66817895298203
137 0.10644340203187742
138 6.4507786177730555
139 3.74595439527909
140 0.693711411742289
141 2.258534543110683
142 0.6988759836281191
143 0.05440119146466818
144 0.558832078683059
145 0.0305712692378578
146 0.05215283430551989
147 7.86464308958641
148 13.096264975084667
149 0.025246610204063286
150 0.5509530996748175
151 2.8199718858251135
152 2.3862032500843577
153 3.77351335121704
154 0.5107994062201304
155 0.4728305863265973
156 0.5792901393696284
157 0.6327467868031642
158 1.8189927235319874
159 1.4625759075580598
160 0.3626740532101839
161 0.05898307944450997
162 0.4312978629049511
163 2.240428426194204
164 2.9882273527581957
165 14.069370964337333
166 6.091954726298733
167 22.574654646952272
168 1.6553658742700124
169 5.180726290708863
170 5.467661682523041
171 1.128849089181786
172 0.39163968111141484
173 0.3555520788161493
174 1.2188808346552915
175 1.4450714602976025
176 6.344824035577782
177 4316.9407111340415
178 1.1611764849442223
179 0.19682440993725042
180 2.5568366137637177
181 0.4811142279320824
182 0.3977682267055198
183 2.531757422992782
184 19.633032530483153
185 0.3632237232671415
186 1.3026055691458305
187 2.6301127194993947
188 2.5155132486317537
189 0.6149875637594594
190 3.081461143968809
191 4.972130716444693
192 20.434425312433447
193 5.475707556418808
194 5.850489706443517
195 2.8710304686161914
196 0.2292668059489678
197 2.263535517673433
198 3.7923841404231546
199 0.9059112433344274
200 3.1711757743727547
201 0.7328322380466082
202 1.1030330401156938
203 2.944759335701393
204 13.281085679248472
205 0.1672591892967159
206 0.8437527159197665
207 0.03996592977324588
208 4.033170654448509
209 0.021956915498338354
210 3.2357967650983848
211 1.1152935100763677
212 0.9510290473158141
213 0.5832904748197236
214 2.2487235194067514
215 0.030514003260500026
216 0.5951698257369283
217 0.29868007948780984
218 1.0259022640362079
219 1.3393896732128994
220 23.892869749435548
221 0.5136147374183319
222 2.697395967317688
223 5.539090919531818
224 1.9985129408622253
225 1.0086303326859365
226 0.435685484673323
227 0.11711239576511497
228 0.33847653995001137
229 0.6055261884602675
230 1.2944979165417154
231 0.49377807029581317
232 0.45506655446524413
233 0.38173149094888376
234 0.2675373799969974
235 1.4308951040008138
236 3.053211021049147
237 0.3431831757565227
238 0.2698821786548995
239 1.310071537227657
240 0.30536673003410775
241 0.10400726374988793
242 3.7013234279857365
243 0.19282282492436625
244 0.20593306372675016
245 10.518678475516129
246 0.3052278522390071
247 6.834344926293872
248 0.589943881691105
249 1.3389383743198568
250 0.2036640769828969
251 0.06889191864693989
252 0.34686703831491095
253 4.086704689938964
254 0.5757253729554218
255 3.4993058605777834
256 1.58218043313494
257 2.303441297765466
258 0.9863965187746877
259 0.16841402396746188
260 0.0049267441622515935
261 1.0796497057570358
262 0.24101927231830167
263 0.45407628391589233
264 1.0027396846166559
265 1.377418287265839
266 26.328716238660306
267 9.551040658364963
268 0.1930128895546337
269 206.25328535912922
270 1.1475857586207339
271 4.886464364896687
272 8.221335637300024
273 0.9985679371402487
274 7.769376685544307
275 0.3712221781286035
276 0.787785733662185
277 0.12874137187933046
278 0.9568838884305595
279 0.18984255927217833
280 21.115712994912318
281 0.09091316003925252
282 10.195268489670472
283 4.651619115479836
284 0.7129098774245173
285 0.23794399033514876
286 14.547992073111983
287 1.0030354132801464
288 1.9624413775643628
289 0.5413135888322215
290 1.1568374001269888
291 0.01568037259472923
292 19.100189706527576
293 0.47820642074240277
294 1.157069117440228
295 0.880996669024309
296 26.513909742848018
297 0.04325809517015174
298 0.3428119294393608
299 0.5723731925368865
300 2.4476908634094037
301 0.7057665864746916
302 3.4550670593157387
303 1.6081465961431813
304 7.130077269919397
305 0.015070102129874384
306 124.12239666913284
307 0.4822910669120275
308 0.37752872323763836
309 0.20082245116598826
310 13.42332481838988
311 0.5202073341910881
312 19.268761604993873
313 0.22670425070070302
314 1.4505933948646126
315 0.8483583341834667
316 0.06607036767596881
317 0.1008651938825502
318 0.7656234859429905
319 4.274034388037842
320 0.28197137522041804
321 0.08121288664210484
322 1.4045618850475212
323 1.3150182944972144
324 1.3051767071195444
325 2.2926681831686078
326 0.6410966401469796
327 1.4197953717303016
328 0.009710167387422312
329 4.451550647385419
330 2.690618598867944
331 0.6205700980422715
332 0.6478509783590122
333 0.192836702052266
334 0.2903907451071102
335 0.5247722063456011
336 2.1174078796729217
337 21.61125730227894
338 8.939897923693088
339 2.8948492849091956
340 0.30898270829311353
341 0.21586726647961035
342 2.8739725409860895
343 0.06555310583337501
344 2.7359749599696244
345 0.877953991262279
346 1.6422233095480396
347 0.4143128199955678
348 1.9310661119302173
349 0.46865984256680976
350 0.37943285498997664
351 0.005259383217253197
352 24.574462068473387
353 0.05384906942051494
354 3.928719638547316
355 1.8069364579138874
356 0.2674395415756407
357 7.271471340796243
358 0.029828492606252522
359 0.7249378507442847
360 4.970648118354487
361 0.9332837308674641
362 5.662133716134191
363 0.06382217909319865
364 0.02906850285504128
365 2.012338847312955
366 0.05820183008088706
367 0.9230168483763047
368 9.392719259094028
369 12.64225766368164
370 0.2650908142755686
371 0.14015755002123162
372 0.39333912919310665
373 0.46226745839762906
374 3.058659806356216
375 0.17509042535923616
376 0.5881083334237196
377 0.20704135855414144
378 0.05455126731447952
379 2.425912371911256
380 0.9264674639413994
381 3.7010245655162133
382 1.573676178305859
383 0.9233254877104046
384 0.2648984508099896
385 2.2599874253331462
386 0.15484408628082674
387 3.250415816066229
388 1.5363099236375515
389 0.07826501805838955
390 0.6456043169833386
391 14.325300793286473
392 0.15193363965422013
393 0.3620243344204742
394 1.2999111235820675
395 0.07212025114753853
396 9.723048069217638
397 0.34200821542421983
398 10.371999629237965
399 3.760178416951227
400 0.5172665187588905
401 1.9271316920781274
402 1.0933285118728568
403 1.2760370124322291
404 0.33906815180955374
405 0.03609625776758331
406 7.493112323887703
407 0.9409980826449231
408 0.06860209249716336
409 0.10089039568889957
410 0.10204180458822701
411 4.319011945991414
412 0.4608507791985599
413 2.181857883059568
414 0.09504474497990466
415 4.044730320004979
416 46.24481984293726
417 147.6800585477604
418 0.490338377344247
419 0.8624357371307867
420 2.7759621654189788
421 1.5177526376901473
422 0.5774217260838638
423 0.04556619359662098
424 9.220178291450935
425 0.2253831013960187
426 7.947874455024224
427 0.7752137310264214
428 0.087775515277364
429 2.014127142793199
430 0.62087213002753
431 0.010087920599590953
432 1.4113968392805056
433 0.004066707570756747
434 1.4286830773185264
435 2.6772937112942183
436 5.907077367483623
437 0.3698938823610952
438 1.3332122854148842
439 0.25755136628031194
440 0.9184155926549756
441 0.48857072131681323
442 0.19760790938482492
443 2.9003011878550837
444 108.2894898530538
445 0.6823862320400843
446 0.46628593744501123
447 0.1167155456105531
448 1.2282441647022717
449 0.08324975638565073
450 0.33345878645697863
451 4.62947560169844
452 0.29946287735820554
453 0.44956821809845665
454 0.1324792188414785
455 1.1728910890232092
456 0.12023497250412594
457 0.41293972634127596
458 0.3907655792347728
459 0.07536673054465032
460 0.996826901057912
461 3.6282758845647356
462 0.11829659115034517
463 1.0896746774355868
464 3.139138201167429
465 0.565028250794336
466 0.16038084827922156
467 0.25718868193737976
468 1.011581522272718
469 3.511944558622305
470 8.30509620741913
471 0.4946645878669768
472 1.264509559439827
473 0.8443973348049085
474 209.56701550968606
475 35.72992023158796
476 3.519742130192496
477 0.3141239945337148
478 7.2740591338000185
479 0.9165584452359911
480 0.3982767810441181
481 1.952132584343943
482 1.4125810603003237
483 0.689669244027673
484 12.389349145248726
485 0.06647706235974765
486 6.769900739607377
487 0.2149159577774419
488 0.19131497870652334
489 0.3911476711973768
490 0.35157133550287917
491 759.8415012909146
492 1.6098811328869698
493 1.0962056782366663
494 0.03959306676965478
495 0.6232089819250933
496 12.910819533340721
497 5.954529570279198
498 2.537585409235229
499 0.10082836170866749
500 27.802711183913377
501 11.490872509968442
502 1.2281448537587358
503 0.6896460516662221
504 3.9341663608172026
505 6.94507997111729
506 3.7033127003083552
507 1.863550488852862
508 0.5852974277722937
509 0.33287495993011695
510 1.6881082380072567
511 0.4825491591920522
512 0.23136428680023707
513 1.7034022275694893
514 0.6558716812288501
515 8.036915268803913
516 1.6602197755534474
517 0.16268270485226116
518 0.9813064289244025
519 1.7196825441687387
520 1.4674145357332022
521 0.21570712341666987
522 0.2630338554062188
523 5.639267470546767
524 0.059710104229551954
525 0.7162801444883868
526 0.5515232845051378
527 1.2911565909379459
528 24.4247513016956
529 0.10447857810990761
530 4.158109241134702
531 0.007794241833296676
532 0.7277869392602068
533 2.320408383699771
534 0.16998599873263828
535 1.546038488399274
536 0.4865990105802942
537 0.26669451678770767
538 2.500476607778344
539 0.2511947820961854
540 6.066186900129173
541 1.5064760054559208
542 2.0897550718516693
543 4.195106598944858
544 0.44770674046279296
545 0.05566146387494597
546 0.3859042451247915
547 0.0803065654319414
548 0.7906395934484226
549 0.056217046018466596
550 3.3914111043159836
551 1.8135831856934492
552 20.932985293778774
553 0.939136434972974
554 0.06212147639219213
555 0.6498254345718184
556 4.646705640833866
557 0.26515691294252686
558 1.3948655087252897
559 0.14951612369006323
560 0.8784263401878782
561 0.12692972751990544
562 3.32627587609619
563 5.220569110910413
564 5.734450923861193
565 0.15077887066547155
566 2.0326926487150554
567 0.09873047008236378
568 4.281354973095371
569 0.7492208990305008
570 0.03815936068342599
571 0.36694046954204673
572 0.16508286095107783
573 27.220801521343862
574 1.661350181750118
575 0.17095016570076232
576 1.6024244957125686
577 1.207155321650445
578 5.560931006933394
579 0.8344820296527653
580 2.788945142873851
581 14.588393769803764
582 0.764039050088093
583 0.9754367696511684
584 0.014749881544288215
585 0.08879701923987914
586 0.5656568757645304
587 1.9138146577653092
588 0.1314085925607701
589 0.08408439450798079
590 15.664575499211578
591 0.7507086368246054
592 137.59526528541616
593 0.42820546902584755
594 0.502882019241844
595 3.4485588611530535
596 0.4015544868667133
597 0.4702710263994381
598 8.493690418590168
599 0.34060171121093763
600 1.5980210294951926
601 0.011433679264422127
602 0.10914177176169822
603 3.6405180908804415
604 1.4815298200332134
605 1.9406094893330448
606 4.813270400361663
607 33.44471013691881
608 3.8471728331909794
609 4.432457001996841
610 0.29127673791453984
611 1.197559965828835
612 2.5951871395717454
613 1.4672760754170853
614 0.7800022650692048
615 642.9834117030892
616 1.1642731689597532
617 1.6373118334631955
618 1.057556381597119
619 0.11640190387955117
620 4.4614522522912985
621 2.7212760350730103
622 14.484042559768568
623 5.22750448216194
624 14.149930307485501
625 0.5270697506578306
626 0.6196896021470342
627 0.020098315405719984
628 1.6978274352048244
629 0.6848470711712685
630 1.6598062468746966
631 0.4808235460181033
632 1.1193406659211815
633 0.36048237843663783
634 4.854025217866646
635 0.8371820601291704
636 1.9593507649560469
637 26.08782860039589
638 3.3398138278460916
639 0.4009418954741386
640 2.669443761365021
641 2.3333087270422324
642 0.06796241612451656
643 0.47472783773679544
644 1.2825244982775423
645 1.161730430891879
646 0.5315581638327426
647 19.697925671271946
648 2.8470663178942655
649 1.914985923979107
650 6.747472120320151
651 0.020517559403328944
652 7.8739075184562095
653 0.5001846117859706
654 1.5230314624934456
655 0.5417236179164141
656 0.05174311646027009
657 0.5133083809735005
658 0.9085203760659653
659 1.583907482272727
660 1.00080024111433
661 0.05248857178475635
662 3.390151886991419
663 0.6474385784468517
664 0.42990987504016326
665 1.2099858550741474
666 1.192986281798238
667 0.3634883178353849
668 0.9431267131983845
669 3.7730350725000297
670 0.5181661282555298
671 0.5376830200729431
672 0.6541687845654844
673 0.3770883404869636
674 0.10635516007399815
675 0.3761192781813925
676 2.5038799980205106
677 0.18486626084490398
678 12.957237326275152
679 5.516775028552903
680 0.6158463997699842
681 4.528032575813279
682 2.069920742392098
683 5.850046438810699
684 0.09411542645801624
685 0.6704503985809849
686 0.18559520116588896
687 2.5359755550886485
688 1.6421805017321394
689 9.102297035994532
690 1.8830322630010732
691 20.130345081143783
692 0.481625526552224
693 11.61260168447765
694 0.16581483712674414
695 0.09529862856496196
696 5.795274488662978
697 0.7571669561230264
698 28.41626342160406
699 1.2511307942102834
700 0.6781902117727204
701 3.3864544730675554
702 0.6736796230621576
703 5.112749045080249
704 0.04583105805715143
705 1.9863350601657088
706 1.8025185367164809
707 4.563453021886605
708 1.6888277482805842
709 8.65085276285431
710 0.10343982916182526
711 0.10065011624711899
712 6.216291635184893
713 2.080829341923583
714 1.2886238214609402
715 0.010973934096894077
716 275.1442818074623
717 0.27315135897722415
718 0.05809557437263269
719 0.06912080547227688
720 2.4239336215786325
721 8.684633919111187
722 0.4706218443719174
723 0.2285994373994976
724 1.2232363009154437
725 2.6437300226660057
726 1.4412943710575579
727 9.639222572551732
728 1.7963977898964376
729 0.1208686658137841
730 0.6354883697887019
731 0.2580981586198527
732 1.288163192177549
733 21.08272222437705
734 0.1441665319090407
735 0.13920969471147482
736 0.17298024206138457
737 0.9155172923971456
738 76.01817140599599
739 1.6360415248261198
740 1.6436862533077632
741 0.25285998403111454
742 0.2596411489603592
743 10.153787206694883
744 2.6914510246903873
745 1.5407547256469265
746 1.2747597691834367
747 0.09318652925610779
748 0.11393120313016616
749 1.1420786236000657
750 1.5817714026064014
751 1.5317822043521967
752 1.8612160268497506
753 0.6927125898750689
754 3.617865083009723
755 2.2638580479950337
756 1.1051803498999038
757 0.3476944966953788
758 0.6098137711993477
759 0.7720723333802882
760 2.3140761827626677
761 0.8355646447460306
762 0.7423948039550199
763 0.06263294617583365
764 1.597190508887982
765 1.831949641715984
766 114.92318668912877
767 0.004071642845581817
768 0.1983590863663471
769 0.3244449885901232
770 0.40700430734484483
771 1.295336673298619
772 0.8742904444185916
773 0.6615715125754287
774 2.226572947667656
775 1.593251580024505
776 1.446979936253849
777 0.04612459844157903
778 3.0725048640683013
779 5.237639034154432
780 0.6174843325147307
781 2.7858389830410895
782 0.09946780360658956
783 0.7125095553520752
784 0.9581821177372762
785 0.002271045875750725
786 6.066664618898446
787 0.5985917768154645
788 0.43890743911809155
789 0.6381752768998538
790 0.22270215103419133
791 0.19052115153256133
792 0.30872796677754627
793 0.2403543887270838
794 0.1500785660976135
795 0.8351780054572834
796 11.7553179854802
797 0.15578735296316454
798 1.45302450914553
799 1.5357541850163279
800 0.261437111857772
801 2008.9479836152589
802 0.3266880724289622
803 6.733717208040168
804 7.268103023616731
805 0.5705130541626685
806 0.41958138366694475
807 21.76189398009771
808 0.30107542450323527
809 0.4241773402340028
810 1.9927325945272798
811 0.36245676226366863
812 26.487282996917433
813 0.18316230518738685
814 8.1398284495936
815 0.008399238988684301
816 0.14081773154991464
817 3.9349909023665792
818 20.018368538411735
819 0.08220631132717653
820 0.4127238224188331
821 0.05065980990365339
822 2.5967310556785494
823 0.2651189621761134
824 0.3705093839514808
825 27.743872632835405
826 1.2015049909392264
827 0.08299621058571041
828 1.6422129981117861
829 0.07080611687115851
830 0.25276906360126966
831 1.2986681085617575
832 2.911659878260119
833 2.257155622164983
834 0.28535839943681296
835 10.29305488277815
836 5.5911576406172285
837 13.024863802446726
838 1.2631953039068164
839 1.594599990583815
840 0.29990283112447624
841 0.651048257852311
842 0.8303098604305773
843 11.45731297680748
844 0.23727566412467926
845 0.06656856521288507
846 3.3263507941524364
847 0.7403754474781109
848 3.9763315171752467
849 0.18213598658171176
850 0.6508188346462636
851 0.987981770223546
852 1.6542450402105788
853 0.23076730696623593
854 1.698806679967245
855 2.1076030688927436
856 2.879286546714391
857 77.66769035851469
858 0.5920993149517908
859 1.286226060916767
860 0.8764751752623645
861 4.072065624891034
862 6.141092006399358
863 0.31743631139330714
864 0.3964675895309746
865 7.140902904925666
866 13.848372045170928
867 3.030165929140445
868 2.0912825979857232
869 0.5177769154696095
870 0.1662313971117737
871 18.593885811563556
872 1.5753158902544142
873 0.9236427923245277
874 0.5067696562766977
875 0.028302726123390912
876 3.1956448391763432
877 0.1270426981682363
878 4.604309939971606
879 0.31207436987416304
880 0.9473569081215782
881 0.14911974688128973
882 0.008367774556531355
883 0.049244975306731456
884 0.21955461730187747
885 7.297244799909869
886 0.8467924078235843
887 0.2756177042069727
888 0.1292154745265721
889 5.671409315832182
890 0.48850311520781053
891 0.4106941706611548
892 0.08279392308679288
893 0.252266525254948
894 0.813890008974752
895 1.193978356228855
896 3.43108640440813
897 0.8310242515472388
898 0.8116006351791667
899 3.0822983014229313
900 0.15611357882546115
901 1.3635985353327638
902 130.97263838223944
903 1.1485334652876165
904 0.23342030595283347
905 1.3795806507474386
906 5.931983791211187
907 0.20764470551700684
908 3.4417626836765045
909 0.25710675216469164
910 0.03364006889991027
911 0.5268469577828496
912 1.101098060330381
913 0.43410330563657973
914 4.216537704232865
915 0.5775569558667306
916 1.5508744549363502
917 0.05633600944468744
918 0.37727476680184885
919 0.041227697091916995
920 10.868413427704542
921 3.3224222317476766
922 0.23982333093849292
923 2.406905845062918
924 0.5362868755805481
925 39.125307779312124
926 0.6208697331122299
927 0.5499809716126447
928 3.4718978475998066
929 0.6885203210650445
930 0.3817394279041285
931 1.6816520019286558
932 0.035768869654543164
933 5.474632704817279
934 0.5533955574952827
935 0.2919895032059524
936 0.653522085003953
937 3.828843823859945
938 3.1793467351616265
939 0.82522156218864
940 0.25888072121861366
941 0.02345093793017843
942 21.348393454323645
943 4.677236063506397
944 0.939933070237484
945 2.2523975200537962
946 0.29659578489511373
947 0.4829996738731253
948 4.390501922152661
949 3.835896815560822
950 0.15378357202766177
951 0.0069568606145674425
952 3.226832448139898
953 9.142753881661795
954 2057.5470395238804
955 5.463274106203433
956 0.0006860080380409498
957 2.7739823371827854
958 0.15128666748799283
959 3.994198077565676
960 2.655966303976595
961 0.6152708803094431
962 0.020258144178734252
963 1.931577652927756
964 0.835871297732012
965 1.864687937404541
966 2.248247757990866
967 0.9991244656721952
968 0.1641045364597083
969 1.4983302268055831
970 0.028495932234615554
971 1.3432994498257598
972 0.8312195091851164
973 2.8256818339641767
974 1.456455281944212
975 0.2693916876210889
976 7.422512483526635
977 1.452870921082293
978 0.008908038648815852
979 0.3109362717643299
980 0.0959864464976358
981 2.7419510988665983
982 3.985832711716652
983 1.122931119841703
984 1.2912362718713868
985 1.5017650473746134
986 2.976333834344188
987 112.46066122022157
988 4.904349612635973
989 0.5994354943929713
990 1.0979352480471962
991 1.1981766857183442
992 5.001424326245389
993 1.9274797743348508
994 0.04166200014712225
995 8.067089631109289
996 2.099530055114604
997 1.0384572262130012
998 11.052709666295891
999 9.205907572708698
1000 1.1555104416330813
