1 0.7378591260001192
2 1.6808632580129848
3 6.04898104320958
4 0.043003773659795755
5 1.856147393097621
6 2.137529037541619
7 54.08908737527976
8 2.85539672331087
9 1.5501119594389958
10 4.341122653616067
11 21.116270430192227
12 0.046469060162890534
13 10.348188017905658
14 3.9892975681495764
15 0.48141602348050694
16 0.3401078014505834
17 5.8141540049612255
18 0.1390557239965499
19 0.7973290198626943
20 2.701640094984724
21 0.4174437189033468
22 0.6675240092790505
23 2.169531315083296
24 3.019453180629184
25 0.500447097253041
26 0.15549900558520954
27 0.36000228035777715
28 0.2736525885315248
29 0.4274168645843456
30 2.447295255709618
31 0.5374164449317665
32 1.180485766178013
33 0.2111663454847636
34 1.1001107687626137
35 6.3558626050951075
36 0.5763435559052896
37 0.569818684391473
38 0.7488215175377116
39 1.178691310607691
40 1.0107720874401138
41 10.930778612832123
42 0.7545100721799245
43 0.006448911891106212
44 1.1223477534387516
45 9.827783304580384
46 0.13445918815929842
47 2.1419737852711127
48 0.39903254930005705
49 2.4131140638261748
50 4.024099595575133
51 11.688275146211499
52 6.883690595390663
53 10.791698099986213
54 11.618737885542542
55 14.868761984458022
56 1.0243282563654723
57 1.6156748190412535
58 0.1147687432245977
59 7.484639228899726
60 76.64610639110597
61 10.945653073143541
62 4.671995375730521
63 0.8614374624760697
64 0.5451845252162572
65 0.3290935857098414
66 2.4341136762600146
67 0.027605391926879382
68 3.1691435535033663
69 2.2049903187971034
70 3.1103135986391868
71 0.694373991220243
72 1.0572763615622067
73 1.2085924075660759
74 0.10887333136140935
75 45.04647332028687
76 1.5854847805382175
77 1.6180469552762642
78 2.6164294938083494
79 18.651375838348795
80 0.4656242222625942
81 0.43144334695647046
82 0.38999222070997785
83 0.5853580136730095
84 0.3846235474573604
85 5.752399398908665
86 1.561668382991079
87 0.061126534450696365
88 0.698454460733112
89 6.31232979308857
90 2.39184002534778
91 0.1595811475860783
92 3.094990209078807
93 1.2352593357218646
94 1.7473527260569202
95 1.2588084231438283
96 1.9715578381908583
97 0.8206273125101846
98 0.2549511541971813
99 10.785991449403946
100 0.9410730419946551
101 0.23341076982816697
102 0.952640766138188
103 1.4278468691092443
104 9.906944916368671
105 0.8679104345896712
106 1.812853777039376
107 1.294814510802033
108 0.2342428788396279
109 0.534072523308679
110 0.11856866668502931
111 0.1038568601498523
112 7.567949288997573
113 0.04639919002966571
114 11.628982879654892
115 0.14370936656976693
116 0.21934750744704584
117 1.168269626393103
118 0.08466859570047616
119 8.574345061565777
120 36.90011879394571
121 0.25111168513919147
122 12.413668560661225
123 0.9618073503172812
124 2.31909705751733
125 23.4663095781982
126 1.8140171138174086
127 1.3331649000297323
128 0.0725240675430464
129 0.6519598861760547
130 1.9979200481294273
131 2.5810484066309276
132 0.38313405100365827
133 0.5464496715832513
134 117.25560436507787
135 0.27653558628819946
136 0.4980153983086152
137 101.12956907817097
138 1.0232729516777186
139 6.89152597045833
140 0.6300298482704729
141 0.35381606046021297
142 0.14603903196248597
143 0.5092510644292201
144 1.4794245187576178
145 0.2755348916457003
146 1.2350948425857504
147 0.9600118894790272
148 0.19859100243220099
149 5.1890498417862885
150 0.6342335576128765
151 0.05495929780483096
152 0.8527950222385039
153 1.1284941297952216
154 5.416515595834276
155 0.14770326823938346
156 3.1351694702495667
157 0.5591545963286823
158 0.2067002418126743
159 0.16799688906210433
160 0.8032682965802287
161 0.29891462548042186
162 1.1902908125694374
163 3.667610435639341
164 7.257589401119446
165 0.48106979527504773
166 0.6709736942545312
167 0.0665434341696312
168 1.5682266005891214
169 2.30462018199785
170 22.617587418608085
171 0.00884239862941018
172 0.18518833180588504
173 1.3615399476949974
174 0.5264847193986669
175 0.2127700177289789
176 0.4093177071380062
177 8.660947298638344
178 2.5268374351463923
179 0.12223649605087067
180 0.7123085175339399
181 0.32499841328767765
182 537.2554803972215
183 0.26107892798127746
184 0.8730990863548189
185 0.06506949099607982
186 0.6249997726792065
187 6.688639868721572
188 2.035234573055856
189 0.12201992533664852
190 0.005616087267151373
191 0.47897747896639004
192 0.14363855122751362
193 0.4292088090565323
194 0.1698488256427406
195 106.69815443973843
196 0.13303937640683983
197 0.8150845596812252
198 1.032417781157303
199 0.3407396118262488
200 0.2827382907967443
201 0.4659482472534309
202 0.8789506474277149
203 0.727834393403733
204 0.4444998708268899
205 0.7859030186963804
206 4.180678516964249
207 0.07542312687086505
208 0.34758252996688876
209 16.312581449211848
210 0.06565588537894684
211 0.16342532980944313
212 0.7132943009411912
213 0.8211435522326422
214 0.05474857383898111
215 0.4328817462596643
216 0.32040598945340204
217 1.9091357832975777
218 1.8133319293864465
219 1.7749138212783222
220 0.08300365902913356
221 6.179470867951991
222 1.6637584004091337
223 2.3049862149500076
224 0.06552396275101094
225 0.014315654281490686
226 0.8806025687964018
227 1.0354761089009001
228 0.282152643088838
229 0.1689163371840108
230 22.729662857948284
231 0.325843818364698
232 2.0430508270189227
233 0.5138311750950514
234 0.0965847588880217
235 0.13712290738853677
236 0.22524405985164891
237 2.0710289682331786
238 0.5807309492218647
239 1.3100024640109085
240 0.672349382785431
241 43.70019195257718
242 0.22302154065433147
243 0.3789132399877582
244 1.6866424665696702
245 1.6512579079941498
246 3.8145824088487137
247 8.68763333718737
248 0.40222636221906016
249 0.030056402678664888
250 85.21411337545787
251 0.20211697124750913
252 0.6260628377406491
253 0.5350471382205937
254 1.4822459901120453
255 4.830425580054154
256 4.07709261160202
257 0.030544260996873174
258 0.34299559240681937
259 390.95583306815274
260 1.477781767694422
261 42.89752566287538
262 0.13497574659744807
263 31.390541808231017
264 2.2508814046823704
265 0.9339936035455882
266 0.004518525668086882
267 20.197618975816482
268 0.6611269344047277
269 3.2582506658236974
270 0.6518371913830258
271 6.370322246949828
272 1.5019093240839885
273 14.767198105979826
274 0.1069376739949613
275 0.251977979450445
276 4.954096487673435
277 0.5434595024206981
278 3.7189561548101846
279 5.4574853114986
280 0.084028878283532
281 3.7535695211993056
282 5.097189223486294
283 0.38622352070973687
284 2.574294349440912
285 0.4018476257902114
286 0.3454571227269283
287 1.0333196261816664
288 0.7674099476405727
289 0.8149826035621984
290 0.23354582772125085
291 0.4980795463040438
292 0.789548427819403
293 4.331668402830961
294 0.24217254418455517
295 26.56758367475715
296 1.5692551906991257
297 0.13491128521732978
298 5.355031775025627
299 0.9325769871467003
300 0.5226975339628338
301 0.196749708315861
302 0.3808589644147633
303 1.7353603377661704
304 12.265749851098795
305 2.663126955580467
306 0.4802927797950014
307 0.38060130814958915
308 0.53253402057154
309 0.08226074058087432
310 0.6758328706756295
311 45.63534879253078
312 13.269241070203039
313 0.05578011060336955
314 3.8745927476053805
315 0.39456009642528256
316 1.1189044526721308
317 1.8699125934073628
318 6.513384010404318
319 0.721743967287099
320 0.6467337418295231
321 32.66333520495711
322 12.567442153191802
323 2112.954459556904
324 0.32775815308469003
325 2719.0256776263986
326 0.3445672687899498
327 1.6350666364278725
328 1.0383809040500047
329 0.13724368944367135
330 10.847952313135853
331 0.06307776689075431
332 0.8252594097412704
333 2.652388974428983
334 1.0168754127658908
335 0.3404950760342367
336 0.3199442878989043
337 1.8660784888324147
338 1.5609013212873226
339 0.6180560110650102
340 0.9291464880285374
341 0.3571858128813571
342 0.49941300504564706
343 4.8461471080936
344 0.4359619310820561
345 0.37450113966985527
346 0.5056611885417054
347 0.12974813865402957
348 2.452020275485224
349 1.495910973071433
350 29.24841737065216
351 2.272523670922147
352 2.4265310594474845
353 2.3019361157857703
354 23.123680915140778
355 0.5821817709229311
356 0.06726130587533903
357 0.1696460062149784
358 4.082946552431902
359 2.183757320906322
360 0.7991778637515214
361 0.754003135116765
362 0.4052389731019028
363 1.5768809234832089
364 2.023941629699881
365 0.3889183645674948
366 1.4276284353385165
367 1.423209407088611
368 0.5403894323672991
369 5.237124027110092
370 0.3885107821234263
371 0.3145739518521429
372 21.356773158976274
373 4.632938253362726
374 1.5345862432939565
375 5.394989795712436
376 10.047214458250158
377 1.8161016301548638
378 4.99957303364307
379 2.7606902587318833
380 1.1049511649386723
381 1.162133200614928
382 0.8073160124533183
383 5.638265181974342
384 0.12922301975190925
385 0.1347041278438803
386 2.644526486853834
387 0.5486460390057495
388 12.88800607187692
389 0.8970262017309583
390 1.1296499925145866
391 5.711211227456661
392 1.2451461293679007
393 0.3195389899713019
394 0.3225276348458048
395 0.36889820922436184
396 1.1708399542529635
397 0.31635541096291786
398 2.384907098746704
399 1.9502539492536501
400 6.916800378979797
401 0.31759316198596443
402 9.208792584350153
403 11.838258490571903
404 0.6499239882198269
405 4.147291949490239
406 5.473034469577317
407 1.1167174537419404
408 0.08731516701061193
409 0.6612311372434025
410 2.162640388805589
411 4133.914623261087
412 0.21805912131155028
413 2.510072400080919
414 6.3228539765388465
415 9.84221811436075
416 0.8442909316687942
417 0.2978534180557968
418 0.3904706441953429
419 0.11194352476931403
420 0.21448459522079744
421 0.35264269603138365
422 1.0115234040503784
423 0.5110878398750175
424 3.664209209556747
425 1.8054099914282857
426 0.8480649238703196
427 0.12554934140760693
428 0.5718180080926517
429 0.30077496112584795
430 0.5704179689698876
431 0.16191660671575406
432 0.29764622512509653
433 0.32883685162548815
434 2.153362675000123
435 0.8841928224334656
436 2.8370010024836065
437 0.9242797985074843
438 0.2236694593454567
439 0.9920747214276779
440 1.5066836295113133
441 0.42049846858505513
442 2.429975730427654
443 9.784777338892699
444 0.4398185007800531
445 3.980933119496693
446 1.0445694194566308
447 3.0044615107157773
448 0.3749805605007081
449 0.4152131029605633
450 0.5172265062503824
451 8.073855205173455
452 1.0701886853238238
453 1.0049154691088686
454 0.44160227261418844
455 0.18775734690978205
456 0.2854787882231126
457 0.0651236901020958
458 0.06811244030592122
459 1.632761436763287
460 7.366778872025912
461 0.00930016050995106
462 0.026597432031634533
463 1.214260036103161
464 0.5021674982908566
465 15.903148339499593
466 0.6871698860695703
467 0.38087340842330747
468 0.5198385145820521
469 2.5715195105921063
470 7.307235388906123
471 1.5218686241244934
472 28.88116737685005
473 0.12963801278898954
474 0.3669173405346838
475 0.6166321124766192
476 0.8171074567319813
477 0.1288757792062136
478 8.279233432248573
479 0.7683166817668124
480 0.6424311816021115
481 3.9424658092571816
482 2.4499197612050105
483 0.1499646811120173
484 3.6418235541497133
485 1.029718372379222
486 0.48647586068626025
487 1.381641626056811
488 0.2083247329520994
489 0.10080409280345638
490 0.7473968190118481
491 0.06949734104058558
492 1.0708682686411743
493 0.31070395925118754
494 2.1148141521165846
495 0.41734290257169315
496 1.052761183181042
497 2.7770193935153293
498 0.2607901122424472
499 0.6083159440629407
500 2.296334610656591
501 22.462373062167575
502 1.6331620883369906
503 1.61090957697416
504 2.380099356505868
505 0.3625690862189781
506 1.1340001684120369
507 0.2832543478652947
508 0.598267415432709
509 0.9796975764451111
510 1.251238241781081
511 1.098630819906947
512 1.1983811040934933
513 0.12708174698280517
514 14.385764382566784
515 0.6281689698593348
516 13.66407021393963
517 3.5578436586839524
518 3.411093296859184
519 0.5038963282822242
520 1.410750039279347
521 0.3659251452848646
522 0.35336368268282786
523 0.2228141072132458
524 12.836218754840383
525 0.5281414536886124
526 0.1582548287802893
527 0.1498214425552949
528 1.0774616528015857
529 0.8406139701819896
530 1.1004104196652569
531 4.9876769599309965
532 0.2923708194910851
533 0.8021813178155128
534 0.48246751613809746
535 0.2867084224930222
536 0.37672870293322236
537 6.383576526021168
538 0.17411079486641873
539 13.703442511875247
540 5.225780389238372
541 0.005305133808522943
542 2.7663445479546023
543 0.3319231111469717
544 0.5020122155975566
545 2.194081315780135
546 1.1852424080504653
547 5.957556227837053
548 0.0159919896647536
549 0.6715542019331758
550 0.2077547221741351
551 1.7530536221980508
552 0.9320843957499897
553 0.254334195421667
554 6.631548899739371
555 0.6359737116677502
556 0.27554879172435126
557 8.613874477304012
558 0.008043454106845172
559 3.8300348857629003
560 0.7632824318539083
561 7.97169578418543
562 0.21718698577636264
563 0.1351892807473188
564 0.5174270264901873
565 3.8316957364952478
566 0.6266181527887126
567 0.23085199041322702
568 0.004545374033483583
569 0.10756628183558126
570 0.6323721505920235
571 0.2693545357394011
572 0.04749701701819876
573 0.7006824447702205
574 0.6748897749245678
575 220.4101077818421
576 0.0708265621266615
577 0.32226763008787546
578 0.9333821287012369
579 0.5598232685201748
580 0.26626378968594266
581 0.20168643065773145
582 0.9297811781974528
583 2.2164120147942397
584 0.0887983123199303
585 0.8642604654967515
586 1.7256779177493775
587 1.3903606872758645
588 1074.9035080069448
589 138.47525472583152
590 0.19947167810694652
591 0.5107275958679955
592 0.15813505189686988
593 0.09548288353297987
594 18.587718338467955
595 0.1724636776499765
596 0.6484587736241931
597 2.704312546762859
598 0.49101482644262007
599 2.131963426728601
600 0.4170722247710316
601 0.001449759544414021
602 0.017716603189837442
603 10.071165322716894
604 18.044162116289346
605 0.5567234064730123
606 0.12905971256373017
607 9.724647386043005
608 3.2692822003117046
609 0.40477164668869337
610 16.74423208868574
611 0.01234956526397333
612 0.16062775760677578
613 0.2953021071019361
614 4.039391290399584
615 8.901115780938763
616 0.49555189648047293
617 0.19414162390900278
618 1.9138306932325215
619 0.6586064838596786
620 0.2651313621083415
621 30.015308804284313
622 3.366696067610153
623 6.1436942758067055
624 0.2585797016382102
625 0.09786694556356373
626 0.01807014059417535
627 2.5343881956308323
628 0.32485942951619223
629 0.1933388017742987
630 0.7867746152635786
631 5.8035371918938665
632 0.41199304678912124
633 0.07515844781836263
634 0.05595340864091458
635 5.920857330142233
636 1.0583950832080784
637 5.6733010239723125
638 3.5516614559540356
639 0.28780791430048425
640 0.39453106189317694
641 0.24409474423812785
642 0.17059980370792321
643 2.532179147815375
644 0.22550098549964642
645 1.1798246401546888
646 16.279154536368367
647 0.20646484010130367
648 0.254859148440215
649 0.03826082596088161
650 1.4421259663133605
651 0.9246519016617755
652 0.9851913222091361
653 0.05458532561504415
654 6.824310447694752
655 0.0577945616353419
656 5.6201719701971
657 0.3874205003885567
658 1.4740682594593897
659 11.860462621410939
660 0.0727379649754259
661 0.4594786872235498
662 5.123429141599751
663 0.030516138266188098
664 6.149180134862497
665 0.12312658324016854
666 0.5049724847718547
667 2.519649071637655
668 3.383372413942563
669 41.16706916147335
670 1.3945410113392789
671 3.6427598894525084
672 9.297376148685295
673 1.4083061964902477
674 3.115014741250157
675 2.1086287204025096
676 2.0794081417734
677 1.1785907866446466
678 0.054347104488189454
679 0.11023862499348663
680 0.015918467340077583
681 0.1688167218463234
682 0.39734342702670333
683 1.9020448138328543
684 0.4319512957909468
685 3.8045034168413063
686 0.6079933361213684
687 0.014913032891328728
688 15.190143147181194
689 1.8242038280120503
690 0.5714698890701002
691 0.049060151095888745
692 6.0877454247908185
693 3.1663238841193713
694 0.7462052327783036
695 1.816955359499335
696 0.5656064452087183
697 2.4358277847652516
698 0.08681873528983082
699 5.62266149479503
700 0.3728563839749065
701 0.8464366950494226
702 1.4846676801697936
703 34.48745734543974
704 0.15262741036216212
705 1.4950096270096225
706 1.9091235398070936
707 1.90009654404796
708 5.817573702313307
709 0.7869401624702715
710 7.779675969413183
711 0.5401384368317189
712 0.26187345613967933
713 1.11252308573943
714 7.464895006498643
715 0.773735049983591
716 4.559810444761902
717 1.0247823174429378
718 0.41156265285526683
719 2.3196146809830656
720 0.35706553718101214
721 0.337161381739543
722 7.073102029811669
723 14.838084226003025
724 5.077734021338721
725 1.4434101976560942
726 32.029941481532575
727 0.15854040123133392
728 1.8620658909984331
729 2.103731089585929
730 19.49673642219752
731 0.33771230642643574
732 3.4370525855592837
733 1.6954781673687958
734 10.734237843201347
735 0.2522317201637458
736 2.3895854138771973
737 0.0456164625824377
738 4.463077075894186
739 0.8851709077459885
740 1.5622743661206575
741 6.0073280683694135
742 2.2464412442274133
743 1.4159466373845055
744 1.9159517461509135
745 12.289612970484251
746 1.6143523042836223
747 2.644517402944046
748 1.168200882977572
749 2.262284543815719
750 0.977586666185203
751 0.327331827433329
752 2.1147244206029185
753 0.5565184821492675
754 2.1505373851135325
755 0.527546340184635
756 2.712887514629206
757 3.029755427468606
758 0.9266946310068279
759 5.581866600459299
760 0.840499402733619
761 0.33755550632869125
762 2.7430913959603354
763 1.7306938771988198
764 0.10245495670552579
765 0.4947630561372604
766 11.29867231405655
767 0.22608444961919844
768 0.5026812430520521
769 1.2992793173580657
770 0.06995515707053826
771 839.7953858770417
772 3.827869226547574
773 1.6644247060512167
774 0.02673159937260036
775 0.13163911878467932
776 8.838028094644658
777 2.1218225823400787
778 0.2964203784168985
779 1.4349745183957594
780 0.23270664734891505
781 22.791361443989334
782 0.3819173447358113
783 1.32051117360857
784 0.2090353950231435
785 4.288029109864961
786 77.24781050465245
787 39.75186409518204
788 1.0864685526442577
789 1.0004497538606596
790 0.13385207547803182
791 1.0605244032766756
792 4723.105608270659
793 0.06574379594212078
794 6.64885409346215
795 0.3099493739858994
796 0.1274585210068412
797 25.21743895623453
798 1.8336884020528137
799 21.835896384294607
800 0.8811385496497467
801 0.13422452306006424
802 0.17383234527132096
803 0.011965988859570455
804 5.05229527240175
805 0.07543476797938668
806 0.47123057444694316
807 7.012535370397873
808 0.36312499116881275
809 0.7018890116704426
810 1.1169202735555601
811 0.2438856300825098
812 0.19080406964929758
813 0.17176484015603075
814 0.21907415262460894
815 2.6006835040755854
816 0.24128907016105597
817 0.030967257020448093
818 0.5148609135192139
819 2.2782374252948885
820 0.7645593298508729
821 0.8428864673093612
822 0.002037498583976439
823 1.5425148604416867
824 1.9475011856208975
825 67.73450748649266
826 0.031410069585949656
827 0.8954097965204368
828 24.152952310961712
829 1.1330102298963727
830 0.9374108632343171
831 42.6639673035645
832 0.10310509160199877
833 0.9653550634701419
834 3.087680108697744
835 0.49234590053749155
836 1.5458572341094254
837 0.9905796570870998
838 0.13803432056317272
839 0.250803346423672
840 0.18006303415363767
841 0.694308380134786
842 1.076722118138797
843 18.196010373718206
844 0.008622457550567968
845 2.186249524302099
846 0.5866845308686434
847 0.3171236452159394
848 1.3160884559958717
849 0.1841946297254449
850 0.1906097229333049
851 3.16834460043059
852 5.850588044936875
853 1.0986330667368052
854 0.6801010391636527
855 0.09899264878195922
856 1.267348505822405
857 0.5737588388701252
858 1.2557069794177547
859 4.4668067504812745
860 0.07867075292611372
861 1.8190830717036823
862 32.226025955333114
863 0.6306684369399391
864 1.751781329423887
865 0.5410202851153748
866 0.9873324814538545
867 0.599914113044119
868 4.2084752210400405
869 11.336458165064867
870 0.006630618806694588
871 9.308418674849072
872 1.1978025957630252
873 1.8332414513255484
874 0.3534890666429265
875 0.25368419087692307
876 2.2625633735372572
877 0.98942573910829
878 1.0420192298744013
879 0.5943285368991157
880 0.3376143330800202
881 0.8130069281332108
882 0.7072151008827395
883 0.6365722754685114
884 1.4707906494529086
885 0.3814826018813373
886 5.096802616647921
887 0.44229809432104306
888 11.284582287324318
889 1.43792514913211
890 60.02352109942075
891 0.9838076379572205
892 1.2162965535805035
893 0.7727752665906255
894 1.7445883960235193
895 0.06843153499709893
896 3.5080447043586886
897 3.899634282833303
898 0.2888620715901106
899 6.753107181738468
900 0.22942777164153136
901 0.1081701117172535
902 0.4603205088684882
903 3.5151414342461407
904 0.48188913004113276
905 2.0262775971050684
906 0.6206751874745018
907 0.6249994086598503
908 1.0147381519201195
909 1.7073382260643948
910 16.4554445950539
911 0.0319311484183588
912 4.603985611613628
913 1.085828897291464
914 0.06413493219830449
915 0.3496005848727123
916 4.484307347548992
917 0.40375748474303347
918 0.48759314950631893
919 0.5176097780635975
920 0.827093655876991
921 2.117780637948056
922 0.29351110533806263
923 10.690303248694935
924 1.3224412141007942
925 0.2958058210229048
926 0.4638246750174169
927 1.744944803569987
928 1.9075229039444397
929 0.4841360496536903
930 41.0874007971324
931 0.7261681012294487
932 0.42126493494445555
933 0.29479661237534327
934 5.4703450375035905
935 3.3691816911195667
936 24.41697395470301
937 35.71456755746716
938 0.25569399520146685
939 0.2428132307572917
940 0.6111286224315059
941 0.22878763672389418
942 2.851002397646965
943 0.7895921045646256
944 0.11172651186962769
945 1.0958895160140136
946 1.2549950213567211
947 5.856474022924557
948 2.306551442001094
949 0.024401453902208485
950 0.38394235250760306
951 7.53278394892091
952 0.34462023363223476
953 10.341528691987843
954 7.680462449968561
955 0.7691312309342222
956 3.1637057522281347
957 1.1565934111635956
958 0.39317766876183186
959 2.490413152194855
960 0.028190882813066257
961 0.0021578755049288844
962 0.5766465500301206
963 80.6857987025142
964 0.6523403744726411
965 5.177216464762106
966 27.86096234320798
967 0.22514542177049124
968 0.7283635135055113
969 1.953628051496134
970 1.380291781674057
971 0.2893513774926544
972 0.07883704306236257
973 1.0299708523769964
974 0.7356161067523107
975 1.210649636985005
976 3.11876308790319
977 0.42821600625586553
978 0.9487986604231701
979 0.6963848312664424
980 1.1448744273338596
981 1.0336964615298074
982 0.21595814930815452
983 1.9692062106183283
984 0.2922164298878108
985 1.3920494521456142
986 15.990929509483701
987 0.9106211540368874
988 1.329656742290607
989 0.07379578327551858
990 0.6471334707671166
991 3.6417757343102592
992 1.48238414114733
993 0.3394028491278565
994 3.519113557094959
995 0.4059957083696945
996 0.1040844011746238
997 1.0935180044180992
998 0.38350886092478137
999 0.2817466127924596
1000 153.18066336307626
