1 1.0661682467481042
2 1.2021296354958646
3 4.310738296920578
4 0.7011805522367849
5 0.16233657545924865
6 11.879914044105186
7 9.598914562058965
8 6.1494671948333375
9 1.0136280797345956
10 1.3492557549345383
11 22.671087704886695
12 0.6579555198547324
13 3.1816082846200366
14 18.588620939867972
15 0.09137540357228001
16 5.207150394915822
17 0.13641803396578725
18 2.0903218974859907
19 4.73792293412225
20 2.994829175635416
21 11.557429837648879
22 4041.919413748855
23 0.6375783299751451
24 6.357421695495296
25 0.44292819752634754
26 6.470656228702559
27 14.843573226863711
28 0.4415073247390118
29 10.471311094002118
30 17.1971692216303
31 0.9336786684847022
32 0.10682996059225885
33 7.769265215360871
34 23.68592406070886
35 1.1849477636215802
36 9.270537149753837
37 10.456014553708457
38 0.9722800149297729
39 0.4367002820592341
40 0.13382051534468445
41 1.8462138868852307
42 2.4504817740489493
43 1.7195344365641234
44 0.18773839540707404
45 0.6945323682803973
46 2.438183562357856
47 2.7657971164432764
48 3.3025673486968983
49 3.785099158959068
50 3.428691035000426
51 0.6623420016913819
52 10.28999153952025
53 0.3234426722788584
54 0.9997540635870762
55 1.0792272645818293
56 0.2890377641309038
57 3.3733454815010075
58 0.7299671413841583
59 0.5285466073353292
60 0.441767360250216
61 0.656211040852419
62 0.009282443625311283
63 1.1104414163336516
64 0.4197372020994098
65 1.7041432442884648
66 0.7530753455061359
67 13.17615665780406
68 0.26886182590371255
69 1.0415298319766988
70 0.13026976420766068
71 1.4847785101454372
72 0.02586646444602447
73 6.816373429631101
74 0.1218305371555444
75 60.84732708370025
76 0.13661239230845948
77 14.576648422253443
78 0.2540419856152016
79 4786.849858843438
80 0.4626428030342561
81 0.32694743303678614
82 0.05096529195746194
83 3.2698684390903603
84 3.4645487537446904
85 33.66655013912399
86 0.154200530666075
87 3.319413338281502
88 0.5750183815640059
89 1.881416313764818
90 34.93254790369702
91 1.8499714809240209
92 0.23951719166765703
93 3.866405763165418
94 0.6906743204322074
95 0.4969074236951624
96 11.306021277574601
97 0.1422697099652795
98 0.13518885367451577
99 0.056131460380604715
100 2.0039653050686783
101 0.4471572673900488
102 0.45160765717580137
103 1.0056117169899048
104 0.47209363488390216
105 0.9042559888743812
106 35.37703236265563
107 21.398179391231242
108 2.9563288527089986
109 1.1360804206205954
110 1.6854499977504867
111 0.9438243409222143
112 1.0742082025479707
113 0.3741119893379707
114 0.48479864940916617
115 5.775087481596247
116 0.010414740144961174
117 2.1403966547524997
118 74.46800418825218
119 1.4640745474326855
120 2.3790384976046415
121 0.3752991747972973
122 0.010112951041208594
123 0.3240482746235472
124 0.2611719445052515
125 0.1516503599066211
126 0.17132058861242788
127 43.37098106822158
128 0.49592466214150305
129 0.03515367962996588
130 0.2219615146062126
131 0.8225435935456402
132 6.256800454309266
133 4.649960169465366
134 1.266422549308033
135 0.46678081923725695
136 6.7358423028699175
137 1.5145435293404599
138 0.8782291922820756
139 0.6533740386691201
140 0.49271878597406454
141 9.611578963047133
142 0.06392479722685118
143 0.6647463652687468
144 0.017398496986200385
145 0.2950180562267356
146 2.8424788049283327
147 62.974470562188436
148 0.010967670839323594
149 1.4753551316870708
150 1.4808445216524242
151 2.01508888044764
152 0.3495312263734468
153 0.4177776754533937
154 0.6100784023517757
155 2.3657532817610187
156 1.069905329971615
157 0.7568898655604213
158 3.9500131440265274
159 11.650472193928993
160 2.2377978603344837
161 0.15383218664037415
162 15.80072272525085
163 0.8502396660510656
164 0.05525871056923265
165 0.2290330382841202
166 0.2548883745852153
167 69.30635602700268
168 1.1387155775144908
169 21.12580397888255
170 0.03387923435606153
171 27.06431367868605
172 0.9132851797726301
173 0.3012755438210105
174 1.5132075732970784
175 1.0954523170387584
176 0.26673726796547265
177 0.46498132798894526
178 0.2790251682339383
179 3.6579388938650874
180 0.5704947884671604
181 32.67937629034644
182 6.882635985962283
183 0.18653853452565144
184 33.311653141195045
185 1.801965591853209
186 0.8021765579875368
187 0.382579182994058
188 10.851847781498206
189 48.345795143669754
190 0.7046709723902422
191 0.6121350107415341
192 12.584999034838834
193 209.92704976929318
194 0.35989717824329764
195 1.0949979832395549
196 0.14318248469456737
197 3.7844338327284266
198 7.047687761487526
199 0.060986685780289276
200 21.69956809441803
201 0.172224976450902
202 0.34667519666041396
203 0.6925947085269194
204 2.0580406452768254
205 3.0231654667873613
206 1.3030447692327616
207 0.9131557402369063
208 2.700550782438026
209 4.905197285074116
210 2.8735541747772713
211 0.14403624950627328
212 0.3235954854229821
213 0.5200564184777206
214 0.024890856689883875
215 2.365405741839595
216 0.16379465964508158
217 0.0069207164522287045
218 14.061927878622193
219 0.14274750301301484
220 0.7397002851530764
221 0.4913795309474133
222 2.603247989900863
223 1.2720771192859492
224 1.2481038043161723
225 176.72022368496135
226 0.3644223453474098
227 0.632653748191027
228 2.53558253231723
229 1.1452646861932907
230 0.8854005924331716
231 1.8537516926212088
232 0.09050296342245952
233 4.4278541947644685
234 0.1118460523563606
235 0.6389423561480787
236 1.4289622090651664
237 0.8979350105541755
238 0.4299319913257767
239 0.5313787429048185
240 0.3860443333494171
241 1.6374613451518478
242 0.4213871897680994
243 2.1402789550683683
244 0.7564772468863067
245 0.03282767746786051
246 3.0046535115103308
247 0.07535056090988435
248 0.34646164896182047
249 5.191840707626569
250 0.10903004243315331
251 0.25626019567199654
252 1.0060664642733637
253 1.7597773867878732
254 0.5541871082213236
255 0.2716264581898538
256 0.21950694184386393
257 3.3064671246819377
258 0.744711447669882
259 0.8521336566211855
260 1.3229721347102277
261 0.649194101436918
262 0.2423049653980245
263 2.47557370002952
264 0.08011328546470542
265 359.58922275758175
266 1.0017756813174237
267 15.698717015011876
268 12.875273136670145
269 1.5341603219119968
270 3.7163259395571795
271 0.11269995185139117
272 7.281128834166179
273 0.1395485054651761
274 1.6881436107913255
275 1.721574350230022
276 0.2009438548418462
277 49.89265093788608
278 1.1771352093641014
279 0.7552234597118839
280 0.130774007552666
281 0.4016675708466289
282 2.720100940125684
283 0.023657294585822726
284 7.298989688938843
285 1.2055425990248791
286 0.8397710769646498
287 0.8786854848648662
288 2.1214561272531274
289 1.7107026547541153
290 1.506096635972246
291 0.49861720645031166
292 0.2993017729873333
293 5.1675321390805005
294 0.6482763641414642
295 0.5436315650478684
296 0.15090117348566928
297 4.337142336003604
298 0.021955227779623505
299 0.5046474789085315
300 3.068286566409217
301 1.3531220400763029
302 0.656079019747569
303 0.6417882607075343
304 0.0184266726073318
305 0.21900417645878048
306 0.28511531111304284
307 2.8575375353762684
308 2.3338841850198127
309 1.7449559714501455
310 0.31428103440280386
311 0.5679780236345515
312 1.022561657140916
313 0.7810744387334028
314 4.0313840687500715
315 0.30877958582949433
316 131222.1014139251
317 0.642809944247925
318 0.08025158010671991
319 0.4032360189306477
320 0.1048146087372411
321 3.0674781465871037
322 1.0515267260746801
323 0.40298127726623173
324 7.290802013124407
325 0.272732363839003
326 1.6223708201168126
327 0.740347991538545
328 28.25626625486503
329 0.11425834103259676
330 0.06920956412497377
331 5.3426353779311535
332 7.79141367734485
333 0.6754171984701371
334 0.2908289867528731
335 0.10628164515671432
336 0.35707259119440743
337 0.5296483934601612
338 1.0862786448422124
339 9.966086639749737
340 0.43274609525018
341 0.08076474881893798
342 1.1528766765957557
343 0.39067109299503255
344 0.1808542151942008
345 7.052932334310954
346 0.17843296698028854
347 1.061635788795716
348 0.4108980150125643
349 0.17375685784823075
350 0.36897680326274424
351 3.1153934481792485
352 0.9432704256926495
353 0.4108735003106242
354 0.4271759164909592
355 4.2024410079925065
356 2.4120849347994544
357 2.670682536134505
358 2.8959996545974835
359 0.003843061328498275
360 2.8937048959431966
361 4.3915741192576006
362 3.321563516731086
363 0.9002555971918315
364 0.05612532411697777
365 4.80883982791319
366 1.2777155883140747
367 9.316048187336632
368 0.702326733147963
369 11.477657885580546
370 0.2488317468603535
371 1.9687047031367986
372 1.3670506872834414
373 9.259334775857184
374 1.738855492529846
375 0.1768520964615164
376 2.734128679467436
377 44.54047758214034
378 0.02939444351391076
379 1.2162361532030506
380 2.0055723456139245
381 0.8012054203026381
382 2209.261222469924
383 2.475068809811036
384 0.14087547153385335
385 0.5540024312827577
386 1.09889690125482
387 2.3521242015644375
388 1.5439826113950097
389 0.23248503254139005
390 2.8811806460265945
391 11.924631138267985
392 4.046219015839191
393 2.043586416926483
394 0.00943511616673291
395 8.205290041161229
396 0.7924718550059917
397 1.2719642392988892
398 18.824876488910885
399 0.42700898084393185
400 0.16848805556644453
401 3.017615000994866
402 19.03686729893064
403 1.6923341473092852
404 0.332401677479755
405 15.53435345463683
406 2.2272477714187966
407 2.55062210587264
408 0.2015840916408079
409 2.3571184494277047
410 12.878958825435705
411 2.6066022391395496
412 5.377371258258091
413 5.769032861851282
414 10.20438919068728
415 0.22273757462556493
416 0.5808413269198582
417 1.1508731077814431
418 8.821415308390577
419 0.5524175140826912
420 1.5090185280172401
421 6.706258175588431
422 5.439413375342547
423 0.5241578275278013
424 0.7833292585642858
425 0.6023227729033843
426 0.5925858083426563
427 88.80117283948672
428 1.3127700711906494
429 0.9437443871492134
430 2.5298296979532404
431 56.35537060848001
432 1.6995152165127674
433 3.9498926491531656
434 0.006440329859523422
435 1.0739394586429916
436 1.0138345195585383
437 0.04777362509289358
438 1.6026943833827685
439 1.547985682076054
440 0.25463367453840785
441 1.57649230755296
442 0.3866646468781905
443 0.13932214500003337
444 0.5027368911303011
445 0.26850949868457225
446 2.74103778431388
447 0.4041139546072387
448 0.16378568330403984
449 0.09388576020633714
450 2.4145357903543605
451 3.82409178144967
452 1.2071568982523033
453 0.08529879274087929
454 1.5783123087255726
455 0.2666877577056124
456 0.9657186932610179
457 1.0913968728525605
458 11.543194314733658
459 1.7584955056033476
460 3.72317846927875
461 0.11474440309027711
462 1.741150214729116
463 4.175981996413714
464 1.537723170625403
465 0.08659050885873261
466 2.2718063444754937
467 1.1099545330918925
468 4.804015301173902
469 0.2270036091088148
470 8.280656089954082
471 0.3394792219542789
472 0.07266055720528887
473 0.3123747586163795
474 3.3148535143636586
475 0.2998615358842248
476 1.6680934579810653
477 1.4124417794909478
478 2.7868476958631914
479 2.9440848822919827
480 5.346471853579337
481 11.170963166370258
482 0.014497743010147538
483 3.8332259778589957
484 0.4330034502395529
485 1.906039314784491
486 2.3293311932010696
487 0.11663722749389971
488 0.2775007913757667
489 157.70235461773117
490 0.07761210675173619
491 0.12017170459549437
492 0.08503837201007011
493 1.8863262908796823
494 0.1619944918630352
495 0.2228401594460436
496 10.919318316928099
497 12.12532068290136
498 2.3149066406254653
499 14.526502141318076
500 11.11772099109349
501 0.09766778344524406
502 1.0816074444336425
503 0.03456265223280352
504 0.5978192283199153
505 0.7402686329817497
506 1.816075847021347
507 196.41374328176587
508 1.1024964428676862
509 0.8389392369517146
510 0.5848109857314608
511 1.1027863599482517
512 0.6012725727023374
513 8.030840081489526
514 2.8502187095442397
515 1.2861902619069292
516 0.5919158820218008
517 0.01588016774870977
518 1.047339493763046
519 0.05439250058144026
520 0.10105914337632171
521 0.1778909303794549
522 0.05637042215754982
523 1.1404426604755502
524 1.2838716523579783
525 0.262100283006416
526 0.3138405476855367
527 0.12508824339354757
528 5.38919865174692
529 1.223005585766818
530 0.8660987002981706
531 1.597970422521867
532 0.275954797050579
533 19.47127559105676
534 0.15041276855322636
535 0.2888144703922637
536 1.660582140384891
537 0.10430828658501666
538 0.15564881339387776
539 0.7628282930424812
540 0.3909558418795491
541 2.16588850401873
542 3.8930768678996523
543 0.32777107593828797
544 0.3076028990887376
545 13.419866632035367
546 4.399575427851618
547 1.6582531247700625
548 0.7023963953999894
549 13.132815444662212
550 1.850043504085107
551 2.955699901558753
552 0.8939087315913514
553 0.4814809450113579
554 0.12189506432311407
555 0.6837896186995353
556 0.42950414199881126
557 0.5048673622865265
558 5.170723051582981
559 0.4583019209530884
560 1.8113376278421687
561 0.5269130245109649
562 0.065467872067893
563 0.032591974975728535
564 0.8907263455944509
565 1.8877093273028378
566 0.3967175436088624
567 2.3868593380942955
568 6.471236891039613
569 0.19925548048602124
570 1.6116429203379399
571 1.5169563653705744
572 1.4609774161111087
573 0.6263610976899052
574 10.838395528949734
575 0.8426260286009434
576 1.0619519249591776
577 8.260938047713841
578 0.35262859365554977
579 0.05188949354096991
580 0.4054939305520625
581 5.409394301863624
582 1.80611487152533
583 0.8929565374300886
584 2.2786576319448315
585 0.28516303414127525
586 0.10731245366626245
587 0.8755911112643886
588 3.351350293018922
589 0.8096230839999558
590 3.6634181589973416
591 0.5826232388089682
592 0.030174816954374815
593 0.1821606301565607
594 0.27204669907285717
595 60.63656365153496
596 0.40027591673161983
597 0.6077742118570998
598 1.8699247632994633
599 1.5549218859201424
600 3.1201497708726156
601 0.45209369798656435
602 0.3596586079638829
603 0.34013721117289986
604 3.053504059361925
605 0.31208928026270416
606 0.38683734139533765
607 1.1034126550411443
608 3.1715736003185167
609 3.8559833170280444
610 0.21589646606474197
611 0.2062790992171578
612 4.7944950360106215
613 1.142579613251771
614 0.5608027611150073
615 0.3969259492470886
616 2.332044718665429
617 0.6673296661323597
618 0.09844265264069184
619 0.6760856404336504
620 0.13025819158569948
621 3.7809617760945495
622 4.25503267604618
623 0.6042435573018107
624 4.581109351501363
625 0.013624845359615731
626 32.91634203603756
627 24.354142394439624
628 0.1378003017780432
629 0.3756981373149297
630 0.8884139885907334
631 1.320208945391557
632 1.786055795025848
633 0.11802299751956308
634 1.1732430208338112
635 0.06830577280596348
636 85.76796830721365
637 0.2508028930502614
638 0.7705094052207001
639 0.3728458927374709
640 1.749952319621827
641 0.40664626977926477
642 0.7073946254942713
643 0.22870445507445505
644 1.400044230025504
645 0.7122982724517989
646 1.4755872009552218
647 6.8188703569460705
648 0.0028989268689781616
649 0.04047927630040778
650 6.881401060248957
651 2.807903234784604
652 0.5738477583082578
653 0.8767102670921125
654 1.061712712744335
655 0.012643307511101272
656 0.5583042260552017
657 0.4846695035883495
658 1.3283367419300904
659 0.30763249464498205
660 0.7092296574710749
661 1.4338343086852698
662 33.01436048282137
663 0.33093115673032925
664 0.3151200100775806
665 2.316544142475688
666 1.7648241930816952
667 46.54224346350805
668 1.3894868987134787
669 3.0912017119704
670 0.6970633323041863
671 6.332740380624801
672 0.2584012329253384
673 1.3840845245105862
674 0.27753354435897937
675 0.30668177632988736
676 3.720741964553839
677 0.16634214032301492
678 0.2378835389491631
679 0.22022532781010562
680 1.1662630548015356
681 1.6593828168554272
682 0.27584542425451397
683 0.19795831078899642
684 0.33598068685917865
685 0.6573833241103806
686 0.6111956445166541
687 0.3597131699963408
688 1.213251823318646
689 1.1696109369554237
690 0.6341302371788503
691 0.4657683314836882
692 0.26692102082173075
693 1.4777498101847244
694 1.030023384270041
695 0.015073618085572232
696 0.166598106048443
697 1.2373595617842317
698 1.2007996593262003
699 4.020682866117447
700 0.2998132331269249
701 0.12324300052911898
702 0.30660211289983447
703 0.15787266530015706
704 0.4260387574030658
705 0.23829267390199507
706 6.250751591710281
707 6.198738714875963
708 4.989499745847865
709 0.2063085417980956
710 0.05466307456798805
711 1.0512911585241795
712 0.26121782338187804
713 0.4170655735334499
714 3.743562971975817
715 1.2074594958683686
716 0.5817198575752068
717 0.08391627800361566
718 0.8425051003557037
719 0.061251204057274126
720 0.19920738877977165
721 2.0605723616944966
722 0.5570996519224053
723 2.0858710567268695
724 3.593998294463496
725 5.007996583959384
726 0.16289286984139534
727 6.263973908901637
728 0.11856792157505656
729 4.201865534279408
730 0.959332412969583
731 0.054537091818152555
732 1.163062154510506
733 2.9256952939690186
734 0.1536899292535654
735 1.409570021673369
736 2.295984675436061
737 1.0239061948727852
738 0.198701037066489
739 0.17343397075475364
740 0.877471160106712
741 140.16516194557485
742 0.4981269327855955
743 0.609705425646646
744 5.267320371404764
745 0.33326338592684457
746 14.305283034567527
747 0.43869627614229734
748 0.0627327899509758
749 0.47053999605898833
750 2.2255967593009798
751 1.7456076219294476
752 1.7366570820619218
753 1.0522101571387237
754 28.88774534934982
755 1.7158645431624187
756 0.3015282358282531
757 1.2559456802232507
758 1.565924624851585
759 30.27667620060564
760 1.1902802623365163
761 1.0299570699650575
762 0.581095484294698
763 0.7457454127094421
764 1.5062866526906962
765 1.6285130268963635
766 11.723492727254644
767 48.618184734827544
768 2.3395009318783666
769 5.4756364207796535
770 0.10265941034403518
771 1.1297256445856654
772 0.5481175685419429
773 0.25144044885084815
774 29.678725760225227
775 0.3345261259382605
776 0.05831296510179945
777 0.8899943817995766
778 1.0544592332158071
779 0.44015105936928733
780 7.883027025451052
781 41.67840959030125
782 0.05142711821792025
783 30.72749571517322
784 0.07079634531767312
785 12.51477460231345
786 2.1911294810536703
787 0.1197590123441991
788 2.738869952179322
789 2.4387557757325133
790 0.13666531902303405
791 0.06096145127520102
792 0.7126220633434659
793 0.8739926737315339
794 0.6944576658482896
795 2.47874826182645
796 0.7759882787785178
797 0.8579657556972449
798 1.257697539946577
799 7.999278567289933
800 3.8256793325303615
801 0.04338423089260029
802 0.0969977377117679
803 0.1370838456410767
804 0.6460078482761533
805 3.955213588451743
806 2.7787225136083955
807 13.201709025000696
808 2.270207556982042
809 0.7302204518570602
810 0.030978435813352752
811 0.01891948265569717
812 0.5120685135598398
813 14.211706102602575
814 0.09143071464378709
815 1.2693074491763798
816 4.755214431333128
817 0.3351488138094254
818 9.553846919597715
819 6.855285823179016
820 0.24714790915205578
821 5.089228153614923
822 0.10982087904295217
823 0.9436929117819394
824 0.7666227231163621
825 0.44659735089443636
826 13.705130385531579
827 6.885605891168252
828 0.018344876825433568
829 7.317083428261681
830 0.5350372473261463
831 1.3181289412647785
832 0.18003744199659028
833 20.080236492257228
834 1.2101519642703118
835 15.134245940044085
836 0.3480056393485111
837 0.8038077575524665
838 0.5475219403059348
839 2.902178666592777
840 0.11589445052981877
841 0.0896392725371494
842 3.247706107698551
843 0.35559824046177385
844 2.2063025477507763
845 24.65971716242989
846 1.2010843669604656
847 1.6424060029551368
848 4.609076658652985
849 93.45989185608269
850 2.9563625503982056
851 1.8870163782374332
852 3.6800439684119093
853 0.1469374046489067
854 1.294828998382921
855 2.3004681022756053
856 20.714871358762462
857 0.3632231926866509
858 11.205487910570115
859 4.944168147777738
860 0.8446448018508829
861 1.8326819729806534
862 0.5224023097687611
863 0.9394099012331907
864 2.852159966507911
865 3.0077839638586688
866 0.06799381117586928
867 0.09275478904292547
868 5.080473464690035
869 0.20967369946460554
870 0.007807198870054697
871 0.028258370119548924
872 0.24397351824488614
873 0.5461228415698655
874 2.7885582444501003
875 0.6713835657061814
876 0.7603429183756358
877 2.3833296865685485
878 1.1686003939278358
879 0.03843331332228701
880 0.23719877739098272
881 1.8370344847246771
882 0.3240161365033442
883 0.40976141105296043
884 9.928698833530126
885 3.899255095555702e-05
886 0.38648208180258187
887 0.5867452843267338
888 1.1694252191381984
889 0.405179871863547
890 0.031448305196146616
891 4.191581088787055
892 0.668457216499992
893 0.017315866671247848
894 1.7606852828093071
895 1.0564525673473608
896 2.786964530739042
897 2.352881185121079
898 0.2783956528312559
899 0.21361109601739875
900 14.530664216598169
901 0.4610171569037239
902 0.048122474080911186
903 17.448218631362703
904 1.409013122043562
905 0.17931614125277823
906 2.4077675807372474
907 0.28566709346097474
908 1.002033445295759
909 0.1030156478001722
910 3.416093310611435
911 124.08351602535721
912 20.22602828789269
913 0.34166240129004277
914 1.4697746847264745
915 1.1652363597665811
916 0.012778346711557477
917 0.04378079586619178
918 0.39301859998803507
919 0.5404165007219022
920 1.3340523878464443
921 3.365609876706412
922 0.025756888234140882
923 1.0848794895582898
924 1.605273589917718
925 18.23790239364896
926 16.353991139387176
927 0.349339433008858
928 2.5064945772587675
929 5.398749966875281
930 3.026961810060685
931 1.006103824169259
932 5.808790874255913
933 0.06871366243815027
934 12.48529649853786
935 0.016979769912574095
936 0.012497981189452702
937 16.919381089918996
938 1.3362933995159345
939 1.0974419487274383
940 1.4558920438386587
941 3.1002566348606533
942 0.10493808567360811
943 0.4271089840092096
944 2.993459682514094
945 0.0678379993395372
946 0.23806964480318812
947 0.897776991657678
948 0.8995673054505587
949 2.0998428044789743
950 1.4485893815133875
951 0.0344766545626176
952 0.5507850780767173
953 0.2643074883400642
954 1.575003287381483
955 0.3160629459865638
956 2.5259987291610844
957 0.1781487747628083
958 0.5247786067995274
959 1.0918924781496913
960 0.482373050003971
961 0.5646649818535984
962 2.3543965901237423
963 1.082983099486883
964 5.996159984956548
965 0.33147362186201385
966 0.36005831784078085
967 0.5083180070576954
968 0.11806699471185178
969 0.2608461454927607
970 1.4682315275005116
971 1.9658273622445792
972 0.78722869099465
973 0.021247228096094972
974 0.8360705948834953
975 1.5836229236399264
976 31.649170425433383
977 0.7483453966592758
978 1.534140877998988
979 2.504687887926975
980 0.9685203352980312
981 0.44822471082630577
982 1.2370790294633662
983 0.613382888434303
984 3.4910274012006655
985 1.4607166090411505
986 1.5789361942370261
987 40.57996882384933
988 0.7751367050457423
989 0.555831495747621
990 2.2672133930195084
991 7.221375438213122
992 3.9451682687014347
993 2.240381961495303
994 0.8094176312486742
995 1.8320137810227577
996 75.85949046393092
997 0.0695071770171827
998 11.57247829213615
999 0.7886979421320173
1000 9.648577669704837
