1 11.080523194142184
2 2.834027984681252
3 8.003217032888484
4 0.6736649231495239
5 0.04726499587141438
6 3.553900713105667
7 1.026396297009666
8 0.05738577835806036
9 6.3524875098712945
10 0.03157085028828463
11 2.1034809085343977
12 0.6255434057531559
13 3.2617168464996316
14 0.7972233578122861
15 1.3852469424876237
16 1.3008197535253123
17 3.7498507693076837
18 1.2523033009753493
19 0.48152482112594963
20 0.12834224670825212
21 0.6802643081463228
22 0.45308565072925033
23 0.0319358661422386
24 4.226204950088223
25 0.13524592130813165
26 0.1461223856691268
27 19.64555077251438
28 0.7805577336733914
29 114.92297034516245
30 0.4290635754004263
31 12.114219682257913
32 0.18280000155968681
33 0.2351941954825625
34 0.18543344188857735
35 0.032184538211996884
36 0.7709190484469639
37 6.055618963571859
38 0.3047161766740174
39 0.20236927831623178
40 3.2373854315566755
41 1.9292696655953918
42 2.320931542801277
43 0.3693457421801195
44 0.43234311896592614
45 0.5467089637444845
46 1.1296880149549964
47 0.25485782147663283
48 0.05348962279782898
49 4.512714830940206
50 0.07329131575132747
51 0.1882997178555529
52 5.8309302200542925
53 1.3985485037881515
54 271.36871554652737
55 0.045534138156652
56 27.343893150027622
57 7.36453310039512
58 0.9505326765135503
59 0.1853133455934507
60 0.22300889846089483
61 7.217440409335437
62 5.085671734269296
63 1.1929192439402108
64 0.3619962459527154
65 16.069413468855426
66 0.4004106767730269
67 1.111185709506974
68 1.0590268061133754
69 3.8234882771073564
70 0.12179119581304941
71 36.02093792405543
72 3.372115795935659
73 0.0772801403054501
74 2.054569769984623
75 0.8803295234888959
76 0.036321731872887064
77 0.9599750741540714
78 0.8071141246913797
79 1.0652393117783978
80 2.599708286213124
81 0.48273872162515175
82 1.0920066773265569
83 1.2693182383851147
84 0.4203399354950358
85 10.411130527628137
86 1.828328239496826
87 0.05702678933739161
88 2.686573347360473
89 0.5810001089751278
90 1.5948671716107599
91 1.8855863737680503
92 1.3744916178167592
93 0.5665601569455724
94 0.14353516103925804
95 7.081904758565357
96 1.076429633109434
97 3.979818807040684
98 0.1727498490746976
99 0.23198667714394577
100 0.7721559785510377
101 1.5886089553442804
102 4.759682170254219
103 0.33924964219890963
104 0.8684689663081935
105 0.04528121105447383
106 1.6987504488159213
107 40.20593729867123
108 4.086977509014622
109 1.4170795716520779
110 1.0497927407883851
111 3.4133327449361546
112 0.1618340413935733
113 2.8532835980007456
114 0.6298360927614401
115 4.286359792062984
116 7.223115910359128
117 0.2724082489330606
118 0.42716220147760425
119 6.810158923254924
120 0.26402194767552073
121 3.089749149452588
122 1.2955879259775196
123 0.7142772655501389
124 84.92891497938423
125 0.09549684360823053
126 0.7028129470634087
127 0.23434721008224632
128 0.2710874308184874
129 10.065838588925681
130 0.7229862863823601
131 87.32198263883446
132 0.8903625711309032
133 1.7139906431657657
134 3.742988805338625
135 0.1750313834254483
136 34.415502309950725
137 0.36010619649360653
138 47.188412287272634
139 0.6260361932456464
140 0.2427392053755469
141 29.920626496212975
142 0.3257922624188663
143 0.300435279415338
144 0.6366404234753116
145 13.530942443988405
146 0.5856882097404287
147 37.00630815195455
148 1.34946649507243
149 0.6420220600759167
150 1.0015274098485862
151 3.8086888878255447
152 0.1763538930025789
153 0.09536831026022376
154 1.6449475659985338
155 15.196135957955514
156 0.6738515158379488
157 0.09230324874917008
158 0.2977873146489332
159 1.1314724779201064
160 0.285755751942059
161 1.1380091183373058
162 1.0684430299873735
163 0.3596617577478296
164 0.4296368383830879
165 3.804182959118037
166 1.1248854944353717
167 0.2176318885988982
168 0.4408012588454084
169 0.37092930874385044
170 3.326908073173653
171 2.7028965974452928
172 1.0432576024351634
173 0.019873601121064507
174 0.0917509870336103
175 3.142398202659414
176 0.037665586810975864
177 0.08253744116491536
178 0.82466554954739
179 1.682493779627646
180 0.6503254065147422
181 0.14475107207691965
182 1.1150584875691045
183 8.62538276136663
184 10570.035366534214
185 1.095019478163015
186 2.0888690796866354
187 0.29610708565238425
188 0.7498713041765944
189 2.7783283330040836
190 274.15973250447956
191 0.058627181106419415
192 2.1310584207968306
193 0.1627791612645312
194 0.3987455197167768
195 0.02374708029265482
196 0.6726322578750502
197 5.552085183623658
198 0.157569132907431
199 0.3039735813570689
200 1.1838331210741009
201 0.469054329915794
202 1.3262100968742137
203 0.04984078988535825
204 0.42564158645942474
205 13.692511867463452
206 1.1011232112835632
207 2.080300604536952
208 0.7498185211096354
209 0.17284540256250144
210 1.1570888545889177
211 0.26888432106713517
212 0.15190153502955137
213 11.094624241053669
214 2.119304639951152
215 1.3979435783903031
216 8.897466909047175
217 0.5065931707119717
218 0.44813343451658416
219 1.0067844929043228
220 0.013458202698743054
221 1.770880338013258
222 1.3662887010242155
223 1.5364209282283776
224 1.9641102674230468
225 0.05327152826744819
226 2.8661369358685427
227 0.19708122922773366
228 0.537897552220696
229 0.5560330629511041
230 0.2322593896074495
231 0.2410790502526628
232 1.0163840157673787
233 2.2593260600250447
234 0.045400365774831135
235 0.20844914035077824
236 4.4073205295653075
237 4.015412343385515
238 0.7769023449873147
239 6.443120125270228
240 1.6072875771995052
241 2.722135961811098
242 0.4332403855514014
243 0.5076631476140021
244 7.096857432828381
245 0.2957734427991405
246 10.385243056907816
247 1.834905680341162
248 4.187360320728728
249 4.479558941904413
250 3.8877835869012967
251 4.8347162673353825
252 0.12131390995130684
253 1.7100528004110835
254 2.6565187056333817
255 0.19466333079932008
256 1.8297008892052533
257 0.6175872388283065
258 0.24641305305464345
259 0.6478738755163896
260 1.7957689941506094
261 11.993656770593095
262 1.4594543608087407
263 1.8560259691125904
264 3.0160130794129136
265 1.1421567666235661
266 17.932458877041093
267 0.17973670735232522
268 0.6765491965522731
269 0.8589257219763371
270 0.9918983116419972
271 1.499146373680757
272 1.0428430126050856
273 5.4929533794986725
274 3.9183306274202416
275 0.7949218605329491
276 0.1245056941405156
277 0.18845763932960768
278 6.895319856541761
279 2.6385933431234703
280 0.9247510143048628
281 3.41963367533997
282 53.900200480736984
283 6.748522505804546
284 0.2893298900188143
285 1.9544643640891273
286 0.23837858198858902
287 0.2707309881006106
288 0.39895950271207764
289 0.14789161438178708
290 0.1328119311344185
291 1.3628211559689423
292 0.3431943458249704
293 25.790960637934724
294 0.1960431020356392
295 0.06634441406926532
296 0.7252231646860173
297 7.292733175086309
298 1.0172999960672056
299 0.7888836080672944
300 0.231962739628694
301 0.6875359332341197
302 0.2993931166550653
303 0.2636986123074874
304 0.026619835772104018
305 1.2855411873777423
306 0.04542237226094775
307 3.118958715443118
308 0.9583495524235259
309 26.419765255523792
310 0.460531408985186
311 2.6531662553490647
312 1.4035923929304919
313 0.9237356542331797
314 0.09340497204828827
315 0.4758743905352962
316 0.06860217154029609
317 3.6059468815137987
318 33.67939943026803
319 23.99777931441023
320 2.748965458957094
321 0.5021185476457816
322 0.19704724333829288
323 1.5868998695285483
324 0.6755746647395542
325 1.101422840478038
326 0.3818171781943769
327 1.25413906613348
328 1.4432338572362924
329 0.18698116912720605
330 0.9390345335788536
331 0.25098495079551053
332 1.3264430905402158
333 1.7490101217942629
334 24.276443199613873
335 0.8413959889137977
336 7.083970193251022
337 7.180551114223549
338 1.4641498433271642
339 0.7168593613545743
340 0.30793642769501617
341 1.2468830703962384
342 3.2118499949911956
343 0.3717647046710869
344 0.09664315852276027
345 1.8019906077021743
346 0.28389332675269163
347 0.3703954803622289
348 0.7065557172836453
349 4.89253052735631
350 0.48903545207780735
351 7.416373839368529
352 3.386555873650618
353 1.3213371123425317
354 2.669901240025425
355 5.5554703437736705
356 2.197942770755238
357 3.403017318732091
358 14.589016992979218
359 1.2229457501562386
360 19.50094445390068
361 0.7397116229708892
362 0.8765029066258001
363 1.0283760214913922
364 1.974995993352629
365 0.4663453831597364
366 0.882213784677093
367 1.9703451468114406
368 0.43287484006624466
369 31.462989630968494
370 0.1626347235487589
371 0.5410631071741261
372 3.8556372679828397
373 2.2500178035601675
374 1.1287525647208831
375 1.0472578930310041
376 2.6984555075819667
377 2.1002989804987906
378 0.10199630186789177
379 0.37387968360630414
380 0.3736039268505837
381 1.4645557303846453
382 0.22538079087750007
383 0.011828718230393585
384 1.2364640964478018
385 9.599594374142479
386 0.16593129032421258
387 0.3525153177317652
388 2.650683672911693
389 0.4646302410841738
390 2.4488292992584175
391 0.3280324181301525
392 2.1977688241622357
393 0.7977707787969269
394 1.9653321246427915
395 0.2867383729795665
396 2.342949596718932
397 0.025549932071045802
398 7.107162072854303
399 1.1811996177599695
400 0.2471353049284258
401 0.12362478476188418
402 2.169022665416655
403 0.6643204609979719
404 0.7584077041901631
405 0.44786242787022457
406 0.2806640419261685
407 0.06265684711533336
408 0.14371611041595916
409 0.3617286321514255
410 0.855936445692142
411 1.7361590128200075
412 1.6161997005056363
413 7.448667944058259
414 1.3709971729524002
415 13.856281191138795
416 6.968915318428097
417 0.06668394101455359
418 0.7257856014166354
419 0.22368702126961715
420 4.842016617652007
421 1.0735194155785346
422 0.10637756942502775
423 0.6343468125510576
424 0.8048921838978599
425 1.2357805973190121
426 0.4252011806782204
427 3.6127948017203493
428 0.04291648216410221
429 0.14766172372326178
430 0.6109506730147519
431 3.2086512737953563
432 2.1965485444191675
433 1.3567034507853033
434 0.7807948375627503
435 0.0030635192965246987
436 2.7949169300581347
437 0.413587417349183
438 0.3957781177141582
439 0.5948190872673422
440 8.407360334709686
441 5.920224076001544
442 0.3911022443615659
443 1.1724912481743313
444 0.6917284896854253
445 7.4315702113409285
446 0.125435723331751
447 1.0652563503402999
448 25.33292890280316
449 1.5907697661057834
450 0.01844260339107502
451 0.9265026766894258
452 2.0627346542297493
453 4.354857709426216
454 5.412385391630775
455 59.51696209215364
456 1.020912548760267
457 0.58694721520874
458 0.2910640119443828
459 1.4460992867607476
460 0.3862600069158261
461 4.147779426776314
462 0.34374272200347916
463 0.8751683718867392
464 0.24529990996403828
465 0.8454281084646454
466 1.452431268763908
467 0.2762682210818923
468 5.559881578238286
469 4.7494757109489845
470 0.25161590282503543
471 0.07097226026898822
472 6.877269718333563
473 0.2715081199203
474 0.16615299129557567
475 190.09556598655337
476 0.9715842139860804
477 0.5389125546334085
478 8.440630455879592
479 0.540432205552076
480 0.46776023557751384
481 0.4593751337549634
482 2.2903684631686256
483 0.9965912965769634
484 1.4656742419634128
485 2.9175635599308127
486 0.8183095278371377
487 1.1509561301302513
488 0.0859128947944435
489 0.09435238956647184
490 0.16050647058010284
491 5.512040941368415
492 0.023439954696370592
493 2.4155521650874583
494 2.0471262379358186
495 0.9014609381156282
496 3.113485423826478
497 1.9736754528013112
498 0.37197725768596057
499 1.4394948841793183
500 0.32697622497735224
501 0.06718119405555088
502 1.3427338061997942
503 0.4184401305851423
504 4.98123653265312
505 2.8857281442720604
506 0.010759699256045717
507 2.4648201711814846
508 0.07281183756212578
509 1.3299396791604012
510 0.1709064075401196
511 23.893581608010717
512 2.3827429485226133
513 0.4840706809649995
514 0.32952229704597363
515 4.946142169906948
516 0.44125529513494355
517 1.1242262894389634
518 0.42895546960478825
519 1.4431187442940443
520 0.23615663637076895
521 0.753532114564107
522 2.4498963956318076
523 0.7683179598851376
524 2.0618160204696543
525 15.090349762622955
526 4.733875722479504
527 2.9946846211166553
528 0.11767187945204519
529 0.18969187080559546
530 9.903416417845664
531 1.9474277641906386
532 0.9021433616401368
533 13.138758648738138
534 22.88130274222166
535 0.0033046939151513393
536 0.6189099334620077
537 0.8162806069642581
538 4.998447764647765
539 0.6586726318831865
540 13.103024838850505
541 0.43933720382190933
542 0.946224198502876
543 17.028775175356504
544 0.5645636660923574
545 142.2377673817573
546 0.23596199231342366
547 5.370444034846373
548 0.2827177039978599
549 0.40279511831838893
550 2.8391538493693775
551 3.05995786038487
552 3.7224193243575927
553 0.025268937253911137
554 0.9570611231018601
555 1.0319694707156284
556 0.046104957163342966
557 0.616120265032718
558 0.19008172312440594
559 37.22998316019159
560 0.027958188125604126
561 1.744592127155756
562 0.32747204818352
563 11.228985198974325
564 0.43246725212435955
565 4.744307843220917
566 3.5063139433337818
567 2.9699449898124524
568 0.40339639763603063
569 0.7518351335697893
570 0.8780850683111536
571 1.3166521419370336
572 0.8076705008752878
573 2.644167619299872
574 0.11296476826425556
575 4.2785108666404845
576 0.24310931624545037
577 0.1593068487929596
578 0.5393802097141436
579 5.839813489793358
580 0.10648654522934033
581 0.24503098412320456
582 1.4356693342368674
583 24.302721275794205
584 0.7462528277860728
585 0.8833782825156725
586 0.6869706252545238
587 2.578285906043368
588 0.34208910609602217
589 1.0457828551913784
590 1.594174911838401
591 0.7820732401380572
592 0.2267039000980169
593 0.2826964708465108
594 1.9452550257198402
595 2.7320714624357434
596 2.6138395183010017
597 0.7064457969329685
598 0.9447356933059865
599 5.762050978157055
600 0.00912107960177091
601 0.24101968299105392
602 7.399773782546433
603 0.3227287730812649
604 1.189177058734309
605 0.10090363271531218
606 0.7140178609728423
607 8.22830330931851
608 1.258601881030384
609 0.1530415739828716
610 0.5078246328889342
611 0.36133548953386624
612 189.40662673298155
613 2.8719598817319767
614 0.22928705792503307
615 0.48981066330251094
616 0.471607698467696
617 0.5127636577864285
618 1.579778251333643
619 4.359079004008246
620 0.2277676339866942
621 1.4424415514526354
622 0.17730605274705127
623 2.1222299582038593
624 6.9502265258256495
625 0.4385461417685691
626 0.014390443009872432
627 0.15459206541552445
628 4.595668849143247
629 1.0976587832933906
630 0.15735142375462302
631 10.630690195855331
632 0.8685660650218601
633 0.07123879927133583
634 0.11295772018628839
635 19.91150281991216
636 2.0612093825876228
637 7.201319137323287
638 0.08286211470021757
639 1.7388846249147152
640 0.02975505171878788
641 1.0208024912594222
642 0.6536107822518488
643 1.091146521974733
644 2.740468723497253
645 1.307658878286373
646 15.461192656235307
647 0.8781226903030085
648 0.501173851987843
649 0.05675585051874161
650 0.39337603468267074
651 1.8493696918110591
652 10.461559599558704
653 1.3179530354248263
654 2.8789074381548465
655 1.1136967542656755
656 1.8740583143397391
657 0.5798068902480541
658 5.807348671344764
659 1.8167331574147878
660 2.7098595900280524
661 13.476943561906632
662 0.4201410141577807
663 13.94786424051118
664 0.776384476069749
665 3.0631723729756466
666 0.5613910464618291
667 0.35352899837600604
668 0.4155454928871449
669 0.35165758696265853
670 0.2907233556713283
671 0.41267955982871324
672 0.057387726024538746
673 6.952673310855323
674 3.120648932393197
675 0.12772895597769882
676 11.91419145994098
677 0.02016394734469829
678 0.9466788334585665
679 0.775481500713808
680 14.464866010787187
681 0.8286771411266313
682 0.589040861140359
683 10.705058876211607
684 0.3867818954518435
685 21.16538908437115
686 6.224170776757214
687 0.6581097589275733
688 3.246580955796825
689 2.0792658531301282
690 0.24715335635465613
691 1.8553801771646274
692 1.1789701063357678
693 0.5165356380619187
694 0.5552681571686712
695 0.1466389657867753
696 46.5426167539702
697 0.0023611712932529406
698 0.7618231148202478
699 2.1484764893426607
700 0.1812336211654171
701 1.8819318483923453
702 16.450188930911917
703 0.1864797904031725
704 0.6869719374076796
705 3.6902032747608002
706 0.4794218631555556
707 0.5428217286695189
708 3.2399256564899392
709 6.362505104628442
710 1.3239294159829984
711 24.340556005643872
712 3.6683964513896243
713 4.538993542574122
714 46.710844690149145
715 0.26559043870344756
716 1.5692534551934993
717 0.22751153021672063
718 0.3575500848983423
719 0.92085219957216
720 0.08593495683144495
721 0.7996458561700946
722 0.5686773616208572
723 0.8891959290675449
724 1.0690568514748788
725 0.3088006523045531
726 1.364585021495515
727 0.014486530164407771
728 1.2804819867832948
729 4.074629254429048
730 5.902516212521755
731 0.4893468403115828
732 1.9890962093698528
733 1.6612263718023423
734 0.4454045358843805
735 1.4940259568352356
736 1.2697369565766718
737 1.0990051098821298
738 4.103282415055802
739 1.130389395749662
740 0.06664348822135502
741 0.048841553964672206
742 2.1404299280572316
743 0.16768219380728736
744 25.664524302452506
745 9.133252897903649
746 2.9717150170015367
747 1.1987717834643552
748 0.18947362431175185
749 0.9200965343271947
750 29.16204888612186
751 0.3967908666972014
752 6.84442494506876
753 1.5973764743465482
754 0.47623257559908255
755 24.13856035339768
756 0.9692176855432681
757 0.6388975361276238
758 0.15427379031429475
759 1.6076038722634562
760 2.3036494455864225
761 18.57973476421441
762 0.1327083888432167
763 0.3400306991965986
764 0.23209849370257754
765 0.4130130549436889
766 0.32182543374369343
767 753.262617620536
768 1.7867107375958178
769 3.0210284273624617
770 0.9755574744376669
771 0.06798074806238684
772 1.4655266597608625
773 0.7323178062965218
774 1.326504738232383
775 0.5539481780515645
776 0.3761472223036032
777 11.29175574723933
778 0.47831400355559006
779 0.03656742526510642
780 0.6554004340480942
781 0.36889142831782434
782 0.8015063670853689
783 7.340057409028619
784 3.1802526338810284
785 2.0155372142074257
786 2.1457725041347357
787 1.0963018870236447
788 4.717180201079937
789 1.0488489236318224
790 26.002614957784072
791 4.693533367544576
792 3.216799445722393
793 17.535729587212746
794 0.31321215754611764
795 1.4383454885810005
796 0.9850173589865712
797 5.548335769394114
798 1.7684463234740126
799 7.197173334100653
800 2.473526942817614
801 1.1582834900526264
802 2.6571429875909462
803 1.9784328245956186
804 39.02118442815605
805 8.245931837445212
806 0.0035591689552029447
807 19.253994181747082
808 0.08967997699115676
809 7.658951099337107
810 0.8444859896722616
811 2.2096575613889167
812 1.1888149536725827
813 0.14752324231447256
814 13.880491739394984
815 4.362630674198259
816 0.187264117975543
817 0.04090515922220416
818 0.5860633902198211
819 1.5282797073655787
820 1.0955444911810808
821 1.9285520911273297
822 54.406065521029745
823 0.9893345693565045
824 2.252404687949567
825 2.5866648839151734
826 3.501578696680235
827 0.10819312283195977
828 1.065093951024677
829 0.30518142555610533
830 9.843673622404337
831 11.822729909117827
832 0.3719777009211032
833 0.3946443540439794
834 2.5336675624338674
835 2.2949529877893085
836 0.8312267126374898
837 1.7462547931000674
838 0.005851144009266605
839 0.5438790666576004
840 0.2716770928688684
841 3.209114280892775
842 0.1431740634898879
843 6.1151343762741295
844 2.6552558743183696
845 0.011424169081311402
846 0.7197691578716701
847 0.189315468038421
848 0.5541039118002081
849 0.02975506305680293
850 0.3084513757854942
851 0.7459666733652273
852 0.8603417680322526
853 0.6345911784899213
854 1.9180174772564522
855 0.4599723605770865
856 1.627038323427249
857 5.161519099840865
858 0.15514974645882587
859 0.5990356156194641
860 3.035849474331859
861 0.12150167661256323
862 2.9815284173562833
863 6.223338166891598
864 38.83947439489246
865 50.86696764521867
866 0.08270202526305001
867 0.7824002380573769
868 0.038639600533651584
869 2.379127881727446
870 0.16986674116710843
871 0.330967567847109
872 0.17373864396219177
873 6.825333657162433
874 0.6858773072457973
875 17.313835996509354
876 0.473795285972067
877 4.562450007371504
878 60.577839413116955
879 0.66970810063717
880 1.1591769095035283
881 0.21438289140698658
882 6.111774048719233
883 0.0008764645949942177
884 1.0873016569496112
885 1.4286787961365717
886 15.760395831960786
887 29.974181172345023
888 0.5751921554064254
889 3.2294453457697165
890 0.18161875693710852
891 1.0545719512751286
892 0.3437996979800696
893 0.98798355535214
894 0.3687920035177183
895 0.6514485585967503
896 0.6530092659724451
897 0.3620690218009215
898 0.795132138965587
899 3.7510828794655695
900 0.5541808661860396
901 3.777155681651268
902 0.9570202966663671
903 0.5071878354567743
904 1.3654480232078303
905 4.633701999160542
906 1.9756460688239978
907 0.49274756144716947
908 2.796114655000425
909 1.3164472202867863
910 0.6893606611448028
911 1.4459639368483344
912 7.7204105154783775
913 0.10213216274317578
914 3.5199739828780525
915 8.362412005663973
916 1.2498560910580019
917 0.3744446605222079
918 0.45538589580135197
919 0.6336366963093918
920 3.510443474389455
921 0.11538617692676312
922 3.595253595610555
923 0.2820795182257625
924 0.8785797233586637
925 5.956876236097585
926 1.1453498485091278
927 0.4139319512996275
928 0.45287940647728064
929 1.4418493837371593
930 0.0908574738271405
931 0.05988550275176403
932 4.896034195592991
933 1.0973793483428738
934 16.174276705587875
935 1.4627954265625547
936 18.18104509864807
937 8.77379379280093
938 0.644025427241208
939 0.17637115135375728
940 0.08713111194502518
941 0.148671961070154
942 1.1874468792115989
943 1.5651415728550147
944 0.183851024441259
945 0.23691953546941052
946 3.7190103767749307
947 0.17750131810432637
948 0.5291036678450711
949 0.14885159286302746
950 0.42939353227533633
951 0.7386989890336289
952 0.726166837556513
953 0.19517753968237295
954 3.512157163625657
955 0.07206619012813971
956 0.560884459358182
957 1.6461431754170388
958 0.07268738961763303
959 5.2169407797786045
960 3.09783596968027
961 1.1185675388215066
962 0.6372275516816348
963 0.002334221054490254
964 1.4753836867761467
965 2.9702953081727994
966 3.0440274950005546
967 0.7367618782052551
968 0.805184323848011
969 0.13920190109876943
970 2.0973611303757185
971 0.8846023207111564
972 57.70097810615832
973 0.44606336292873705
974 0.5364736061037264
975 4.104616351795918
976 5.0396810943566015
977 0.4934955049941085
978 0.014974264503877755
979 1.4090866229608605
980 1.0544188823067615
981 4.159725073486029
982 0.07494277702352808
983 0.36001355582044253
984 0.023456806359009173
985 2.210618314261872
986 0.28910445318118605
987 26.343715458515973
988 0.2706321651682786
989 0.10979498161250376
990 6.739488316468422
991 0.9071070837016212
992 2.7166265846342585
993 0.934554012624496
994 1.5255823617005
995 0.5099868697277334
996 5.064151534043586
997 3.212428713713394
998 0.1310056962869383
999 1.7990466828682454
1000 0.42862479127283093
