1 1.117866009453079
2 0.31607155656003233
3 0.6834731829555019
4 1.5946253898474678
5 0.016473578656972535
6 16.686760666254525
7 0.19679838707187522
8 1.5577926854195248
9 15.723604740209343
10 0.9140441324465279
11 0.1216117673345182
12 1.4953479966158663
13 0.680452140367248
14 1.1628481667009816
15 1.454980875015527
16 0.339628459369699
17 1.8506027330434984
18 1.9662237216991765
19 1.516616652637587
20 0.5301895060327773
21 0.26983751740806833
22 1.3986431190839441
23 2.6966200874877377
24 0.12640239960479124
25 42.53458542737742
26 2.877387582839002
27 0.23721922146794278
28 1.484915846990884
29 2.1481479318869927
30 0.45413661089323704
31 1.1273156273076703
32 0.10203586665377465
33 2.827077338919314
34 0.38210861470631446
35 0.6819972148241908
36 3.1623421162709158
37 3.2488429088785713
38 4.566884617530307
39 0.23809909210949828
40 105.76098590660665
41 9.33879843315024
42 0.521307967678935
43 0.6444416968061294
44 682.8367784450245
45 0.772759681959826
46 57.33569151462001
47 0.35726580467729707
48 0.6902847734737132
49 4.538979391803036
50 0.18523567059659074
51 1.6623486661558116
52 0.753950058884665
53 0.9557237056540964
54 0.7501714560927099
55 1.0308580044488653
56 2.606406681597863
57 3.4289832461220464
58 0.2414031215088266
59 0.10413258091062597
60 0.28034863154242734
61 7.125522346095859
62 2.093410469781178
63 0.2877331233788352
64 0.7046643440338078
65 6.821390827303201
66 0.37187523388819466
67 0.08012345370040347
68 13.979485906595688
69 0.5989942088314361
70 22.027748004660715
71 2.047648048618467
72 0.8185960635223507
73 2.750892099343271
74 0.1433421040648787
75 0.2825348168783359
76 1.6988813396982256
77 1.077659620447783
78 2.2235708907999308
79 2.4883497525380296
80 2.201632896375878
81 0.19528059176037918
82 0.33605830573579415
83 0.5265981979377509
84 0.2269678344963562
85 1.6756496339466402
86 0.6018148459955031
87 2.604263658431789
88 0.5905754958963436
89 1.9854783653608075
90 8.608278804092516
91 1.56589560690882
92 0.31431190398030684
93 1.097272301317276
94 0.14191685489945563
95 0.9890881791268251
96 1.3296529264496684
97 0.5088456116513992
98 0.25975894278421313
99 7.552586812937358
100 174.53866448637103
101 3.1492511750749905
102 0.21767727889652763
103 0.6243109897793123
104 0.4494046531109411
105 0.511572697474399
106 0.9719401304271289
107 0.16380468161040274
108 0.19811398307618405
109 0.27471637563485696
110 2.6027430742297524
111 0.6523009583243543
112 4.7433086719548
113 0.5370415015202477
114 1.901648385563934
115 1.9932849511924005
116 0.3654795351334308
117 10.508181038908882
118 1.365245603910081
119 0.17880068521942938
120 1.2592367433569036
121 22.333647411438093
122 0.8409996616989613
123 1.273199935770444
124 1.4500747857694425
125 0.20888233602321088
126 24.803704632544793
127 0.7817797150684745
128 0.2284899804998387
129 2.1913232618674012
130 0.1401201037224278
131 0.8949823519943534
132 0.08832186972405293
133 1.401612041958552
134 0.44037457348810277
135 2.3686583780706005
136 0.33632824175502574
137 5.336997927967337
138 0.25526913800679707
139 0.3034694309422086
140 0.1295603450771683
141 0.06180589559055531
142 1.390546143603762
143 0.8937849161903866
144 1.5726854549204103
145 0.032963522146936916
146 3.3965420988871986
147 14.867134934173087
148 0.11900098853112971
149 0.20553217163862733
150 0.7345527296722281
151 3.3443274819621434
152 0.5018121040167219
153 1.71002675718626
154 0.26782455843168734
155 1.9993339957861789
156 0.21128538449254228
157 4.118955406868946
158 1.132641412764675
159 31.21444004548896
160 0.22401928468201482
161 1.1363536679627106
162 0.17562992930792384
163 0.3352446289866805
164 4.841604196509513
165 13.685926682222703
166 1.885657599977128
167 7.328848312198457
168 0.1887881779606237
169 1.6096831347201943
170 0.20354814493167178
171 0.49274047658621534
172 0.3636024493402541
173 1.6077691540951031
174 1.0645187279443702
175 0.11069454069413052
176 6.769658288244897
177 0.6369726561551086
178 2.6199124901033017
179 28.25062509922727
180 0.11134079991104283
181 0.5029642892210178
182 0.32568268073307877
183 1.602548037752951
184 0.3188861867418045
185 0.09310714369554066
186 3.2686522019513906
187 0.06910996661093183
188 8.100287649529374
189 2.4950553602011767
190 6.909062647451451
191 4.4116544992972075
192 17.967632774338007
193 0.16645726229494676
194 13.131537951983766
195 0.17229336493278072
196 3.4483730894376827
197 0.08183738526518647
198 1.1767463571246246
199 0.4877248278013404
200 0.4332524686541909
201 0.7904139540223046
202 1.9878683502534427
203 0.6405340603654867
204 0.43838072751750784
205 0.8822117420387265
206 0.027763023666389948
207 1.40733921181615
208 0.18332354464737893
209 0.2170417372520962
210 0.6138582239932894
211 0.037759016338890214
212 1.6901831850121112
213 0.2237526361958883
214 0.881826861523148
215 2.103197323072786
216 3.0420688351097716
217 2.640674694759664
218 0.042886905964572945
219 0.06495227613295075
220 0.5567100712323944
221 4.468588711346819
222 0.5482250101466085
223 1.7885942834406028
224 0.1374268089019023
225 5598.252129949528
226 1.0938647606028005
227 0.04408949015009312
228 0.425531391036321
229 614.8011953158236
230 0.9100894102159154
231 40.884511515111214
232 2.0149171015757346
233 0.4557001865927938
234 0.23197302929232524
235 1.2515660542671398
236 2.062382506528214
237 0.32431003472436304
238 4.484195957007871
239 0.49289072638476106
240 1.066284311424798
241 0.13876020667637784
242 0.21123168773366602
243 0.311596712636871
244 0.3477464013322921
245 4.26459018692825
246 0.05470254504746493
247 14.614535795188107
248 0.07992005984230142
249 0.7536149986140012
250 0.2701394485613879
251 1.5221707902803676
252 0.5924394289557101
253 7.203937269282386
254 44.12433588178294
255 1.8503747989723835
256 0.9010564582241962
257 0.10306750010779851
258 1.2565464052684192
259 1.6011809858739452
260 0.9798666165494884
261 1.2473447098227064
262 2.62253716306527
263 0.19122309809653548
264 1.298779326055811
265 0.4303422603151202
266 1.8533233727843614
267 2.6010238722491152
268 2.812786426829506
269 3.433891978050344
270 1.7021440220467499
271 2.1976679007140785
272 2.629516891324371
273 2.35197239978491
274 1.114013767854298
275 43.363794933429446
276 27.954734194475844
277 0.06466804526457859
278 4.9761657122912455
279 1.5931303388962517
280 0.7630974797085562
281 0.6579131731987813
282 0.4498538888418919
283 0.0018897908012427452
284 1.004632929767375
285 0.3713890607065921
286 16.60534625540905
287 0.7020798043816698
288 0.2914734452100266
289 11.41212941376749
290 3.7897949437946776
291 3.7249431328826947
292 0.8847678926093034
293 2.1013063146976703
294 0.5908224386417873
295 1.2074901396009747
296 0.01566153481780146
297 0.27757889416929593
298 3.2862087690559325
299 0.29148861294076156
300 1.1175614136526557
301 0.020295497425719494
302 1.4501099939744904
303 0.3425828162694059
304 0.7655530288299855
305 0.17268278099084786
306 101.26688120503587
307 3.439565405198707
308 0.9150630897914358
309 0.7099896526268694
310 0.42120756342574434
311 37.195851053284095
312 0.1552388174473317
313 0.21497350190298464
314 0.05102820867101013
315 1.116423941836851
316 0.0421968256544524
317 4.309088359160093
318 0.21845240936547955
319 7.317718141737903
320 3.705079274938105
321 16.69453758841619
322 0.020148430598732704
323 1.081985510030968
324 6.383158871806114
325 7.928892955236059
326 4.0549311052932575
327 1.114731925000483
328 3.733011824932253
329 40.144738521209774
330 0.31381772973067057
331 10.918677237973403
332 14.717222000996964
333 0.47484174419580466
334 0.3049055138949297
335 7.59507524923097
336 0.0707857196879323
337 0.8013187437878608
338 0.4469022256888775
339 2.5853175209483394
340 4.646538272905613
341 0.27854625020706625
342 1.4500309921462748
343 0.19430980648308321
344 1.8429913653843644
345 0.5479796035804791
346 0.6201137432761067
347 0.25168976660380243
348 0.4255362474884373
349 0.26913891898860365
350 4.761256740385468
351 1.5162782621350581
352 0.014274707729425962
353 0.17488012309138998
354 0.2801032938066831
355 0.09348829190966168
356 1.043073987879242
357 0.04943162266363722
358 1.5594739019030046
359 1.611989008633447
360 0.2679769262300641
361 2.2874763735143726
362 0.03376262507146475
363 2.268739548519507
364 0.9500934122027561
365 0.37167356001268864
366 0.6136853667097805
367 0.006514875435471795
368 1.0267726146092262
369 5.350508551632765
370 0.4901144869667297
371 0.10768718254960956
372 0.41613208876371627
373 0.02737927961234978
374 0.33483873252865287
375 1.4971457888481905
376 0.04155790164599533
377 0.34485871357643977
378 0.10623098614806316
379 0.8199221239799792
380 0.0543743511896643
381 0.03549396214446866
382 0.18044456086647587
383 0.4692429641189385
384 0.07409534355018382
385 1.2099637084662818
386 0.6821946617819855
387 6.612222565804209
388 0.8988769555207463
389 0.1641378253330423
390 0.2663840143128525
391 2.019739873216541
392 0.9044225084159422
393 0.3724108019278291
394 1.870928107826798
395 0.2706446864400535
396 0.02464374664978087
397 0.32199279060660535
398 0.22812993919781596
399 0.15521806510035965
400 3.2489142041276313
401 4.169762871173983
402 0.5725921569006679
403 4.27405411587533
404 3.824228985550579
405 20.036036620409103
406 6.315703904947056
407 3.4082587741758883
408 3.455801784641046
409 5.316179893030338
410 2.444101606400295
411 0.7450361720901201
412 1.3253819873997275
413 0.02559848950017185
414 0.8253005382209768
415 0.9024947092199828
416 1.2240215889029424
417 1.1373048225351194
418 1.1731757686722615
419 0.024273662558249455
420 0.09121838604608282
421 0.18068196895747482
422 2.045043352934265
423 9.33257057722006
424 6.793020686818548
425 2.148038779035721
426 8.756544087949488
427 28.947149383377038
428 71.29515193567346
429 0.03955595485411918
430 0.9044723637282255
431 2.5941073511836956
432 139.80176956626823
433 0.22514877536155067
434 7.712336810301412
435 39.81886659492769
436 1.0646769871347743
437 1.2152386100457475
438 3.5647535991087156
439 5.805060510815325
440 0.07551932382136084
441 0.3075693066102484
442 0.2979912471250769
443 0.1984175053216717
444 0.27608645241437885
445 0.554794793045527
446 0.9534693453045184
447 0.5649444117767631
448 0.6480109212258756
449 1.3406307031820353
450 0.5706662868332546
451 2.154478807535123
452 0.15737671825857197
453 2.3145641238647685
454 0.3312370441660561
455 0.7383444342622577
456 0.3090955807715896
457 0.315653631367684
458 0.1633750283572629
459 2.451725097357513
460 10.25928961830042
461 2.386213548385537
462 3.043271388223899
463 3.8028225577893924
464 0.9564043810733669
465 0.93943720720911
466 43.655863183203856
467 1.2533019024127767
468 3.2893661570585335
469 0.8915480905793831
470 29.365893853172384
471 5.202414974003632
472 0.42659811470977244
473 2.3057629929982633
474 0.3954052501735178
475 2.0648600721957604
476 1.1916737175015528
477 0.37520551895259835
478 1.4418977863495528
479 7.970354435453337
480 0.8937251083068154
481 4.484497112249067
482 2.994049264054234
483 0.6402408287112203
484 1.8600969574485546
485 0.8148290684198238
486 0.33402216126870105
487 5.469741338775502
488 10.396841686037561
489 0.14705197199610198
490 0.4149444003970522
491 23.969113829529107
492 2.973800136805986
493 0.22195863552526873
494 0.1097058121027779
495 0.6860816107493697
496 4.387241174173928
497 0.1517092041387332
498 2.55565363383474
499 1.4576824754203366
500 0.5027657325841862
501 0.01628415446761005
502 2.244287746132887
503 0.7114039519007253
504 0.1219835175851707
505 0.6555314049282959
506 0.19387605218996945
507 50.76756737582172
508 1.1125102851119093
509 0.24335200555645214
510 67.57512075243693
511 1.2082910758962986
512 2.9136255105689743
513 0.9799189807059561
514 1.8812128864151691
515 6.402853811547975
516 0.5966929226889718
517 7.78696794068613
518 0.26061746235444977
519 0.26051988986375246
520 1.1898111615300366
521 0.43864367564294965
522 0.6961638371818216
523 1.518750613302902
524 0.4415268041497068
525 0.734239235573951
526 0.3196601060695184
527 1.0307140820146088
528 3.020201007014995
529 0.09222343191918331
530 5.594533903429693
531 22.32233627378176
532 0.589018284430354
533 0.978799395830477
534 0.26687999192531714
535 0.11243964725198737
536 3.5026400269156057
537 0.10193312520773273
538 1.0562516361194272
539 14.672346468058304
540 0.04120143633109952
541 1.922222570869677
542 5.48153616540384
543 1.3412445228982648
544 3.415719894263431
545 1.0221792644544239
546 0.5088779428261043
547 2.247612203779615
548 1.8878483460911908
549 0.07559928299595957
550 1.5299361983969584
551 0.2918232067249111
552 3.424035969176345
553 0.07836408182015923
554 6.696588783237797
555 0.14329839248841456
556 0.13845102472601428
557 0.06755163108528901
558 0.3008435165728555
559 0.5493194810364584
560 3.8962666544948883
561 0.06959842849613307
562 1.1397066573714927
563 0.16395172739848107
564 18.9822080338439
565 0.2533965720898749
566 5.4978989500305016
567 0.4562472836290528
568 3.645173978285336
569 0.1336973468550636
570 0.5146637998935479
571 9.149443325249804
572 2.5445205002585243
573 1.0508702835825767
574 0.6190154432641664
575 0.9357080742311562
576 6.587440218477179
577 28.00984411889714
578 0.6212078028368121
579 4.7217334232040065
580 0.7091270095444789
581 0.08293776743332151
582 9.984309047982155
583 0.6347246502245271
584 2.61586559640505
585 1.9313550189659412
586 0.43319213191445044
587 0.35246311713601475
588 2.648953367683003
589 0.2799137773376087
590 0.16055465159749235
591 2.590661769604466
592 0.10894930262081462
593 0.15720824241921683
594 1.9524112845904316
595 2.281853541202466
596 3.8156154898798786
597 0.13779235311007748
598 0.4309737399293448
599 0.6383325493641007
600 6.969405202172131
601 2.0117382052896344
602 0.11243157300045588
603 1.7737222838468751
604 13.232534928596348
605 0.21670489171781215
606 0.5725027943387856
607 0.05359649753963305
608 2.2465617553289285
609 2.082180355258757
610 0.9324376572366012
611 109.48765969541537
612 3.095301987077082
613 1.674562778724102
614 0.10746934778582798
615 0.06145771766959673
616 1.1366970296914596
617 0.12016607120645015
618 2.9866656100386946
619 0.9539197592462927
620 8.901801091181985
621 0.23710487454267173
622 2.905588594619944
623 2.8455586754031854
624 1.976875607035672
625 8.005387665192234
626 0.5745947148316266
627 0.9278818041195254
628 5.305127424256437
629 16.50337436855938
630 0.08345849565238354
631 0.2398486379397838
632 0.10668905741251031
633 0.9142726246725453
634 0.8533773153693441
635 1.273801068086992
636 1.072824211808192
637 5.5618198786042035
638 0.08112026254131381
639 6.274687992058897
640 2.8885064321663427
641 0.6133988259496103
642 1.8886542491568765
643 0.5673839751150713
644 2.5488920095267305
645 3.9953253678943423
646 1.8400953832724363
647 0.9431285396370178
648 0.09860945471866794
649 0.13954616040225945
650 24.999107418840214
651 0.01485324659869066
652 0.07517758637004053
653 4.58874783759266
654 1.0572853203053167
655 6.143847891130905
656 10.564224578368298
657 0.1458593891397712
658 3.220433985863658
659 3.1882658241191346
660 0.915110559043116
661 0.02236551472560121
662 5.503163944324303
663 15.758723790878333
664 0.32224177925290826
665 0.12423208347108249
666 1.4809335797346659
667 4.309322237952398
668 0.8381844869198788
669 10.84660215854776
670 0.9023163704426457
671 0.020514564818523328
672 0.34172359798577817
673 1.7957595888203282
674 0.8804040208775705
675 0.7405389011073885
676 0.13968577765721377
677 0.5511368411703742
678 1.259662611265913
679 11.617344075584247
680 0.04457165929279714
681 0.41822081439391534
682 114.21274818169582
683 2.3041223374418336
684 0.14508915475013423
685 2.4239673502236703
686 24.20140039494605
687 0.4541831533779197
688 0.046996363807170996
689 0.12890034667684874
690 2.1540355505640676
691 3.765746727405247
692 0.11836051106778273
693 7.626618859372362
694 1.460700669684644
695 1.6635044080261883
696 35.26519654448308
697 0.530435174179554
698 32.105734831527286
699 0.1089507468960485
700 1.2076617671271062
701 0.5204916045617193
702 0.15137765244718404
703 0.250656806098589
704 2.5146409042454443
705 8.220880189079148
706 0.8993912538689663
707 8.34969296022131
708 0.07080694839748229
709 0.38794411243315063
710 12.234098845933643
711 1.0709978528332336
712 0.012141344734164705
713 0.2303705707223625
714 3.4443495714815584
715 1.5764867190027358
716 0.1349457284641997
717 3.0728435168814765
718 0.3881619894267669
719 0.7029352437215797
720 0.14535874253286635
721 4.5743232035467125
722 0.34297945532387014
723 90.3449259579975
724 0.49301773515334457
725 15.866336981582158
726 2.191559527268775
727 0.26283969027952775
728 1.664219734375334
729 0.11957816596234674
730 34.19140356126969
731 0.1099714754346541
732 0.7229329134389416
733 0.4603173929801722
734 1.055381542835343
735 0.40109189728222616
736 0.7036125558563062
737 0.5681900557144358
738 2.819942675231252
739 2.5825378722216366
740 0.7964881090565605
741 0.651770701205777
742 13.457076997126297
743 5.057888112872486
744 7.451909883683182
745 1.5490573512350747
746 4.77009031650012
747 0.4754097850683559
748 0.04475750712353565
749 1.3376532853416467
750 1.9282706932564098
751 1.0699618321015405
752 1.361396367281427
753 0.6913550741147798
754 0.648494667716107
755 3.9677806308659216
756 2.540610089486792
757 0.9498418547746883
758 24.28736184377271
759 3.3144116759597013
760 0.5357370225844728
761 0.32941211722836583
762 2.2819093833341233
763 3.0445782605313716
764 2.7702390353878634
765 0.7002458794869971
766 0.7621843662538949
767 6.502541326996715
768 0.5635705156381434
769 0.9181184485518421
770 0.336556410652551
771 0.5378989426203472
772 0.9916218367514967
773 1.5053420310361856
774 1.1762812618554104
775 2.9187818867065403
776 0.6200312967263418
777 5.155753628087797
778 3.5770052950293247
779 1.4984132683387565
780 0.6020278544464123
781 0.3316834770806046
782 1.1935854402281905
783 0.639960019249493
784 0.9405430553823353
785 0.23898050662657389
786 2.959187575829655
787 2.689517891361268
788 2.1448230810644175
789 0.7847755491244737
790 0.10780976102579615
791 1.315280661504564
792 2.019081023473843
793 1.626226660670259
794 0.6966252754509001
795 0.039478909290710525
796 9.153942817560388
797 0.14722876891127576
798 0.753562254774756
799 0.1908460547654835
800 0.5547094810756183
801 0.9652566354241389
802 2.1876800265014458
803 1.1622946726425183
804 91.58481356391651
805 0.5219316196869513
806 0.22452796806922995
807 0.6595330607767085
808 0.8650097445442931
809 51.74543360767712
810 1.5413716714159158
811 1.1333062795486668
812 0.9735768920442789
813 1.0326383153041927
814 17.6134194255878
815 61.3847105177164
816 1.000816551341373
817 6.753381651755701
818 0.4265942498906542
819 0.1269966000698087
820 0.12424920126018306
821 0.13966027273147097
822 2.6675519499156914
823 14.514182306688253
824 29.208564075828846
825 2.6808806646759935
826 0.17190731829755596
827 0.12906818342584042
828 0.691853891090812
829 12.615824669426363
830 5.75132218346795
831 1.3790306475963505
832 1.2179323824988826
833 0.7841256212773047
834 0.2440176305937053
835 0.3602006464743078
836 7.671944804590495
837 2.9385927639024705
838 0.00637313743113622
839 0.003051851474801333
840 1.793520202063103
841 3.583498884099139
842 7.877552428585393
843 0.6351403234377059
844 6.909660129950465
845 0.32202693228391965
846 0.390213866501625
847 0.2556921072711027
848 10.077907909308886
849 1.2245788352465636
850 0.5318944729044143
851 0.027114385744291373
852 18.069419631866165
853 0.14064445081867102
854 0.10095967312468147
855 0.16627891082913254
856 0.2012061525382706
857 0.9125564008765862
858 5.18298532729866
859 0.38041609359133316
860 1.6067248523891438
861 0.5746588812805595
862 1.4767207850515072
863 1.7339995288446952
864 0.0005203634634485759
865 1.2751537212696187
866 0.013911446659689372
867 1.6398059645631695
868 3.18341704949854
869 1.5190854975977677
870 0.15911788592471274
871 14.977973600984487
872 0.5408585020007928
873 1.3472341875802616
874 0.6554208180335871
875 16.497256075534192
876 1.6165206197122661
877 22.030745082854526
878 0.019884591385471977
879 29.00691637452818
880 0.08212971689794511
881 0.5104119484672753
882 1.7787188314633713
883 1.6757773824699234
884 5.70789977974074
885 10.15728062329193
886 1.1785638224673607
887 1.632560106493338
888 0.5830642621670136
889 1.1335253207999425
890 0.8922909757882646
891 0.09439858893975916
892 2.2189890781975525
893 7.770773262346767
894 1.3855880773511953
895 2.9133243925195926
896 1.9602143180958176
897 0.619471260089804
898 1.0849108723652638
899 7.759281881595288
900 1.8424137072260078
901 0.004426466297123987
902 0.5810377529929879
903 0.12490001411316826
904 0.13042350092756144
905 0.05392531673064017
906 0.3902663371962228
907 21.78091774480596
908 1.1785701535731705
909 0.7038152707990919
910 258.8154651911368
911 159.12646404615342
912 0.08819774461234352
913 1.213966942747888
914 0.3769588826995805
915 5.714047588842948
916 0.03652258160046277
917 0.5760586684761435
918 4.8407232743965265
919 2.3658531008672403
920 2.5735363486758294
921 0.3480136366419473
922 0.4896919239658058
923 0.15596709017243363
924 0.7666490666335635
925 0.3527303937129234
926 2.532551872323489
927 0.26892948474188366
928 3.268119017395274
929 2.0359672450321473
930 1.584697410134177
931 0.18560922246305261
932 0.49060912110930366
933 2.735470408769603
934 7.264112994552454
935 0.5580851439388008
936 4.39569634313942
937 5.758557419763929
938 0.054307567069277515
939 23.64912618380441
940 325.77619118620913
941 0.4897806173068277
942 4.0518883881065495
943 1.202346692260357
944 0.6826819493595799
945 1.5990462410098574
946 23.353263007109028
947 0.6016506872332164
948 0.34819689776786816
949 0.9367569384738137
950 0.08666488083976641
951 0.1071046104198335
952 0.03714771180699893
953 1.7805196387008975
954 1.8602932217660564
955 0.5314334765170532
956 3.5817655059679168
957 0.6748759506332304
958 1.5640356052576834
959 0.3764852815769839
960 0.37366854652795994
961 4.4093326510154185
962 0.9341483753616401
963 23.837871587217755
964 6.1161244634332474
965 0.27689628091725904
966 1.0960338031685883
967 1.000556966365105
968 4.220099987141856
969 2.376196191152423
970 1.4083167143251567
971 2.461813187664462
972 170.65149746059265
973 0.18017528683660805
974 0.5695266788248381
975 0.005731587611192443
976 0.6852676773677049
977 2.1210044094179517
978 0.8048122665373512
979 7.363124577827863
980 15.20465237916917
981 0.1907982827148666
982 4.464886288843288
983 0.38006885992189265
984 0.9533232216552932
985 1.4284863422027523
986 1.1695115021088347
987 0.22986210871463514
988 0.33722177919798785
989 0.6372687800895923
990 0.10864861611118914
991 0.5822172196559886
992 0.2558769913655709
993 2.443298678281118
994 1.650211616396588
995 0.24202146841043287
996 0.36252222570441495
997 0.615918504307506
998 0.4227056865524089
999 5.852144688896804
1000 0.8232058058747852
