1 2.1990708783947293
2 0.29879946329486295
3 0.22693157471852643
4 5.3837379299577375
5 0.11599751857353845
6 0.13833989244606448
7 0.15176614869488675
8 0.0689743667088694
9 0.23491782847011064
10 0.4717318430305374
11 0.08199051085366303
12 11.280309825500371
13 1.1543759787830947
14 2.8730152466859322
15 2.7449907681903203
16 2.0497871579392095
17 13.312719056914812
18 0.8478265460170857
19 8.38237110701806
20 2.794534109732618
21 0.19016696135881297
22 1.870849072318619
23 9.827359560366569
24 0.9502841294114747
25 0.4566069456823225
26 0.059177811233581935
27 1.2572728682277603
28 0.017728998157879212
29 5.459668235653077
30 0.13976711680876364
31 0.42899410492031437
32 0.7836836395346124
33 4.483893314321769
34 0.5471348714759166
35 2.546433959313975
36 1.988256110662714
37 1.63936909637961
38 7.130190769166792
39 0.9992035329854668
40 0.9935032003663752
41 1.1760727327412226
42 1.0312788793850398
43 0.5376069396723945
44 0.17120011385543216
45 1.0639872229183809
46 0.2101665042160701
47 5.403871571018554
48 2.7751424564917615
49 1.456684063917699
50 10.416125461458915
51 2.3207406955829235
52 1.9294639763883465
53 0.32375124992850846
54 0.04030770291158012
55 1.9361162298492818
56 0.26919326436799385
57 0.26677233927934974
58 0.27289444971482146
59 8.637041466517736
60 8.468561353728875
61 7.195692003168652
62 1.4740440552605718
63 0.47153538282178936
64 2.9887282166516154
65 0.05700646015643417
66 0.1194509324112097
67 4.629921351482071
68 3.535778156703899
69 0.13904481610334807
70 0.39573573888497965
71 2.2650359633164294
72 0.38483549739423784
73 4.683177855464482
74 0.07079686048763739
75 0.6082240381398744
76 9.056060410731046
77 0.37554675013321037
78 0.7061765016984912
79 0.15802926865297034
80 0.6927108568273705
81 4.041494877079609
82 4.948787879780485
83 1.0836712929738985
84 0.6105213852701258
85 0.5687617016622244
86 0.05975789519658589
87 1.075382185578187
88 0.10680654867873038
89 0.765046521554314
90 0.3249889884586721
91 0.14905840731121542
92 0.1663025657829402
93 1.4306146105989532
94 1.0618938367645852
95 1.7479697697636853
96 0.5734735152440584
97 1.462487902478743
98 1.48269887269824
99 0.05438687502549206
100 2.689621274409758
101 4.922638565065897
102 44.72818860632596
103 0.4218889123423954
104 0.12729191759912828
105 1.9828416984079027
106 8.512438426787
107 5.329568458978432
108 0.104321726604655
109 0.6193230177180822
110 2.0113661255724122
111 1.0416246217247989
112 0.3461666822610232
113 44.479375895675155
114 0.7620422076254424
115 0.3893858718497912
116 0.3790141332717157
117 0.05273644977305172
118 18.13015770248098
119 0.18511989185514072
120 4.291978043977365
121 0.127844719473649
122 3.1907457419986804
123 7.282455811578464
124 0.11604699999800293
125 34.02936546859014
126 0.6432125269352713
127 0.037666343910978485
128 2.6940249490100303
129 0.5813751704834633
130 0.08946906869324192
131 0.9747423071849016
132 0.37244137205844574
133 3.502852241761956
134 13.741051935280353
135 1.030011876005867
136 0.3724605362677204
137 0.24534619854436188
138 0.10951823335330188
139 1.0211198219141129
140 2.3396605257787093
141 0.4168281183524064
142 1.4030508991192108
143 0.09306973560980097
144 2.216757965656602
145 0.7683294455030858
146 8.842609379181596
147 2.288471656773635
148 0.32904253442504905
149 4.639079258167091
150 0.17557262055887146
151 0.7287285642017769
152 7.5414691132877625
153 0.33913712570636284
154 0.18857636681896284
155 0.07836404889736616
156 0.1622972106698138
157 0.4743427743650342
158 0.6985419023326028
159 8.795246922874377
160 2.5785412486651382
161 2.952413303320068
162 0.6156446126725063
163 1.084864384611141
164 0.31281428727007643
165 0.580890176650448
166 5.082674766116473
167 0.6630538233076969
168 5.026527246372605
169 0.13528130496011728
170 5.918781133383494
171 2.313878428975501
172 0.3990998154049448
173 0.5634621760008084
174 1.0893240630446588
175 4.959651313729832
176 1.6550425592945668
177 8.727048948943578
178 6.14292301230963
179 3.0233914599394707
180 0.5310496838471338
181 0.9832419260971408
182 0.1373419979778838
183 0.2672277682102344
184 0.8173529858441951
185 0.2903451241062831
186 0.30296731032122404
187 0.10809940219454736
188 0.029623321684771105
189 3.017090486840312
190 0.47216568988916596
191 0.601024080377421
192 1.8283153644501493
193 2.417336369576638
194 1.9020022938108236
195 0.6394183230839613
196 12.265006749403586
197 1.2706248088521521
198 1.766354823270855
199 0.43940433936019807
200 0.000797298930205874
201 0.02168583821136371
202 3.793173502456999
203 1.0640513066338266
204 1.0824103253179476
205 1.284381130646266
206 0.5195377030023183
207 1.162685350254703
208 0.7860662916155833
209 0.051324034617515224
210 0.22952057296055192
211 3.171682295088679
212 0.5375432194032249
213 3.37807381635448
214 3.877774299349648
215 0.7895250429567346
216 66.4964589228595
217 1.054446889314693
218 3.60647661419503
219 0.10130951676086057
220 1.8204929142280042
221 0.9006312555909192
222 0.5541689896477721
223 1.3227911966844816
224 0.17953539571283716
225 4.815424974804229
226 0.05108512416012466
227 1.930656140884797
228 5.226840047789764
229 9.91848681905724
230 0.7146506725984345
231 2.394923328474368
232 0.21264737914101803
233 2.028501734358113
234 5.827151321388256
235 0.39536359525685416
236 0.4270519383154764
237 1.4562564124213124
238 9.31757168617208
239 0.3902428833635103
240 0.11859527787026677
241 0.03685130620325084
242 3.595174784355957
243 0.1955298410589276
244 0.15406024697245077
245 0.1011540589256039
246 0.3767417035034098
247 0.6323983259336993
248 0.5830719409916494
249 41.85674297815636
250 2.7468414732882356
251 2.2603137073329473
252 0.4449726376134917
253 5.656111826500042
254 1.210266973649103
255 1.4072108803312422
256 2.3089290882994264
257 19.135738209019333
258 1.2954008144165587
259 0.09894041694976557
260 3.669144690561394
261 6.837233464462855
262 5.832764883863349
263 1.098151897746908
264 3.9058238255834
265 0.9254836470473642
266 3.913116456364449
267 0.04665117256868542
268 1.7099491685159338
269 0.7137098401083989
270 4.17721027946866
271 3.7637849974138504
272 0.22458815904861495
273 1.1095937150771762
274 0.09494255574167242
275 5.555713784717584
276 1.8944847245671679
277 22.69449449756967
278 0.457186666065045
279 0.1660231293654419
280 4.114495972814039
281 0.46901998168987796
282 0.23512877330507426
283 0.2809732332724818
284 3.8851188879611893
285 0.2677491314605877
286 0.3039615676463219
287 2.3197052034029415
288 0.9660179065501298
289 46.00966848964814
290 0.16152100263433736
291 276.2228663730619
292 0.09437977463697059
293 6.996434629953854
294 19.33958501324364
295 9.879698597577335
296 1.108761401284979
297 2.2578273951714016
298 41.04613369563629
299 0.12269227019806458
300 2.559409348466524
301 8.299551101360745
302 0.5436883266321224
303 4.424976954369511
304 1.6080743848132677
305 3.6801558102829697
306 3.388874602445161
307 1.2023595005389625
308 0.19563848829566252
309 3.618541195411271
310 1.8008370291281985
311 0.4769029774222478
312 3.0416975227674996
313 0.8738076899535497
314 1.8893367901245857
315 1.1540317223873235
316 1.0432544976544116
317 0.39651980243176155
318 0.5619678643951148
319 0.6809701901184535
320 0.8011918873869095
321 0.15398055593259743
322 0.4497211790155888
323 1.9879947295146634
324 0.23754429752197037
325 0.8124397435192786
326 1.1511800197507578
327 10.300534911925352
328 0.12007132707112805
329 19.37139373737442
330 0.7946415190458032
331 8.770502275381862
332 0.2598344874303714
333 1.4458763776641752
334 0.0226283955910429
335 0.11788867596839608
336 0.0012341885215993204
337 0.5593188433155624
338 1.4270111526354643
339 1.1760270986889136
340 0.6502888641017782
341 0.32093790237483694
342 8.330851560842156
343 12.821628820422358
344 2.1898969152778993
345 1.7460932437564616
346 0.05624723940909268
347 0.9035822706108799
348 2.003235556728017
349 0.3777335895026794
350 36.78610996357502
351 1.0492931075722913
352 0.08279256301815326
353 0.308103144499347
354 0.060566475540419426
355 1.5214200451180433
356 0.018924276337691403
357 0.332867242153033
358 1.9400985494123892
359 0.9641843124158016
360 2.696666245306761
361 0.09680430983936014
362 0.3824757256015253
363 0.285695236663583
364 7.290940916249408
365 7.32151791949576
366 0.3958848804130559
367 5.335927608552935
368 0.4182361447341237
369 11.337334475419736
370 3.88184582185113
371 1.277515143263057
372 1.3777641566316232
373 1.8862381404949071
374 34.527697967945215
375 18.452003561120762
376 0.15124891276702762
377 1.808901091002511
378 9.516424288988143
379 95.33044069466334
380 0.09023514801391191
381 3.0434246483834273
382 0.37637341376105504
383 9.350195385590036
384 2.5553282236414248
385 0.573492614810969
386 0.4140598860683572
387 4.233676339647875
388 1.6840440294895116
389 3.8708775316958888
390 26.353874913257968
391 0.012487478704011104
392 2.11136069024316
393 1.6124655885835295
394 0.32700645517785903
395 0.6002793339826702
396 9.275641128016733
397 0.17475027917152292
398 7.492269803021863
399 1.4296698439095217
400 0.12034197768238632
401 0.8614036910923536
402 0.5539472902200303
403 0.36449314711095093
404 0.8444665102290089
405 0.1269990646111463
406 0.593075108946074
407 0.03203550260403335
408 0.5474724308957493
409 47.33700698989192
410 0.023761714046407242
411 1.099770300550447
412 0.1548998269762303
413 0.5158449953089416
414 3.4194080326549354
415 3.2956107289030787
416 0.6493259916700922
417 0.4741654338822187
418 0.2696579151897759
419 90.84359527907205
420 4.217089683085928
421 1.3111604342440841
422 13.982474509616905
423 0.7357853002960529
424 0.019596637705934672
425 10.172437328736393
426 0.007984244153812959
427 0.2785731141940719
428 3.1645206998091746
429 3.6297926436887105
430 60.56249902396502
431 2.257131596895078
432 0.0748215454248433
433 0.6029632509385187
434 85.44749614610056
435 0.16237009393016286
436 10.07467744401622
437 0.6754075339304391
438 0.1514990291816093
439 0.22876370517571146
440 0.043208155494601205
441 12.116992037869533
442 0.9700988095599097
443 9.45221478387305
444 0.9667597176646231
445 1.4884781866556613
446 5.752718537603531
447 1.2176438839653838
448 1.0752336806878564
449 0.23830932068064759
450 4.254766717031644
451 1.4323804009871552
452 0.3772112957696131
453 1.5893136087779611
454 0.3082169943985925
455 1.7717135869455107
456 3.3328705157717216
457 0.8451786235205019
458 8.204326330231416
459 0.4390287341106427
460 2.018952301815583
461 0.5840273611161826
462 0.1110092296662293
463 0.5164447614371506
464 2.08085865101641
465 2.1216612787104414
466 0.27276205941297527
467 0.3557696507560326
468 9.104770106498016
469 9.489757855603266
470 1.7468315647721337
471 0.18112514949842498
472 0.08917992808744238
473 2.446381033775458
474 1.5240545180747573
475 0.16317723485546334
476 0.5429706017966578
477 0.15458551862930528
478 56.382121864567665
479 2.019144236639536
480 5.494688385563176
481 139.6512185062174
482 0.1394300939984621
483 0.9229978844907989
484 3.9153732428791423
485 0.6165951471113311
486 7.03478267766244
487 0.06528377832192081
488 16.368435065251372
489 1.122718705649559
490 0.14653422827689208
491 3.1658963651438743
492 0.13619577881695594
493 1.136864426118417
494 7.735349598803535
495 1.5403646996003242
496 0.1363599679387269
497 1.1396439426995395
498 2.1349450015161313
499 1.3981682368015693
500 0.2533053583051083
501 0.404104738652609
502 6.998341667415455
503 7.709737184588444
504 0.13029719234301795
505 16.071876731022606
506 2.5128546699530436
507 0.647566333634088
508 0.3949385754925384
509 4.190696043900427
510 0.10370892028433705
511 0.09455582111352305
512 0.030782842730433732
513 0.24790276840653927
514 11.476726451161062
515 1.3391472869638628
516 1.442986732282906
517 60.33573868502159
518 0.7238463575537704
519 5.079738965240466
520 1.7710195556359563
521 0.29505573909118593
522 0.9386472895312388
523 1.9773976125744508
524 0.1830521832528169
525 12.818745844802628
526 0.6415201437073877
527 17.79716233123576
528 0.5874211865927826
529 0.013561754993469713
530 1.2671848688627807
531 0.4257526574554691
532 7.231919933532927
533 10.194719541070686
534 3.5015190891756203
535 3.6122998676978684
536 12.435069895493271
537 1.3733222670223182
538 3.2737749167065724
539 10.27071280924423
540 2.2771229946316063
541 1.4149222832091715
542 0.6738379243825902
543 1.6776590178284319
544 45.89708021737574
545 5.04949593836637
546 0.16569395298868084
547 0.7041456345461354
548 0.11812161322833502
549 1.099287564515485
550 4.6663912428598096
551 9.118027261718975
552 2.6910075252091152
553 0.8182283905860562
554 1.2924918178564866
555 2.1926355885609543
556 0.4620364368804885
557 0.11718196646615538
558 8.34908801016931
559 11.20547377967316
560 0.8322496122025623
561 1.8489918309035074
562 2.261412648025051
563 0.20569158307214414
564 2.6066485932269305
565 0.20384153593622412
566 14.464595446676823
567 0.14869798306958215
568 1.1356652932367455
569 1.415541438399408
570 6.060646319030383
571 12.101634798537553
572 4.062712783918936
573 0.10726723295642374
574 2.0507664033558495
575 2.64321466729341
576 3.3665851682920698
577 0.7512959037634063
578 3.390950114359788
579 16.7373789448922
580 9.466875034609542
581 1.6809469903459369
582 0.9031495816353234
583 0.030001237118777255
584 0.028849239624378697
585 2.675829377514059
586 0.2122809650353249
587 0.5987814389624257
588 0.2908396090060256
589 1.009493330084012
590 0.48136309560162877
591 0.11994199384597092
592 3.0227217838157685
593 0.4748345749573056
594 4.722152132561205
595 0.09642650481127917
596 0.30240047546662596
597 10.173998885578646
598 1.0766521065352717
599 2.152173366349222
600 1.8012307395446396
601 0.04773701991044926
602 4.375417267113421
603 0.6887259657197108
604 82.04755284753807
605 0.9130214334571116
606 2.1721294209642314
607 0.9803411694202291
608 0.1897358589754037
609 2.68220103530912
610 142.1765605284734
611 2.2663177599489197
612 2.8867094432768665
613 1.6984211135703575
614 0.8012236865893695
615 2.7015010568966287
616 1.795532193669812
617 0.41318485413039985
618 0.40107950323693675
619 16.205455653496323
620 0.9414182511298876
621 0.4927313985499773
622 4.730954823064078
623 0.29894320547018743
624 8.764405131407534
625 0.0017805602133939866
626 1.0936158362724904
627 13.893403844419241
628 1.4287402506880325
629 0.05225111006151451
630 0.2805488591875363
631 1.4980437304111123
632 62.99103949615197
633 4.40936064156101
634 0.8342028831447268
635 18.389405479200324
636 0.3287309413686873
637 1.6803078728454905
638 2.300092169513098
639 0.1239937306483343
640 3.603942000555314
641 0.16197338947567674
642 0.47281902762784045
643 1.4311779165785679
644 1.4445598442615344
645 0.5367682339490244
646 5.455380595628102
647 1.5477234614753463
648 0.9202028728704646
649 1.0918379213283256
650 0.22052790517328033
651 0.12384905223255972
652 0.13900886966303616
653 3.468231208791735
654 0.16986169411679958
655 0.7520876830059703
656 5.936122005370332
657 1.3279039999847637
658 1.0459265223815732
659 2.003998645668819
660 0.07989141975052444
661 0.4547028827774154
662 0.3898777277067709
663 1.0342256515597883
664 0.5309295287815043
665 0.6928698748921959
666 0.4455293968463718
667 0.2876184114524606
668 6.040408300606734
669 0.11388256864380948
670 2.5682084951303636
671 0.09534653716030358
672 1.7130136417902453
673 0.29109823812590946
674 0.6409122161089043
675 2.212282212861708
676 1.1515774808823493
677 0.3746779515930174
678 1.0321190294603388
679 0.2880181397421692
680 3.89306037983542
681 0.011362261732947477
682 0.9653149613450243
683 0.2921188195865079
684 6.60305618845331
685 8.603278614688119
686 0.11356569588290749
687 2.405187658390414
688 4.316019534829859
689 0.40531169022361596
690 0.39594870873197574
691 0.0607844482502772
692 10.920063588060469
693 7.694897688887286
694 1.0169143461623278
695 3.608464442116709
696 0.7455874673569373
697 1.0342534147385032
698 0.8374712347539642
699 2.1423034704269943
700 0.4708396136770792
701 0.08832796357007747
702 4.4156074033228645
703 0.2632015715846584
704 4.373871883752442
705 1.7351246861345544
706 0.000563849873568972
707 0.19461832833868625
708 0.9381156851696625
709 0.7508164095081981
710 3.1065111388295232
711 0.07601086473515899
712 0.3929127246308525
713 0.6695233037571908
714 1.825518390386248
715 0.6335019415219865
716 1.4709866696535154
717 0.08922596394758943
718 0.12589192294561008
719 0.1476006447098818
720 11.313230830867084
721 0.12096568594109001
722 0.31803871083776497
723 0.06336324289279571
724 0.5744643324749961
725 7.191879908068344
726 72.36407820216074
727 1.677259998109206
728 0.20431406166824276
729 4.358853627297469
730 2.9206923572494943
731 8.127584026868247
732 18.326379360954288
733 0.688150559516725
734 0.6401047832345242
735 0.017385103785360782
736 5.9659263537557985
737 0.2846162666470394
738 6.214602995542956
739 2.2618200154050703
740 0.33793958207858704
741 0.4947316947474878
742 1.3189571820979293
743 0.34703692164282646
744 0.13972275508682855
745 1.4952386933209236
746 0.18947923868226604
747 35.41926597695242
748 0.7702823358023267
749 18.32471473764818
750 0.5630626286578777
751 0.1840248290435462
752 4.221209676120992
753 1.2276960285537777
754 0.1859007209648944
755 0.9755162041820284
756 8.020092013009345
757 0.368686134494082
758 0.8591931148225206
759 1.4510287129340538
760 0.08790483884530811
761 0.40664653892305147
762 5.536504016663832
763 0.7221191353946095
764 46.807021984479206
765 0.11516592279313756
766 2.866004276843327
767 3.56275391988909
768 0.09908708700624203
769 2.7335588144668623
770 0.10790095807951251
771 0.4016464259734854
772 23.182877593376457
773 3.8388263734872425
774 0.1919500363593746
775 0.04041640391128976
776 0.37626598747315343
777 0.2878321754370776
778 25.421894192107306
779 0.7291012379690553
780 4.156298409621105
781 0.2837797587266383
782 4.673038266133187
783 2.3244250031876232
784 0.01601515346068897
785 0.05052051657966453
786 0.18553322003017614
787 1.5309555640235062
788 5.623482649410804
789 4.279188511343086
790 1.817912299662184
791 83.04697494793403
792 0.9400101576996754
793 0.6994449318086724
794 0.8594337378678844
795 10.668352660646942
796 0.2605623043828265
797 2.337936673579351
798 1.0601419536114116
799 0.04086691839216701
800 3.319276214268953
801 0.8009306540579808
802 42.36017767200996
803 16.940952399401148
804 0.21366910522065408
805 53.92773732116849
806 0.2243419920433613
807 0.5333000314333038
808 1.8556617050867685
809 0.6830472903942508
810 0.8147461658632551
811 2.2982627823056827
812 1.6679040556925249
813 0.7087681428071748
814 0.11458363087530889
815 0.5825762518455845
816 0.0470900281979884
817 1.0516929820887773
818 0.15444013733282003
819 1.188958365605242
820 0.45231827458047713
821 3.4804329295246217
822 2.2549522644177653
823 0.22242239907538505
824 0.4431346747719972
825 0.42830488482712864
826 18.793981445189647
827 0.13621068304168968
828 0.5889644586206801
829 0.7743747148632114
830 5.714554666785617
831 2.097934816662545
832 8.533608373346878
833 0.8795935688403397
834 0.6952069570729457
835 9.02948975839296
836 0.41105106103522665
837 4.810501585990501
838 6.262751274563536
839 0.5025164625760608
840 0.764642634389623
841 2.204345443686356
842 5.9623636944215335
843 254.0773398527996
844 0.36626955808062217
845 0.2838519703548435
846 0.44696603330092016
847 0.21360778661233026
848 0.3885610947008422
849 0.41178342907387827
850 0.04449795523286283
851 2.866312514179923
852 0.18994214167961695
853 3.7067725873450237
854 1.9058424210236715
855 3.0336340266359327
856 0.21917030787519312
857 1.0351506175891902
858 0.15910331726829344
859 0.1848436121768515
860 0.4318714066146641
861 6.326651979001773
862 0.7831329061677332
863 17.398637510145534
864 0.881406369627361
865 0.08149346758383434
866 3.796040137901257
867 0.2892933214966914
868 0.022320078719858916
869 0.8226142027801329
870 23.335200840979365
871 0.1361560027147354
872 0.45321707713990245
873 1.3178645811243137
874 1.299099430029326
875 0.10413399596298446
876 0.6072729297992052
877 1.7272337010783265
878 0.3938254053187856
879 0.560687823336368
880 3.8124140233506565
881 2.447338842203388
882 0.14259899340677604
883 0.76894886527477
884 1.3912000394874713
885 0.7787565685276451
886 2.6303224095519235
887 4.726418696123091
888 5.5011176513629705
889 3.8549639849646806
890 0.6511541772374769
891 0.441820316727948
892 3.879705929445702
893 0.03798105253691487
894 0.7052537182150265
895 1.337404973612249
896 0.6207393962563666
897 0.009987213617985666
898 0.8868925113477366
899 0.020018252812467767
900 3.671387340729989
901 1.0579144662506594
902 0.6215920214740414
903 0.35708477116226306
904 1.2392375829547506
905 0.6880997271471552
906 37.013576904907026
907 2.720214435011603
908 0.74377575568175
909 2.9311733728647984
910 0.7104669993639496
911 0.3332612007419849
912 1.443777064903025
913 0.025932748380814236
914 0.6119024593221098
915 0.11233278592315712
916 1.47701142724076
917 0.41035053719419423
918 6.3393730497469925
919 0.7192854480501604
920 0.3449934020479304
921 5.452700774688222
922 3.424159733161906
923 0.24850982271536415
924 1.8026610633099251
925 1.053363018150296
926 11.719029132374006
927 1.0309469086803382
928 0.17351349613421857
929 2.881647094757572
930 76.7827965930574
931 3.7536741485401506
932 0.38402690112709575
933 3.2903702910762145
934 1.3696138742685444
935 0.575031167689784
936 0.03163422607940226
937 3.7580693508275322
938 0.19619601626191363
939 0.08442151557726939
940 0.08729650941289478
941 0.03745965657291156
942 95.63655444052286
943 0.35059817475995914
944 0.6747563897837126
945 0.966650955036086
946 0.4394701351070122
947 2.2095213173088406
948 3.0009808803870133
949 1.1863649490874648
950 0.27540466063982777
951 10.74894551282768
952 7.164283380405421
953 1.0720211080415134
954 0.6923575503234064
955 20.31851088512434
956 2.697815766647006
957 0.6996072759456403
958 1.0652120910912253
959 0.8260056174441321
960 0.8968427561320667
961 0.27641247760538495
962 0.4940986192042407
963 3.9879702667979724
964 1.0965385824779095
965 0.4874755279128159
966 0.4800698879641639
967 0.3175478638443202
968 0.05749296960509789
969 18.946251678995235
970 5.47907193426118
971 1.9277127523060626
972 4.083915265508466
973 2.2064746887263387
974 0.2698642976691496
975 0.9610446682148738
976 0.5764601532973852
977 2.0574034103087624
978 2.954093118708831
979 6.750128889069698
980 1.1280487890188313
981 30.26201140418943
982 7.921004124848936
983 0.11421497798650915
984 0.250141011789801
985 0.19472854368260178
986 0.12049927711734378
987 0.007329136335803406
988 1.1481866058087602
989 0.03362520617229685
990 0.22894889045845873
991 0.2763669432633128
992 2.853026788328937
993 0.7275147478357374
994 0.26140300858088483
995 1.5073722184313365
996 0.07726537272046818
997 2.276285358274164
998 0.31996088708184467
999 0.23323988427724196
1000 5.122957989110051
