10 947 68 207 275 792 213 423 957 170 107
10 526 517 558 427 309 142 659 37 67 698
10 15 941 517 142 926 417 870 10 692 156
10 494 357 722 178 676 950 580 4 534 490
10 501 302 602 120 928 90 324 268 704 811
10 354 558 44 715 937 484 458 343 102 996
10 493 845 476 197 907 937 32 432 373 763
10 446 382 978 215 551 764 260 383 158 598
10 895 948 142 207 564 370 316 383 467 528
10 916 454 440 910 637 219 220 747 935 299
10 26 273 111 33 388 877 636 291 846 383
10 350 399 371 872 561 57 760 698 876 31
10 345 424 577 769 755 701 579 709 781 504
10 608 920 954 897 112 38 270 236 82 404
10 350 899 119 166 890 896 425 786 355 892
10 86 637 944 697 266 24 64 286 628 257
10 108 571 229 748 800 657 500 666 945 598
10 696 638 577 28 484 691 949 550 505 984
10 938 850 23 413 254 209 952 181 740 723
10 350 149 517 145 795 172 7 870 860 720
10 558 837 62 641 963 891 472 793 505 2
10 638 361 623 47 141 907 548 958 303 507
10 995 427 458 367 276 473 265 415 562 911
10 871 517 746 729 297 890 238 220 989 280
10 371 234 197 174 800 750 285 498 387 547
10 200 743 501 184 833 306 731 691 677 110
10 416 26 405 53 649 957 8 592 752 455
10 315 633 93 495 306 434 285 918 259 414
10 908 69 864 330 903 947 41 553 896 673
10 627 425 498 909 334 693 944 573 331 914
10 636 382 862 424 823 691 559 661 51 94
10 973 287 711 851 481 661 499 562 684 110
10 287 552 205 746 353 199 560 266 25 914
10 259 240 452 177 807 305 606 712 652 525
10 200 9 625 823 481 402 177 988 983 918
10 350 649 585 336 692 725 972 419 778 956
10 21 792 42 358 172 161 622 632 759 362
10 768 738 480 709 208 218 602 721 925 393
10 645 922 330 660 484 967 136 868 550 866
10 966 961 218 609 541 220 453 376 534 820
10 809 970 964 256 832 680 199 295 767 866
10 18 772 248 369 993 999 36 396 196 404
10 780 476 366 22 637 597 91 673 87 962
10 352 413 889 262 656 773 498 386 100 210
10 263 644 530 492 211 786 905 473 424 629
10 138 198 844 348 157 251 830 923 285 214
10 768 86 857 908 609 456 316 834 385 904
10 287 121 894 623 462 375 40 628 564 547
10 351 864 780 648 928 232 101 981 537 603
10 189 418 423 28 422 577 220 998 855 81
10 817 84 263 190 527 422 545 176 327 275
10 992 625 897 454 429 653 893 930 667 197
10 874 862 893 827 223 232 710 846 22 843
10 954 288 661 719 680 985 64 260 695 943
10 743 850 243 306 787 126 500 339 136 107
10 413 494 300 45 561 81 964 599 275 50
10 494 934 770 79 249 5 688 215 570 813
10 922 134 320 385 231 32 232 260 923 376
10 146 836 361 983 105 116 854 60 91 434
10 722 954 855 867 312 926 215 105 936 170
10 803 552 244 364 472 682 873 124 724 819
10 552 558 606 142 168 313 812 39 557 629
10 809 187 217 252 516 256 45 673 822 644
10 650 993 827 641 574 238 680 945 171 611
10 554 203 489 170 738 215 81 323 128 148
10 142 827 272 425 250 486 784 624 688 735
10 888 229 357 816 330 872 790 983 55 870
10 581 633 22 979 844 711 811 900 12 819
10 884 329 711 310 952 251 542 105 958 986
10 746 312 180 713 656 421 765 728 525 584
10 888 992 861 767 581 562 474 886 659 470
10 933 420 294 805 416 313 28 364 388 7
10 237 954 500 391 186 879 362 381 763 321
10 135 258 711 569 340 654 4 52 316 139
10 465 770 339 203 25 804 236 370 436 7
10 620 125 890 488 406 327 569 798 403 75
10 287 173 306 784 78 853 247 653 376 12
10 226 530 190 848 772 106 666 490 214 326
10 28 581 711 477 883 806 555 271 113 925
10 746 844 412 607 805 558 653 51 568 790
10 185 910 765 486 491 664 550 108 544 974
10 990 827 29 340 333 284 99 371 665 970
10 933 836 596 880 574 39 790 744 626 285
10 894 486 646 587 603 634 781 224 629 723
10 559 620 108 197 903 764 860 829 786 482
10 552 660 721 498 483 439 473 472 239 698
10 793 921 758 211 424 202 474 795 51 4
10 18 402 129 294 577 488 678 326 91 257
10 640 358 33 426 894 928 85 921 22 898
10 916 242 599 831 409 882 593 261 224 507
10 190 849 471 535 201 771 265 59 127 628
10 713 847 776 848 631 850 27 657 379 467
10 571 775 964 330 987 691 53 757 417 560
10 298 727 942 425 854 87 4 403 874 599
10 325 976 54 17 795 391 440 116 913 73
10 185 202 456 580 307 840 773 756 669 508
10 174 589 157 149 997 500 860 20 415 173
10 471 526 816 681 167 613 989 151 83 548
10 660 226 334 716 372 128 529 326 14 914
10 471 290 287 160 906 839 167 322 14 548
10 971 919 510 759 108 147 279 187 260 288
10 630 926 338 610 555 246 321 843 826 344
10 256 747 411 208 167 299 662 59 339 216
10 862 909 258 190 289 622 456 744 136 275
10 862 753 203 426 664 744 312 322 692 716
10 415 519 162 133 614 356 990 967 521 915
10 768 593 250 488 62 784 881 285 603 139
10 290 581 627 544 368 939 790 233 280 586
10 999 120 732 27 730 566 669 987 324 876
10 380 185 714 253 724 159 40 373 834 600
10 108 897 419 466 329 912 318 725 81 653
10 875 410 929 396 330 465 758 400 2 6
10 26 824 86 646 240 104 270 758 137 547
10 445 809 782 985 696 118 666 883 734 927
10 86 646 666 113 386 893 20 376 911 885
10 314 97 737 795 179 814 751 990 468 201
10 189 11 994 283 301 524 827 919 778 656
10 888 745 354 244 292 534 305 899 925 187
10 658 418 249 439 279 904 347 220 704 550
10 933 519 766 932 899 129 951 610 425 137
10 919 181 18 279 96 718 839 532 513 677
10 382 730 314 524 500 327 490 984 683 547
10 185 607 5 856 324 895 117 537 626 431
10 577 809 953 464 79 646 193 843 257 173
10 84 475 662 694 320 946 799 385 188 182
10 531 185 9 854 276 991 837 499 878 828
10 163 56 522 844 893 747 680 693 557 52
10 325 764 338 863 377 94 268 599 355 632
10 582 807 845 577 822 711 551 318 13 284
10 43 638 709 694 862 774 241 518 100 379
10 317 975 753 998 353 707 461 313 661 900
10 768 964 837 292 882 631 756 531 285 523
10 901 273 621 548 569 45 714 429 877 171
10 474 46 809 577 426 323 91 999 866 572
10 264 561 530 101 410 943 967 114 769 196
10 142 47 827 466 186 243 730 303 482 490
10 749 587 797 456 895 430 158 887 479 878
10 494 325 61 871 950 664 249 822 164 321
10 67 859 961 944 169 30 634 945 384 955
10 476 335 147 227 329 235 23 953 818 303
10 931 576 794 607 190 466 465 482 562 628
10 772 733 650 646 202 268 948 27 616 214
10 785 859 856 747 333 367 966 381 719 434
10 45 354 97 972 857 378 604 663 644 81
10 340 149 992 993 539 724 936 470 80 578
10 418 624 198 177 652 291 692 87 819 699
10 694 203 951 219 256 586 60 4 758 968
10 88 227 301 553 417 22 308 511 95 611
10 114 180 208 815 472 490 953 417 280 528
10 729 941 559 837 267 903 853 704 326 989
10 413 640 476 851 237 631 122 399 250 504
10 234 134 442 676 712 509 999 718 220 819
10 243 595 209 889 37 545 266 286 661 64
10 696 732 133 343 360 597 686 602 866 590
10 237 354 940 331 488 644 868 407 196 974
10 530 192 463 991 339 268 712 634 379 865
10 660 243 780 860 777 464 524 128 45 430
10 350 444 222 522 74 627 624 61 837 866
10 325 979 995 242 901 762 868 205 50 296
10 446 185 971 75 397 299 852 608 251 670
10 722 624 289 399 741 972 461 842 152 507
10 121 697 741 728 814 80 820 557 592 651
10 742 241 817 465 164 596 391 946 469 615
10 366 138 429 707 830 866 879 141 233 374
10 649 669 50 70 774 837 903 865 284 536
10 515 146 906 791 231 711 704 481 38 342
10 352 382 266 122 792 433 987 177 428 844
10 427 8 97 120 631 112 780 881 647 265
10 125 803 888 809 692 100 161 520 790 393
10 768 630 351 452 736 225 934 841 608 566
10 350 916 457 101 990 609 265 838 969 695
10 983 475 68 944 736 363 541 344 513 812
10 227 357 833 729 981 220 865 619 439 23
10 200 244 982 325 310 327 932 366 728 677
10 244 163 211 856 117 27 826 734 902 373
10 530 177 643 460 397 976 94 128 456 355
10 345 903 826 463 898 982 506 988 432 344
10 207 192 934 180 805 596 808 988 100 387
10 62 194 530 120 887 173 90 881 511 107
10 11 333 178 609 771 939 116 588 392 265
10 121 190 464 338 769 1 872 285 400 880
10 35 484 607 432 430 999 462 853 398 422
10 599 726 836 69 47 592 42 662 657 64
10 836 776 861 682 169 39 260 162 950 231
10 195 246 867 671 370 624 64 4 456 879
10 953 298 391 334 739 27 423 600 946 271
10 350 553 473 78 89 790 783 162 37 214
10 736 463 121 713 830 886 689 695 387 866
10 823 4 409 466 465 957 824 139 191 341
10 253 457 623 245 851 489 588 239 672 404
10 444 621 703 324 639 701 725 214 969 832
10 141 421 81 135 564 664 172 800 679 10
10 702 189 949 780 972 149 333 249 156 304
10 337 831 439 544 686 277 199 691 958 12
10 608 361 343 609 307 56 428 500 155 963
10 715 770 941 910 868 680 469 318 52 383
10 748 815 387 584 512 229 655 362 799 683
10 932 99 140 736 441 315 183 522 925 493
10 427 637 84 327 237 567 630 232 880 777
10 886 310 896 35 103 686 685 257 720 449
10 642 690 715 736 201 288 669 570 324 132
10 68 592 848 391 481 673 707 889 915 677
10 273 155 762 676 601 232 328 504 733 617
10 11 571 519 262 794 255 587 758 447 788
10 486 897 202 239 997 937 835 950 8 318
10 582 971 473 235 901 814 72 54 777 155
10 16 452 255 406 858 679 775 835 965 148
10 237 848 729 516 636 540 490 795 634 20
10 119 940 392 702 584 155 376 415 151 355
10 861 608 28 859 797 638 700 328 373 927
10 668 645 500 797 159 144 260 611 64 376
10 97 47 813 210 976 795 25 629 555 628
10 642 409 937 417 22 460 530 833 599 782
10 971 380 857 402 222 161 61 726 77 64
10 290 517 347 538 242 529 672 810 490 628
10 358 831 112 957 667 249 497 719 127 989
10 340 558 184 583 877 901 164 587 683 914
10 282 903 219 931 428 614 284 232 239 892
10 155 560 633 135 516 57 281 123 284 36
10 863 872 192 808 731 212 700 712 740 48
10 380 464 995 676 936 942 609 515 13 280
10 125 888 620 901 985 320 982 667 835 110
10 646 896 952 755 977 661 730 925 100 29
10 494 907 491 208 783 175 132 719 819 821
10 444 649 24 639 202 106 71 32 904 913
10 41 944 715 636 538 14 690 504 346 383
10 43 131 816 573 54 79 701 976 786 94
10 781 56 600 410 679 432 641 904 870 955
10 973 131 641 118 367 101 57 194 214 790
10 44 722 975 978 951 287 10 436 575 313
10 854 929 106 743 452 681 327 356 739 754
10 312 993 207 726 191 432 400 926 90 889
10 558 300 283 571 726 212 276 317 367 384
10 458 743 840 349 61 744 496 284 740 755
10 15 857 252 428 691 114 17 739 296 34
10 803 957 952 255 797 709 97 951 213 930
10 297 577 983 92 976 401 7 8 322 404
10 681 338 313 765 524 365 265 303 812 107
10 836 924 772 894 873 844 341 887 686 109
10 661 484 775 465 90 331 265 34 945 981
10 991 367 476 742 162 135 241 440 775 511
10 230 177 475 917 428 433 403 73 913 295
10 941 365 887 282 860 104 427 473 37 284
10 803 859 863 997 397 327 738 823 461 455
10 159 932 970 744 276 436 800 268 224 497
10 916 975 480 858 627 826 237 378 870 984
10 230 225 661 960 733 356 945 309 431 821
10 877 302 262 512 41 567 767 371 304 404
10 348 439 84 177 490 898 365 777 687 188
10 593 234 154 243 661 926 580 255 666 586
10 193 664 237 19 949 755 39 148 569 876
10 297 776 337 223 103 32 27 299 618 296
10 88 366 608 441 339 779 891 984 514 735
10 527 42 16 27 666 299 388 168 396 269
10 7 581 246 626 690 659 228 435 574 381
10 805 33 648 562 583 717 112 102 986 575
10 817 433 726 512 390 650 231 410 67 733
10 675 494 93 657 292 115 98 24 396 818
10 717 212 633 465 950 178 991 758 869 257
10 726 441 42 202 649 830 850 989 59 659
10 264 345 852 535 149 410 666 334 837 100
10 416 44 646 931 25 170 520 874 892 523
10 350 495 43 319 289 56 399 879 599 171
10 174 554 540 86 797 587 335 100 373 6
10 445 807 579 864 506 597 930 230 386 547
10 614 574 922 327 678 609 539 672 36 482
10 125 5 218 985 655 219 80 842 467 497
10 72 858 236 214 587 237 331 563 657 181
10 189 920 159 225 240 76 587 312 250 152
10 193 753 759 608 802 826 615 51 277 566
10 125 684 861 642 954 702 25 321 187 542
10 665 68 827 873 678 499 28 618 943 725
10 888 709 583 322 19 499 942 295 892 880
10 476 16 45 97 405 340 478 870 381 719
10 252 133 835 549 806 665 478 48 30 564
10 973 540 194 209 861 580 716 30 94 6
10 694 739 899 608 609 874 571 900 804 801
10 146 166 745 301 308 925 930 406 611 384
10 444 26 154 557 986 456 38 541 723 528
10 335 584 587 328 648 38 685 319 496 835
10 262 867 215 253 441 112 977 136 628 389
10 558 924 186 732 566 532 680 13 913 431
10 445 185 310 112 302 236 488 303 520 695
10 125 743 61 841 97 741 319 260 286 588
10 847 701 769 659 596 672 569 728 95 632
10 15 88 667 180 130 387 343 278 690 683
10 920 727 49 85 667 539 516 615 878 261
10 221 290 358 771 772 775 293 80 972 878
10 639 858 721 314 19 466 172 990 537 763
10 18 788 371 361 516 40 721 580 618 245
10 413 198 305 831 172 738 475 120 279 34
10 457 156 947 228 509 223 370 951 157 699
10 411 519 714 248 873 503 853 505 127 82
10 785 263 336 700 943 744 830 680 989 107
10 552 185 795 491 687 171 51 828 578 82
10 183 390 180 910 736 823 961 806 348 687
10 177 827 142 589 276 103 289 830 518 269
10 491 941 944 809 243 170 884 883 669 828
10 941 639 410 711 78 811 710 927 865 64
10 524 268 245 51 629 288 584 161 164 324
10 356 498 565 205 850 737 68 186 956 296
10 627 580 917 212 606 331 309 7 542 173
10 924 219 898 749 58 949 237 407 518 293
10 948 3 364 18 955 211 520 879 925 733
10 382 939 225 936 765 989 344 384 548 918
10 218 896 721 845 759 424 632 752 829 546
10 382 770 56 979 667 155 999 921 818 892
10 119 361 484 503 898 359 772 96 393 482
10 354 640 117 816 673 726 697 540 758 32
10 625 519 356 422 712 201 117 29 413 60
10 847 797 71 545 28 336 115 700 4 355
10 149 236 395 696 985 798 105 53 148 757
10 940 131 410 397 851 183 726 164 925 683
10 195 501 614 556 366 447 209 23 87 210
10 18 197 211 72 370 1000 95 657 663 132
10 772 881 804 988 235 787 236 363 518 548
10 125 584 133 379 893 940 430 610 148 813
10 88 446 753 711 898 948 864 172 455 503
10 494 992 367 538 953 105 248 784 652 389
10 559 9 87 93 218 937 369 787 752 286
10 906 920 911 323 513 341 659 482 655 647
10 856 817 822 28 335 78 815 961 547 82
10 979 317 802 849 886 56 843 288 752 295
10 718 106 493 874 998 594 927 400 799 628
10 552 816 585 155 561 899 793 150 977 598
10 565 627 194 774 852 560 294 117 459 296
10 994 131 306 595 756 596 579 330 919 128
10 21 493 74 301 163 966 245 955 835 450
10 264 712 645 320 641 137 603 435 384 2
10 333 33 862 155 250 13 144 874 557 754
10 200 489 492 515 327 106 369 583 126 383
10 837 792 987 253 964 661 793 268 456 598
10 924 993 901 711 249 433 356 700 81 487
10 959 993 807 349 741 516 162 284 169 389
10 351 676 390 287 951 748 150 755 37 981
10 16 924 671 441 516 773 877 199 921 417
10 494 727 994 218 566 320 800 126 572 892
10 519 91 387 297 336 100 218 341 109 634
10 230 287 850 240 108 166 31 700 462 468
10 351 770 327 456 369 488 760 945 574 346
10 772 627 861 61 759 488 102 525 536 617
10 946 941 851 725 235 616 813 470 288 670
10 973 105 37 568 314 461 462 964 204 835
10 314 888 340 70 184 980 353 219 843 233
10 88 728 987 20 647 685 168 128 603 318
10 776 864 44 413 714 705 306 329 687 157
10 494 702 362 926 285 356 324 672 521 885
10 380 437 875 190 213 626 370 644 555 38
10 442 74 686 253 971 780 899 490 889 984
10 86 538 793 265 551 873 510 534 870 885
10 476 166 34 443 330 8 653 503 964 216
10 452 354 708 698 252 120 342 644 615 733
10 896 394 766 590 891 604 408 968 473 687
10 477 270 708 884 488 245 410 136 14 598
10 423 708 415 157 466 451 51 972 408 685
10 569 35 65 54 268 435 20 10 763 723
10 640 504 463 122 739 756 239 690 870 434
10 796 463 364 1 545 91 903 87 568 468
10 938 796 580 266 616 349 716 594 271 528
10 938 193 581 874 506 324 243 531 936 323
10 824 785 524 848 81 863 586 267 969 911
10 582 111 684 975 154 314 103 186 669 586
10 517 444 828 53 422 278 275 313 39 889
10 44 993 903 489 601 883 77 699 628 110
10 143 443 972 715 181 313 684 541 260 214
10 980 86 762 72 77 613 542 136 514 907
10 221 576 901 843 359 458 223 490 401 171
10 410 752 334 624 506 365 795 937 2 546
10 416 731 926 721 673 144 48 819 575 905
10 552 416 209 129 532 401 412 741 196 588
10 587 951 123 583 53 917 209 949 981 974
10 131 717 640 168 148 615 417 863 876 567
10 897 750 527 86 47 998 755 704 902 528
10 803 552 209 312 587 242 307 408 162 893
10 200 125 801 447 105 478 340 757 175 754
10 240 106 702 63 64 991 838 688 925 885
10 334 558 252 367 708 309 951 724 371 892
10 803 120 62 897 633 182 79 132 175 450
10 605 207 666 583 82 239 36 635 522 14
10 352 184 732 645 484 648 874 829 20 58
10 959 744 859 358 713 886 190 7 167 434
10 370 190 319 251 307 249 289 433 81 408
10 192 349 638 199 565 462 31 55 844 245
10 992 936 577 184 262 796 970 872 38 763
10 749 565 671 722 893 929 688 945 904 974
10 489 917 743 522 423 814 138 496 846 12
10 582 433 345 1000 659 64 339 663 100 626
10 744 535 143 85 178 37 503 96 439 876
10 814 197 394 982 510 164 102 58 869 651
10 543 244 789 525 703 675 1 688 51 783
10 66 192 72 111 416 275 260 757 881 98
10 803 446 639 402 887 771 8 996 342 956
10 72 99 402 899 359 588 904 653 958 158
10 444 282 28 294 474 334 391 952 218 820
10 445 805 504 612 141 815 935 719 455 431
10 26 104 361 258 914 68 421 829 326 563
10 152 458 850 465 741 340 917 260 254 628
10 863 146 43 174 766 701 325 239 710 665
10 993 177 850 141 804 248 763 82 76 546
10 582 901 367 861 357 356 176 872 962 286
10 715 245 818 503 128 923 408 318 876 52
10 924 585 559 640 506 291 226 698 503 733
10 320 863 727 467 265 159 307 191 48 280
10 351 890 234 802 968 391 784 101 505 450
10 457 108 983 924 408 569 534 600 913 685
10 646 762 65 944 219 473 826 982 968 261
10 746 947 353 206 532 123 679 529 95 548
10 724 388 486 274 209 385 879 36 819 541
10 571 867 313 981 242 650 744 691 450 76
10 806 380 292 89 524 490 879 700 29 599
10 119 479 425 561 584 553 939 157 740 996
10 544 264 306 675 903 906 250 750 927 456
10 41 660 347 24 331 203 953 434 197 610
10 927 482 144 388 214 2 204 612 885 546
10 84 131 252 847 648 478 914 268 48 881
10 862 305 591 422 109 74 949 215 229 761
10 33 208 831 597 471 697 407 610 752 497
10 314 452 420 181 838 105 919 81 37 107
10 554 649 802 886 537 506 226 54 550 610
10 446 409 762 729 196 882 799 962 379 913
10 84 867 205 117 442 745 686 551 508 456
10 357 586 339 988 972 905 384 617 962 699
10 675 867 395 628 909 199 945 197 281 720
10 519 766 858 406 488 990 925 379 95 261
10 380 305 232 527 217 694 815 224 473 360
10 512 361 592 949 661 999 856 692 586 829
10 290 856 348 535 491 309 95 387 271 431
10 629 215 842 830 843 17 430 562 812 254
10 458 579 840 792 972 512 527 627 684 169
10 954 53 372 921 466 362 750 281 963 428
10 382 272 655 226 474 669 953 156 54 647
10 817 448 576 952 130 336 138 150 385 829
10 46 636 728 773 115 101 311 127 321 326
10 640 838 998 37 624 266 525 415 835 470
10 871 190 630 50 608 246 83 214 245 695
10 990 210 457 305 376 286 378 613 470 695
10 258 841 201 226 409 801 662 846 550 735
10 922 705 780 580 190 590 100 296 326 821
10 84 559 630 368 451 870 868 257 594 453
10 283 56 463 509 410 385 388 601 266 98
10 131 305 106 251 549 288 27 935 83 132
10 746 357 871 632 587 334 199 659 233 669
10 35 793 705 711 698 250 459 921 608 889
10 492 464 506 702 827 687 117 461 985 384
10 576 129 488 980 594 485 905 811 281 82
10 189 200 264 595 919 553 737 220 615 67
10 843 928 448 491 879 603 428 568 989 376
10 649 18 435 761 341 63 874 950 760 277
10 770 987 957 251 793 570 784 48 739 905
10 457 951 512 560 502 412 183 537 747 866
10 84 992 244 657 664 828 631 986 683 892
10 332 658 24 498 762 162 521 226 700 855
10 517 116 349 696 827 422 226 29 496 453
10 849 195 327 311 941 570 926 80 52 855
10 973 249 84 767 147 245 744 616 151 487
10 836 591 730 844 731 162 231 839 913 723
10 509 903 119 388 255 385 883 257 674 259
10 622 995 222 68 975 493 526 811 257 981
10 297 922 73 208 622 884 420 56 869 504
10 310 585 203 40 527 428 78 728 82 611
10 776 458 46 646 121 643 560 341 550 355
10 200 851 222 510 627 16 987 254 20 611
10 302 732 808 862 472 213 299 59 523 594
10 146 722 920 796 839 967 421 235 998 67
10 816 597 707 329 556 978 415 800 151 497
10 230 856 993 206 278 998 515 806 534 955
10 111 526 785 645 137 294 932 758 590 257
10 198 61 574 499 820 614 806 505 73 94
10 445 15 207 649 113 333 720 408 151 821
10 667 225 438 392 500 105 870 30 182 82
10 352 697 459 327 461 281 891 556 113 77
10 803 743 289 215 27 914 118 13 268 381
10 349 362 797 324 991 215 339 986 92 497
10 131 143 809 671 657 627 715 690 889 510
10 743 888 657 785 292 747 37 188 7 974
10 535 345 875 636 733 117 90 968 32 666
10 638 245 143 530 900 17 3 956 548 974
10 864 622 330 334 492 164 515 296 128 628
10 432 949 163 638 673 274 863 456 905 281
10 290 463 952 977 279 587 562 248 634 503
10 768 480 227 516 305 691 964 2 98 669
10 836 771 845 299 513 700 853 744 318 346
10 766 111 272 841 676 254 336 838 90 716
10 350 959 108 65 500 508 150 830 503 401
10 230 633 844 799 790 2 579 285 214 706
10 577 443 951 838 372 101 475 605 734 384
10 646 530 856 817 828 484 775 112 688 77
10 582 411 802 901 661 208 229 479 76 346
10 825 399 807 307 613 41 68 692 679 102
10 142 454 537 150 238 935 145 611 759 107
10 334 581 468 645 540 58 600 557 672 763
10 620 320 875 186 416 68 75 525 362 918
10 418 15 119 776 729 181 4 224 295 497
10 262 898 236 702 105 169 466 275 518 322
10 899 573 591 250 402 295 411 915 677 216
10 35 46 481 880 785 211 24 771 267 383
10 21 971 113 123 61 679 179 55 843 672
10 143 177 197 50 868 725 822 637 987 456
10 433 942 863 486 150 571 377 220 80 740
10 789 200 875 314 639 1 493 514 976 187
10 437 395 305 338 690 698 876 381 472 911
10 200 905 895 953 931 774 793 472 139 528
10 345 957 983 604 119 502 774 666 532 685
10 189 366 272 244 851 395 668 586 590 284
10 816 581 33 971 525 266 461 210 935 586
10 195 416 924 194 474 941 120 556 738 431
10 920 635 713 19 837 586 249 761 703 744
10 992 195 994 154 65 592 681 454 455 914
10 996 299 981 338 635 837 34 78 417 82
10 742 1000 532 247 970 508 726 469 617 767
10 194 486 847 218 736 873 95 316 168 12
10 532 217 898 607 650 408 939 980 203 346
10 576 106 53 250 371 294 997 572 578 691
10 194 77 756 945 769 610 760 136 629 974
10 88 229 967 429 374 403 958 688 842 91
10 200 771 292 323 921 564 24 839 468 139
10 445 134 571 292 439 896 737 919 197 245
10 43 357 766 939 30 741 716 653 733 719
10 595 225 837 317 343 36 296 734 904 663
10 620 184 329 818 717 94 655 113 820 574
10 875 35 831 312 55 25 280 224 468 826
10 432 792 358 618 482 714 553 215 440 927
10 825 517 852 998 849 631 181 605 224 98
10 894 11 307 715 775 705 168 478 969 14
10 325 684 837 873 580 715 258 205 542 989
10 475 951 211 781 775 97 796 168 162 304
10 129 413 845 648 206 479 509 563 435 408
10 728 133 280 908 299 592 201 752 683 617
10 971 315 483 5 249 474 784 943 434 285
10 236 302 217 229 633 305 718 443 579 667
10 119 890 940 289 785 236 691 140 115 266
10 849 937 786 518 715 588 777 113 434 269
10 675 42 430 99 735 343 62 957 738 865
10 933 447 317 506 309 150 678 168 173 374
10 888 160 163 777 602 982 82 522 434 14
10 803 574 99 862 212 145 505 58 747 918
10 200 809 561 266 106 526 506 852 396 63
10 850 185 55 531 735 759 49 344 842 547
10 871 11 535 184 890 194 113 691 479 568
10 15 571 330 854 830 815 469 257 514 387
10 652 85 411 908 145 331 878 860 677 296
10 335 871 879 348 724 980 533 902 31 117
10 934 416 715 197 747 488 811 316 734 819
10 970 753 646 808 199 120 679 329 414 546
10 997 614 221 652 897 854 116 691 564 733
10 88 920 564 644 240 650 680 139 145 107
10 382 992 492 714 356 407 95 637 83 269
10 88 517 349 463 737 105 508 479 31 723
10 922 106 950 509 140 893 644 721 958 136
10 481 129 872 475 664 45 32 965 511 574
10 768 852 166 15 561 538 247 54 435 813
10 111 5 71 983 239 267 685 968 94 374
10 15 89 785 388 926 372 275 278 610 322
10 851 135 565 314 901 45 366 432 384 470
10 558 642 882 154 29 708 669 91 313 34
10 291 300 609 435 235 367 645 18 144 690
10 357 40 441 422 27 798 789 829 672 257
10 591 193 413 825 499 181 969 943 38 8
10 620 949 142 926 678 196 778 548 173 723
10 189 368 135 705 282 174 583 744 976 116
10 840 66 177 982 324 662 986 687 13 663
10 722 595 625 901 460 349 928 999 771 913
10 684 143 841 410 315 488 34 468 363 497
10 938 209 159 775 538 604 967 167 767 344
10 146 351 368 707 531 645 70 555 402 92
10 445 484 798 211 499 37 653 619 695 598
10 739 688 785 782 460 429 20 812 572 672
10 836 21 488 174 565 447 53 767 341 313
10 494 607 804 939 41 516 10 156 968 523
10 445 197 828 121 254 604 744 984 83 720
10 642 292 650 385 397 961 673 636 136 659
10 234 70 46 524 751 961 220 778 826 76
10 924 395 408 163 848 206 397 522 376 651
10 752 840 625 375 399 587 206 529 372 344
10 480 554 55 319 755 784 608 126 751 280
10 438 358 119 509 90 250 148 653 914 611
10 822 357 608 774 78 362 680 456 77 878
10 476 114 112 68 279 575 318 672 923 659
10 836 358 489 702 949 229 848 769 873 968
10 363 302 713 119 638 93 556 882 699 598
10 396 666 292 342 506 39 163 820 77 723
10 5 701 306 538 775 74 516 806 691 829
10 736 192 909 426 477 19 562 962 833 37
10 357 275 438 17 466 392 874 881 309 662
10 859 642 199 337 80 440 852 750 525 985
10 452 10 129 515 356 683 730 589 556 687
10 979 980 114 650 386 336 499 868 346 296
10 255 737 850 711 249 814 984 659 751 505
10 336 937 591 940 644 999 965 687 468 720
10 836 856 50 312 605 23 7 387 109 455
10 459 289 337 50 678 498 451 403 370 528
10 595 620 314 825 899 78 584 704 820 757
10 200 349 959 298 133 580 229 724 171 490
10 654 883 657 560 270 570 537 672 374 148
10 971 66 325 549 479 780 31 274 869 812
10 413 774 119 827 299 925 316 239 296 259
10 746 982 916 722 800 588 698 313 245 470
10 919 899 997 745 172 668 663 828 915 843
10 785 921 896 919 130 804 719 32 511 547
10 380 207 372 378 693 703 919 243 698 431
10 310 1 146 133 700 619 459 870 911 685
10 340 353 421 294 943 534 158 984 171 404
10 836 134 89 65 75 982 414 373 175 296
10 111 624 986 417 470 152 208 477 326 969
10 359 570 19 520 610 614 689 683 962 594
10 300 905 671 390 764 70 53 855 299 168
10 959 174 74 460 921 398 730 332 779 285
10 824 124 831 473 931 90 55 294 137 372
10 333 339 688 472 985 376 260 963 550 304
10 749 591 796 129 833 41 619 490 13 615
10 642 72 166 88 324 343 750 170 137 629
10 908 174 155 381 808 789 747 974 132 6
10 926 679 987 254 362 635 472 407 697 38
10 558 338 94 369 340 36 819 690 677 231
10 768 945 334 850 853 194 83 308 496 891
10 270 888 741 440 49 254 187 10 472 355
10 702 682 809 577 109 953 741 101 284 158
10 368 253 738 657 937 228 913 249 188 77
10 859 643 321 348 221 381 828 266 925 547
10 713 559 327 422 228 72 718 870 974 601
10 106 909 924 226 327 228 309 728 878 374
10 193 871 15 368 952 329 856 315 2 276
10 564 807 785 653 515 218 668 950 450 204
10 658 46 399 358 207 731 822 326 316 674
10 44 457 13 901 820 927 90 783 687 153
10 111 743 241 508 715 988 688 709 814 132
10 244 576 899 183 930 60 682 739 500 586
10 438 585 924 715 74 679 53 806 655 315
10 946 880 491 315 155 842 801 171 280 610
10 641 898 330 614 941 336 430 218 653 96
10 464 196 61 731 854 946 844 344 562 2
10 479 226 499 149 423 510 434 263 876 374
10 44 847 577 33 870 591 648 758 733 720
10 858 577 208 583 70 480 818 628 706 431
10 857 576 646 571 987 307 293 241 423 664
10 847 134 665 72 509 400 365 798 548 546
10 809 457 907 357 289 876 3 752 504 536
10 959 509 283 851 64 401 830 876 790 73
10 917 474 715 682 516 942 834 568 48 216
10 862 817 627 117 364 633 866 191 468 835
10 382 675 41 79 816 343 893 977 128 161
10 268 694 606 29 580 386 500 857 2 734
10 88 586 337 191 423 540 780 4 474 667
10 273 744 159 229 566 69 579 73 223 246
10 44 607 63 74 170 697 525 224 293 958
10 335 26 255 597 948 276 106 806 520 812
10 163 5 266 495 907 574 996 943 902 754
10 125 234 926 516 530 711 327 387 59 469
10 89 646 463 359 587 840 826 8 196 507
10 125 988 545 30 115 756 828 500 152 839
10 327 836 21 526 243 998 929 943 879 629
10 595 519 785 987 998 274 412 57 550 344
10 133 211 431 744 551 464 950 786 680 453
10 582 532 491 298 897 206 10 818 963 996
10 633 642 694 816 802 527 559 909 168 505
10 737 382 680 332 681 607 19 356 551 578
10 133 142 143 474 649 353 52 303 383 269
10 30 581 660 867 817 602 340 929 51 570
10 300 623 273 939 495 655 212 365 515 276
10 146 840 145 197 61 379 458 972 171 216
10 448 379 351 894 87 896 394 92 596 453
10 86 627 769 500 715 130 367 588 686 57
10 858 483 121 364 802 652 356 408 614 87
10 9 897 488 161 741 900 338 684 204 453
10 426 584 548 37 826 80 662 687 109 734
10 345 621 553 745 54 104 882 464 376 578
10 427 484 62 561 63 750 401 628 902 98
10 240 681 192 280 668 225 147 324 175 107
10 464 93 495 979 967 19 313 165 740 548
10 973 722 479 199 489 781 289 966 453 151
10 770 195 964 748 710 157 370 182 962 507
10 93 406 837 540 340 604 408 844 98 284
10 543 24 39 120 307 465 370 937 179 156
10 701 50 671 56 336 199 53 764 152 191
10 125 130 722 46 506 895 253 331 288 651
10 189 60 970 302 309 322 751 659 73 453
10 345 796 963 603 930 579 695 412 629 996
10 642 807 607 20 94 394 56 398 127 151
10 300 552 69 702 990 92 756 109 6 719
10 448 479 787 865 475 365 838 248 76 956
10 494 423 899 426 604 942 838 881 601 813
10 620 427 279 398 167 782 929 593 989 14
10 934 515 111 386 142 755 927 844 246 692
10 314 319 417 545 518 929 636 257 521 885
10 365 354 262 390 808 773 510 281 820 818
10 841 43 577 103 857 588 132 921 275 73
10 888 5 693 69 420 462 384 737 221 83
10 796 348 20 87 376 378 586 593 363 387
10 11 545 785 68 217 424 314 635 259 892
10 715 660 919 926 525 544 516 178 533 296
10 426 230 142 862 538 373 778 674 958 107
10 474 926 75 645 569 45 946 216 94 546
10 944 638 805 162 906 440 231 245 548 511
10 354 845 62 577 135 499 225 965 730 339
10 473 226 579 886 1 526 856 335 87 723
10 938 26 480 808 304 317 946 755 568 989
10 93 418 215 266 900 95 859 834 634 925
10 933 382 149 484 429 775 874 881 246 598
10 642 782 994 140 307 371 349 37 555 721
10 354 791 577 848 328 568 500 612 468 536
10 192 864 827 47 328 274 285 48 472 557
10 577 74 742 242 623 877 504 514 885 670
10 338 319 286 263 800 196 496 750 304 677
10 485 315 770 62 965 652 564 686 318 83
10 446 798 843 573 580 126 826 156 600 77
10 705 84 438 898 93 691 596 761 950 686
10 444 552 476 240 947 237 502 852 810 285
10 640 85 193 55 410 725 503 224 989 918
10 93 573 395 305 828 665 179 763 617 387
10 424 895 775 179 20 828 40 907 472 171
10 968 743 423 675 630 686 976 842 295 956
10 28 349 894 115 254 364 531 981 451 855
10 131 582 84 68 19 212 997 698 806 754
10 796 66 827 60 460 78 657 692 629 127
10 242 218 364 554 328 108 385 160 611 152
10 241 357 46 131 103 50 1000 388 141 436
10 72 503 481 590 513 963 158 38 599 67
10 642 776 253 648 145 571 859 3 49 328
10 225 928 16 28 217 824 659 666 843 989
10 893 18 688 960 581 915 421 407 342 612
10 300 215 717 666 680 25 662 150 534 6
10 445 749 345 18 317 397 339 944 788 683
10 884 675 684 887 72 512 122 608 40 900
10 640 319 607 535 119 624 492 599 363 700
10 140 438 928 741 890 906 578 372 801 115
10 444 803 954 21 9 540 406 48 529 603
10 282 114 805 947 597 419 889 100 28 904
10 193 519 738 441 39 844 739 87 182 689
10 300 711 74 117 400 866 508 63 304 885
10 189 130 928 297 727 341 213 516 652 6
10 238 172 966 782 667 801 837 169 30 156
10 986 154 289 928 571 8 570 562 31 740
10 337 621 748 301 858 512 498 925 13 523
10 770 877 454 225 672 880 274 169 599 918
10 800 559 113 978 168 406 156 243 935 204
10 928 297 333 745 116 692 752 832 686 835
10 444 606 453 201 239 932 122 731 373 828
10 888 769 474 333 981 505 716 162 541 902
10 703 422 335 227 201 412 419 592 153 6
10 402 780 106 232 884 301 408 311 436 829
10 871 577 877 124 638 465 428 257 505 96
10 875 569 349 394 927 410 899 29 360 110
10 208 471 554 840 947 872 934 279 767 885
10 916 573 977 282 474 212 209 181 664 507
10 776 402 471 608 672 907 709 224 892 139
10 93 149 506 822 672 529 784 183 214 469
10 571 447 245 833 439 177 653 544 132 110
10 185 558 29 553 614 224 912 534 2 191
10 875 766 99 886 267 263 946 524 989 892
10 200 180 654 122 50 425 521 55 173 956
10 836 351 106 910 730 30 417 281 601 720
10 452 558 21 396 545 29 789 430 716 323
10 452 484 203 237 815 232 191 617 812 547
10 397 823 62 867 587 27 403 491 791 151
10 933 11 585 941 205 783 145 492 664 403
10 234 896 542 568 254 634 168 855 866 261
10 273 458 568 450 506 217 710 220 139 269
10 297 568 971 786 545 141 51 227 73 855
10 931 222 907 307 184 733 417 14 945 127
10 44 287 292 68 865 47 903 408 584 547
10 442 60 778 74 760 693 508 735 537 173
10 577 457 722 171 605 656 563 430 632 986
10 484 221 727 862 970 571 592 285 277 214
10 916 203 798 975 850 112 843 450 269 839
10 290 111 772 397 669 45 597 81 304 77
10 624 484 89 465 3 645 415 522 196 453
10 41 193 658 952 399 504 936 160 740 601
10 350 334 849 576 512 529 850 180 148 373
10 803 606 750 580 287 963 842 187 346 191
10 297 155 460 613 822 590 109 92 98 136
10 189 982 394 815 170 905 285 842 98 468
10 411 121 409 345 949 370 402 880 601 322
10 300 890 701 222 624 787 138 167 514 611
10 193 724 928 174 276 644 280 996 699 720
10 190 805 427 653 54 638 999 839 687 674
10 357 299 36 411 943 53 63 201 820 210
10 722 759 93 917 802 560 280 13 304 259
10 345 459 743 519 968 698 201 315 278 318
10 576 526 85 929 377 392 562 503 95 128
10 11 973 134 976 252 220 409 784 962 393
10 933 420 283 887 908 527 371 83 38 923
10 273 314 85 896 853 478 795 360 710 151
10 745 533 95 789 460 711 333 488 30 126
10 211 745 948 465 61 236 529 806 63 344
10 727 702 72 258 87 985 784 2 677 523
10 268 917 728 464 685 2 226 176 466 819
10 44 794 395 198 814 335 906 842 271 677
10 500 457 638 192 348 405 880 296 734 508
10 254 149 492 318 791 562 531 434 76 487
10 21 561 980 41 92 667 644 373 436 507
10 681 483 659 104 877 123 348 524 902 274
10 444 707 300 222 169 601 648 2 666 182
10 495 875 960 28 824 459 575 537 719 326
10 476 658 638 861 119 791 197 948 687 77
10 444 335 395 178 577 336 356 771 759 415
10 433 240 696 488 310 530 679 430 556 683
10 262 621 534 961 402 905 425 502 529 628
10 446 56 722 167 978 22 664 767 760 346
10 494 119 794 936 471 889 946 250 34 151
10 420 940 336 129 311 691 797 848 34 271
10 870 817 794 798 392 1000 56 36 383 528
10 658 314 884 119 150 613 439 496 601 216
10 206 933 142 193 273 798 39 231 443 540
10 417 157 773 429 237 815 54 407 171 67
10 457 910 501 792 941 343 307 150 603 37
10 959 494 236 544 801 7 362 109 259 815
10 992 803 418 970 16 593 693 748 309 373
10 26 749 519 433 390 506 163 889 812 269
10 554 658 809 330 741 867 515 708 186 109
10 273 627 5 852 275 8 113 312 471 487
10 15 544 922 783 714 440 593 91 323 389
10 631 849 394 242 409 584 81 214 725 598
10 783 446 639 591 397 271 929 568 34 507
10 726 810 229 756 573 374 249 902 943 281
10 639 273 93 691 37 567 610 504 373 404
10 639 226 170 502 893 376 996 52 94 12
10 463 325 203 458 461 719 245 698 667 790
10 620 543 941 208 927 931 306 969 90 213
10 263 518 313 573 909 957 961 610 216 455
10 621 709 409 47 356 527 780 74 613 876
10 847 591 314 427 791 666 643 553 885 943
10 446 241 621 560 680 990 152 393 374 497
10 421 816 409 366 141 679 397 249 697 376
10 357 474 808 49 278 636 865 832 570 12
10 290 675 317 936 516 986 663 499 196 363
10 444 691 49 496 19 147 238 286 392 381
10 345 283 687 919 231 950 542 613 962 374
10 853 40 377 679 929 443 493 391 408 689
10 770 320 975 230 651 181 741 324 568 617
10 579 146 56 583 506 524 769 612 60 23
10 471 766 251 340 985 556 458 750 128 259
10 337 742 722 427 940 122 917 987 40 341
10 480 211 879 143 906 221 709 91 562 659
10 825 330 577 850 609 822 519 703 155 20
10 416 385 483 587 367 63 329 716 703 754
10 646 803 743 337 79 638 968 252 926 889
10 207 235 253 587 983 600 408 267 734 371
10 864 258 241 229 789 287 24 214 690 38
10 625 714 901 72 560 462 562 548 914 835
10 366 310 645 675 160 228 478 764 248 224
10 973 314 922 10 695 666 731 704 578 880
10 282 476 143 249 459 232 929 112 403 505
10 44 463 45 302 695 828 421 917 670 629
10 350 933 325 816 910 75 700 542 478 169
10 121 185 334 198 159 976 390 59 191 31
10 445 183 119 338 706 372 248 879 456 257
10 335 236 822 819 153 877 793 17 191 878
10 650 438 518 743 124 31 758 4 632 550
10 565 532 16 702 743 589 302 231 373 974
10 199 565 950 727 894 822 500 502 923 408
10 556 640 135 453 102 83 813 7 48 32
10 910 207 581 851 911 183 957 471 469 326
10 21 43 297 850 370 478 407 980 795 214
10 896 352 776 118 108 873 495 964 340 685
10 340 485 846 671 644 105 907 401 103 57
10 104 454 480 573 42 495 311 201 92 362
10 596 409 538 237 799 144 876 379 758 467
10 149 289 180 822 653 471 624 891 497 482
10 264 364 894 289 748 828 725 617 318 151
10 993 992 162 634 678 139 963 734 48 723
10 222 912 116 394 249 909 884 774 109 546
10 713 650 802 421 896 226 889 145 657 662
10 193 533 402 862 49 579 490 470 14 83
10 932 975 433 922 298 80 233 91 506 570
10 249 291 687 970 807 641 544 733 659 259
10 305 133 65 221 227 206 406 854 98 996
10 742 940 623 809 960 926 57 429 496 955
10 352 894 82 557 549 462 400 728 673 158
10 200 240 589 716 684 829 583 439 734 889
10 413 509 650 397 369 249 583 918 761 318
10 824 302 368 609 845 556 217 662 470 632
10 791 959 526 972 808 487 923 67 151 384
10 177 501 533 19 130 551 113 326 691 29
10 352 225 305 405 400 85 70 946 939 178
10 847 341 9 62 758 479 28 691 470 984
10 556 864 327 500 788 677 417 505 663 629
10 200 131 792 424 254 521 574 986 950 806
10 642 9 391 978 846 439 832 233 441 644
10 970 476 48 783 997 632 465 381 793 872
10 358 908 967 977 882 347 180 586 518 12
10 831 382 553 952 765 140 652 927 918 158
10 433 858 759 823 297 784 533 101 525 902
10 519 45 972 94 954 525 105 899 139 720
10 571 658 660 330 333 807 400 438 90 40
10 558 775 184 465 645 921 866 472 82 945
10 421 637 405 160 962 718 326 13 414 706
10 519 941 488 111 50 99 159 341 799 377
10 658 519 420 578 211 783 561 399 370 321
10 350 218 420 17 766 49 971 650 534 598
10 252 888 142 554 563 89 764 989 389 904
10 26 802 489 230 702 841 432 152 829 548
10 230 241 42 703 429 975 559 256 953 346
10 992 852 394 899 463 242 442 988 455 705
10 282 345 946 255 510 220 458 286 555 914
10 552 666 328 225 903 606 987 964 20 733
10 995 326 229 64 136 97 912 899 923 986
10 519 377 124 591 668 696 641 767 461 533
10 521 519 71 899 154 223 319 24 266 248
10 230 125 858 491 465 952 194 160 139 257
10 501 172 948 988 353 367 396 279 284 969
10 658 1000 181 671 696 854 432 191 866 913
10 311 944 947 419 147 597 893 718 574 962
10 133 86 250 47 163 108 388 781 704 710
10 16 456 501 493 714 45 569 787 303 148
10 581 577 587 348 930 535 103 37 735 876
10 416 994 199 325 254 208 726 512 469 355
10 413 797 495 211 921 49 460 421 557 611
10 243 552 253 228 769 971 152 412 615 231
10 44 543 643 464 609 246 524 872 237 391
10 125 576 898 120 939 728 719 137 795 384
10 836 797 36 607 236 884 275 312 739 572
10 856 874 970 120 375 549 681 849 659 911
10 366 406 145 814 164 967 799 961 602 109
10 314 255 85 853 102 567 108 935 31 586
10 494 535 540 947 527 853 75 132 508 550
10 910 837 640 882 780 61 756 969 698 210
10 446 354 452 622 371 74 635 624 375 586
10 665 402 785 390 651 739 379 927 950 839
10 62 270 16 394 115 545 327 889 322 733
10 21 334 837 205 769 80 615 670 507 918
10 445 467 775 62 419 304 531 689 550 885
10 222 803 658 123 868 641 266 810 32 528
10 35 639 597 517 981 474 424 574 917 758
10 452 86 936 422 766 149 298 231 718 50
10 352 898 564 512 487 471 87 568 383 169
10 252 526 172 884 237 972 832 227 873 67
10 762 212 72 333 47 965 280 469 881 94
10 621 595 562 423 854 298 773 666 148 275
10 875 238 244 554 654 20 502 91 36 700
10 933 694 349 5 887 370 318 514 453 733
10 394 437 161 512 191 808 276 873 2 689
10 98 807 645 462 301 697 513 483 155 812
10 543 971 825 823 943 454 133 533 945 754
10 35 315 129 696 253 155 848 544 541 374
10 358 66 940 89 830 840 31 711 612 761
10 305 395 668 47 451 41 835 123 584 216
10 282 770 272 18 61 365 555 153 169 12
10 704 678 992 644 474 624 810 205 655 13
10 582 797 642 413 1000 222 508 683 365 686
10 352 18 836 776 138 432 29 436 250 472
10 743 890 714 643 319 168 601 996 257 523
10 213 438 24 793 184 662 946 403 67 617
10 16 678 997 256 405 782 787 33 467 499
10 301 129 402 976 708 385 756 67 52 191
10 959 887 716 966 833 965 686 478 666 387
10 290 648 54 773 342 231 550 508 414 927
10 576 671 906 793 917 330 321 828 846 720
10 325 684 856 362 162 680 90 67 472 677
10 685 957 856 228 378 436 631 472 6 173
10 502 388 458 701 814 167 57 214 541 504
10 86 585 831 827 939 790 150 288 568 611
10 954 794 436 958 641 77 460 36 508 913
10 809 317 780 530 755 199 441 374 546 107
10 97 46 349 711 463 580 826 321 725 507
10 457 289 183 329 258 674 496 137 723 204
10 660 630 420 235 62 883 412 459 243 20
10 808 668 221 801 947 767 783 843 473 962
10 810 242 305 99 215 800 303 202 786 410
10 352 425 757 942 663 559 435 281 210 374
10 290 847 160 307 405 991 830 587 514 7
10 982 585 451 45 693 63 980 237 36 141
10 681 798 198 622 525 372 686 626 179 541
10 272 190 786 793 250 806 148 502 48 82
10 452 74 275 132 518 201 425 998 902 734
10 772 99 766 712 149 483 648 100 969 92
10 1 640 486 454 679 419 903 123 341 144
10 193 841 624 495 766 333 191 793 170 883
10 310 666 609 461 655 986 285 843 102 136
10 200 554 978 648 29 736 824 539 376 389
10 189 824 134 364 406 509 600 265 815 453
10 938 533 247 789 425 988 407 469 148 278
10 444 222 593 154 583 840 815 278 895 348
10 89 509 856 129 333 578 275 38 812 384
10 916 198 443 792 489 34 74 101 493 782
10 264 19 897 131 641 710 542 75 286 2
10 971 416 45 871 160 67 704 381 157 507
10 253 731 585 30 477 263 874 397 964 556
10 552 625 368 349 359 443 126 612 91 963
10 382 701 759 805 138 114 948 461 921 892
10 476 512 756 687 978 645 906 235 520 984
10 272 775 792 993 849 233 567 49 116 117
10 30 859 314 447 424 123 793 215 682 487
10 301 805 133 711 203 899 734 217 162 528
10 264 596 402 936 560 724 855 664 778 674
10 345 941 49 877 114 397 744 704 551 851
10 959 565 976 225 856 251 680 197 449 156
10 16 258 452 796 208 736 563 20 555 376
10 241 610 908 19 563 309 59 508 13 670
10 994 538 237 347 573 50 949 889 8 969
10 978 111 166 407 639 984 217 914 304 528
10 140 922 924 566 138 203 659 779 923 601
10 600 517 467 681 566 683 280 562 691 598
10 104 21 340 975 560 748 140 787 719 64
10 652 215 25 140 597 465 222 304 818 496
10 890 815 213 24 663 25 698 157 346 507
10 9 425 297 922 566 266 806 344 962 321
10 925 183 784 657 751 23 87 935 651 449
10 532 397 243 406 39 679 152 7 48 412
10 337 120 674 499 341 154 626 286 76 110
10 47 185 850 573 190 159 664 806 921 58
10 237 217 413 655 70 161 7 593 481 500
10 97 491 121 402 682 356 267 729 880 955
10 335 995 463 115 226 28 118 703 635 739
10 69 987 856 300 915 759 464 493 657 923
10 772 196 796 533 390 220 618 260 734 34
10 264 65 459 809 272 424 631 807 311 393
10 933 264 39 844 1 811 165 173 281 662
10 753 792 386 33 516 215 295 179 795 673
10 780 585 922 737 853 691 999 61 764 651
10 591 796 909 785 275 874 477 120 167 379
10 973 146 406 79 870 426 909 401 168 316
10 1000 149 344 762 310 895 907 295 453 550
10 291 138 931 214 85 116 783 507 257 73
10 413 789 901 440 896 75 748 456 670 699
10 213 361 931 199 662 373 87 13 188 269
10 875 79 90 573 568 949 882 819 777 284
10 909 416 390 741 783 882 769 905 866 521
10 149 14 203 906 369 270 235 13 268 436
10 591 16 8 530 58 935 265 557 304 269
10 190 363 535 183 832 482 638 390 594 280
10 195 338 400 725 201 317 510 677 902 575
10 358 207 224 830 926 599 454 37 78 619
10 474 380 233 756 104 987 270 559 232 224
10 198 646 302 333 54 144 250 826 381 723
10 125 995 766 432 901 242 493 763 37 666
10 823 922 975 358 891 987 440 691 981 611
10 933 973 492 212 268 55 54 439 281 175
10 875 120 104 253 675 915 977 92 685 610
10 554 675 494 56 331 347 243 386 560 451
10 452 106 123 406 495 277 359 426 721 529
10 416 42 771 144 299 945 157 779 293 6
10 513 324 852 462 990 744 828 415 116 855
10 768 264 908 42 649 31 464 91 829 487
10 901 471 986 439 759 599 783 626 611 693
10 527 894 798 772 317 542 24 556 520 127
10 193 420 292 499 236 8 842 673 288 175
10 640 753 858 824 208 37 268 441 929 598
10 922 74 859 282 631 104 761 943 647 355
10 254 159 104 684 738 251 563 4 158 245
10 717 951 792 795 605 802 197 900 455 534
10 476 42 133 213 587 783 690 767 806 216
10 938 69 312 607 726 709 738 892 505 77
10 193 427 652 65 656 372 75 699 126 374
10 661 119 131 581 941 718 531 986 76 900
10 827 337 21 788 538 236 498 751 432 528
10 229 333 743 665 921 160 542 162 497 107
10 283 348 978 239 940 607 850 338 205 727
10 66 202 762 995 580 629 991 389 478 139
10 142 940 569 106 99 271 822 478 376 786
10 26 980 585 539 329 868 157 907 259 431
10 836 452 188 909 199 661 624 24 145 316
10 418 56 620 780 306 822 455 232 832 754
10 947 649 840 358 838 978 322 158 944 510
10 538 545 978 457 884 22 685 376 984 173
10 970 526 222 511 617 379 95 94 82 670
10 445 426 245 898 622 673 144 20 734 528
10 15 920 851 823 781 774 271 285 75 378
10 218 381 556 410 657 542 510 820 811 322
10 827 501 195 743 530 519 267 335 197 528
10 597 849 886 831 31 400 286 32 428 819
10 625 114 715 999 249 356 378 673 869 281
10 888 824 209 593 712 951 478 378 4 818
10 743 709 8 186 759 178 578 829 339 280
10 349 556 19 405 514 578 949 728 647 449
10 368 437 433 865 693 862 730 613 728 520
10 643 180 143 517 465 190 556 274 777 216
10 910 585 85 717 929 1 53 853 752 665
10 200 907 970 762 577 201 516 613 929 245
10 121 336 827 910 129 542 744 285 761 175
10 43 358 208 209 553 407 870 175 927 393
10 448 222 858 138 802 530 899 691 175 497
10 252 33 771 948 359 804 50 13 58 384
10 344 797 800 948 237 318 392 319 373 889
10 240 714 391 934 837 597 832 976 525 383
10 446 440 766 310 104 663 828 441 936 216
10 596 850 675 640 633 585 475 42 36 28
10 125 42 484 733 980 260 278 610 284 31
10 189 333 301 773 917 923 214 536 472 855
10 858 334 708 605 979 795 774 32 996 107
10 143 988 764 133 410 956 196 173 520 699
10 264 211 515 844 422 205 402 747 532 87
10 621 283 577 665 323 31 17 279 769 14
10 134 853 982 701 560 937 925 669 34 95
10 219 225 867 18 33 165 250 758 813 393
10 484 266 361 390 78 230 715 847 718 846
10 627 805 166 840 648 889 396 70 760 171
10 325 18 738 684 323 964 601 900 968 12
10 43 627 410 773 310 364 78 29 389 612
10 44 853 475 325 715 883 635 857 680 449
10 814 696 625 860 145 518 961 67 835 725
10 742 147 561 697 669 750 771 415 673 126
10 65 258 947 951 560 495 397 94 488 199
10 501 99 595 565 972 451 246 618 151 913
10 131 623 177 361 104 386 127 956 118 778
10 582 273 773 560 591 595 191 868 820 619
10 627 817 129 463 451 298 600 306 271 980
10 702 301 816 759 85 948 809 652 950 626
10 101 506 180 862 221 659 893 179 782 482
10 339 418 149 124 186 319 930 470 613 167
10 576 908 753 851 405 430 105 158 626 574
10 125 305 753 241 508 367 80 540 455 617
10 959 47 306 368 87 405 525 7 257 308
10 74 993 193 115 250 837 263 363 647 943
10 780 476 871 183 991 939 378 30 514 719
10 380 959 603 140 368 857 165 514 672 73
10 561 682 287 606 236 277 961 268 557 594
10 805 100 69 624 227 677 592 873 846 308
10 425 320 585 906 928 336 915 443 360 214
10 595 787 590 272 335 447 61 834 630 900
10 792 759 940 289 899 237 429 308 100 414
10 663 143 99 999 567 810 153 502 592 917
10 418 522 919 398 25 618 930 231 313 889
10 796 286 854 573 951 478 389 128 736 304
10 792 933 357 509 895 736 120 270 700 191
10 445 642 793 33 480 561 9 334 514 525
10 125 746 388 349 655 58 399 793 838 557
10 678 512 852 530 421 156 447 747 666 956
10 282 877 270 597 306 929 266 834 683 876
10 234 742 193 707 72 279 223 986 806 224
10 816 959 696 89 576 957 854 306 22 988
10 749 715 645 729 531 896 316 750 38 284
10 445 206 277 258 224 795 232 59 375 73
10 845 916 160 440 840 140 152 424 706 686
10 909 283 60 596 104 631 126 683 303 404
10 15 273 263 271 881 17 915 321 32 820
10 922 65 702 606 676 274 478 697 522 869
10 452 766 784 493 718 196 503 490 610 497
10 831 185 354 221 5 980 619 771 613 504
10 764 143 985 972 789 192 669 100 944 148
10 959 272 343 409 693 465 758 786 373 257
10 222 300 190 183 664 116 490 25 692 953
10 975 411 106 400 258 560 824 251 738 586
10 422 212 920 35 201 731 462 903 789 14
10 506 576 382 780 135 697 696 370 176 555
10 66 42 810 406 51 206 915 778 834 6
10 16 72 502 927 758 619 618 529 215 913
10 9 638 297 580 317 41 757 761 610 821
10 315 353 129 209 903 191 874 557 408 914
10 539 176 591 553 893 376 869 321 378 281
10 44 1000 827 644 860 789 451 224 628 127
10 26 621 138 884 691 951 140 435 793 659
10 189 714 418 325 877 145 177 666 507 843
10 979 323 700 422 162 430 281 689 927 955
10 236 489 850 130 192 931 983 502 32 962
10 283 526 742 895 569 365 703 835 175 632
10 934 999 969 491 447 616 791 693 407 295
10 871 795 70 637 780 81 757 555 100 911
10 768 35 640 293 565 55 458 483 893 196
10 422 418 108 721 147 780 100 659 216 110
10 875 501 292 613 549 751 569 37 210 855
10 737 543 11 172 454 539 61 600 477 542
10 833 713 971 591 756 808 525 277 735 765
10 585 823 658 212 130 535 172 306 288 110
10 858 780 533 957 235 798 249 279 313 296
10 591 313 517 564 964 752 537 710 381 503
10 402 460 951 16 465 590 688 969 415 615
10 792 418 875 217 987 119 426 379 842 59
10 722 172 116 606 237 64 311 284 550 568
10 768 517 508 178 951 860 187 692 152 879
10 805 272 474 729 334 737 572 30 945 661
10 416 337 623 697 319 561 328 592 626 957
10 722 359 585 292 25 708 187 137 905 188
10 660 211 517 347 441 568 368 977 145 889
10 922 809 367 348 951 815 636 401 759 876
10 307 68 630 145 160 450 508 67 346 598
10 627 307 667 993 415 979 231 555 832 216
10 77 643 471 35 262 312 385 116 248 944
10 620 577 964 627 149 656 589 509 213 592
10 552 272 919 859 540 795 963 537 164 600
10 88 552 131 444 987 728 188 4 761 961
10 195 350 566 900 961 45 443 321 598 384
10 357 825 99 55 607 828 303 137 293 107
10 973 198 858 52 160 477 373 837 697 946
10 457 696 420 737 854 829 1000 475 127 961
10 50 776 70 741 121 703 686 690 429 514
10 933 978 929 678 176 832 93 456 265 139
10 825 576 380 471 675 653 255 104 615 216
10 437 223 357 742 512 403 580 882 542 469
10 297 305 461 477 648 578 942 618 659 370
10 807 361 657 390 150 990 153 927 280 913
10 382 890 985 526 604 525 228 239 518 127
10 995 576 74 791 21 997 495 438 773 958
10 847 743 635 616 951 769 945 112 667 778
10 795 192 945 378 616 752 213 470 706 754
10 517 399 749 472 515 637 25 438 477 547
10 824 465 308 439 775 58 224 318 453 265
10 198 283 437 140 580 707 880 112 136 182
10 195 272 362 256 815 776 327 363 370 628
10 200 582 325 517 696 580 113 285 98 914
10 929 560 975 596 705 531 603 634 322 699
10 810 335 864 299 780 769 943 381 415 76
10 990 495 625 898 308 698 635 471 844 487
10 488 310 980 737 735 296 829 693 280 820
10 746 45 650 226 592 982 769 436 126 467
10 888 33 908 99 101 221 544 322 8 956
10 884 817 114 600 608 786 322 587 505 383
10 131 772 154 715 29 409 977 122 522 697
10 776 561 937 441 982 268 965 356 765 430
10 325 871 473 258 926 564 370 435 169 673
10 591 146 161 875 425 45 467 324 221 783
10 335 488 684 657 961 402 622 583 303 384
10 732 21 627 562 882 822 648 186 319 587
10 320 448 437 748 802 435 638 881 363 14
10 11 437 154 459 564 215 430 977 854 513
10 558 230 823 692 864 164 65 294 618 293
10 69 581 710 569 517 860 635 929 564 689
10 357 922 369 654 596 792 870 729 459 371
10 565 491 310 678 779 526 830 899 115 158
10 501 969 553 339 627 353 998 662 511 721
10 906 862 287 795 707 999 814 389 239 355
10 753 559 141 160 405 132 40 171 918 548
10 310 795 150 37 965 470 972 126 39 117
10 332 675 184 579 443 985 643 957 813 14
10 794 577 897 877 667 592 176 398 2 821
10 646 207 675 707 948 852 978 320 515 801
10 494 492 957 440 367 150 958 704 812 360
10 500 678 637 761 294 405 113 186 188 269
10 701 920 959 84 54 749 748 211 580 161
10 409 650 851 522 554 758 483 490 295 974
10 444 424 264 278 138 891 139 340 981 323
10 66 785 484 434 705 271 396 499 819 542
10 784 104 718 186 519 596 736 369 391 799
10 27 177 661 130 762 246 866 315 583 598
10 240 473 244 219 280 801 853 569 343 962
10 995 542 292 921 378 141 632 128 670 528
10 803 358 867 371 378 464 279 267 82 945
10 88 19 652 972 260 566 23 137 279 835
10 576 817 218 544 422 684 730 536 269 83
10 395 480 786 857 430 168 98 767 257 52
10 746 978 994 649 765 988 562 385 839 611
10 1 221 351 948 773 364 592 596 128 548
10 59 730 691 27 763 477 882 935 415 507
10 134 622 993 989 25 587 809 57 586 432
10 992 16 501 241 594 202 30 718 176 541
10 515 737 749 857 217 90 219 369 761 277
10 607 898 927 74 429 400 14 678 52 96
10 650 307 72 181 293 979 466 363 835 197
10 448 960 168 861 148 503 50 521 612 634
10 993 99 282 433 540 605 986 17 619 612
10 872 898 45 368 622 338 555 214 415 974
10 290 901 419 130 640 492 89 599 572 36
10 808 809 624 714 109 239 635 929 574 82
10 975 315 142 462 32 172 899 968 344 497
10 44 959 16 658 568 911 7 782 231 555
10 405 896 960 251 925 782 417 692 834 67
10 576 988 451 853 340 830 604 91 923 151
10 70 525 602 900 838 514 24 379 734 839
10 103 612 499 197 208 783 278 537 271 523
10 607 218 332 123 312 309 205 873 790 435
10 350 437 748 676 180 512 704 453 683 563
10 200 591 577 194 708 458 27 761 629 487
10 552 121 65 544 154 769 443 728 944 634
10 847 738 334 659 948 538 508 758 249 326
10 552 891 753 19 491 845 130 333 339 601
10 742 424 862 941 300 518 103 590 158 384
10 770 345 441 909 229 170 568 757 968 562
10 452 995 773 332 759 161 997 188 680 563
10 264 742 234 476 160 70 373 13 32 767
10 652 357 933 181 287 510 162 820 373 927
10 306 35 361 717 771 891 23 615 673 216
10 639 581 166 519 794 743 979 468 744 408
10 764 596 211 769 805 174 145 756 319 617
10 621 273 668 163 533 256 247 286 505 913
10 166 499 412 584 908 488 303 820 541 31
10 15 642 713 970 312 75 893 664 949 930
10 15 292 780 219 159 481 545 23 288 775
10 445 205 243 19 618 951 883 104 945 455
10 928 111 406 334 236 972 914 800 239 496
10 585 494 244 640 796 178 432 356 415 317
10 138 292 890 248 573 844 4 51 778 383
10 591 513 825 877 338 859 475 412 293 48
10 185 1000 606 696 944 730 265 880 201 497
10 44 543 746 910 203 901 486 221 71 575
10 446 141 23 329 529 863 398 59 113 962
10 357 766 209 266 451 860 883 592 77 767
10 750 237 106 965 915 574 799 610 958 763
10 99 595 349 645 388 291 921 1 998 629
10 134 5 753 794 298 68 276 787 497 885
10 244 190 539 991 105 253 903 303 393 151
10 582 519 282 420 764 479 837 144 303 101
10 552 140 718 650 940 211 832 196 289 269
10 345 607 120 853 366 903 766 619 813 819
10 859 929 877 130 276 618 316 60 677 757
10 792 189 782 633 53 260 13 723 550 12
10 382 325 112 934 212 85 848 956 82 974
10 650 395 351 691 586 485 51 227 680 820
10 314 354 146 708 770 294 181 60 428 48
10 46 731 33 266 802 892 99 549 684 503
10 977 625 501 841 865 237 711 436 874 324
10 252 922 480 185 433 623 999 551 690 281
10 131 336 664 766 147 707 72 23 25 699
10 410 952 521 428 685 249 384 247 259 763
10 111 592 633 801 659 281 113 665 833 683
10 131 648 420 302 149 319 958 811 610 431
10 101 850 654 422 584 692 80 599 168 393
10 189 944 401 440 559 657 613 904 453 528
10 290 938 1 827 84 137 725 958 400 719
10 959 543 113 685 572 810 315 346 963 662
10 445 262 679 246 221 20 455 267 835 757
10 582 494 717 722 685 454 123 766 745 852
10 119 799 965 709 79 659 80 53 891 754
10 146 649 981 30 397 19 886 922 542 907
10 998 926 630 155 223 782 101 176 412 594
10 445 134 943 782 539 861 424 879 604 760
10 174 947 301 960 638 531 455 67 124 403
10 190 946 274 178 741 268 942 295 570 626
10 920 433 243 922 320 606 889 635 879 404
10 240 919 252 172 432 626 617 812 468 360
10 696 314 45 772 289 474 430 542 828 374
10 576 199 443 886 442 333 310 155 613 191
10 837 561 69 347 944 850 403 937 664 328
10 959 817 804 932 532 802 372 232 673 507
10 836 123 234 345 338 283 465 776 119 853
10 140 726 371 70 896 521 915 699 12 821
10 258 18 796 379 513 178 697 672 865 6
10 222 745 856 491 436 327 3 683 450 615
10 867 589 156 334 894 423 342 71 136 286
10 131 713 932 665 281 691 697 415 14 996
10 817 801 960 787 873 104 661 839 171 318
10 1 517 248 553 804 502 895 277 765 605
10 62 480 409 320 587 426 419 157 523 455
10 437 535 26 368 596 737 413 239 602 76
10 200 262 480 919 286 786 818 226 116 148
10 134 810 369 903 120 243 82 453 139 261
10 5 244 796 901 624 176 226 152 777 598
10 964 229 553 481 886 930 245 435 721 94
10 366 848 897 940 386 860 963 20 611 548
10 938 89 423 478 696 737 853 522 414 955
10 307 940 223 465 141 239 521 285 396 379
10 336 948 235 579 654 815 981 156 430 304
10 74 794 891 977 793 900 883 986 757 13
10 685 816 492 607 594 243 895 657 907 755
10 262 625 908 914 713 573 298 157 580 449
10 729 928 903 451 970 48 699 845 127 546
10 976 345 309 256 544 1 940 54 943 469
10 129 463 349 538 342 117 179 38 902 689
10 717 421 530 159 483 217 842 430 828 415
10 518 368 86 266 833 400 686 969 94 175
10 995 941 928 246 272 780 772 370 478 911
10 195 825 715 979 213 535 87 651 689 699
10 427 181 823 976 679 905 684 575 14 634
10 624 69 491 406 696 712 47 721 608 38
10 718 774 177 579 882 369 535 551 54 958
10 576 871 853 660 538 712 39 467 778 763
10 910 547 117 972 944 25 703 787 453 673
10 46 476 597 740 554 495 100 6 511 389
10 768 987 609 470 252 492 53 105 693 819
10 567 317 90 442 268 319 705 744 617 739
10 749 828 416 612 108 676 573 398 874 51
10 709 554 390 74 201 186 705 348 165 158
10 445 729 306 887 784 493 529 572 387 812
10 645 429 975 947 138 307 964 570 52 541
10 46 805 705 106 609 905 150 220 534 721
10 772 437 243 584 50 165 436 999 104 245
10 847 233 692 300 306 890 603 964 187 12
10 486 743 397 817 464 560 804 887 751 92
10 189 924 419 556 980 105 60 968 690 683
10 582 707 89 657 718 363 175 362 82 786
10 218 549 416 589 890 221 982 343 574 4
10 357 493 367 17 532 820 55 629 57 547
10 823 639 282 120 448 197 610 148 151 689
10 807 34 423 764 236 542 210 896 614 497
10 310 93 508 338 569 419 375 137 271 662
10 287 310 667 652 49 883 291 101 41 996
10 830 317 657 375 117 982 926 893 777 842
10 189 850 990 252 355 398 378 783 613 27
10 872 625 1 295 491 417 31 34 892 763
10 859 17 307 433 692 785 656 468 723 151
10 480 688 637 539 997 942 691 599 22 157
10 571 965 15 702 515 113 741 50 30 821
10 437 401 530 649 730 634 214 520 341 173
10 166 230 688 615 828 8 511 855 703 974
10 888 352 208 309 154 332 849 774 369 168
10 5 643 792 939 868 473 522 781 575 370
10 640 408 631 951 281 720 544 880 706 431
10 794 150 848 228 254 385 752 886 813 376
10 639 93 114 824 825 480 588 635 412 370
10 650 933 638 524 184 997 561 467 560 455
10 15 982 726 848 390 697 893 152 303 31
10 959 888 105 896 874 851 218 583 557 77
10 437 712 824 400 322 467 720 677 811 107
10 938 814 61 759 473 136 693 691 943 876
10 836 359 34 72 159 597 853 824 462 245
10 809 84 527 639 154 684 29 403 617 95
10 314 325 967 391 979 586 470 720 284 173
10 189 559 193 9 149 810 706 105 156 82
10 722 352 571 715 234 982 904 744 963 316
10 768 69 381 540 886 721 160 943 904 735
10 418 221 435 140 136 944 155 788 914 534
10 24 952 180 571 252 957 979 92 14 733
10 437 864 41 566 317 419 462 685 945 956
10 645 640 300 681 85 965 877 758 477 629
10 448 743 21 564 237 464 451 173 77 374
10 93 207 301 832 154 460 736 903 355 173
10 164 423 123 837 698 806 563 490 83 434
10 84 18 563 643 124 634 657 436 91 815
10 64 718 773 822 36 126 467 885 528 383
10 941 910 652 654 554 364 472 740 838 13
10 351 772 636 775 605 830 255 948 329 248
10 418 842 886 771 560 740 377 496 721 407
10 640 61 663 517 84 769 982 977 690 725
10 112 977 982 851 574 187 683 881 541 536
10 954 438 920 671 407 727 394 249 341 487
10 133 447 950 980 400 459 100 243 316 31
10 864 948 748 256 203 108 72 475 619 404
10 484 264 774 593 700 409 641 524 102 374
10 89 749 234 747 142 648 900 685 60 77
10 46 408 235 703 186 171 246 520 956 374
10 410 211 743 70 354 842 400 279 59 7
10 642 114 265 340 102 983 525 120 927 963
10 595 973 627 652 972 758 367 388 439 828
10 552 491 268 482 250 900 179 31 280 734
10 973 896 875 924 118 335 515 310 664 603
10 722 368 595 827 623 217 917 24 857 34
10 772 897 465 664 649 103 629 569 703 316
10 888 146 636 978 908 289 318 855 913 507
10 675 707 215 636 705 567 172 73 943 683
10 287 345 660 251 953 787 624 668 820 96
10 354 55 102 659 901 39 217 400 196 284
10 423 229 394 891 932 942 319 873 791 100
10 219 463 135 325 328 436 791 213 661 257
10 564 732 643 502 667 8 277 51 139 188
10 901 759 156 857 648 622 837 30 667 257
10 565 686 602 28 307 769 48 835 280 82
10 209 255 772 278 806 980 824 762 887 751
10 772 746 807 476 515 668 542 889 541 617
10 352 861 452 639 623 522 113 643 813 360
10 694 363 862 163 781 385 936 197 32 754
10 380 42 838 298 864 244 606 71 365 670
10 273 345 281 74 262 775 525 319 232 309
10 910 83 861 192 131 833 926 328 332 692
10 361 179 718 53 116 306 736 605 712 231
10 332 66 192 407 718 902 819 860 915 818
10 35 438 135 942 483 727 738 537 523 904
10 877 228 68 367 691 387 473 541 719 878
10 621 458 15 194 181 934 614 820 674 799
10 44 43 18 438 369 372 340 957 265 778
10 390 862 24 244 874 52 294 61 151 303
10 258 489 118 935 266 477 988 706 295 216
10 409 871 797 161 606 640 407 336 362 469
10 149 765 43 842 795 271 786 704 839 257
10 595 440 654 427 843 566 392 423 534 550
10 694 779 916 440 957 584 181 878 504 355
10 909 805 822 970 653 960 401 703 617 152
10 146 99 106 358 181 364 165 653 826 603
10 79 967 581 361 773 409 537 165 680 504
10 380 446 973 198 554 560 317 427 786 507
10 273 875 798 849 483 384 470 695 13 269
10 675 411 352 807 422 795 953 659 257 110
10 15 499 774 844 909 833 761 799 280 819
10 732 909 227 978 708 756 612 751 152 723
10 644 18 164 824 208 429 511 95 882 324
10 748 538 660 850 478 562 824 53 39 839
10 992 910 652 726 588 238 4 316 574 404
10 483 352 621 103 807 266 584 908 108 777
10 718 704 606 826 41 984 115 346 629 383
10 871 976 565 479 978 936 378 510 392 536
10 300 361 272 630 638 807 500 514 989 689
10 650 130 396 481 263 782 500 165 187 943
10 714 639 68 664 18 680 635 663 820 326
10 805 527 331 851 145 978 407 860 904 374
10 448 884 228 561 972 590 39 889 799 855
10 753 948 180 402 163 909 748 605 842 672
10 390 84 729 576 181 522 473 720 214 943
10 283 226 979 212 68 447 930 311 400 383
10 156 351 570 510 654 496 251 103 385 487
10 35 645 256 258 510 562 60 599 818 259
10 501 650 159 89 464 740 191 529 869 611
10 620 895 391 867 1000 908 652 430 538 985
10 954 666 437 486 561 245 806 435 815 487
10 135 395 149 527 665 840 386 459 50 435
10 753 568 770 55 215 197 80 881 546 598
10 223 748 413 463 298 905 293 316 536 404
10 639 938 174 890 739 29 977 556 156 733
10 797 138 183 856 272 952 451 680 673 139
10 920 336 631 826 267 312 30 873 281 387
10 305 559 250 594 600 2 173 927 866 374
10 597 427 991 499 789 141 672 839 550 598
10 357 390 748 891 221 767 500 419 801 355
10 354 630 678 602 704 981 904 353 900 144
10 582 263 473 194 235 359 935 54 449 12
10 694 714 945 287 179 781 393 360 210 594
10 255 743 267 728 324 903 968 265 734 869
10 445 438 457 41 388 336 990 31 473 866
10 66 929 976 199 17 254 100 904 839 536
10 181 848 702 713 99 561 203 707 697 935
10 195 44 620 241 583 127 728 277 721 467
10 796 446 143 416 620 432 153 710 284 259
10 446 894 571 70 336 75 167 3 905 682
10 207 276 174 777 78 442 603 822 662 126
10 104 270 495 159 821 370 969 880 6 651
10 492 526 531 289 378 602 217 412 550 496
10 445 539 46 862 553 219 321 612 629 173
10 595 448 532 635 443 157 693 144 913 811
10 200 114 499 683 815 423 96 226 700 34
10 380 875 84 89 103 159 8 634 669 152
10 766 111 50 569 930 386 626 384 536 259
10 939 72 416 433 644 628 998 236 835 958
10 770 125 41 493 73 499 491 593 531 544
10 71 288 104 213 439 936 891 251 870 651
10 992 606 489 966 954 105 559 923 615 355
10 640 543 41 192 917 559 592 478 882 466
10 200 117 25 457 807 666 327 367 438 767
10 71 635 545 79 19 238 205 726 682 751
10 486 868 796 415 854 719 488 316 214 598
10 138 493 453 197 396 268 673 548 417 720
10 576 262 682 747 578 751 214 883 902 996
10 290 675 183 804 560 944 407 690 662 819
10 205 924 392 960 790 292 178 461 978 700
10 382 642 954 270 990 238 194 188 408 279
10 189 807 295 141 696 519 227 7 968 740
10 437 120 311 471 969 838 880 935 834 107
10 595 770 646 983 809 256 463 235 824 942
10 140 227 83 666 161 42 291 435 280 346
10 836 875 727 92 164 472 705 434 470 790
10 43 273 993 652 463 161 857 881 651 548
10 452 934 993 727 362 475 853 493 692 615
10 152 504 306 951 90 883 703 428 889 450
10 201 262 524 875 696 1000 93 80 788 523
10 290 656 591 841 86 715 477 51 756 219
10 867 500 691 917 63 79 855 778 175 628
10 352 125 743 347 278 735 376 152 98 82
10 35 807 997 397 899 220 87 710 285 819
10 200 519 103 474 473 714 536 269 598 754
10 446 445 142 25 605 456 307 246 594 117
10 135 197 66 327 426 774 656 714 985 266
10 856 473 775 684 980 593 396 96 626 265
10 841 388 423 89 775 105 188 63 67 520
10 105 426 804 157 870 96 575 869 536 98
10 810 828 279 447 845 593 89 220 370 83
10 732 464 155 18 369 936 132 573 385 733
10 591 163 129 567 645 448 41 90 213 528
10 394 74 591 391 492 164 68 371 274 51
10 933 552 305 656 180 447 399 78 51 800
10 501 479 738 211 668 567 782 341 204 73
10 676 827 696 142 898 940 584 977 247 429
10 558 21 154 349 291 570 91 324 308 157
10 21 888 538 491 956 800 145 615 813 892
10 177 66 193 272 871 41 519 774 516 453
10 858 198 621 391 659 320 648 962 601 318
10 334 722 72 241 208 347 512 258 769 67
10 526 351 641 406 239 988 160 174 369 935
10 307 458 123 652 802 704 714 578 881 842
10 200 222 773 372 443 154 946 150 132 12
10 146 209 657 612 998 317 488 917 531 296
10 43 307 638 390 354 668 761 105 704 911
10 484 340 515 51 537 930 690 843 915 187
10 200 998 836 494 970 238 802 666 145 211
10 445 558 41 241 161 924 180 963 879 71
10 992 917 855 239 157 984 578 598 918 374
10 625 639 831 56 728 666 587 71 761 541
10 639 233 987 480 65 71 309 734 562 989
10 576 302 550 45 89 266 428 162 820 73
10 292 861 825 711 101 898 896 655 165 271
10 86 146 33 480 174 798 369 7 520 695
10 329 924 330 971 939 500 767 71 818 550
10 888 334 242 270 292 394 355 106 704 197
10 262 966 816 951 192 270 566 644 38 927
10 454 512 174 897 654 580 655 521 518 173
10 176 817 731 106 348 149 208 51 467 507
10 46 437 362 209 509 276 583 436 900 915
10 248 140 692 593 789 609 981 25 996 754
10 84 982 101 508 759 220 188 600 943 674
10 290 609 601 750 700 95 451 64 38 156
10 176 130 697 699 206 549 191 783 321 594
10 439 423 93 585 711 513 826 388 128 415
10 621 694 934 806 124 921 795 799 695 404
10 69 875 315 954 577 604 636 962 490 754
10 848 970 742 679 388 263 117 210 145 308
10 350 352 476 564 824 265 804 187 170 763
10 717 45 597 561 568 10 903 508 982 761
10 768 850 696 802 864 970 460 332 101 567
10 111 864 884 652 60 512 356 467 603 12
10 290 93 402 336 890 703 764 532 183 434
10 642 862 992 580 708 638 466 609 787 719
10 185 138 785 901 509 711 855 777 536 374
10 770 579 940 882 461 586 322 466 487 821
10 660 5 589 530 950 155 138 232 188 231
10 762 108 422 20 261 474 365 534 839 308
10 552 90 856 764 535 258 434 755 376 876
10 803 994 457 628 714 894 119 407 24 918
10 582 932 192 87 568 57 308 600 685 449
10 737 293 138 474 433 481 644 578 672 497
10 263 448 479 700 325 806 804 135 607 307
10 499 944 774 751 466 215 477 326 38 316
10 970 658 365 361 780 596 417 900 372 384
10 195 350 564 462 585 512 704 155 158 669
10 930 100 399 995 596 612 458 962 603 341
10 350 656 816 566 97 488 674 496 151 632
10 358 556 459 89 411 634 324 408 617 169
10 421 105 881 597 459 167 968 182 575 472
10 941 354 676 648 393 729 607 251 757 139
10 768 406 794 980 748 21 603 497 456 733
10 783 748 526 89 491 55 674 927 431 651
10 358 841 300 890 623 103 343 208 514 811
10 785 26 163 593 965 424 617 54 974 261
10 367 294 152 968 610 845 868 20 293 497
10 841 656 406 211 307 22 441 547 686 245
10 66 368 538 223 138 56 935 429 323 332
10 660 180 79 732 772 332 295 815 716 788
10 582 713 506 758 138 948 952 323 168 723
10 901 113 390 37 623 513 406 688 63 574
10 358 967 780 238 349 629 659 403 957 720
10 702 729 591 797 299 877 923 456 38 34
10 737 210 999 865 982 841 378 584 747 734
10 854 965 221 116 477 39 557 265 32 628
10 463 244 688 193 766 604 540 17 239 187
10 9 766 159 208 764 915 886 879 36 598
10 595 901 74 61 339 891 556 225 505 946
10 803 477 776 518 499 464 168 801 363 542
10 212 9 646 797 535 864 447 8 246 461
10 851 104 394 681 671 710 405 423 48 91
10 399 501 653 858 252 909 853 872 712 279
10 150 15 645 953 197 865 811 647 505 389
10 86 671 591 773 410 278 822 318 534 469
10 836 999 512 272 33 714 315 863 396 673
10 797 732 345 164 627 906 724 533 137 902
10 990 696 716 537 498 980 80 341 843 528
10 659 369 862 219 336 447 130 136 690 318
10 642 219 728 926 985 174 50 986 239 605
10 654 828 335 764 656 779 83 419 866 453
10 992 237 174 425 747 235 153 464 157 878
10 457 127 675 345 509 410 398 668 752 734
10 11 184 650 153 931 164 82 911 214 720
10 209 386 320 228 201 439 659 197 511 754
10 627 552 981 775 286 132 601 52 204 670
10 111 394 782 236 839 215 860 280 547 723
10 264 780 875 270 708 846 324 680 168 2
10 446 803 614 566 631 707 718 211 692 790
10 330 212 789 703 396 338 983 755 309 455
10 768 337 66 426 315 310 535 751 680 927
10 411 351 262 432 560 116 912 509 383 82
10 185 53 229 409 459 656 784 248 913 139
10 995 975 184 266 623 804 873 755 322 389
10 837 572 817 776 315 811 838 961 239 505
10 437 307 585 203 33 527 24 793 837 287
10 888 961 9 250 330 845 549 580 113 594
10 19 238 486 451 58 343 845 648 401 449
10 576 222 661 343 291 835 998 34 52 548
10 940 739 248 368 736 986 755 987 148 346
10 16 637 369 104 390 65 1 767 328 14
10 147 569 289 237 219 409 976 30 175 216
10 357 272 527 681 499 422 94 381 76 651
10 994 86 69 5 378 392 215 525 555 83
10 938 55 28 412 661 666 443 77 414 14
10 502 867 353 692 523 136 763 720 76 689
10 252 624 917 529 224 614 760 461 828 151
10 40 66 423 715 332 235 461 408 83 835
10 722 836 426 692 463 329 471 725 214 153
10 58 457 405 198 862 379 852 281 550 52
10 252 577 762 130 473 118 486 897 506 516
10 638 229 633 258 377 903 245 27 370 925
10 928 769 749 460 569 319 784 256 925 462
10 29 339 137 130 227 870 908 424 274 829
10 805 702 361 109 362 777 436 755 384 269
10 241 551 849 991 141 71 190 474 726 791
10 336 202 745 191 647 306 171 957 485 822
10 871 129 185 643 484 607 180 506 13 152
10 330 622 712 427 646 798 966 806 259 918
10 576 591 837 8 333 616 491 287 929 182
10 488 836 993 660 397 353 58 228 112 375
10 543 859 713 219 868 102 109 141 304 57
10 933 331 888 748 499 447 16 114 375 945
10 201 641 314 748 906 64 478 839 468 73
10 931 290 99 796 18 718 430 644 656 923
10 545 959 983 623 301 998 279 4 363 169
10 452 642 42 263 608 458 400 822 6 534
10 264 138 838 68 20 265 593 165 592 303
