1 1.1145423986220997
2 16.49544243748805
3 1.4634981609510498
4 7.933734264280711
5 0.9241647331455085
6 0.2137121458409399
7 0.08129298281718862
8 3.1690007307686425
9 0.48275883472430436
10 0.7095597996057126
11 0.7342232105630415
12 0.09060084716349164
13 2.0284381173938364
14 1.080565013261932
15 0.17147159722981162
16 1.7904455381940607
17 1.2051760858043856
18 0.168997739259223
19 2.920817375288834
20 0.0016703049646237117
21 5632.15796714474
22 12.907514843886222
23 0.48958501137274457
24 0.6332879631545266
25 0.11353745147972244
26 2.8640287787842493
27 2.3717352530296743
28 0.71506219125639
29 5.53824877018878
30 4.937266804703374
31 5.783582745320948
32 8.73269022070854
33 0.6413521776014475
34 2.019925150169336
35 153.54256072978905
36 1.1093524479816321
37 1.2333969826403584
38 2.4126277340962408
39 0.10371849893011513
40 2.4339996328295284
41 3.5822867226503496
42 1.5542792724982386
43 31.66990466358349
44 0.6493904014264729
45 0.10909052705421404
46 10.722988534613101
47 0.1133958611740599
48 0.2664620548953594
49 5.014588622512726
50 0.18518235249471496
51 0.04951892096162122
52 0.9151249443228596
53 0.03835033468502095
54 1.7616050497631726
55 1.4358907556924294
56 0.08819800359770841
57 1.34092576818352
58 0.22580873051437444
59 0.23310599508343974
60 0.3867304189128803
61 4.664850052500309
62 45.35843213135284
63 0.6661387708824748
64 1.1761830424193518
65 1.965620911876448
66 0.28973414611034576
67 0.4570023680595968
68 0.27944263145544634
69 47.20839384157297
70 2.0758224636856926
71 1.6115157081784826
72 47.74137435767177
73 1.0896346888593678
74 1.6838453815143728
75 0.7480986083640105
76 0.19121338561625617
77 5.611374638740635
78 0.28424457120764285
79 0.14743222279092438
80 0.3927530561902027
81 9.933270837095272
82 4.743018135524514
83 30.444680878719904
84 0.9047904908002627
85 0.8527514874225991
86 6.450290767232032
87 0.3332212353570376
88 0.14941368513849893
89 0.7089671135973518
90 0.3185481287634878
91 0.711132216090166
92 5.877601022676117
93 0.028286033804934746
94 1.9173506319247442
95 0.7101417484645969
96 28.90267446560312
97 0.20592283544480278
98 0.774995530899669
99 0.10463356933605367
100 3.7952405300044987
101 0.2643671076715539
102 0.007643048044857985
103 0.7713342442747387
104 0.7513673167556714
105 0.38009839916056415
106 0.13478746649337559
107 0.23319277043975864
108 50.98090878398159
109 0.3058116744540904
110 2.6646499173374596
111 4.035708426070967
112 0.43632244061001374
113 18.28950065073546
114 4.474466563228558
115 3.5671067214758017
116 0.3362401979549125
117 2.2569775639872978
118 0.1009929241568338
119 2.563523433649418
120 0.4968336906357434
121 0.3264059637790923
122 4.478626981983858
123 0.862946533028899
124 2.5366075837064805
125 14.267860194300221
126 0.7964119783959323
127 1.6043545449497394
128 0.5381038808509717
129 0.039495678081780415
130 8.930866236170079
131 0.22006864237037876
132 0.025701638320653374
133 0.3503618664074973
134 2.9169224276942978
135 1.4393611115975395
136 3.3624015433546086
137 0.2793402289679881
138 0.49667114341581964
139 1.320591322510775
140 0.27270773182369884
141 0.048729312024270534
142 1.5338483135487053
143 4.476609844949024
144 2.1590095385392734
145 4.471767598915942
146 1.6751600872585592
147 0.15451214285057605
148 0.8200954932158544
149 3.4475913396594877
150 0.1983904213802616
151 0.11890523157064956
152 0.4467250319011757
153 2.693100442710806
154 0.1364051411908026
155 0.822108770696244
156 0.650525096142408
157 0.1740161425573657
158 0.287922250509322
159 0.21735878762220742
160 0.34990269591028034
161 0.3370032040396149
162 1.671747370511091
163 0.5032473461535516
164 1.6280432165212853
165 9.70275388854467
166 5.98727906613739
167 0.8227821832282528
168 0.1069813432376294
169 27.93114169915926
170 0.42906108800492626
171 0.9571205994337254
172 16.386881506181226
173 0.0077344509578675825
174 1.7530997564998987
175 0.33576732862869757
176 2.334586797524052
177 1.316449980649703
178 1.31653764545725
179 2.36117268592835
180 3.2433115439259352
181 0.06554267039523282
182 0.2551491732750269
183 1.5400091910004472
184 0.1649714152217485
185 0.3559654848601623
186 0.7189100000648156
187 0.09905849856475848
188 0.39567139190396067
189 0.12257332310887528
190 1.296213622578248
191 1.8319954025509897
192 0.26774679380836536
193 0.07141441833938456
194 3.0837757286717875
195 0.14306216307387298
196 0.5158312243949381
197 2.3872963071272273
198 3.6963079865308894
199 12.947438145782549
200 0.3716042142864137
201 0.2870969722539188
202 3.428844909145601
203 1.2374494809395338
204 0.09240801173200482
205 35.08585855691338
206 1.371767136243632
207 0.42563382635834107
208 0.013475644181052853
209 0.20688328139130985
210 4.119241872486013
211 0.36967084240753906
212 0.6812950156477903
213 0.551867801682397
214 0.9673864522023186
215 0.015008657512179838
216 4.586914399615272
217 2.2508506572207176
218 2.079676231004861
219 1.003409980199955
220 0.41717566302974746
221 2.729921394291982
222 0.6686286739456437
223 8.58607141401791
224 0.8981744158647488
225 1.092398705682099
226 2.0859984035320407
227 0.5880077895993082
228 0.9499732860757906
229 0.5463867932495239
230 0.734860381833635
231 2.070332357758184
232 0.45639485367578586
233 0.05103250847550616
234 3.2568033439866895
235 0.6033786991659725
236 2.230036363450322
237 0.37922541075956934
238 0.23499319263686438
239 25.420897406479728
240 14.605243475333923
241 2.3336607154740387
242 3.238698073831402
243 0.43858961203472757
244 17.60418926930105
245 16.776534362193974
246 6.2856023555805525
247 0.9044340311964851
248 0.6685887155713592
249 0.13981013607799592
250 0.19884239733852943
251 3.8938299873341276
252 7.868814279079558
253 4.117071734331711
254 0.17178675792377332
255 0.9372410170220479
256 0.9981033024978005
257 2.1693353250367444
258 0.13950831553947524
259 2.509722389101142
260 7.1400397752152225
261 4.257578667305621
262 6.414538306250066
263 66.37146829142561
264 4.998610306213712
265 2.293187301371642
266 0.8972797169818244
267 0.7383673235935876
268 0.03319257467033146
269 6.700485081719782
270 1.1050200412483413
271 1.2242339957312558
272 0.4850528810506386
273 3.919197166346657
274 16.57952383077293
275 7.7457677172375385
276 3.1313506171029877
277 3.1906539775026763
278 0.592569054529726
279 4.6806504798197155
280 0.0046434197693854705
281 0.5726353827012243
282 1.1627366368713548
283 0.08906299246681898
284 3.6517615271901063
285 0.7662000693650821
286 0.5945494690054232
287 0.04674916685439103
288 0.44348609806164485
289 2.6840569206520093
290 101.97785383463457
291 1.6118695033528205
292 0.7471318976820474
293 2.9348693871393396
294 3.546246484632032
295 1.9905422030136104
296 3.5144541849249133
297 0.16424055666841544
298 1.1928018026422689
299 0.01638974301937222
300 16.702536330844595
301 1.8461930167381542
302 142.44876799821736
303 2.506869113007237
304 41.00010245222364
305 19.16891498986256
306 0.19943519089893955
307 0.8848796807081273
308 2.259272457151746
309 0.5978654348030221
310 0.69204742483032
311 1.2385158113079011
312 0.6766271469437417
313 0.06564998030519047
314 11.042403997131867
315 1.3669811573165156
316 34.993791497918636
317 3.1773712533711054
318 3.1583169866687983
319 5.101009541089394
320 3.659568801440824
321 0.47159768347887027
322 0.20437884849445356
323 0.34527647651100873
324 0.2911650613657107
325 79.45960627291711
326 3.0050021444098403
327 0.6178465532508585
328 12.784375346389755
329 1.577279130536547
330 1.7511249163155402
331 57.34797047521665
332 12.588259227601807
333 0.5856884067562468
334 3.538376095221648
335 1.5839765711911633
336 3.2921726704221537
337 26.103491085123142
338 35.24059731455775
339 0.03441177859897967
340 35.01789466920947
341 1.3977102689536458
342 0.6301861110731167
343 2.1264783915253984
344 8.553711484277969
345 1.7365019995385629
346 0.9970524272629805
347 0.8224004747061261
348 0.6383747983893646
349 2.2676730207564595
350 0.5202520147356489
351 3.4322248587296977
352 2.475883532216159
353 0.866002107663589
354 2.2869002565970167
355 0.9450367166374172
356 0.7371923931888954
357 1.4426388317481018
358 7.508767510548647
359 0.7550700449356728
360 2.105223309790049
361 1.980213066389181
362 0.05929985079493545
363 0.673069863967174
364 0.4166608527490691
365 0.620835260470263
366 0.26173720675629264
367 1.4470717725507467
368 0.6998419072355552
369 0.8317100136320333
370 12.748197901708364
371 6.5830097291914855
372 13.008754794325709
373 0.9283530645996106
374 2.627794613216705
375 0.23514814964882433
376 0.02178386161239073
377 0.538164912824461
378 6.71617513235019
379 0.004731651438192498
380 0.09186286411378008
381 1.9999036731272237
382 1.837359017456472
383 15.61953689432075
384 0.3680044083810518
385 0.1848986820203515
386 0.12112166274309417
387 0.040099915089706256
388 0.4785046743325699
389 5.336984174136639
390 1.1505294012421947
391 0.19169493345672442
392 0.8308843580615513
393 0.19482259679486078
394 0.24282118633012895
395 5.195008414603717
396 1.2602116087808424
397 0.9804051678433898
398 3.904950465424011
399 1.2489863399019392
400 2.8813822889078113
401 0.29307494414702895
402 0.21403727868035416
403 15.344578851062268
404 0.7437676157703925
405 0.1422633755059081
406 6.465583972708569
407 3.153510031526114
408 2.252241563017106
409 0.631262701120643
410 2.1879565054374894
411 6.346425851812907
412 8.493836626407466
413 0.0028429956309722506
414 2.2386311762173747
415 1.7093731323797914
416 2.5756996244110058
417 1.8247123852430676
418 0.13462014520320775
419 2.6124494642192198
420 0.9982158582710197
421 0.5896508860931527
422 1.158610543392031
423 0.24185551740513134
424 0.42042094947494835
425 0.0073093510840216225
426 0.0035972068836543393
427 0.1995608401692714
428 1.0014999034232093
429 18.5706667623288
430 0.13808633625875064
431 1.3703741723528837
432 0.1907336035144447
433 1.5319691457257198
434 0.11620242130658986
435 11.383644539167337
436 5.2822209798715365
437 2.126199413718165
438 0.9692146516357014
439 0.015669944293370052
440 0.22383952273894506
441 0.30483918433777857
442 2.329471830287395
443 0.3493027375856225
444 3.3488898012033004
445 0.2467123151650452
446 35.78390436233001
447 0.4946035550724769
448 3.6180349111726273
449 7.05826389765546
450 0.11586714690763672
451 20.461624324612234
452 1.7321405831625267
453 3.6173681562131113
454 0.034703333517965146
455 25.542627641878134
456 28.23641753229063
457 1.0386156596238445
458 1.259596643703949
459 3.8169063201822593
460 0.6553574270575938
461 0.06702396435155276
462 0.2158501363311529
463 0.07859055918374672
464 0.04698062644236201
465 0.8829862453940117
466 0.04346658858312721
467 0.8451064127996256
468 1.3117715118324842
469 1.0019575958089804
470 0.42881479684901985
471 0.9152867381727873
472 1.0955245618835212
473 1.0363451888467674
474 0.5425306462759032
475 5.641393518014682
476 402.9391848564507
477 0.09377550071672913
478 0.4380720586008572
479 2.756911328649392
480 1.1715417653639997
481 2.404804204333235
482 0.6007356712239343
483 22.60770253339715
484 1.756904208740751
485 3.1177608070602774
486 3.0586392652822347
487 5.324047764253087
488 1.04517985523308
489 5.424852406053384
490 0.10877771876167727
491 0.5983407353347425
492 1.8264578385611827
493 0.6334343521481288
494 1.6054691868139797
495 1.4003366238731008
496 0.47722227157848096
497 1.129277838472741
498 8.31270333648967
499 0.002284205242889195
500 2.1559251322465873
501 2.840634742477006
502 1.4105771751931775
503 0.22418689070431722
504 1.6857803585272317
505 0.5042861211413481
506 12.18697950389183
507 0.5351211476718506
508 0.6458358744718072
509 0.33838734784143615
510 0.08292254129047155
511 0.14810289390479306
512 55.27144739058431
513 1.0104118732510803
514 0.4013820109432202
515 4.204969949613353
516 0.2815652782453246
517 1.047857104329267
518 1.1511596360669722
519 0.34303936881014613
520 0.2099415783317003
521 2.526291149153168
522 8.1283708234015
523 0.19527506902496197
524 1.548225016600113
525 0.40838185215233375
526 0.18216355942448365
527 0.2225292939748627
528 1.2961233922396067
529 4.858619311192299
530 1.9417051825726555
531 129.4520769782365
532 7.778065224258209
533 0.35323265791229436
534 0.5325317867336226
535 18.17540817725964
536 1.1178997574523677
537 0.689691924043518
538 0.26831556339194546
539 0.21950788693781995
540 0.5052724606547538
541 0.24146388662505258
542 0.01772943779846714
543 0.6709916576058675
544 1.7716465942829294
545 1.8097725811035719
546 4.783765168749021
547 9.135378144118999
548 2.823008254609423
549 39.622550774654364
550 0.04019670078617472
551 0.9894852183902615
552 1.6563699695820235
553 0.968106789880524
554 1.0636440273153267
555 4.940965502382391
556 0.35531676611845914
557 1.6070234856934311
558 0.5356445805673874
559 3.236034707611675
560 0.15776037362708376
561 0.7702697643710489
562 1.1658056057644641
563 15.345236241575728
564 2.1728867817854103
565 4.1914885393026555
566 2.245332339994247
567 0.05210550051033156
568 4.767009160955743
569 0.059343329805662044
570 2.742493650676323
571 3.0394783911506877
572 0.1561069057679048
573 1.4694525527264872
574 0.6487780329217088
575 8.739806196236296
576 0.45886094658961024
577 1.33282879360482
578 1.1392713112302522
579 0.8679352088351387
580 1.0870720588794214
581 4.510530921494565
582 0.1192252395692058
583 0.6954348515205118
584 0.3590425604009867
585 1.4750811523008904
586 4.028820532357381
587 0.3340941529768014
588 0.8235339767263281
589 4.951827791568838
590 3.9179806767562693
591 7.713181920190914
592 0.48035401126350796
593 0.0031305311382559607
594 8.869132637073518
595 2.0430411128146124
596 0.03403172100615964
597 0.21508648739658506
598 2.1874817199241474
599 0.05068728300863579
600 3.0979778635187727
601 0.22938905592649614
602 0.07158212494808074
603 0.44222339943338923
604 1.5713219472334716
605 1.7861308274684133
606 6.828316413182251
607 0.8951207121416944
608 0.288986987653839
609 0.3080693811061859
610 0.5862684828784285
611 0.14771892198578238
612 1.218734124019965
613 0.5787226671463191
614 7.4497168018919195
615 10.595728982779313
616 0.017233605581583607
617 0.42252333271682224
618 1.8214439414509402
619 1.0285216111020474
620 9.28037520266053
621 3.808392097906304
622 0.03953340170435846
623 0.4754626016582128
624 0.0007354728896424243
625 0.11164220915712816
626 0.9975800982651459
627 2.576463415178962
628 1.5698214237412227
629 0.5613025511307965
630 0.14247607927011513
631 1.1478803675436822
632 2.873894181640076
633 2.2573814227928013
634 0.10957251755535259
635 1.0814177336850888
636 2.9936005690446925
637 0.06513379889188055
638 3.13217929244353
639 0.7261113130975708
640 0.7049922894307336
641 0.13797590416622998
642 2.779823391405551
643 5.608823432441263
644 0.3379353449944389
645 0.2676183109737557
646 0.037031105469874495
647 1.2719934309130287
648 2.098157860361222
649 0.9607309155020716
650 5.811702470823916
651 1.3518047501188464
652 0.7329916926736528
653 14.806610931353969
654 2.68424420532198
655 0.023528365116278357
656 0.8442898331960742
657 2.6346253076223536
658 0.5134212854065608
659 4.409223626705128
660 0.06541196873604303
661 0.349942780159982
662 0.15846998548466187
663 0.08405260702215606
664 1.575000065871188
665 0.46247144941375434
666 0.04894294453884771
667 1.233521951118793
668 0.16088222700209395
669 0.6912668818125095
670 1.8572713177751736
671 1.0976854744200268
672 0.02089594194411336
673 1.1891309255629445
674 1.83935808702501
675 0.31145329881968536
676 2.0729932816551657
677 0.3672444398735648
678 0.6019832965598771
679 0.8703120568552113
680 16.953737502029604
681 2039.253725338151
682 0.15602022697596216
683 0.24853403910206648
684 0.12207859724649542
685 0.29790985319700874
686 1.0621415092186661
687 0.05472002875335442
688 1.5545300716275308
689 2.890646581606241
690 0.5913928085547583
691 0.6515740354751731
692 1.0341885478922432
693 1.100109717141374
694 0.0012542896248564108
695 19.833191723109643
696 0.8387789133311185
697 2.7014569075162336
698 0.17613861511804318
699 2.4166997343058156
700 0.3832329934855498
701 0.13473994626928182
702 1.6930511088393219
703 1.2515212405996374
704 1.4722459247183597
705 0.29332834004320824
706 2.2107667900396457
707 0.3043542364504953
708 1.216807219334442
709 48.36308512693229
710 0.3887530657579106
711 1.958025890819852
712 74.01937031713601
713 1.1508705367026777
714 0.01477975697992733
715 2.7083450066943895
716 2.7910093575396417
717 1.8815600403866033
718 50.832704966539445
719 1.1412605818204367
720 0.49372582701459633
721 0.05529886809449358
722 12.055579584357876
723 68.72170961130821
724 0.28772718537638386
725 0.26227293601323065
726 19.457041770858357
727 0.5579536771703231
728 0.6608454590232921
729 2.977550419856151
730 0.7879158553247806
731 0.14680457681342798
732 1.3575740282508273
733 1.6483975415408822
734 0.016204557126712267
735 2.639075716164853
736 1.141135969657464
737 4.3732158152756755
738 11.725729678177146
739 0.7544292487764457
740 0.40240137268265463
741 1.3669194652838594
742 1.317902646303554
743 1.1757951998143723
744 0.792139697661304
745 0.428769637667517
746 0.06616901631847415
747 0.4146880512647629
748 3.220954291109575
749 1.046670946598936
750 1.6902908269466892
751 7.667172202642252
752 0.2699707392400063
753 0.3280928101003341
754 1.0405522150257749
755 0.7789803596381354
756 3.8794922078906584
757 0.2476634305946279
758 1.5727783254860899
759 0.6612472767583676
760 11.794060777282898
761 1.2831464612643448
762 0.36991629700625034
763 0.3040701485246037
764 0.3113677425838274
765 0.259266421638831
766 0.33656193339603785
767 0.045919351276146714
768 1.7565214557715354
769 1.2936463937822715
770 0.3380932817234821
771 0.3083858000371153
772 19.911347709377313
773 0.012845241941176875
774 1.578633821326414
775 0.1858110484104375
776 3.5546123315475815
777 0.2746880365795071
778 6.346623642087044
779 0.7872035571857854
780 0.39039492399715225
781 0.7239345674159596
782 5.908727323829554
783 1.7735322288636104
784 7.416398185741143
785 0.28180245019629174
786 0.0035390316084683796
787 0.7527738738815674
788 50.78920306503836
789 60.08510109999268
790 0.3893512488846872
791 5.59523196695084
792 0.6010958275743368
793 1.1793548159578473
794 2.3221166112366856
795 0.3610550089243705
796 7.749429658532676
797 0.12680106935833768
798 0.19956329482679405
799 0.1847147042578743
800 142.78104654758812
801 15.320037696945729
802 88.81638624038105
803 1.368579522313232
804 2.649246055693481
805 2.066925269503574
806 12.460103868991833
807 1.512527307244191
808 1.8330769243359164
809 51.09007148083733
810 48.60985917198099
811 1.0153406400056713
812 1.6464665414437731
813 0.712867932149758
814 3.174648254132215
815 2.4432053328264853
816 1.494348298881731
817 0.27940488418312215
818 0.13515276930270198
819 0.44368236063756256
820 11.356870534803083
821 0.12022811282571923
822 2.6499684291877297
823 3.356598962139307
824 0.638259593691813
825 9.629332309083305
826 2.852271529400342
827 0.7978756373785345
828 11.528453871433106
829 0.5097931509644379
830 0.4657407695094677
831 0.3854515343145844
832 0.42173632617107326
833 0.20732362371863122
834 9.700876146612417
835 0.16863290461664687
836 4.622271705731579
837 0.03332270462440637
838 0.9275791169336622
839 0.10764186751560254
840 0.15870060179202766
841 0.6870441722402434
842 1.8314850237422002
843 1.055743397788768
844 2.0494111486826925
845 5.169540883892944
846 0.5193109296066459
847 0.2944373605887362
848 0.06218753359319703
849 0.27737132712233376
850 0.8453008947127656
851 1.5844581509906446
852 0.08979894582904425
853 5.415191817943363
854 0.26359593350122595
855 1.864636273892353
856 0.24481007072771777
857 1.8453857977138148
858 8.323983965166105
859 7.89323436263328
860 5.99064464193587
861 4.98698559921106
862 0.12167453640287458
863 0.13416960785896087
864 1.4620772715064907
865 0.5775882434877544
866 0.272679297578096
867 1.8689651815341242
868 0.24819844829146148
869 0.7766708501770827
870 0.37475095995743096
871 0.1575563820329014
872 0.7368983197911716
873 0.9845520603498424
874 14.643623740462607
875 1.276864241341367
876 0.42893681678061535
877 3.196774928157898
878 0.8427607348659504
879 0.39447644396137027
880 5.324458334198919
881 1.537239160536581
882 0.023324218850559648
883 0.009235268359660471
884 2.931273690165282
885 5.542695233491948
886 0.23935169732006842
887 1.4710474489995005
888 1.6962029718917668
889 45.34553354400159
890 0.38475633506601575
891 0.3450697742420231
892 1.6243277198569241
893 0.14444672338267178
894 19.69560429785702
895 3.994844271038928
896 0.8506409697370819
897 1.4795097234086168
898 1.2060039221835563
899 1.4269077824486383
900 0.3762449281481377
901 1.986070501337346
902 0.3531258479746511
903 0.6643401548875354
904 0.14105693748648093
905 2.5857733506103195
906 13.625958738095177
907 0.10320119051207073
908 0.17887745842752187
909 1.893738346002446
910 2.0586702286650747
911 0.08353223866004858
912 0.12751862737877284
913 0.1442063076899589
914 2.6011471073215393
915 5.123871181527531
916 0.806477625841555
917 0.5658581019978697
918 1.0099096257931248
919 2.7931790596377684
920 2.7262966190961886
921 4.120957522727573
922 0.358674940014373
923 1.8585877754792834
924 1.5725355783420512
925 0.03766216030056336
926 0.24278260517284872
927 6.493443933968892
928 0.0593210611773655
929 2.2502130458159186
930 0.6095165224581335
931 0.17131924941142512
932 5.835148249559325
933 0.4048635439210348
934 0.9290624856423771
935 0.1111484087671545
936 1.927260036622668
937 0.8800885007377663
938 2.294678542183104
939 0.34318386808636986
940 52.29905973583437
941 0.4206040057282221
942 17.913705212703835
943 0.2940556823592184
944 0.9340922160406736
945 0.65359949671511
946 3.224573103901062
947 3.968102905209374
948 3.351015157091732
949 3.872541777763283
950 0.11473711733126142
951 0.8825509612637144
952 0.7007389988356413
953 0.3939829075722588
954 0.10774969540908438
955 0.8096425717172012
956 0.20440607191255433
957 0.4555139288840799
958 0.1115705228602864
959 0.4209019272148418
960 0.3397923948223194
961 0.5036004464127825
962 1.1990127524684955
963 0.7283567868882181
964 1.0301565862930289
965 1.1075788939893987
966 4.113672971864841
967 0.037240864280267884
968 43.97725202867382
969 1.3859526951720893
970 0.3054792550726039
971 2.0606642098164394
972 3.8144096333266027
973 9.421709566958341
974 2.597455073830047
975 0.17178896462009524
976 1631.4668696740455
977 1.1561845255508463
978 0.14909199730924672
979 1.938690222939086
980 0.36916299770608074
981 0.44743289357349536
982 0.4725977887919501
983 8.865753244741367
984 0.999594261948535
985 0.8954833612975551
986 0.7009092045203622
987 1.881462046670017
988 0.314126731362212
989 3.102585218326275
990 0.5540958050459196
991 0.1539727310397444
992 0.8664897592632183
993 0.5713798853552815
994 0.806373445908706
995 0.1454524100431539
996 2.133023434487935
997 1.7324353952047107
998 19.06619118492752
999 0.8914804252034862
1000 0.8216796173797241
