4 514 702 301 624
4 789 793 382 313
4 476 648 991 199
4 172 826 624 984
4 203 600 54 201
4 756 990 292 620
4 937 394 341 102
4 386 143 876 976
4 970 590 894 743
4 227 476 669 419
4 759 954 886 620
4 498 11 456 6
4 896 785 247 728
4 322 516 965 1
4 493 479 251 914
4 721 974 735 608
4 198 278 620 651
4 463 153 689 59
4 361 173 354 154
4 656 153 483 125
4 259 918 617 327
4 648 870 41 897
4 137 929 937 572
4 762 387 312 147
4 344 922 303 798
4 767 673 529 256
4 832 763 186 155
4 789 827 325 445
4 333 358 380 979
4 292 409 948 587
4 128 188 318 181
4 212 441 394 479
4 661 134 423 712
4 208 830 500 482
4 335 164 134 523
4 656 53 878 815
4 285 720 233 655
4 163 914 781 700
4 227 351 622 82
4 504 858 804 620
4 865 488 308 74
4 925 714 183 874
4 432 968 586 414
4 906 384 440 357
4 378 415 411 102
4 353 299 791 483
4 594 179 287 627
4 848 593 820 240
4 744 628 543 61
4 384 798 277 953
4 531 510 57 833
4 324 599 122 973
4 694 499 288 18
4 554 117 564 575
4 738 898 995 841
4 566 185 863 979
4 709 624 184 252
4 417 825 241 414
4 738 219 863 660
4 145 459 445 745
4 19 809 581 990
4 202 722 259 71
4 454 616 589 970
4 795 215 641 971
4 151 5 702 599
4 476 232 646 362
4 313 911 408 832
4 859 243 693 638
4 554 142 461 355
4 305 46 889 976
4 514 568 278 256
4 21 655 153 692
4 309 72 598 306
4 54 634 263 147
4 882 526 197 640
4 386 437 126 298
4 36 726 728 727
4 165 98 952 453
4 451 790 668 934
4 105 352 104 237
4 87 184 35 470
4 548 540 905 53
4 752 860 529 966
4 869 251 852 916
4 125 32 426 905
4 601 607 835 305
4 698 297 777 318
4 442 621 644 634
4 625 926 89 533
4 803 314 721 347
4 836 608 950 697
4 707 616 407 615
4 370 188 66 267
4 622 685 668 273
4 114 336 484 9
4 519 796 559 858
4 558 630 839 835
4 240 607 915 359
4 135 100 582 894
4 720 314 280 974
4 619 2 670 141
4 80 521 407 325
4 811 631 712 914
4 357 704 55 91
4 311 530 722 378
4 132 149 372 239
4 233 239 717 331
4 754 390 306 988
4 422 750 978 86
4 276 496 854 703
4 628 382 414 637
4 800 977 1000 812
4 227 429 806 813
4 429 805 963 701
4 326 936 904 2
4 571 731 826 215
4 361 414 62 668
4 777 162 540 150
4 543 952 175 288
4 195 14 543 277
4 923 79 301 720
4 524 235 197 816
4 300 310 377 252
4 212 95 296 444
4 271 750 90 962
4 411 162 238 919
4 806 543 438 41
4 935 918 281 25
4 462 351 590 391
4 69 67 434 950
4 218 757 740 624
4 595 642 378 175
4 718 309 676 601
4 26 247 149 134
4 344 136 17 511
4 218 946 608 92
4 970 700 6 917
4 710 177 527 557
4 455 949 807 6
4 592 24 497 810
4 405 29 127 632
4 29 193 517 412
4 315 553 951 329
4 132 429 884 349
4 719 541 19 581
4 265 65 999 53
4 767 100 885 851
4 961 461 772 109
4 826 825 20 973
4 716 65 238 477
4 366 283 88 603
4 204 98 872 653
4 391 537 805 338
4 151 354 647 680
4 276 522 670 428
4 175 714 701 105
4 417 166 56 23
4 548 761 76 952
4 192 279 924 935
4 505 292 173 446
4 213 738 902 490
4 687 267 165 270
4 448 190 274 242
4 848 961 638 796
4 620 69 692 74
4 756 996 143 523
4 511 629 674 152
4 89 781 965 748
4 762 170 860 474
4 531 15 969 841
4 151 5 872 722
4 965 280 899 546
4 886 639 239 687
4 694 700 402 690
4 155 95 161 516
4 323 69 215 616
4 78 831 972 419
4 751 504 832 136
4 241 375 262 42
4 470 239 370 746
4 323 672 46 818
4 745 85 306 710
4 84 102 946 766
4 454 778 676 331
4 970 873 639 327
4 377 678 948 996
4 169 352 613 988
4 575 932 533 700
4 720 247 990 365
4 902 565 168 434
4 628 372 981 411
4 132 636 558 89
4 305 184 61 681
4 227 929 741 348
4 910 854 940 273
4 231 275 468 517
4 440 184 829 903
4 683 8 720 905
4 22 856 805 989
4 872 804 383 959
4 518 225 978 894
4 202 151 57 978
4 391 908 588 693
4 116 808 549 654
4 96 390 116 103
4 477 565 459 971
4 429 184 997 54
4 762 191 698 888
4 107 959 992 253
4 153 692 807 356
4 405 446 467 936
4 277 590 413 473
4 202 571 137 560
4 896 723 801 797
4 445 997 923 695
4 827 221 956 628
4 1 975 334 656
4 218 669 72 957
4 510 501 527 301
4 844 394 599 838
4 503 347 77 331
4 1000 797 818 814
4 837 352 128 244
4 271 444 17 287
4 593 167 304 284
4 276 299 803 908
4 266 919 475 129
4 249 112 420 363
4 640 144 609 214
4 964 963 432 659
4 117 413 608 478
4 352 279 691 947
4 288 331 776 366
4 726 271 192 480
4 292 919 20 964
4 114 253 716 397
4 246 357 884 577
4 509 757 806 283
4 751 610 805 748
4 444 893 1000 687
4 547 728 589 254
4 569 102 443 272
4 432 79 605 647
4 94 945 164 212
4 58 108 964 437
4 283 494 47 861
4 194 833 392 595
4 344 546 768 825
4 751 845 917 658
4 143 835 10 297
4 731 396 920 854
4 744 399 803 22
4 15 387 91 905
4 978 665 425 20
4 563 956 77 767
4 185 735 604 955
4 460 663 526 977
4 194 498 748 663
4 260 7 183 287
4 387 276 492 226
4 214 512 710 727
4 379 8 862 739
4 163 396 450 406
4 226 538 941 937
4 462 106 212 453
4 913 162 272 641
4 456 99 977 312
4 51 536 296 993
4 753 641 175 576
4 963 110 525 916
4 5 630 183 690
4 650 489 646 999
4 204 932 942 534
4 67 621 676 590
4 511 771 197 583
4 224 393 149 779
4 537 42 258 339
4 344 321 315 812
4 489 3 241 965
4 65 490 965 495
4 44 556 31 66
4 12 445 23 885
4 94 409 581 167
4 265 158 705 85
4 142 439 578 152
4 573 53 382 124
4 322 922 503 477
4 571 814 104 468
4 756 636 874 503
4 169 283 430 184
4 486 165 6 742
4 562 695 311 912
4 521 934 840 736
4 194 15 470 201
4 786 14 885 245
4 126 586 566 727
4 281 68 365 884
4 544 29 258 878
4 369 28 300 941
4 568 252 449 203
4 696 84 919 140
4 710 19 34 983
4 1 643 912 104
4 885 645 534 828
4 288 652 498 657
4 231 712 451 430
4 549 793 833 316
4 220 201 213 284
4 966 751 773 138
4 125 729 304 122
4 286 615 234 643
4 572 367 779 769
4 834 920 710 919
4 360 193 7 468
4 450 573 314 213
4 503 17 371 249
4 759 911 462 987
4 782 241 70 899
4 187 52 390 484
4 342 965 820 749
4 333 108 656 738
4 983 222 272 774
4 33 449 1000 752
4 899 919 806 677
4 360 772 332 658
4 371 367 230 275
4 526 339 752 441
4 12 607 285 791
4 54 366 25 433
4 305 23 934 98
4 379 255 115 185
4 649 137 195 745
4 875 877 485 950
4 518 364 480 930
4 956 998 253 155
4 964 849 755 805
4 566 486 276 670
4 644 139 583 944
4 56 215 862 487
4 592 189 506 975
4 826 222 10 219
4 14 326 577 526
4 480 714 366 373
4 762 632 491 422
4 28 109 90 838
4 645 979 687 540
4 586 786 621 725
4 266 92 942 332
4 446 484 925 404
4 4 343 373 687
4 955 161 187 287
4 471 306 588 636
4 544 27 29 195
4 68 447 533 180
4 503 271 278 808
4 163 816 519 306
4 988 922 687 449
4 582 148 502 538
4 522 541 79 77
4 751 390 805 974
4 215 106 528 235
4 83 54 779 69
4 126 999 120 803
4 619 263 429 65
4 493 495 638 407
4 232 667 285 544
4 610 506 681 680
4 169 782 392 332
4 13 961 72 1
4 195 990 453 833
4 451 334 479 565
4 114 453 675 349
4 125 876 232 487
4 52 512 957 901
4 828 516 365 692
4 185 285 685 274
4 883 614 205 989
4 543 816 672 806
4 182 476 143 688
4 481 714 312 308
4 458 299 956 761
4 999 307 576 11
4 522 703 733 712
4 276 273 916 283
4 542 482 428 983
4 78 116 796 64
4 784 186 363 874
4 741 355 653 942
4 927 568 244 796
4 116 660 969 858
4 169 978 767 139
4 353 57 278 42
4 241 516 941 465
4 573 874 215 216
4 277 7 231 798
4 52 729 522 667
4 322 963 625 477
4 342 500 19 49
4 365 703 425 275
4 550 680 139 343
4 143 715 16 905
4 911 687 136 916
4 552 394 543 184
4 218 20 388 506
4 900 991 651 949
4 224 601 488 33
4 754 846 793 700
4 758 66 9 679
4 342 832 721 257
4 916 856 941 363
4 210 507 925 656
4 519 487 599 942
4 88 914 419 485
4 344 301 949 269
4 795 873 118 275
4 657 798 816 784
4 323 578 218 981
4 711 158 53 825
4 786 261 733 31
4 673 588 67 170
4 990 102 287 971
4 862 217 388 438
4 114 565 318 826
4 961 691 61 477
4 774 250 628 809
4 259 686 695 20
4 360 970 5 82
4 868 398 516 71
4 114 257 748 718
4 552 53 185 678
4 560 33 446 785
4 654 368 271 311
4 202 21 974 851
4 827 756 54 230
4 751 257 773 881
4 567 234 270 936
4 398 713 690 346
4 821 864 651 257
4 477 66 63 274
4 981 209 387 101
4 167 18 747 67
4 169 399 638 158
4 114 378 769 539
4 743 899 921 213
4 961 549 274 59
4 333 619 288 421
4 918 968 887 960
4 808 629 845 567
4 238 241 850 492
4 174 692 847 95
4 52 705 538 932
4 288 438 136 850
4 964 8 182 737
4 918 184 456 801
4 331 899 234 825
4 285 101 18 941
4 195 587 801 125
4 513 731 213 607
4 267 213 642 926
4 392 691 61 794
4 530 258 257 821
4 554 778 834 588
4 319 245 487 92
4 789 736 731 906
4 827 112 364 538
4 946 267 944 88
4 901 985 825 747
4 465 630 727 877
4 656 164 702 997
4 505 193 175 990
4 603 694 523 144
4 760 486 703 485
4 900 878 749 686
4 981 506 473 807
4 513 658 947 706
4 549 373 854 839
4 800 765 283 210
4 644 614 952 670
4 831 439 416 621
4 899 557 303 191
4 344 467 947 262
4 281 191 904 538
4 971 278 216 804
4 83 463 114 620
4 191 665 809 934
4 408 904 402 995
4 337 560 866 751
4 405 383 543 426
4 491 343 764 281
4 756 788 685 232
4 302 820 466 100
4 515 500 150 735
4 49 761 312 495
4 880 810 831 180
4 165 445 418 997
4 250 752 611 579
4 205 636 996 679
4 142 423 162 953
4 331 932 351 919
4 286 533 70 479
4 396 411 963 561
4 250 369 161 176
4 345 767 706 521
4 803 647 273 437
4 730 561 160 914
4 945 727 808 651
4 742 275 809 111
4 333 119 110 995
4 72 89 893 844
4 406 7 993 782
4 446 550 160 723
4 498 775 365 423
4 701 159 425 483
4 770 763 986 787
4 822 748 3 930
4 956 325 139 11
4 844 134 325 398
4 427 832 468 403
4 775 832 910 499
4 610 349 155 841
4 335 726 787 281
4 44 798 718 505
4 664 736 406 747
4 16 461 400 70
4 174 113 735 942
4 413 376 65 325
4 547 569 871 890
4 794 792 902 209
4 319 909 939 71
4 933 648 824 175
4 92 675 967 264
4 581 423 110 250
4 522 431 368 530
4 111 839 158 309
4 133 561 801 469
4 822 185 181 330
4 149 707 903 633
4 21 599 523 119
4 646 109 883 599
4 973 999 48 637
4 649 345 835 543
4 978 145 803 856
4 4 737 124 769
4 822 976 985 175
4 114 122 961 529
4 829 143 616 869
4 206 180 830 695
4 445 925 694 465
4 486 195 39 836
4 427 35 95 26
4 644 889 67 920
4 369 769 269 295
4 667 92 774 902
4 453 395 685 47
4 86 886 208 495
4 662 399 555 553
4 12 192 918 881
4 200 991 749 279
4 997 690 387 835
4 305 677 751 175
4 243 334 146 983
4 45 372 604 798
4 688 263 441 601
4 220 321 12 364
4 338 351 793 747
4 524 778 352 471
4 232 196 284 411
4 549 311 192 257
4 48 98 875 846
4 163 451 164 912
4 701 165 943 250
4 61 686 329 461
4 386 145 989 987
4 737 691 341 402
4 477 822 463 60
4 493 570 24 536
4 945 698 533 816
4 477 713 24 494
4 776 508 98 732
4 649 630 282 223
4 240 989 637 672
4 35 59 833 610
4 625 883 307 255
4 263 653 206 818
4 731 407 270 609
4 709 769 359 920
4 335 698 106 540
4 291 16 606 489
4 789 251 422 912
4 838 290 899 382
4 479 284 469 38
4 271 766 459 781
4 160 421 61 713
4 203 937 575 963
4 333 845 848 752
4 877 295 672 913
4 753 325 984 562
4 97 608 806 954
4 105 995 339 996
4 340 942 719 468
4 207 140 677 458
4 353 471 850 511
4 268 860 88 225
4 868 284 617 974
4 644 826 584 729
4 353 715 61 110
4 370 407 458 763
4 603 14 485 660
4 907 454 830 287
4 667 688 145 620
4 754 565 771 716
4 785 71 214 334
4 518 899 186 75
4 958 543 245 79
4 760 316 819 911
4 145 421 724 971
4 13 314 357 446
4 762 316 14 690
4 64 208 638 590
4 577 212 926 874
4 754 196 551 526
4 696 553 118 586
4 503 854 875 826
4 811 940 706 79
4 685 711 572 849
4 259 346 74 402
4 330 603 868 499
4 971 510 608 804
4 59 643 715 932
4 463 284 647 50
4 360 981 769 954
4 776 63 618 147
4 340 887 801 42
4 910 979 528 635
4 688 249 712 239
4 922 986 467 880
4 529 245 669 25
4 361 13 726 143
4 116 693 138 365
4 730 907 98 960
4 501 282 3 413
4 608 178 967 459
4 292 705 624 15
4 832 256 52 680
4 994 861 725 216
4 188 284 351 165
4 396 364 928 865
4 869 771 413 716
4 549 728 741 419
4 345 364 753 336
4 715 840 979 380
4 603 567 831 637
4 481 794 370 166
4 937 435 729 505
4 899 828 399 380
4 573 713 131 796
4 638 631 652 186
4 344 449 692 609
4 719 935 574 280
4 15 252 829 509
4 730 778 261 242
4 13 617 551 521
4 803 456 257 928
4 549 494 917 591
4 124 158 735 835
4 929 949 34 580
4 537 555 589 920
4 277 503 755 984
4 956 235 799 906
4 692 411 584 858
4 548 968 213 734
4 548 192 943 794
4 344 834 851 693
4 824 103 599 110
4 470 367 466 881
4 351 687 374 249
4 739 485 919 856
4 721 724 887 495
4 649 697 391 694
4 582 165 727 618
4 539 777 392 442
4 893 256 477 679
4 422 239 603 127
4 144 442 969 924
4 758 632 600 19
4 518 315 243 902
4 682 560 712 536
4 883 484 725 363
4 77 624 468 250
4 203 717 688 672
4 347 883 749 579
4 36 119 856 490
4 59 37 469 435
4 744 165 301 7
4 560 304 173 310
4 924 979 439 890
4 784 664 663 307
4 696 216 555 235
4 504 526 991 245
4 478 250 469 856
4 135 967 601 664
4 138 781 950 991
4 927 370 853 455
4 108 981 469 802
4 933 259 958 635
4 535 384 309 15
4 813 529 351 412
4 78 731 306 212
4 132 461 199 413
4 813 971 650 851
4 266 88 937 899
4 961 660 792 451
4 479 263 947 995
4 619 722 183 618
4 452 369 933 377
4 613 78 155 301
4 570 563 575 108
4 662 244 959 921
4 153 484 543 608
4 581 991 397 584
4 591 352 589 900
4 994 465 380 810
4 237 321 928 216
4 381 678 801 375
4 925 694 251 13
4 857 847 260 238
4 828 858 786 972
4 126 51 800 271
4 848 407 177 892
4 841 294 893 543
4 132 959 259 556
4 853 537 354 106
4 324 69 661 433
4 586 617 807 201
4 800 855 716 233
4 640 380 853 71
4 813 818 594 589
4 45 309 275 782
4 286 617 148 509
4 242 888 266 872
4 758 809 949 188
4 574 264 961 37
4 807 507 722 98
4 730 792 825 868
4 936 159 532 506
4 4 551 96 599
4 869 457 322 131
4 36 547 71 423
4 566 451 928 117
4 722 630 792 561
4 246 370 325 959
4 831 768 700 705
4 827 74 41 736
4 936 151 275 985
4 844 635 388 116
4 667 707 349 364
4 703 394 724 866
4 101 901 943 363
4 528 999 467 626
4 807 487 245 317
4 709 603 979 197
4 36 565 349 150
4 709 23 590 602
4 784 478 475 728
4 303 253 935 145
4 313 129 456 424
4 14 166 850 738
4 996 704 521 933
4 228 14 812 252
4 513 320 198 720
4 405 262 936 430
4 639 195 160 375
4 344 838 879 747
4 362 767 258 857
4 37 954 849 816
4 104 523 404 854
4 758 329 356 266
4 612 641 422 284
4 120 48 303 593
4 796 797 840 472
4 13 305 33 758
4 716 252 467 177
4 451 448 867 177
4 301 607 210 222
4 730 197 721 154
4 859 6 362 316
4 982 541 643 9
4 436 251 92 558
4 370 390 971 241
4 45 212 131 752
4 249 726 681 974
4 787 37 561 532
4 241 136 67 428
4 721 487 1000 336
4 738 745 53 924
4 887 456 100 881
4 893 489 330 577
4 822 510 325 241
4 182 9 399 121
4 918 952 100 937
4 62 48 980 240
4 783 840 784 613
4 799 410 121 728
4 477 721 97 127
4 161 100 394 794
4 105 4 90 974
4 174 21 278 600
4 218 219 866 505
4 784 952 453 115
4 962 926 547 976
4 676 842 702 29
4 110 352 808 983
4 444 287 88 357
4 361 963 867 713
4 167 930 348 376
4 486 231 278 165
4 708 543 872 79
4 416 302 516 483
4 314 238 741 128
4 200 75 677 424
4 455 347 141 705
4 157 838 374 773
4 330 373 798 400
4 563 247 45 482
4 498 695 895 307
4 169 727 992 801
4 743 355 926 738
4 899 439 826 311
4 294 896 152 913
4 246 171 912 65
4 324 546 291 289
4 993 357 273 59
4 903 75 591 250
4 716 465 931 787
4 837 299 694 888
4 852 109 96 882
4 966 853 835 926
4 289 123 197 823
4 868 64 861 375
4 361 640 347 955
4 54 77 626 262
4 16 375 269 861
4 574 152 867 339
4 462 298 43 858
4 52 283 539 408
4 27 135 585 244
4 271 187 11 713
4 346 107 884 804
4 776 948 263 312
4 837 953 450 673
4 750 264 775 521
4 200 855 10 814
4 759 842 335 653
4 83 740 1 114
4 246 320 456 881
4 711 815 226 958
4 918 19 297 763
4 592 892 723 867
4 337 464 375 10
4 615 233 618 829
4 874 46 686 435
4 744 170 65 597
4 379 7 846 226
4 575 966 299 108
4 900 604 61 400
4 185 515 273 677
4 918 418 929 770
4 13 284 21 505
4 949 634 339 852
4 138 746 713 410
4 246 434 955 176
4 405 154 99 871
4 481 347 523 665
4 64 801 870 586
4 85 473 952 342
4 144 470 832 785
4 493 80 703 947
4 713 913 395 28
4 865 654 700 464
4 937 188 662 546
4 546 86 186 320
4 937 25 303 194
4 305 612 163 183
4 698 823 19 249
4 568 14 800 301
4 330 262 304 765
4 923 77 502 604
4 35 312 907 871
4 133 610 223 963
4 403 752 298 274
4 169 293 479 878
4 958 679 223 911
4 27 776 434 791
4 753 725 112 686
4 868 872 439 184
4 38 105 406 241
4 138 384 792 316
4 260 460 138 506
4 549 436 67 744
4 614 575 140 567
4 548 209 120 594
4 656 99 314 163
4 286 709 934 547
4 391 448 861 65
4 586 849 179 245
4 460 604 512 69
4 220 397 880 38
4 465 867 382 142
4 357 730 431 355
4 625 195 745 924
4 436 871 89 842
4 552 469 13 105
4 556 138 839 779
4 278 684 423 564
4 360 148 233 887
4 948 940 672 90
4 542 197 613 413
4 803 625 949 352
4 560 705 673 686
4 840 578 523 89
4 794 223 183 636
4 937 520 982 994
4 628 632 49 583
4 203 986 318 267
4 838 863 140 384
4 472 106 149 791
4 200 895 319 550
4 276 16 740 854
4 141 124 587 976
4 661 950 607 207
4 302 97 200 759
4 674 899 952 475
4 947 108 159 686
4 345 590 382 732
4 267 892 779 266
4 574 7 655 424
4 685 987 365 316
4 491 863 591 17
4 513 219 892 818
4 877 922 958 99
4 796 199 317 53
4 910 943 139 4
4 474 629 43 431
4 228 383 334 70
4 151 544 316 667
4 684 578 781 248
4 990 283 457 742
4 454 868 697 243
4 992 179 958 207
4 946 41 200 244
4 911 233 143 793
4 300 252 983 57
4 340 153 962 484
4 443 402 397 741
4 42 849 233 825
4 619 66 161 609
4 64 59 17 580
4 177 139 167 109
4 612 141 325 239
4 707 811 984 860
4 661 723 150 926
4 292 614 776 819
4 574 340 551 27
4 518 195 76 146
4 52 581 41 870
4 625 241 390 813
4 840 685 487 864
4 598 783 50 813
4 302 236 207 260
4 21 748 842 703
4 994 557 626 678
4 701 764 580 759
4 972 432 142 112
4 542 357 433 992
4 837 711 188 209
4 920 597 630 974
4 452 397 425 338
4 815 255 28 850
4 94 363 631 600
4 661 259 103 312
4 678 709 212 853
4 458 748 331 515
4 368 970 217 745
4 754 769 518 440
4 906 943 909 928
4 172 216 438 402
4 155 441 809 816
4 467 441 63 177
4 917 420 261 210
4 282 419 453 903
4 605 804 483 841
4 360 955 471 493
4 983 838 809 948
4 454 326 461 223
4 305 694 102 993
4 833 811 854 506
4 361 508 37 370
4 227 560 957 510
4 788 525 889 85
4 230 599 105 590
