4 250 150 795 912
4 38 3 672 314
4 404 426 332 378
4 415 924 616 305
4 829 958 941 803
4 579 648 144 884
4 815 187 287 663
4 130 315 853 103
4 556 16 688 447
4 421 876 680 126
4 651 10 575 456
4 819 97 436 35
4 198 8 127 700
4 767 615 939 758
4 386 780 351 972
4 897 393 235 545
4 968 275 833 38
4 108 930 87 945
4 203 789 681 919
4 715 99 350 990
4 653 840 423 993
4 475 516 411 419
4 823 53 103 114
4 724 832 275 764
4 419 338 29 817
4 980 261 358 155
4 450 303 316 451
4 105 594 911 795
4 856 688 356 100
4 255 885 440 40
4 237 896 513 989
4 282 710 327 514
4 811 680 122 870
4 806 428 256 22
4 328 988 424 789
4 638 383 679 682
4 187 876 311 422
4 385 627 609 630
4 450 676 772 71
4 636 202 824 172
4 683 247 495 260
4 760 46 816 311
4 101 531 447 199
4 873 539 292 255
4 934 263 678 958
4 135 626 843 182
4 944 227 570 804
4 669 75 166 513
4 340 189 271 589
4 844 131 394 524
4 781 341 297 467
4 578 687 986 542
4 799 317 817 44
4 72 65 947 555
4 895 995 520 257
4 280 282 281 124
4 664 882 441 308
4 438 549 334 198
4 362 834 158 995
4 108 374 624 438
4 641 480 281 880
4 567 142 281 480
4 631 159 802 861
4 356 71 423 124
4 650 620 298 668
4 348 192 47 628
4 273 709 58 609
4 839 322 304 820
4 968 820 356 912
4 933 623 749 459
4 735 512 921 575
4 874 360 949 26
4 114 510 24 939
4 153 191 852 38
4 804 441 723 114
4 404 285 926 758
4 210 204 135 404
4 959 558 172 878
4 862 534 57 201
4 998 671 915 730
4 93 432 644 556
4 877 896 884 882
4 438 820 104 817
4 101 316 35 164
4 573 385 467 79
4 217 914 278 247
4 897 222 551 941
4 147 909 44 653
4 613 281 687 638
4 211 930 710 910
4 712 753 414 673
4 573 598 665 562
4 444 129 224 181
4 455 463 512 902
4 66 800 303 697
4 451 56 742 475
4 631 482 309 830
4 31 823 904 552
4 260 241 47 483
4 595 256 680 568
4 398 534 503 468
4 874 3 64 825
4 812 738 927 127
4 510 886 339 287
4 915 827 505 698
4 93 219 378 653
4 567 764 424 912
4 56 560 9 714
4 711 533 67 705
4 292 843 965 470
4 465 302 626 608
4 485 405 530 49
4 112 777 23 666
4 744 950 784 700
4 471 889 914 96
4 923 940 608 977
4 594 182 356 71
4 50 309 958 318
4 33 968 467 111
4 363 694 952 31
4 340 425 73 28
4 831 629 263 405
4 745 544 295 732
4 427 482 775 548
4 135 855 181 299
4 596 920 351 420
4 309 365 173 863
4 153 869 10 107
4 8 172 791 60
4 81 509 710 880
4 212 721 551 259
4 94 141 796 146
4 370 695 88 914
4 669 904 109 183
4 695 895 152 244
4 639 613 510 752
4 695 424 188 169
4 177 768 714 155
4 510 298 854 191
4 133 715 735 946
4 523 951 809 657
4 36 277 976 931
4 623 532 494 719
4 910 979 700 853
4 913 943 44 129
4 248 675 295 489
4 225 620 656 137
4 260 37 216 228
4 638 567 374 63
4 304 757 464 244
4 88 883 135 67
4 451 555 643 716
4 410 39 138 644
4 33 921 805 349
4 379 673 65 944
4 640 696 322 676
4 971 108 625 981
4 475 741 629 168
4 194 319 610 293
4 587 208 637 899
4 222 836 109 669
4 884 266 868 22
4 762 282 708 158
4 56 775 674 458
4 326 302 733 620
4 274 349 941 103
4 838 930 803 173
4 853 866 714 712
4 68 71 675 750
4 177 754 909 546
4 98 716 582 6
4 112 5 476 486
4 781 880 600 226
4 37 142 760 986
4 968 398 427 943
4 640 322 603 735
4 493 495 839 647
4 531 406 219 239
4 108 225 115 692
4 751 755 46 470
4 813 7 926 470
4 445 921 205 288
4 940 220 621 687
4 847 454 501 468
4 834 75 352 524
4 308 290 621 936
4 455 68 428 596
4 934 267 906 298
4 604 480 646 125
4 160 265 424 431
4 462 742 589 492
4 414 248 166 41
4 875 946 968 563
4 61 427 603 586
4 538 535 891 542
4 375 308 356 648
4 179 181 495 403
4 722 859 391 97
4 362 988 696 559
4 502 987 265 532
4 717 659 430 468
4 683 92 281 769
4 886 826 66 916
4 969 582 131 323
4 963 107 381 630
4 676 414 350 955
4 886 603 745 774
4 887 70 84 815
4 370 266 774 212
4 552 408 279 350
4 659 507 67 885
4 12 389 396 614
4 199 68 423 990
4 989 476 586 885
4 199 230 159 996
4 410 358 329 408
4 235 169 470 460
4 82 453 163 903
4 497 124 639 970
4 475 793 37 761
4 9 981 546 164
4 88 734 79 53
4 56 570 580 655
4 724 16 830 247
4 406 768 980 965
4 145 601 885 649
4 274 549 416 355
4 955 18 165 336
4 554 131 104 946
4 95 57 940 461
4 516 689 930 730
4 228 588 925 124
4 86 845 521 429
4 683 579 733 678
4 29 617 962 500
4 643 625 984 83
4 56 741 587 883
4 315 727 166 487
4 8 616 590 101
4 434 504 546 693
4 878 276 522 586
4 925 395 943 991
4 360 610 689 102
4 222 138 50 346
4 881 763 704 403
4 954 169 165 582
4 471 355 943 190
4 433 8 438 974
4 357 673 157 963
4 30 558 75 40
4 494 713 879 184
4 751 205 607 194
4 262 914 17 869
4 371 759 14 96
4 77 382 44 8
4 902 946 288 943
4 941 769 692 579
4 595 712 924 295
4 435 329 805 792
4 847 155 233 525
4 547 506 174 898
4 351 175 383 551
4 121 584 839 411
4 851 646 565 648
4 472 143 384 118
4 654 741 382 983
4 872 828 770 700
4 862 949 478 528
4 193 829 974 144
4 497 381 570 507
4 236 738 324 755
4 274 147 417 800
4 835 286 715 264
4 560 247 494 481
4 947 169 760 299
4 361 768 541 483
4 992 990 808 664
4 469 879 269 4
4 180 890 200 536
4 914 390 300 295
4 76 423 327 783
4 185 830 206 545
4 310 62 218 580
4 1 311 751 904
4 150 8 935 993
4 655 831 165 650
4 782 47 431 856
4 845 816 65 790
4 831 264 691 618
4 578 689 287 226
4 397 172 720 439
4 408 297 79 403
4 225 65 529 849
4 40 249 97 554
4 999 109 945 357
4 845 562 520 144
4 714 603 570 731
4 348 405 616 374
4 854 551 946 742
4 339 196 480 834
4 124 224 488 716
4 774 860 129 548
4 728 440 49 288
4 840 28 534 511
4 648 165 996 420
4 333 135 421 148
4 390 611 688 303
4 309 633 263 824
4 391 884 616 309
4 66 985 473 550
4 493 586 147 269
4 728 310 168 208
4 267 989 869 133
4 525 102 533 909
4 481 235 983 758
4 664 449 207 312
4 971 249 737 8
4 176 331 289 191
4 724 382 195 263
4 719 597 262 785
4 193 71 727 288
4 733 135 757 634
4 360 687 183 480
4 212 162 412 64
4 665 676 492 435
4 902 51 388 358
4 550 996 899 618
4 578 381 159 764
4 942 989 196 771
4 983 764 104 565
4 243 954 136 787
4 812 226 901 50
4 375 784 353 52
4 639 626 37 660
4 467 190 378 889
4 191 878 644 368
4 354 329 437 75
4 220 191 419 375
4 157 327 497 28
4 775 242 496 190
4 137 572 51 913
4 229 388 404 597
4 615 495 912 664
4 252 52 447 715
4 578 546 249 688
4 198 165 871 105
4 914 66 541 74
4 199 206 153 805
4 717 52 981 302
4 226 537 972 644
4 427 195 845 84
4 40 244 635 435
4 219 227 105 521
4 207 526 431 64
4 351 611 105 589
4 402 695 539 246
4 845 709 78 572
4 352 91 125 701
4 447 358 365 792
4 213 488 383 335
4 837 919 462 393
4 689 633 656 543
4 953 453 232 943
4 629 912 855 712
4 531 320 154 463
4 163 522 636 700
4 999 739 381 169
4 108 209 555 919
4 225 370 371 687
4 746 302 526 105
4 749 457 658 663
4 1 409 799 60
4 330 303 486 733
4 965 131 868 398
4 821 10 189 973
4 692 927 753 601
4 971 662 464 198
4 344 239 330 580
4 274 59 319 537
4 460 441 506 674
4 445 442 652 726
4 128 519 740 470
4 21 925 469 2
4 66 853 988 48
4 873 928 354 264
4 747 956 556 301
4 97 833 440 994
4 518 576 7 361
4 53 734 917 311
4 52 584 84 92
4 815 845 29 885
4 486 890 268 296
4 367 589 748 804
4 660 341 397 1
4 752 32 139 891
4 741 163 715 54
4 185 731 916 866
4 629 596 153 393
4 56 592 909 907
4 282 167 699 870
4 257 624 454 924
4 64 209 256 610
4 14 465 837 287
4 821 679 462 806
4 126 171 231 267
4 35 652 545 338
4 410 424 615 598
4 762 102 826 537
4 294 876 449 870
4 959 17 743 443
4 509 549 100 231
4 957 987 425 424
4 400 541 208 76
4 254 505 437 819
4 874 208 160 699
4 398 521 744 123
4 902 3 360 227
4 69 459 912 962
4 10 55 36 7
4 701 947 361 155
4 406 537 978 314
4 637 877 303 959
4 831 67 389 501
4 864 16 720 476
4 747 955 877 969
4 28 31 154 792
4 820 176 741 644
4 798 509 387 540
4 386 487 249 802
4 502 83 566 296
4 908 770 793 733
4 738 595 33 272
4 393 239 40 868
4 928 757 688 536
4 835 755 505 960
4 362 224 968 175
4 806 416 932 500
4 552 26 747 360
4 538 279 979 475
4 440 994 832 159
4 550 345 915 600
4 98 735 689 601
4 821 365 738 484
4 745 149 365 503
4 339 899 956 280
4 112 823 775 127
4 841 838 139 497
4 856 606 494 958
4 257 249 316 622
4 648 599 967 530
4 798 876 355 330
4 28 758 356 23
4 475 936 202 794
4 272 464 240 127
4 292 1000 619 555
4 578 891 284 591
4 261 336 706 630
4 48 829 138 35
4 971 478 302 352
4 406 789 666 111
4 578 994 465 283
4 701 779 400 732
4 395 6 849 341
4 335 527 427 618
4 773 187 531 600
4 863 338 511 177
4 80 470 611 842
4 122 546 307 446
4 544 146 186 706
4 986 672 373 114
4 695 981 483 557
4 203 914 26 317
4 651 832 398 416
4 140 871 353 123
4 432 583 514 748
4 675 55 456 136
4 417 728 12 235
4 217 184 221 136
4 177 931 661 285
4 344 540 859 914
4 352 405 564 191
4 683 252 920 6
4 971 357 440 471
4 191 166 767 994
4 282 752 147 899
4 161 106 825 647
4 136 356 533 445
4 939 232 270 876
4 294 259 262 906
4 6 11 830 959
4 365 588 155 38
4 815 135 271 184
4 887 731 569 501
4 918 738 833 261
4 544 627 675 152
4 634 459 718 13
4 971 212 536 393
4 333 867 975 919
4 821 584 122 44
4 212 818 927 896
4 979 465 907 572
4 722 683 65 635
4 225 186 312 662
4 212 62 712 730
4 815 602 350 161
4 839 68 927 390
4 131 800 400 387
4 441 470 195 47
4 221 121 219 140
4 676 205 525 241
4 653 332 992 508
4 30 343 386 165
4 786 734 520 205
4 467 372 925 507
4 881 419 546 16
4 506 130 697 589
4 684 699 891 559
4 410 150 964 963
4 438 198 49 17
4 631 794 635 734
4 340 928 445 64
4 471 811 449 806
4 232 147 161 44
4 108 165 92 426
4 260 492 363 410
4 352 649 986 728
4 820 704 950 110
4 953 334 224 569
4 217 448 832 67
4 654 356 818 963
4 560 507 407 517
4 350 890 395 191
4 299 761 948 797
4 274 802 314 540
4 273 704 697 301
4 103 703 313 7
4 20 241 189 463
4 386 536 263 741
4 410 380 993 129
4 538 876 229 574
4 467 865 550 382
4 201 489 159 905
4 229 663 52 168
4 339 876 713 816
4 416 396 120 586
4 465 830 449 965
4 702 270 373 987
4 122 232 763 242
4 198 377 956 305
4 979 9 35 715
4 294 6 753 46
4 831 918 855 299
4 933 943 787 514
4 655 332 827 726
4 93 880 72 794
4 410 448 956 687
4 94 986 553 89
4 648 382 748 28
4 841 685 853 293
4 784 100 293 500
4 966 352 592 314
4 245 467 91 850
4 638 144 329 648
4 8 790 808 16
4 891 731 240 437
4 907 898 716 447
4 245 781 218 718
4 491 45 947 102
4 28 388 629 35
4 200 753 146 228
4 243 693 322 574
4 518 323 968 141
4 170 356 675 11
4 628 334 613 21
4 19 376 17 860
4 469 154 945 202
4 388 133 799 241
4 322 325 909 178
4 771 166 354 586
4 258 192 549 629
4 360 239 793 313
4 410 788 582 614
4 551 122 864 590
4 839 201 938 376
4 314 661 178 497
4 813 415 549 976
4 408 392 225 247
4 998 730 104 339
4 174 255 876 144
4 203 548 314 74
4 937 435 805 756
4 992 820 776 141
4 560 351 145 993
4 430 58 43 357
4 372 569 72 90
4 80 403 290 776
4 689 913 941 965
4 480 400 102 355
4 996 952 614 160
4 490 341 249 425
4 996 296 512 422
4 863 106 906 989
4 713 265 707 693
4 971 991 68 592
4 922 921 865 515
4 380 816 94 347
4 600 192 862 733
4 339 614 395 893
4 222 752 374 994
4 237 936 799 198
4 863 87 837 358
4 222 666 943 374
4 221 545 260 826
4 771 73 885 222
4 458 935 319 487
4 791 742 170 111
4 758 829 353 312
4 695 166 516 129
4 829 816 382 456
4 810 770 418 299
4 362 18 8 537
4 872 754 91 382
4 631 558 731 287
4 210 952 146 286
4 971 492 382 705
4 173 25 187 801
4 91 776 101 284
4 127 911 844 894
4 222 914 794 398
4 969 716 549 583
4 745 738 724 250
4 622 983 182 58
4 409 585 586 950
4 665 522 418 853
4 560 256 944 721
4 623 140 909 450
4 117 936 118 414
4 648 255 320 721
4 455 123 683 33
4 91 154 305 24
4 266 852 263 895
4 982 37 925 71
4 637 877 883 129
4 33 51 8 759
4 818 366 181 710
4 817 869 461 806
4 451 826 801 419
4 999 4 843 256
4 523 774 306 936
4 9 638 191 521
4 908 527 560 556
4 344 479 980 188
4 676 442 520 368
4 777 427 926 160
4 200 745 542 668
4 887 689 772 9
4 386 499 187 740
4 680 358 552 453
4 391 107 963 740
4 406 365 488 987
4 12 825 287 870
4 198 696 281 975
4 816 153 644 480
4 631 714 244 877
4 354 533 66 237
4 455 11 73 596
4 146 318 149 832
4 1 582 334 825
4 82 798 531 363
4 645 192 532 950
4 292 878 262 809
4 229 982 238 614
4 559 239 89 691
4 272 299 275 503
4 933 314 232 26
4 814 505 142 793
4 381 195 987 23
4 747 116 605 454
4 857 496 394 546
4 536 161 500 801
4 821 873 722 759
4 391 442 492 129
4 375 6 459 372
4 543 466 970 758
4 782 5 324 912
4 956 579 497 705
4 465 574 382 947
4 600 388 97 150
4 235 751 239 234
4 565 256 433 324
4 984 479 929 658
4 35 920 894 900
4 702 350 725 551
4 656 610 457 264
4 406 569 981 663
4 735 247 589 442
4 276 709 488 354
4 240 553 844 144
4 695 463 42 810
4 432 227 883 521
4 445 530 850 321
4 30 454 984 679
4 797 943 253 487
4 632 462 972 320
4 736 380 942 382
4 380 155 264 705
4 880 257 405 58
4 226 764 366 638
4 933 191 280 979
4 639 332 359 67
4 717 626 200 12
4 642 415 121 580
4 932 838 684 236
4 17 401 402 609
4 309 693 341 320
4 272 699 328 784
4 212 207 440 919
4 659 626 885 598
4 379 917 253 989
4 746 931 823 288
4 907 793 476 545
4 720 591 116 311
4 141 817 14 569
4 569 328 910 173
4 599 678 77 449
4 767 484 55 964
4 555 844 475 932
4 835 448 138 549
4 850 33 290 320
4 545 858 695 486
4 199 707 329 615
4 146 568 340 641
4 455 331 903 438
4 934 492 306 546
4 15 110 699 358
4 529 634 554 791
4 56 248 729 133
4 782 403 114 287
4 260 937 349 269
4 604 379 988 346
4 938 868 194 29
4 637 435 896 420
4 607 856 369 505
4 996 801 74 382
4 756 894 685 663
4 985 963 76 712
4 685 441 857 595
4 634 335 664 726
4 236 420 303 788
4 261 9 504 346
4 339 292 589 600
4 578 547 591 456
4 701 928 440 288
4 42 881 247 246
4 867 599 318 188
4 413 903 502 24
4 645 241 992 742
4 784 735 662 415
4 132 913 122 841
4 545 732 3 566
4 351 462 256 214
4 786 106 414 822
4 522 297 784 945
4 786 381 334 258
4 897 176 113 733
4 747 907 535 89
4 615 705 887 215
4 354 773 939 86
4 673 556 293 828
4 365 718 748 281
4 94 313 745 442
4 571 401 532 527
4 859 106 670 808
4 478 59 403 924
4 724 528 841 972
4 151 341 501 457
4 12 672 675 660
4 260 311 24 18
4 422 900 374 653
4 790 972 355 284
4 607 522 571 726
4 467 688 327 457
4 252 416 176 248
4 681 963 327 129
4 364 908 650 945
4 81 855 113 416
4 683 179 909 36
4 933 615 1000 394
4 880 565 289 894
4 629 679 391 925
4 814 335 733 748
4 451 759 287 395
4 287 261 947 343
4 953 553 868 471
4 801 268 437 180
4 627 567 361 290
4 992 443 218 505
4 786 723 207 941
4 680 890 877 854
4 93 862 688 843
4 851 903 802 997
4 891 322 508 256
4 814 878 377 515
4 490 166 1000 183
4 448 542 524 587
4 30 808 761 463
4 824 714 832 492
4 879 324 887 433
4 963 897 550 249
4 326 726 817 28
4 578 34 582 620
4 567 584 381 624
4 445 692 884 214
4 917 889 185 450
4 928 605 124 39
4 722 212 505 473
4 201 639 667 491
4 375 962 27 899
4 15 329 637 802
4 840 327 404 883
4 683 853 583 211
4 596 773 123 549
4 89 400 319 957
4 668 307 459 143
4 33 83 980 24
4 641 647 283 609
4 301 534 192 65
4 784 214 689 31
4 23 377 739 148
4 834 563 536 352
4 821 681 70 586
4 278 381 624 747
4 577 921 991 718
4 93 981 342 898
4 452 710 39 644
4 821 282 571 896
4 509 242 908 993
4 36 644 993 41
4 964 436 860 331
4 490 380 929 857
4 445 13 877 402
4 765 2 890 425
4 979 986 371 707
4 971 454 832 145
4 925 967 190 996
4 822 885 55 783
4 887 799 104 706
4 452 534 299 321
4 538 347 318 661
4 231 875 609 255
4 50 549 249 749
4 211 388 123 562
4 874 192 20 631
4 444 70 374 711
4 680 45 627 49
4 367 135 457 866
4 112 524 129 693
4 465 59 467 319
4 132 498 720 752
4 81 878 653 415
4 494 587 279 648
4 722 308 627 371
4 191 739 662 950
4 766 187 611 675
4 226 656 204 238
4 292 144 119 329
4 451 309 157 774
4 442 144 43 194
4 164 671 915 754
4 376 5 501 988
4 339 710 624 286
4 645 118 618 220
4 720 737 912 636
4 439 911 690 295
4 650 698 133 586
4 914 579 542 204
4 801 869 188 60
4 914 797 658 305
4 353 768 792 480
4 722 943 131 617
4 228 901 861 187
4 280 550 508 863
4 369 465 701 513
4 779 188 876 233
4 490 572 458 632
4 632 878 335 438
4 490 328 543 13
4 57 638 422 787
4 650 59 693 308
4 499 271 583 637
4 177 315 943 128
4 629 649 181 194
4 50 563 250 703
4 599 325 522 224
4 593 305 546 478
4 137 208 628 779
4 19 454 593 251
4 452 273 552 839
4 910 230 164 589
4 743 105 800 980
4 805 98 379 903
4 529 731 204 250
4 455 290 180 215
4 756 487 737 643
4 489 140 145 230
4 634 483 507 268
4 692 715 628 385
4 177 955 143 268
4 31 826 548 427
4 28 7 664 920
4 176 755 358 889
4 282 846 967 732
4 30 190 563 981
4 852 215 657 450
4 117 101 924 865
4 243 373 45 566
4 816 803 171 958
4 961 233 116 216
4 852 172 824 564
4 422 985 743 675
4 360 599 9 699
4 50 358 239 553
4 126 12 170 956
4 30 824 157 991
4 888 180 472 314
4 81 617 453 826
4 948 438 257 582
4 19 792 152 727
4 326 19 373 358
4 449 923 724 195
4 151 574 733 816
4 811 187 856 36
4 747 23 825 85
4 158 345 875 289
4 937 638 693 667
4 404 411 991 97
4 967 776 456 472
4 221 567 603 678
4 629 612 74 989
4 57 725 903 549
4 645 514 457 541
4 747 717 427 641
4 342 470 885 961
4 353 635 169 532
4 640 519 693 66
4 817 411 715 139
4 399 358 409 562
4 929 88 18 889
4 93 911 782 864
4 971 148 130 521
4 972 761 454 45
4 144 416 231 240
4 637 930 288 678
4 292 916 607 748
4 225 886 994 820
4 199 590 328 777
4 812 395 148 861
4 81 775 724 287
4 495 484 474 780
4 413 749 16 667
4 8 484 328 819
4 177 279 160 625
4 722 175 281 815
4 680 554 463 331
4 365 981 387 901
4 535 661 866 368
4 631 764 48 596
4 807 235 712 647
4 710 470 606 312
4 380 397 329 528
4 367 733 607 393
4 506 707 855 890
4 982 14 441 175
4 377 354 569 335
4 654 191 416 710
4 410 467 178 876
4 798 27 762 915
4 228 101 700 945
4 274 995 272 858
4 82 288 318 633
4 650 182 398 870
4 14 969 98 731
4 8 143 200 571
4 210 783 786 74
4 21 231 563 273
4 556 305 332 198
4 108 551 383 615
4 455 636 605 726
4 654 202 311 417
4 177 200 570 648
4 762 921 464 667
4 108 961 99 688
4 747 631 603 854
4 732 5 973 498
4 475 356 579 664
4 1 854 453 903
4 721 539 34 990
4 50 139 622 905
4 409 984 408 264
4 427 204 79 64
4 375 468 57 774
4 574 520 307 341
4 193 313 381 113
4 336 265 567 180
4 237 77 503 620
4 309 486 124 117
4 850 810 45 426
4 470 189 799 609
4 954 584 563 478
4 838 930 618 290
4 933 114 904 925
4 450 928 771 879
4 345 341 543 459
4 243 768 312 711
4 210 979 3 9
4 94 766 850 341
4 309 741 701 174
4 574 921 912 8
4 94 308 285 24
4 138 15 116 651
4 628 601 904 579
4 725 144 507 174
4 112 710 168 374
4 358 128 21 591
4 852 420 41 935
4 551 575 488 238
4 237 703 785 639
4 385 922 237 861
4 249 284 730 757
4 449 372 118 381
4 746 492 317 848
4 66 663 534 549
4 170 582 159 2
4 747 359 173 914
4 595 374 875 621
4 982 53 620 602
4 168 853 678 697
4 965 466 571 431
4 777 716 825 495
4 292 802 793 744
4 700 78 816 632
4 33 737 61 50
4 502 623 68 836
4 246 19 607 310
4 657 570 672 723
4 135 534 479 651
4 458 737 87 424
4 52 521 785 79
4 629 148 665 772
4 444 582 809 554
4 585 858 140 389
4 322 115 129 813
4 292 796 740 379
4 692 479 297 689
4 490 987 918 643
4 980 170 724 588
4 243 186 859 709
4 953 641 358 592
4 375 990 859 886
4 623 904 425 975
4 849 453 4 789
4 345 858 10 143
4 777 183 652 946
4 362 157 308 782
4 162 930 2 425
4 282 291 847 488
4 986 878 796 64
4 813 476 557 831
4 162 715 859 9
4 372 950 123 355
4 812 321 58 448
4 479 106 425 72
4 157 972 50 609
4 852 979 284 685
4 212 91 941 969
4 342 908 895 437
4 181 24 457 973
4 111 869 142 896
4 942 735 121 954
4 700 816 942 216
4 453 798 455 674
4 406 221 177 570
4 511 958 653 360
4 762 318 579 744
4 132 499 747 16
4 34 645 224 338
4 203 17 64 16
4 565 952 598 693
4 620 331 953 728
4 989 824 179 923
4 637 601 411 598
4 465 999 270 863
4 860 669 428 751
4 39 750 690 777
4 87 931 715 32
4 578 252 381 248
4 468 435 349 586
4 762 647 767 156
4 1 233 397 51
4 551 26 160 548
4 40 183 972 31
4 138 641 424 453
4 812 666 888 2
4 765 996 60 474
4 504 411 374 690
4 650 525 934 165
4 388 238 521 882
4 370 756 731 635
4 717 343 989 8
4 750 316 310 570
4 438 55 620 233
4 385 211 729 944
4 252 607 925 973
4 328 605 200 843
4 664 866 725 231
4 387 921 940 488
4 692 807 411 258
4 798 166 963 397
4 319 668 188 258
4 177 253 151 192
4 835 879 34 123
4 199 653 685 760
4 340 276 178 34
4 760 658 579 871
4 409 770 387 686
4 419 529 779 101
4 686 372 175 123
4 836 462 527 721
4 424 725 171 457
4 418 546 149 26
4 210 7 780 18
4 77 473 536 554
4 36 872 377 807
4 646 216 774 334
4 499 401 333 715
4 710 923 204 297
4 299 735 810 802
4 933 762 36 553
4 199 104 715 649
4 489 67 354 145
4 170 296 783 323
4 882 181 972 6
4 270 541 459 841
4 134 543 435 20
4 912 936 687 395
4 623 241 528 418
4 407 197 44 939
4 195 694 927 136
4 600 915 511 907
4 754 638 132 200
4 502 286 204 528
4 736 761 329 230
4 887 876 570 178
4 367 993 658 400
4 960 754 113 450
4 510 240 616 337
4 277 74 743 572
4 545 145 563 997
4 547 160 619 488
4 527 962 707 297
4 465 734 761 987
4 971 700 689 69
4 829 77 393 394
4 294 509 330 114
4 805 418 66 367
4 413 948 739 754
4 963 297 224 92
4 352 259 10 258
4 659 353 698 323
4 119 341 468 87
4 973 366 59 637
4 319 338 875 147
4 379 687 218 232
4 452 732 95 291
4 802 45 939 425
4 348 8 645 553
4 766 193 654 673
4 724 829 589 455
4 81 382 110 756
4 846 320 389 818
4 695 791 185 749
4 362 15 88 155
4 992 307 593 878
4 134 614 575 951
4 129 242 546 141
4 516 615 336 439
4 225 462 741 730
4 600 989 565 533
4 923 701 290 250
4 125 959 634 453
4 304 417 692 20
4 395 647 372 700
4 900 570 619 70
4 851 684 459 401
4 400 476 174 756
4 235 415 569 687
4 915 90 587 524
4 469 893 884 372
4 735 281 888 13
4 592 607 394 182
4 326 995 246 888
4 721 612 149 417
4 678 13 746 129
4 856 12 548 61
4 40 320 459 785
4 631 946 712 330
4 835 522 623 118
4 842 194 606 319
4 490 232 418 301
4 493 268 637 178
4 287 739 871 189
4 999 494 100 241
4 438 950 561 904
4 226 165 979 168
4 587 453 423 867
4 134 641 29 470
4 279 211 135 453
4 969 473 451 60
4 733 418 359 60
4 795 817 803 657
4 235 416 473 661
4 330 739 710 197
4 410 303 388 398
4 491 486 457 248
4 363 791 83 557
4 781 146 492 186
4 222 826 693 340
4 444 76 543 497
4 213 418 513 691
4 666 632 5 472
4 607 796 672 942
4 141 435 942 85
4 14 25 316 917
4 101 170 469 34
4 933 208 127 144
4 31 374 580 153
4 64 805 804 482
4 203 25 333 298
4 988 624 687 395
4 881 894 720 909
4 600 742 513 500
4 645 879 124 113
4 28 848 48 47
4 919 230 615 341
4 280 411 231 857
4 577 498 775 77
4 749 85 104 159
4 758 638 174 9
4 336 96 553 381
4 717 619 806 801
4 914 143 246 968
4 134 119 420 352
4 6 956 241 204
4 980 62 175 59
4 447 17 662 405
4 887 786 524 78
4 659 863 806 488
4 581 188 716 356
4 722 337 240 204
4 318 174 808 119
4 586 320 346 849
4 433 432 688 557
4 29 901 3 591
4 926 655 649 278
4 1 966 954 921
4 340 124 804 575
4 784 264 909 100
4 840 604 302 823
4 134 439 727 954
4 556 817 169 316
4 133 867 376 740
4 46 795 45 439
4 745 884 176 563
4 971 709 982 187
4 697 99 673 670
4 812 496 612 247
4 758 178 984 576
4 450 49 576 858
4 467 872 153 389
4 525 388 323 56
4 578 243 386 668
4 145 762 95 379
4 873 170 394 614
4 386 467 459 15
4 379 837 1000 509
4 947 148 443 293
4 332 302 977 341
4 781 195 600 561
4 781 914 875 3
4 831 748 8 614
4 225 571 504 602
4 243 764 325 890
4 613 483 99 1000
4 486 512 997 49
4 385 409 24 929
4 842 729 302 801
4 680 178 978 800
4 82 744 317 67
4 773 534 169 501
4 505 195 736 890
4 531 432 85 278
4 1 687 660 854
4 841 231 974 438
4 112 666 687 177
4 857 58 45 570
4 740 828 858 152
4 298 271 686 242
4 729 483 173 104
4 707 588 234 480
4 185 256 868 68
4 780 201 91 994
4 631 373 843 930
4 724 70 858 688
4 81 380 376 329
4 134 202 138 222
4 486 872 895 522
4 348 167 734 729
4 821 317 933 855
4 464 898 218 208
4 873 731 806 170
4 108 803 501 531
4 683 171 561 283
4 64 870 36 170
4 345 885 935 196
4 229 307 414 643
4 82 735 963 195
4 352 643 454 703
4 959 609 595 435
4 519 678 55 450
4 148 104 586 130
4 897 564 251 989
4 467 949 768 639
4 812 618 383 783
4 304 105 461 892
4 190 988 662 484
4 465 135 811 23
4 952 817 275 105
4 362 992 975 633
4 166 589 301 182
4 585 329 373 945
4 770 74 607 163
4 229 569 165 235
4 604 568 325 959
4 245 381 756 393
4 538 858 146 253
4 717 635 904 843
4 815 35 702 792
4 782 350 428 443
4 974 234 122 83
4 50 919 601 487
4 158 458 371 818
4 215 111 548 122
4 354 684 870 725
4 388 510 608 579
4 161 749 416 988
4 71 897 279 123
4 897 308 576 770
4 201 880 556 823
4 666 289 774 256
4 585 322 679 644
4 222 159 939 915
4 846 396 124 71
4 866 181 826 898
4 598 570 66 826
4 929 384 607 223
4 439 576 218 508
4 842 459 313 480
4 846 631 563 6
4 748 991 543 998
4 600 604 60 996
4 477 307 301 440
4 481 141 273 156
4 406 951 415 78
4 95 205 308 610
4 953 989 861 491
4 68 265 526 896
4 922 682 692 166
4 449 908 780 127
4 904 575 442 470
4 699 522 205 861
4 933 189 149 11
4 243 909 438 666
4 367 564 910 633
4 30 413 603 945
4 675 310 723 900
4 150 51 678 731
4 292 487 58 382
4 30 371 331 864
4 884 643 23 642
4 238 795 931 247
4 249 537 742 124
4 768 305 767 942
4 756 376 501 470
4 153 172 662 506
4 894 505 202 150
4 326 662 307 325
4 422 256 510 70
4 667 361 327 889
4 574 608 515 899
4 221 39 437 613
4 706 627 888 891
4 644 845 735 177
4 93 770 234 490
4 522 295 940 644
4 225 895 22 434
4 846 693 265 359
4 678 41 667 885
4 467 584 724 13
4 655 817 361 968
4 183 671 592 207
4 644 521 649 258
4 431 186 936 853
4 992 317 682 175
4 397 734 73 194
4 252 688 212 855
4 894 398 320 361
4 545 331 792 730
4 835 872 687 442
4 650 328 397 508
4 438 91 705 1
4 965 402 156 843
4 280 186 678 357
4 111 349 803 78
4 390 281 994 443
4 128 984 867 58
4 511 876 809 408
4 252 532 122 742
4 631 178 615 105
4 421 356 25 677
4 410 334 436 758
4 683 383 517 441
4 870 130 507 451
4 381 250 369 214
4 46 851 163 599
4 64 313 461 48
4 782 411 135 327
4 681 767 527 372
4 782 284 977 612
4 636 431 801 269
4 184 936 648 763
4 790 357 515 47
4 137 744 642 13
4 370 359 622 564
4 210 504 932 21
4 929 791 141 16
4 999 599 572 115
4 918 438 442 613
4 829 357 708 359
4 825 480 418 799
4 542 941 915 865
4 101 804 938 90
4 751 857 414 233
4 581 99 300 506
4 334 332 440 131
4 246 50 729 135
4 692 862 618 544
4 854 242 943 977
4 126 563 592 813
4 374 549 885 567
4 684 703 620 318
4 69 62 159 393
4 835 967 789 72
4 777 79 417 989
4 343 593 769 86
4 88 197 649 440
4 362 85 609 751
4 145 762 813 151
4 218 428 519 116
4 875 378 558 902
4 274 956 246 562
4 365 406 200 495
4 644 792 664 251
4 170 810 78 7
4 246 95 19 635
4 168 739 208 265
4 937 175 723 427
4 300 609 739 321
4 665 334 668 457
4 231 988 489 527
4 226 724 254 249
4 887 588 173 858
4 68 446 116 993
4 261 694 610 20
4 628 320 999 844
4 343 401 165 86
4 117 318 986 746
4 683 281 231 678
4 933 385 781 958
4 253 105 788 498
4 452 915 307 128
4 870 496 768 627
4 827 644 902 988
4 933 631 617 652
4 352 593 824 425
4 223 564 259 513
4 568 508 738 320
4 588 859 653 133
4 8 422 817 13
4 998 218 991 65
4 851 760 448 691
4 292 25 526 833
4 999 628 586 779
4 294 605 952 626
4 814 824 951 325
4 571 19 930 156
4 50 239 527 55
4 573 871 301 655
4 428 454 90 288
4 404 561 180 233
4 91 532 647 75
4 444 254 613 841
4 795 159 706 993
4 223 277 785 620
4 992 805 342 197
4 42 373 513 458
4 863 463 136 551
4 125 799 1000 205
4 406 198 644 539
4 141 231 280 592
4 366 456 59 498
4 525 305 589 281
4 979 203 353 652
4 638 361 991 45
4 134 114 833 53
4 776 454 213 127
4 864 684 463 729
4 95 343 163 61
4 112 879 57 121
4 794 675 380 589
4 277 175 807 221
4 727 700 533 606
4 775 177 744 564
4 363 477 978 916
4 905 718 5 635
4 292 612 147 725
4 985 497 764 686
4 399 171 844 769
4 918 768 74 636
4 418 724 981 829
4 304 310 165 844
4 804 497 106 565
4 186 880 877 716
4 326 696 965 215
4 815 307 140 850
4 704 960 669 142
4 226 355 113 703
4 982 814 562 210
4 628 408 890 446
4 933 532 338 43
4 99 847 673 2
4 282 27 352 372
4 266 63 271 901
4 469 471 712 656
4 136 418 98 314
4 292 508 935 307
4 964 890 605 796
4 199 289 554 612
4 284 859 211 205
4 948 673 105 501
4 467 215 682 524
4 899 201 470 403
4 250 767 735 845
4 919 614 854 290
4 753 63 486 549
4 448 741 750 885
4 524 525 715 209
4 542 813 450 796
4 859 698 779 871
4 452 944 708 26
4 380 795 545 792
4 599 776 584 313
4 611 797 396 630
4 762 424 854 610
4 897 236 553 874
4 145 284 928 938
4 634 490 493 688
4 56 771 419 817
4 914 638 239 753
4 326 929 736 913
4 551 265 921 811
4 9 864 566 687
4 659 571 276 206
4 516 142 373 230
4 132 251 946 808
4 782 962 463 567
4 69 731 16 675
4 785 886 753 493
4 30 363 871 859
4 852 232 51 903
4 939 17 698 214
4 249 657 340 791
4 112 804 125 195
4 371 936 230 660
4 206 420 432 334
4 662 960 690 316
4 898 741 694 497
4 229 368 927 474
4 212 320 536 833
4 434 287 630 124
4 274 514 270 391
4 184 454 706 524
4 941 732 658 777
4 846 987 255 847
4 511 964 151 456
4 397 24 87 125
4 375 96 566 161
4 158 261 31 84
4 409 960 741 307
4 21 975 275 285
4 814 161 74 230
4 57 135 930 997
4 304 287 713 533
4 433 231 890 577
4 244 144 2 203
4 145 415 802 206
4 573 384 412 975
4 956 373 741 633
4 811 77 421 185
4 923 984 381 635
4 287 619 816 522
4 48 232 398 546
4 1 373 644 140
4 413 318 858 980
4 926 762 836 752
4 591 922 119 926
4 821 85 214 582
4 76 125 966 793
4 269 597 483 95
4 254 913 944 706
4 367 349 625 719
4 243 109 430 464
4 752 473 593 453
4 689 331 396 816
4 274 589 832 389
4 436 685 255 757
4 888 539 897 704
4 529 175 945 664
4 629 356 65 671
4 776 716 830 507
4 676 568 395 355
4 968 950 894 113
4 69 603 723 822
4 410 434 670 200
4 982 239 457 352
4 236 324 477 14
4 433 393 684 604
4 590 483 599 981
4 310 138 955 568
4 67 977 981 92
4 40 474 619 350
4 971 889 489 998
4 203 674 107 639
4 141 671 116 618
4 579 125 822 567
4 979 327 600 561
4 138 156 206 963
4 574 760 127 587
4 857 521 882 560
4 655 420 630 159
4 78 939 305 638
4 255 995 96 485
4 121 223 13 517
4 404 718 614 465
4 408 517 541 461
4 190 407 169 846
4 319 699 637 497
4 939 765 411 496
4 502 431 7 603
4 724 496 924 13
4 895 710 317 608
4 275 224 271 550
4 510 525 416 523
4 15 97 528 513
4 633 851 314 637
4 782 260 975 958
4 821 906 410 302
4 635 394 139 142
4 421 789 443 32
4 379 816 680 175
4 604 519 958 664
4 88 935 618 657
4 404 539 507 124
4 522 978 599 924
4 979 854 810 164
4 79 875 66 426
4 770 843 216 960
4 455 11 753 853
4 681 951 582 928
4 147 37 75 619
4 88 117 561 541
4 640 745 628 154
4 284 750 909 908
4 780 977 649 984
4 181 879 889 508
4 292 14 599 331
4 267 985 203 530
4 252 18 359 59
4 33 516 2 411
4 187 118 491 372
4 229 45 423 325
4 306 583 705 822
4 604 589 741 79
4 245 72 438 564
4 201 727 301 820
4 330 817 765 642
4 292 648 55 647
4 720 577 664 645
4 469 8 446 681
4 255 34 122 809
4 94 159 78 976
4 441 546 437 977
4 493 960 883 104
4 602 198 86 742
4 301 702 959 396
4 463 677 358 456
4 362 478 593 635
4 678 543 986 466
4 675 65 845 620
4 982 207 340 256
4 832 973 693 632
4 534 435 43 546
4 771 184 478 965
4 76 309 869 562
4 356 725 492 123
4 445 487 569 741
4 807 633 684 505
4 304 558 987 390
4 749 783 415 755
4 241 492 667 774
4 63 901 567 211
4 392 68 811 894
4 299 753 606 293
4 826 697 312 783
4 870 148 36 433
4 28 514 888 929
4 223 787 586 233
4 333 643 68 330
4 735 766 618 877
4 516 109 570 334
4 262 938 860 263
4 152 750 624 400
4 692 97 396 437
4 266 147 321 187
4 577 7 567 376
4 86 624 797 955
4 84 787 827 473
4 395 285 144 991
4 40 912 205 854
4 224 995 550 810
4 344 697 105 669
4 432 938 495 842
4 729 207 759 51
4 872 725 26 106
4 376 461 95 446
4 5 723 17 356
4 713 942 22 73
4 390 729 597 535
4 12 980 395 446
4 35 523 19 998
4 261 616 267 114
4 264 49 610 73
4 855 894 555 850
4 697 115 131 998
4 354 994 896 71
4 484 990 440 893
4 887 499 590 900
4 533 339 50 600
4 760 796 321 457
4 964 255 777 424
4 314 420 575 154
4 198 235 515 719
4 628 524 316 983
4 623 83 296 617
4 112 930 55 754
4 272 809 963 923
4 576 630 78 41
4 833 997 976 580
4 64 418 976 430
4 330 498 267 610
4 214 564 29 116
4 162 516 823 369
4 587 187 657 374
4 722 875 433 377
4 528 376 447 24
4 56 303 564 948
4 794 4 486 330
4 611 869 23 994
4 922 830 961 546
4 573 921 341 129
4 179 100 607 666
4 995 928 516 801
4 911 313 615 597
4 957 427 567 251
4 720 760 858 24
4 986 704 25 803
4 769 650 1000 145
4 339 504 581 335
4 475 443 248 60
4 956 678 670 219
4 348 57 554 146
4 557 774 950 567
4 33 928 331 554
4 523 47 87 800
4 884 903 302 338
4 895 791 981 588
4 170 652 540 307
4 413 186 550 142
4 399 676 86 79
4 845 140 14 708
4 686 230 735 151
4 372 590 537 59
4 700 532 926 968
4 502 631 898 282
4 225 507 551 55
4 124 906 318 617
4 168 557 234 71
4 235 839 365 667
4 578 384 601 452
4 863 836 940 498
4 835 142 541 175
4 134 427 850 63
4 938 534 834 558
4 770 39 806 313
4 567 486 868 143
4 301 760 692 154
4 355 376 299 790
4 388 335 752 418
4 246 711 293 486
4 932 712 258 221
4 348 347 583 701
4 158 828 437 685
4 235 182 377 276
4 398 55 759 621
4 388 781 995 472
4 745 625 319 150
4 873 232 193 710
4 31 78 358 315
4 199 508 760 181
4 762 957 956 488
4 132 664 439 482
4 153 631 773 902
4 210 633 87 513
4 733 563 880 961
4 887 723 612 856
4 191 824 124 39
4 641 202 247 857
4 134 487 345 846
4 880 879 595 196
4 337 456 542 178
4 66 843 902 70
4 897 795 569 365
4 667 920 825 316
4 485 115 832 843
4 984 694 711 163
4 138 166 707 943
4 474 973 900 426
4 134 278 191 639
4 934 941 775 181
4 153 593 480 783
4 263 88 336 125
4 280 541 432 496
4 964 806 104 909
4 813 970 859 500
4 433 694 430 216
4 695 864 882 657
4 778 516 796 388
4 884 859 946 27
4 651 626 801 959
4 263 320 55 192
4 646 144 207 780
4 875 790 527 729
4 595 288 827 989
4 400 105 674 983
4 211 409 699 900
4 702 249 344 471
4 851 556 970 865
4 128 75 871 343
4 179 448 737 949
4 821 610 878 124
4 659 22 832 57
4 19 136 164 288
4 132 32 380 589
4 212 762 903 3
4 942 509 338 102
4 623 948 99 103
4 773 147 736 892
4 629 653 604 453
4 183 77 90 885
4 176 98 540 268
4 391 249 38 116
4 344 609 313 550
4 767 977 908 848
4 243 170 18 358
4 933 261 963 180
4 162 877 213 104
4 681 307 484 479
4 222 458 472 925
4 367 46 953 163
4 438 895 147 998
4 567 650 953 144
4 222 273 958 880
4 257 992 668 865
4 438 334 388 456
4 438 405 999 608
4 875 608 932 98
4 39 803 183 346
4 388 601 807 168
4 998 911 737 90
4 413 610 308 317
4 736 237 459 921
4 140 357 130 396
4 626 180 24 597
4 596 832 45 355
4 199 833 394 346
4 974 180 263 742
4 126 953 358 96
4 10 730 275 373
4 910 238 623 3
4 882 528 618 986
4 380 710 157 658
4 534 207 382 555
4 963 798 668 18
4 439 140 804 290
4 747 700 270 399
4 112 691 656 381
4 995 227 317 493
4 365 995 812 203
4 36 528 117 935
4 31 560 788 307
4 810 520 106 508
4 128 984 903 785
4 272 587 142 138
4 20 995 405 698
4 151 514 182 755
4 511 891 173 14
4 602 753 228 702
4 221 972 327 665
4 93 423 740 883
4 410 610 937 35
4 733 241 113 75
4 814 987 946 639
4 574 334 506 848
4 112 329 678 354
4 560 943 286 263
4 306 39 401 336
4 224 889 213 359
4 708 699 674 925
4 455 779 817 686
4 518 741 496 593
4 267 924 572 833
4 531 844 864 45
4 719 911 510 224
4 655 256 533 954
4 650 262 815 629
4 363 269 664 762
4 604 674 669 607
4 574 359 881 526
4 874 981 55 670
4 109 213 454 861
4 659 673 565 637
4 7 921 962 807
4 815 617 563 160
4 564 284 218 906
4 581 377 833 228
4 683 41 531 553
4 319 590 363 926
4 112 213 293 423
4 754 633 83 912
4 407 854 655 288
4 428 442 845 575
4 465 732 487 535
4 134 66 210 795
4 187 535 859 527
4 377 434 204 583
4 534 662 487 60
4 659 895 481 901
4 68 316 206 232
4 386 528 173 632
4 444 794 673 665
4 782 849 106 501
4 292 367 839 183
4 385 262 537 657
4 20 259 790 548
4 25 569 859 921
4 292 171 110 305
4 252 605 757 248
4 645 381 361 165
4 834 595 546 221
4 210 643 790 480
4 339 17 719 272
4 262 401 420 9
4 82 971 499 506
4 453 984 167 150
4 406 939 313 628
4 840 412 852 780
4 30 161 556 285
4 753 837 459 528
4 300 726 407 801
4 697 606 58 278
4 966 970 896 594
4 342 95 140 915
4 786 418 627 392
4 971 957 120 256
4 873 424 906 368
4 811 816 999 317
4 840 431 514 759
4 236 215 198 499
4 943 964 16 799
4 683 988 370 582
4 223 435 71 25
4 465 804 727 703
4 887 519 484 358
4 414 396 235 257
4 748 777 278 100
4 101 323 419 454
4 706 929 734 714
4 717 907 390 690
4 217 590 330 150
4 203 327 739 422
4 399 262 914 667
4 632 548 435 927
4 344 91 316 529
4 560 432 473 44
4 418 97 789 361
4 569 924 577 136
4 148 284 651 617
4 823 415 572 204
4 225 347 71 941
4 418 920 115 945
4 999 774 584 451
4 189 330 927 238
4 821 161 95 737
4 864 206 254 742
4 859 484 174 562
4 812 532 39 132
4 731 606 661 956
4 919 822 616 786
4 452 231 99 893
4 222 912 303 939
4 850 352 700 165
4 717 538 140 224
4 812 474 125 905
4 991 9 87 558
4 239 356 104 318
4 952 900 724 418
4 574 649 130 661
4 433 525 726 909
4 125 973 264 160
4 670 686 825 961
4 472 255 834 261
4 782 749 357 953
4 604 920 439 633
4 602 276 285 281
4 83 338 555 703
4 343 664 942 746
4 228 100 589 509
4 441 636 350 417
4 910 337 990 267
4 516 681 418 436
4 355 551 648 195
4 448 559 718 175
4 371 817 670 90
4 654 432 288 949
4 391 801 711 547
4 119 799 323 978
4 654 484 775 48
4 602 606 855 595
4 286 974 540 742
4 968 77 802 137
4 344 414 836 750
4 220 580 818 4
4 796 553 164 968
4 632 456 943 615
4 177 88 349 131
4 272 881 289 656
4 938 878 844 622
4 871 242 210 627
4 645 511 696 494
4 782 545 40 297
4 371 526 24 58
4 814 59 710 635
4 576 248 501 552
4 52 473 98 366
4 197 477 144 951
4 758 72 488 561
4 236 171 745 1000
4 900 583 863 198
4 31 546 469 513
4 654 737 583 329
4 881 812 130 1000
4 35 314 219 779
4 567 930 70 63
4 138 359 896 11
4 434 687 743 504
4 785 696 349 204
4 312 555 673 777
4 444 159 322 151
4 497 906 139 227
4 846 937 649 17
4 48 24 996 741
4 581 93 809 965
4 68 599 849 107
4 782 305 529 915
4 659 707 61 436
4 581 460 653 441
4 448 990 122 425
4 979 960 748 6
4 158 619 990 903
4 846 941 863 570
4 747 180 714 345
4 400 73 264 909
4 326 336 216 423
4 814 537 129 19
4 798 785 333 594
4 896 845 869 161
4 665 544 809 876
4 165 101 608 563
4 600 576 984 46
4 199 670 478 532
4 99 182 174 670
4 132 513 955 456
4 861 813 276 605
4 657 930 752 799
4 849 70 942 27
4 982 308 998 43
4 793 671 987 598
4 339 313 349 22
4 81 851 847 461
4 455 384 598 363
4 343 685 579 653
4 465 731 880 828
4 971 253 53 583
4 91 192 687 24
4 229 290 923 448
4 360 746 988 120
4 642 192 26 87
4 852 566 589 504
4 316 488 721 605
4 316 209 401 174
4 966 251 996 463
4 771 612 816 686
4 376 739 869 537
4 103 641 638 976
4 375 395 975 32
4 185 95 869 85
4 933 8 677 801
4 714 312 346 382
4 410 165 450 210
4 229 465 483 34
4 386 4 749 482
4 354 463 886 165
4 621 208 680 450
4 274 101 204 918
4 794 449 709 343
4 30 251 896 348
4 502 973 137 690
4 1000 525 121 356
4 868 810 23 38
4 864 902 347 162
4 434 129 658 477
4 362 114 57 708
4 855 118 540 311
4 895 96 239 704
4 995 450 796 323
4 918 612 47 12
4 77 333 993 70
4 108 877 792 625
4 261 483 544 844
4 714 262 151 79
4 161 961 337 441
4 46 141 848 522
4 863 792 276 156
4 840 683 149 473
4 533 2 186 440
4 891 188 17 520
4 326 42 332 423
4 749 164 231 74
4 137 266 988 345
4 237 764 47 546
4 578 176 452 835
4 800 626 115 745
4 821 805 793 690
4 590 336 836 774
4 134 857 812 756
4 968 701 205 909
4 506 323 801 861
4 918 258 89 69
4 294 397 136 40
4 217 904 713 331
4 933 292 660 881
4 581 396 643 671
4 980 701 808 832
4 226 374 813 279
4 395 769 663 700
4 899 704 307 268
4 168 964 641 968
4 560 405 144 470
4 824 882 589 509
4 55 964 824 566
4 274 310 458 256
4 1 842 973 987
4 472 586 956 188
4 212 605 802 245
4 8 530 68 691
4 759 933 400 950
4 334 87 541 996
4 602 621 312 104
4 887 726 876 345
4 721 423 470 718
4 40 121 897 537
4 499 172 107 241
4 732 450 106 671
4 88 623 62 792
4 330 350 947 256
4 740 72 637 946
4 697 271 658 580
4 294 931 426 761
4 573 311 150 19
4 836 586 589 808
4 130 703 525 387
4 390 741 865 649
4 356 29 37 570
4 578 76 473 665
4 525 885 522 419
4 50 743 227 141
4 93 518 64 393
4 168 130 45 828
4 166 218 26 152
4 489 643 615 42
4 406 861 736 964
4 15 105 999 287
4 68 240 254 591
4 463 22 696 474
4 158 602 136 443
4 537 548 257 498
4 812 289 556 550
4 729 516 718 181
4 274 661 26 852
4 544 598 216 696
4 814 801 809 565
4 444 331 372 142
4 112 253 748 236
4 834 654 23 458
4 477 247 344 809
4 51 453 327 945
4 982 829 698 547
4 348 636 470 15
4 262 700 463 115
4 237 175 316 361
4 848 180 945 830
4 739 995 565 24
4 428 329 392 944
4 121 419 58 460
4 992 424 412 559
4 511 202 654 32
4 840 625 519 694
4 146 156 231 845
4 35 800 140 122
4 615 964 435 700
4 183 950 176 332
4 502 24 577 647
4 444 260 732 25
4 600 546 39 400
4 878 218 432 927
4 215 96 476 585
4 402 13 602 654
4 980 381 885 679
4 480 615 852 416
4 445 547 374 286
4 170 566 45 227
4 81 436 518 799
4 423 776 476 635
4 837 329 443 213
4 380 414 614 903
4 628 725 592 993
4 329 550 335 86
4 773 256 296 692
4 382 570 494 82
4 108 582 452 669
4 9 698 396 92
4 717 195 402 624
4 510 777 152 164
4 849 192 241 932
4 64 612 686 90
4 499 904 327 550
4 329 976 105 224
4 91 626 954 335
4 523 923 85 609
4 187 420 289 799
4 375 299 713 99
4 293 62 55 565
4 793 693 110 796
4 646 715 525 883
4 868 723 956 107
4 873 175 714 545
4 587 55 73 583
4 821 811 867 984
4 99 772 345 340
4 287 315 698 925
4 731 858 808 206
4 867 694 197 798
4 953 788 105 279
4 414 916 107 342
4 596 154 356 779
4 234 728 808 162
4 393 576 611 647
4 451 239 178 534
4 746 116 805 411
4 239 742 400 414
4 298 725 863 709
4 702 952 466 99
4 15 512 135 55
4 794 614 743 542
4 377 937 376 630
4 926 214 706 322
4 585 907 109 403
4 90 14 568 245
4 788 143 708 752
4 8 916 760 541
4 439 358 977 124
4 1 678 197 430
4 631 430 262 384
4 536 47 887 685
4 209 41 519 972
4 341 981 737 176
4 773 959 804 303
4 467 737 787 714
4 573 566 268 892
4 465 131 23 549
4 235 68 110 368
4 31 633 584 839
4 603 145 295 698
4 628 21 492 685
4 632 656 110 177
4 942 800 707 115
4 10 549 534 343
4 252 105 569 826
4 99 744 336 458
4 794 283 875 104
4 720 463 106 856
4 489 659 983 127
4 681 436 167 445
4 631 886 779 384
4 402 457 642 615
4 840 45 450 481
4 730 174 481 10
4 153 931 512 620
4 25 408 650 35
4 439 819 91 844
4 999 856 853 778
4 860 350 13 97
4 375 735 460 342
4 226 806 415 827
4 887 711 510 974
4 245 595 259 535
4 33 340 558 658
4 504 526 123 989
4 82 682 85 1000
4 979 411 361 547
4 201 60 266 678
4 758 277 500 943
4 504 872 408 689
4 937 1000 33 513
4 724 234 87 393
4 145 802 606 626
4 694 12 523 861
4 811 658 310 624
4 615 75 892 18
4 919 2 910 980
4 739 924 89 260
4 215 263 572 824
4 859 840 307 887
4 568 265 476 902
4 713 420 781 626
4 380 598 332 589
4 815 740 614 434
4 33 462 152 186
4 404 950 665 279
4 380 675 259 807
4 167 635 40 76
4 181 269 192 147
4 685 646 476 401
4 736 279 668 613
4 196 337 338 241
4 953 352 554 861
4 904 181 140 103
4 942 207 354 783
4 211 658 771 955
4 991 505 710 16
4 181 858 973 969
4 892 123 916 273
4 364 425 620 390
4 676 819 900 772
4 210 155 42 562
4 225 233 244 38
4 986 614 693 507
4 706 432 206 747
4 391 355 492 565
4 636 264 106 206
4 251 555 205 454
4 722 584 288 212
4 964 960 571 955
4 715 169 427 482
4 551 182 965 40
4 806 170 577 714
4 629 662 338 619
4 413 896 960 522
4 72 735 254 435
4 860 989 328 172
4 578 932 402 930
4 926 457 14 828
4 782 502 258 988
4 292 517 513 469
4 197 360 654 39
4 714 401 374 723
4 168 946 142 434
4 766 415 951 656
4 777 564 408 699
4 798 85 378 554
4 110 131 789 129
4 434 562 941 561
4 450 474 505 727
4 745 333 714 866
4 856 743 867 257
4 306 102 188 394
4 339 823 832 970
4 297 214 587 450
4 376 754 767 703
4 782 586 351 345
4 807 665 258 583
4 998 420 669 976
4 584 572 324 546
4 644 871 593 88
4 916 890 544 312
4 397 601 844 530
4 481 704 898 579
4 111 179 381 826
4 221 583 314 173
4 868 212 628 570
4 631 54 668 184
4 835 105 643 584
4 653 219 491 891
4 835 977 433 268
4 677 422 755 233
4 404 764 843 561
4 745 448 340 307
4 677 663 968 167
4 571 660 248 267
4 471 74 500 548
4 922 690 858 103
4 319 657 621 318
4 282 949 868 259
4 236 591 351 197
4 567 843 612 812
4 925 361 823 320
4 784 680 321 714
4 826 92 630 195
4 717 787 366 676
4 212 943 276 268
4 551 321 920 787
4 339 561 163 132
4 812 164 118 878
4 282 114 606 133
4 1 466 234 59
4 874 912 492 533
4 244 192 34 405
4 898 912 561 394
4 226 601 935 303
4 900 526 8 478
4 444 857 817 346
4 198 726 466 557
4 650 582 686 836
4 733 597 414 663
4 623 129 507 394
4 348 878 815 241
4 162 47 701 340
4 587 584 789 701
4 811 192 128 242
4 226 879 730 101
4 200 450 564 131
4 770 230 183 931
4 119 283 541 154
4 577 396 753 322
4 510 995 373 691
4 590 315 391 375
4 138 652 181 517
4 402 439 470 828
4 455 218 306 335
4 134 994 820 184
4 821 555 454 276
4 472 912 601 637
4 225 118 241 553
4 177 521 495 990
4 622 613 590 7
4 860 562 233 297
4 415 186 78 154
4 979 672 338 558
4 821 467 764 321
4 982 57 58 881
4 243 349 832 80
4 330 336 531 610
4 199 378 95 415
4 4 742 555 912
4 873 529 853 181
4 93 69 467 787
4 479 415 504 665
4 811 962 102 795
4 264 742 944 605
4 449 574 880 207
4 30 734 796 819
4 703 885 625 970
4 50 403 616 235
4 214 939 902 255
4 628 414 488 744
4 274 505 735 862
4 272 593 439 398
4 183 77 332 491
4 573 834 206 582
4 399 214 746 224
4 854 592 479 716
4 438 870 714 614
4 794 471 462 548
4 89 189 118 664
4 771 876 496 760
4 436 600 878 270
4 873 270 267 853
4 216 738 116 80
4 53 741 576 908
4 372 589 79 405
4 937 807 612 459
4 807 480 658 121
4 645 176 48 891
4 4 258 885 47
4 28 330 121 394
4 560 972 100 461
4 741 642 824 546
4 979 557 856 749
4 259 776 848 625
4 631 282 18 79
4 211 651 523 166
4 383 599 587 946
4 811 528 714 235
4 199 116 788 567
4 802 635 612 124
4 152 710 532 823
4 932 8 468 74
4 170 556 833 646
4 105 739 689 749
4 540 162 251 462
4 379 43 437 977
4 815 929 553 42
4 345 614 25 845
4 217 401 374 593
4 266 405 440 500
4 339 915 519 486
4 399 53 337 791
4 430 118 532 70
4 28 114 841 47
4 421 480 664 317
4 158 255 97 789
4 798 832 613 944
4 850 792 659 705
4 782 528 596 902
4 967 507 621 665
4 881 576 729 155
4 831 861 892 57
4 722 864 339 50
4 644 853 283 138
4 381 891 853 826
4 155 902 559 564
4 256 80 569 985
4 938 724 906 954
4 101 131 615 713
4 89 44 667 72
4 179 911 269 704
4 445 255 220 337
4 229 885 66 333
4 560 599 485 871
4 181 316 530 46
4 611 265 741 261
4 836 916 329 628
4 452 88 43 274
4 745 743 340 793
4 782 23 568 998
4 355 198 524 593
4 374 273 764 379
4 102 669 543 157
4 918 896 977 150
4 84 593 114 718
4 937 959 457 337
4 947 808 861 462
4 235 497 644 195
4 535 619 778 771
4 80 517 700 889
4 402 851 670 192
4 471 917 792 6
4 642 147 190 148
4 900 510 450 954
4 14 536 363 671
4 409 891 567 939
4 367 384 571 569
4 348 797 542 345
4 168 860 25 503
4 249 198 665 390
4 571 768 109 197
4 942 397 247 281
4 363 540 135 270
4 857 930 397 976
4 21 657 825 376
4 80 236 890 939
4 390 801 379 204
4 901 787 473 872
4 523 614 297 635
4 849 894 170 934
4 947 583 394 175
4 351 325 453 661
4 864 48 534 747
4 578 459 295 936
4 220 376 334 157
4 647 779 947 891
4 779 742 279 558
4 911 944 40 893
4 370 140 799 441
4 918 57 474 354
4 254 470 350 922
4 729 16 536 173
4 815 402 530 49
4 560 435 691 904
4 441 86 741 648
4 458 759 801 742
4 523 5 592 947
4 17 277 204 183
4 98 69 133 805
4 851 62 52 191
4 578 561 169 233
4 941 52 14 723
4 919 119 399 32
4 367 441 453 924
4 315 515 486 500
4 257 961 230 417
4 672 160 450 418
4 643 686 817 774
4 112 17 224 131
4 155 16 700 737
4 398 173 488 11
4 837 957 755 685
4 660 505 202 557
4 200 297 872 799
4 777 69 889 13
4 581 459 901 209
4 215 398 220 823
4 20 876 958 223
4 711 596 585 156
4 219 369 810 879
4 249 638 361 343
4 538 378 722 108
4 250 508 159 767
4 402 86 213 725
4 550 19 908 705
4 715 803 983 597
4 410 943 317 397
4 272 753 209 450
4 444 992 192 417
4 721 396 207 610
4 491 277 844 770
4 286 686 384 800
4 273 58 322 394
4 413 501 992 526
4 682 133 187 875
4 895 994 238 232
4 156 273 135 876
4 152 437 503 714
4 666 949 607 875
4 842 739 961 751
4 108 834 879 502
4 133 845 306 45
4 818 544 565 485
4 398 197 847 440
4 471 824 328 247
4 177 899 537 867
4 344 552 911 60
4 874 174 588 607
4 341 219 232 916
4 326 369 422 3
4 82 172 845 233
4 129 955 544 408
4 279 988 319 724
4 432 113 146 71
4 244 940 162 968
4 245 652 383 8
4 864 949 253 819
4 162 833 291 75
4 137 626 196 183
4 823 752 481 384
4 239 5 707 47
4 921 179 488 460
4 292 181 318 887
4 654 43 809 369
4 145 419 960 757
4 117 64 404 752
4 147 361 695 595
4 112 515 676 483
4 713 297 562 347
4 243 317 752 7
4 169 784 677 100
4 17 619 160 976
4 897 871 999 126
4 335 450 67 102
4 918 512 188 321
4 567 651 51 95
4 237 540 157 673
4 968 84 17 428
4 683 573 528 101
4 108 424 485 193
4 544 441 749 239
4 138 149 278 346
4 910 39 667 813
4 806 484 359 62
4 799 177 998 856
4 183 526 844 559
4 243 321 595 450
4 857 319 245 377
4 436 165 45 120
4 800 302 417 950
4 150 520 816 576
4 326 174 72 662
4 732 545 269 496
4 30 625 337 961
4 471 820 361 418
4 28 33 914 973
4 554 626 3 780
4 153 29 694 333
4 365 824 734 617
4 162 750 895 328
4 542 769 11 671
4 574 982 688 984
4 645 605 518 314
4 304 89 44 743
4 522 484 740 382
4 133 493 219 766
4 428 921 483 619
4 713 830 211 967
4 641 305 539 561
4 653 777 531 900
4 799 368 790 935
4 212 676 351 350
4 510 946 273 161
4 408 368 303 699
4 981 195 797 230
4 462 767 13 765
4 421 968 658 373
4 1 991 293 54
4 962 911 225 405
4 992 966 671 691
4 480 865 65 230
4 683 595 977 41
4 134 371 854 590
4 472 366 720 782
4 364 65 371 937
4 578 386 37 373
4 998 879 218 296
4 364 219 316 34
4 538 39 329 350
4 292 519 424 943
4 775 774 142 51
4 84 626 477 308
4 444 346 208 306
4 164 580 24 168
4 837 103 295 317
4 884 163 610 207
4 816 25 880 350
4 332 505 664 789
4 542 246 384 517
4 510 206 173 333
4 184 514 583 530
4 894 709 266 678
4 48 484 831 492
4 137 649 858 456
4 813 258 363 612
4 554 315 34 785
4 202 72 639 703
4 681 212 245 363
