1 0.5263550183325657
2 4.341983103586236
3 0.2769907932272675
4 1.834319110822608
5 1.0547636266286544
6 5.665259714676486
7 0.22746024216470945
8 0.6405379297620128
9 3.108540681118211
10 0.7320670874756141
11 3.1233683981136
12 12.67082814498392
13 2.3586290540729884
14 4.121760965712664
15 4.60749609226303
16 0.3009609009635502
17 1.2527420191100478
18 1.9351418195971164
19 0.4036478027451122
20 0.1405899314188696
21 1.3294002006329146
22 1.0816110124622238
23 0.1469161327039597
24 0.8166473836866156
25 32.499535763785964
26 1.005195463999808
27 1.9847148174508336
28 3.6683179987543344
29 0.6482082385406222
30 0.9372944010324177
31 6.1522598722591155
32 7.826709530152401
33 0.824017196673808
34 24.745290015285683
35 2.0876474006556434
36 12.099540093047674
37 1.6536242541900583
38 0.13850229771747738
39 0.3635333953527748
40 1.1603483174222204
41 0.44333597302614847
42 0.9192050645517498
43 2.6852897229368016
44 2.861240784117995
45 0.03220914613264695
46 0.9408863886086404
47 0.6892809085053543
48 24.7492882617458
49 4.27752861425503
50 2.626369096040456
51 0.6053303636845919
52 0.12327597417460286
53 0.014952324782311247
54 0.8204668363505583
55 0.5899431040511147
56 5.761993929137749
57 11.040103195985683
58 1.7073680255434658
59 1.077995754447915
60 155.7484760767934
61 0.9739376003106046
62 2.461555499940051
63 0.9936077497078585
64 0.5036771350107715
65 2.0172947318160808
66 5.373806625529542
67 0.08081780598445759
68 0.8012126608871536
69 8.68766470081677
70 0.3825747167596331
71 1.4518965739975105
72 2.5473356197023276
73 0.08706375456716299
74 0.3272503025346621
75 0.7414373197821128
76 1.4676800408362598
77 1.773442671165857
78 4.558960871667933
79 1.5147404237787077
80 4.709978444432919
81 1.0396915955199593
82 110.52260271475
83 1.4021751608274524
84 0.718698063113895
85 0.03800681829307068
86 7.003595396077075
87 61.71002407073162
88 0.05383085837662554
89 0.3712897574354677
90 1.4905688818150054
91 1.0955523912675809
92 0.4931030891281015
93 0.33779582630505856
94 0.04635561157745119
95 1.6079795747161494
96 0.11859732473744322
97 0.18174525558347707
98 2.2341427451020297
99 1.828426213450015
100 0.6614527887281274
101 0.6002355504580899
102 1.1657779945941797
103 0.55724986179838
104 0.09519061022939423
105 0.5357049432925591
106 1.05723528434887
107 0.5774447338451856
108 1.0766335270909242
109 1.6445816603712946
110 1.9691274041728648
111 1.1384937074320451
112 0.9852963498418884
113 5.529189432826394
114 1.1909462204300607
115 5.0864203578177385
116 1.6966764609995464
117 0.8126379025348858
118 1.730559538188508
119 2.2193795715275084
120 0.6392528728012716
121 0.7122526892120085
122 17.884567047184554
123 6.349636239726086
124 1.0385812874428295
125 8.511116313450657
126 0.5832391848932017
127 2.7362561005294004
128 47.94835879786504
129 0.7367675426056389
130 7.408233557375967
131 1.1958700137555138
132 1.368955802066643
133 0.8468505476482078
134 1.4533058699995698
135 3.4426787558428016
136 3.567421219659175
137 0.31639325220891595
138 5.258674728217357
139 1.3805207946760751
140 0.23791536998267476
141 2.371003413312031
142 1.846905145408483
143 1.1780153365588801
144 1.4717721403664772
145 0.6550392354929165
146 0.9457734669473317
147 1.0904382534022097
148 54.20444459463813
149 0.16785429090427323
150 0.7084463014493716
151 4.155049768943543
152 1.5998166052488874
153 0.10695474138981331
154 0.23651258439874237
155 0.20417253116958306
156 3.8491827132514316
157 0.6027277654101296
158 2.2845943546150544
159 7.4225234913951335
160 0.1832655629801274
161 0.06070708363273826
162 0.6801184589265876
163 0.021427130808827882
164 21.829575565362383
165 0.41610245475576274
166 0.6710368201921755
167 0.43471211263455517
168 0.040417993533735395
169 0.4010971653455074
170 0.2911348230679803
171 8.634288729533077
172 0.04795887500778031
173 5.407731184479519
174 0.4930504220286745
175 0.492982633434083
176 1.2546902261098845
177 1.749650320240316
178 1.2947071557031598
179 6.90257605603272
180 3.1180780750277144
181 0.575293140632479
182 0.4187473238932794
183 0.34378033411112036
184 0.05537219019208243
185 3.7500041944419915
186 1.057936200528703
187 3.2544736340019114
188 1.4828112896512893
189 42.6571378152924
190 0.5750412704129019
191 2.3447837885238947
192 1.6391164879371125
193 23.073706845766736
194 1.0044668295490018
195 12.03224232139128
196 0.6552734297552545
197 4.153979605901846
198 2.34690296567114
199 0.8460649080828962
200 2.4404619845614177
201 0.0253602430377855
202 0.7530829310571134
203 1.0983794613054645
204 0.12756552573253677
205 0.3101136523182061
206 0.18786590789112403
207 0.03997121885900507
208 8.690723946854606
209 0.0880618896330477
210 0.9388143576890507
211 1.841258397744877
212 0.18964916522442976
213 0.18835972930299436
214 0.42987150844530353
215 0.4507282661861976
216 9.321474588702479
217 0.06322809398318338
218 4.019384453980603
219 1.0064059787959265
220 1235.63338351688
221 0.0032367916062722487
222 4.7436590466474335
223 0.9724527201232415
224 0.813659726397442
225 1.4239664711762752
226 0.060915568798757376
227 0.9036178992675875
228 1.1483911199515529
229 0.16573198691545285
230 0.6112421292704808
231 0.04621453624047226
232 0.25857697444242744
233 0.6502275785239318
234 1.6402429213008398
235 0.17212481859221376
236 0.38926617923593815
237 0.09786779286429777
238 0.4127302310962206
239 0.06453115805153922
240 1.9103480025061037
241 8.025273423830614
242 1.1411338620008338
243 2.9629199017815075
244 0.05535779421365911
245 2.4275842255245856
246 0.12833941527466178
247 0.1989550090030127
248 7.102426674206404
249 6.4238560801892675
250 1.0160325799749643
251 0.21809821967533266
252 3.0752532534033294
253 23.452572917983606
254 9.815184809731964
255 0.8138866823304738
256 0.03766158134214105
257 11.046498107258886
258 3.431944567859906
259 1.8479261918666037
260 8.895041626316205
261 0.2782305255936236
262 0.2435613994106633
263 0.2793595412655453
264 0.3132247962804671
265 0.2375335379894855
266 0.3117460878104601
267 26.661562547491467
268 3.2990320937666824
269 0.17967616196163497
270 1.4760582345085067
271 14.257600252919431
272 0.5164124437978921
273 3.715137893488818
274 0.8666542157425867
275 1.7279419951214356
276 0.0661781015097859
277 4.4405865202279795
278 0.9502993815980534
279 0.09185736502390673
280 0.9980919900784361
281 2.5249774918072885
282 1.4447339124215555
283 0.3846845719715284
284 3.655056653962844
285 0.5552646080630967
286 0.9679129266554332
287 10.468894374148729
288 4.09062217737211
289 3.0883235961027444
290 1.145574123759954
291 3.5554092172664213
292 2.489126223650474
293 0.4896943598972707
294 2.10689073444328
295 0.2678225409041847
296 0.24351675142671197
297 0.2467635798333204
298 1.8609084420520086
299 0.36673178050464833
300 5.098249731237169
301 0.15450780648690543
302 2.0933588901286497
303 11.588319390789366
304 10.853697734795384
305 4.975559433214227
306 5.104642401972575
307 0.003344882035679308
308 18.791216999485144
309 0.8643762024604034
310 1.3151965989743277
311 0.25102554498964286
312 0.08022970650373798
313 0.8664234948655857
314 2.2074738306511934
315 0.024366655326498832
316 36.5421123977577
317 0.55155938587833
318 0.5028569251750771
319 2.047734259325099
320 2.1515746602950436
321 1.305612627874894
322 0.050744260064052006
323 0.24586715367506295
324 0.30279286447568976
325 9.477267436647562
326 0.2800682863617981
327 17.077828966458814
328 0.042409724023108906
329 0.2917485799857474
330 0.04980729722886623
331 10.698000137219942
332 0.6082683048842529
333 2.5393415241276047
334 0.04716544679490117
335 1.8525075457301274
336 2.8350195211371045
337 6.757675662132761
338 1.383401492336847
339 0.218159878706546
340 45.68284782200948
341 1.5033356012448158
342 1.8778094044432205
343 1.3016828614605331
344 8.960448265414898
345 0.9731208492014798
346 0.5237450031317238
347 0.16648457926014587
348 27.991951016638463
349 0.21726764534115106
350 0.15704972296387806
351 9.781159618338442
352 0.2342534979050989
353 2.7579953811513405
354 4.440497685496484
355 102.4826927569076
356 0.41603216036700075
357 6.283001569581114
358 0.4697593935766072
359 5.562422437255512
360 1.9455941911345718
361 0.8209151225647593
362 2.726102251080884
363 1.0007000676716975
364 2.3236884786519343
365 1.2186384239134043
366 10.055851006588343
367 1.4892094314448532
368 2.4795206800832275
369 8.452809404743423
370 0.8745723816401102
371 1.1577927097881866
372 1.4688048490000138
373 1.1844725692516218
374 0.15616311529767235
375 0.36016159577463214
376 5.0081482857182404
377 4.426595052068575
378 0.005694808312399655
379 3.5754102527520364
380 2.2816023167305435
381 10.439836750704927
382 5.04083677463952
383 0.8239802393737239
384 179.66554504457713
385 0.5948413815328187
386 2.0494347575492013
387 0.11672042561555149
388 0.7238922962939338
389 0.7683395851723974
390 0.2500794354289395
391 0.7653814790834601
392 6.703361661963169
393 0.2767565520670526
394 0.03385605547983536
395 4.620178327558452
396 0.9677829845565906
397 0.5321101566631133
398 19.553789266012974
399 7.273687526772413
400 7.2873398855524645
401 0.6904236721633085
402 3.6243187095967104
403 2.199176420739993
404 1.1453111580564856
405 1.9432052155899369
406 1.371583728324622
407 0.46028526418129
408 0.4333315954082636
409 2.257337777719564
410 0.047413457415404835
411 56.57884544835869
412 0.9936729827481902
413 0.13564936773970435
414 0.5854445783887995
415 1.8737090712438151
416 2.5834538687762834
417 3.0330141453860833
418 3.90429307585209
419 0.8118935979577717
420 0.19858867275217773
421 2.7285874182083516
422 0.41970056353939905
423 2.5849200331798072
424 3.361827882548281
425 9.58697883926154
426 1.6899336750871485
427 0.05760551711296249
428 0.6175916451361918
429 3.027935378629025
430 0.027712456931731095
431 0.5380014265219045
432 0.7246911658414587
433 4.202792215766616
434 0.06917849753983335
435 1.0966125424673145
436 0.5539738834656184
437 41.16470829660697
438 1.1289854113963558
439 81.02487838103414
440 19.21446126086631
441 1.862292855718897
442 0.11498268421110697
443 0.16728210255325837
444 10.933930737592144
445 0.5239938476659761
446 0.4113217799037047
447 0.9687079943441261
448 0.26873203023937675
449 0.3241923465409503
450 2.3479365237546994
451 0.17164154699710216
452 565.7616617115441
453 0.24776598893137705
454 1.6671708468366981
455 9.153880968796845
456 0.2214359109440838
457 1.0931515508393783
458 1.0351173355082466
459 1.0371635464660673
460 3.137881423218936
461 2.025431199709071
462 3.25018944033696
463 0.3628899901950736
464 0.002437839906910003
465 5.992849704246485
466 3.3272243720794177
467 0.3067152136216005
468 1.646132898654963
469 1.1789040508097033
470 0.014979814301710257
471 8.248085122045905
472 3.666596135933156
473 0.8103467866634116
474 0.04069942102405262
475 0.5560762464535974
476 0.3901823601682264
477 0.8764475320933922
478 0.6880903161583676
479 0.8069154278751934
480 1.5024542584840854
481 1.998849201865186
482 0.020556327514723523
483 2.31613754654285
484 0.7130624686824386
485 0.6558918618776135
486 1.1340325771242896
487 0.5566241831580233
488 0.3756761488025848
489 1.9613595129288324
490 7.730448773314155
491 0.4438295479903183
492 5.885300233617645
493 1.1631273963143347
494 0.041994096335561955
495 4.046596854162886
496 0.179916105134607
497 21.466543643891967
498 1.5522606453515038
499 0.3951387979786207
500 0.16221350505438195
501 0.352204416229249
502 0.406457064842488
503 0.003274224647149398
504 0.014450137999093747
505 8.657304793583435
506 0.4494711186087361
507 679.7937618949098
508 0.8978669719081326
509 9.212042743941582
510 1.9798071531549732
511 7.627095268312947
512 3.8634670467347156
513 32.8870167827577
514 0.44060044498732726
515 0.24436785099813516
516 0.13074003291952985
517 0.6961508671965526
518 0.05925995537684208
519 4.8822264741145025
520 0.147741465187204
521 1.7135871794439113
522 2.052162366543765
523 1.1341540393877194
524 0.3886685832887773
525 0.41290330633722544
526 7.079480441076883
527 1.6940041373919732
528 3.93386935883509
529 0.48459466438597587
530 0.7510652363582766
531 0.09976654066369214
532 2.495107521361137
533 13.621169325133128
534 1.6765609157671997
535 1.7789761674429974
536 0.9021771407164895
537 1.703289596711847
538 0.5199607666329015
539 0.02505602133795405
540 3.4184641381268444
541 9.430284961140297
542 0.47187250512163315
543 1.1255682113096406
544 30.75249629087954
545 0.9214675001465262
546 0.26471923729244773
547 53.786571373638736
548 0.14989410891942526
549 104.69986583305243
550 16.431267354344268
551 2.816722893898076
552 1.2663369699831535
553 0.1319324675786235
554 3.9623812739179654
555 33.74990684213241
556 0.13718557517101984
557 2.1997313221762895
558 0.4627872807277158
559 0.22460735155271
560 0.87333777549193
561 0.7455011390074062
562 0.010026321553575943
563 0.910279057753417
564 0.5318155785668054
565 0.9693605010336227
566 1.6658044364650446
567 0.38029831903069466
568 0.5859609392145657
569 4.751009842710267
570 3.209725764607002
571 0.8517785016413718
572 0.26947649722186195
573 3.139083076711625
574 1.9841820542946107
575 0.01254932379452492
576 1.9280461886993707
577 0.4549809387159618
578 0.1715633808942063
579 1.0066546101798837
580 1.8739061564247164
581 0.4092592759424824
582 0.6601105803445371
583 0.35333754501696346
584 0.4003679549629882
585 0.2626890031455135
586 1.8385193377771796
587 0.2269740020751263
588 2.549333710992864
589 9.782539130738709
590 2.3731818828657207
591 2.521479101453102
592 0.47732915808242504
593 0.289019245280229
594 0.0576299017089443
595 0.002633625248850986
596 4.773335376164778
597 1.5578057716073008
598 0.2520947175539537
599 10.557843254372523
600 0.18754558620134046
601 0.14991875558003118
602 1.1584287522139867
603 1.110688041291965
604 1.282457340228734
605 2.7539868112593675
606 5.186308490931369
607 0.31051205302153556
608 0.3405179243126972
609 0.9635613953823484
610 0.766312174888306
611 2.6017125791147473
612 2.9819016725496126
613 11.441203250209544
614 0.11116491902502319
615 0.6543736689618996
616 0.08901589300435112
617 6.856246705895354
618 0.3912279288483823
619 3.5384639959929576
620 0.19309819356803987
621 1.5507022092966438
622 12.366383424487557
623 0.33760694148148346
624 0.11986708040477201
625 0.7810465510038087
626 0.582092360777999
627 4.441242759587672
628 1.4593278277191861
629 0.16963897214138865
630 0.2825452732918991
631 0.8496407545254548
632 0.20899116813622545
633 0.0057170829912564156
634 0.5167313401550832
635 0.7635867795855306
636 0.013293946245274612
637 0.6673343096382391
638 0.9134977680035044
639 2.3855808427031278
640 0.2552450840308387
641 0.6287928067715471
642 0.5504375832739418
643 0.032105500649924526
644 2.339514944356833
645 0.2330081598587955
646 8.643766165803035
647 0.29374046598718684
648 2.9060141852703976
649 1.0068596994396652
650 0.793633756245866
651 0.27549239122882346
652 0.8464209347809009
653 21.875239818296013
654 2.7627351145569468
655 0.2952814139661045
656 0.39607769742938015
657 0.1488428441447935
658 0.35250967448833526
659 7.0480423538760295
660 0.049186178942057394
661 1.2857694699778246
662 1.9831916427968945
663 0.30869566787854597
664 2.8507670667664016
665 1.5426830797453954
666 0.4469322001724252
667 2.5799314476442534
668 1.4670103234308436
669 2.5641231199354317
670 3.3292459480593437
671 0.4285933742332693
672 1.9767093796712911
673 0.8723591243898617
674 0.22747230621164957
675 6.1301576990174
676 0.28465366444393225
677 1.0555865225910366
678 0.1674466099872769
679 0.06838321497056016
680 2.651524424865384
681 0.11960767137762067
682 0.008690323783921778
683 0.422842110594417
684 0.6768416070564452
685 1.6793684839451644
686 14.296656035193157
687 0.1448029771392978
688 1.3800239710700546
689 0.3604375700917327
690 0.10890944473780478
691 19.126165377850775
692 0.12500034645649302
693 10.87601710059567
694 4.13734778700711
695 1.0524599415760678
696 2.565658420830484
697 0.02300976413752125
698 1.0989045297946924
699 0.3542036875691458
700 3.250142022931559
701 0.7574335642349559
702 2.228767324948774
703 1.6190427126300073
704 0.21983303339085938
705 0.5826755329232894
706 49.89909630491391
707 0.3443318577012661
708 0.8183754295038103
709 0.5882103227245454
710 0.01760207775071343
711 0.5791654691973668
712 3.1127297725032768
713 0.5985839421269342
714 0.03047265602929755
715 2.808582916690674
716 0.12191764203077368
717 8.70735778027619
718 1.6975433278635272
719 13.775168724293248
720 0.6481815636689908
721 0.09742457093007686
722 0.8869625974920977
723 0.5130867303539619
724 0.17787869732817962
725 3.9436316977362567
726 0.316689903409815
727 3.938884065964923
728 0.658051625530104
729 3.5250619394566516
730 11.780907370958346
731 29.526777944050046
732 2.805541160346816
733 0.11160095263541751
734 1.2628621936374183
735 4.969960100755065
736 3.853719208208354
737 2.609782246035945
738 3.580052886192799
739 1.0228331306652136
740 7.671567005374503
741 0.4660865744654456
742 0.11276843616003537
743 1.2757851122466708
744 1.4166283031330529
745 5.3992722040997405
746 0.10744238605226791
747 3.036560240126212
748 0.05048463886895694
749 0.9775361791577197
750 1.737860069494277
751 6.948135470193577
752 2.515500825624573
753 0.34258602166725544
754 4.655471807402233
755 5.063670445387674
756 0.41541021666563843
757 0.4056021479917764
758 0.012498194958952186
759 0.39152661692292046
760 1.0895478969039427
761 0.013364803439020075
762 0.5414575847833201
763 0.09299232118222807
764 6.225685902640329
765 2.7426952601960304
766 0.05902938296829416
767 2.0980601136813615
768 0.12841088530167086
769 0.5191401123009288
770 0.006859333655221955
771 0.520743074268317
772 0.17994110095566104
773 3.482970033134782
774 0.6997170287141379
775 2.768746119485138
776 1.4935217083324335
777 0.24225621333325803
778 6.379244188584816
779 1.3973919598944813
780 1.4212581474176134
781 7.9426626462435586
782 4.863258935052996
783 0.31337528576302814
784 0.015267847921370389
785 0.15075402769134788
786 0.23786923399702506
787 3.1752581999884995
788 2.9845351655823533
789 0.40003674403766665
790 4.79906602640158
791 50.132683548818356
792 0.484390388583791
793 2.555019323336031
794 1.919010857104066
795 2.8538757171584828
796 9.095523118738809
797 0.028000059748156565
798 15.300664354605354
799 0.12197926961802857
800 0.12054733517179847
801 0.11317647983536723
802 0.027746343556906795
803 1.7846528715045855
804 2.4847444007358783
805 0.896092348715951
806 1.0988776569339205
807 0.5504357321492056
808 0.8118934427263476
809 3.3413946768102916
810 1.7584662131964024
811 3.6069041165647975
812 0.10991910120292381
813 0.22800660601751246
814 0.06387632589278168
815 0.2566393938018431
816 1.8001022288102393
817 5.52881163195618
818 5.554669865415553
819 0.3265587154956527
820 1.261059319886489
821 53.88959553322563
822 1.0842927867231158
823 0.2765747233851612
824 4.192884973221421
825 0.7329287170219777
826 0.14132363292005096
827 0.2505631979541637
828 11.552492111703138
829 19.30302402778833
830 1.911016921797217
831 0.6177488906033212
832 0.7272225593495003
833 0.8645884371330482
834 1.2199948845364108
835 19.500675565264235
836 4.148319311589602
837 0.9509316563418753
838 4.586202398802078
839 3.129758169942507
840 0.0847706529235094
841 0.6172214306481683
842 5.686491652313088
843 3.0303169627086026
844 0.2129760739734687
845 0.7509841884651854
846 0.35427792274750863
847 2.5704493667923396
848 0.6534780843992277
849 0.10759856469914614
850 3.2170985268810557
851 1.2808174225567621
852 2.8667536791232053
853 0.12191512119512676
854 0.17308380665811102
855 1.559707506232852
856 3.530888633175228
857 0.34594323935897725
858 1.2566997973308365
859 2.2732073661634775
860 0.3215888216163536
861 1.4210462059810747
862 0.601946219800511
863 0.9752644026582584
864 0.1828247671320089
865 0.38106957294385513
866 17.58148192775066
867 0.1853269814585114
868 1.224116027279306
869 5.215922116818454
870 0.2820189218488648
871 0.9648094696542248
872 0.6604773374829337
873 24.133409992498322
874 0.9376530855395316
875 11.043582479655374
876 16.51637780698597
877 6.393654854297633
878 0.15574502426484044
879 0.5749259665380518
880 2.733084357054614
881 0.30628476933262283
882 1.8498453458171387
883 0.40006032820773324
884 0.2745070705796635
885 1.7595645478182962
886 0.528162640267731
887 3.72058383743621
888 1.1114447341870028
889 1.0090432209408664
890 0.056327453759017355
891 0.4092539400995019
892 4.55004096283787
893 0.12978681626793337
894 0.6603030813115872
895 0.8337809123516658
896 1490.448414160075
897 4.810197962930814
898 1.6910293206904095
899 0.023198682027230678
900 0.6925523795324547
901 0.3658676304161546
902 0.5993690463182549
903 1.591696848260599
904 39.40783833121556
905 0.2414345819532731
906 0.1098082241989985
907 0.6869724356750062
908 0.3767124609354532
909 1.1953157503598417
910 0.5901715889665251
911 1.2652380641450285
912 0.8904469972519204
913 2.814992957766889
914 2.329854588036438
915 5.733317316193786
916 0.42438636312465533
917 31.945066687556295
918 0.3367073927798768
919 5.285439307189994
920 0.7743472560512615
921 0.33043386207474645
922 0.4988209972520655
923 1.5050470144329426
924 2.784863874541059
925 0.7019507502363491
926 0.5475145193642454
927 7.295348856511668
928 1.415102653739453
929 1.7396925085406607
930 5.398500145734374
931 0.07139379389597843
932 0.7323214361520877
933 10.507698399746205
934 1.2255425979793708
935 0.10569457850361959
936 0.3333729335445135
937 0.30730508963389463
938 0.45993228669291303
939 0.3244355184382024
940 0.6052273003286163
941 4.38744256626843
942 0.9033973894766487
943 5.268397060941496
944 1.3029251205087127
945 1.6052748135614137
946 0.15791744900376287
947 1.1073157219218028
948 4.04176820582359
949 3.920520861229574
950 0.43628061941277685
951 0.4348587756147795
952 10.029946173049064
953 0.8236933638036579
954 0.7919727359731112
955 5.1545420956687265
956 0.6931194818798613
957 0.68262053909106
958 8.239384088939449
959 1.4243800004396676
960 0.0917719445210027
961 0.5164481824293486
962 0.9197587445070927
963 0.239494366087993
964 0.030759273881141476
965 18.884853871796235
966 2.7876650480129506
967 3.2407987522870423
968 0.19214070259040214
969 10.474640919945797
970 0.04180136874221903
971 1.3991614311719556
972 0.4901470060821093
973 0.1934608168377059
974 0.5974984073118685
975 0.29352072473880747
976 1.1323781562084467
977 4.70786302683074
978 0.35467520217230436
979 1.6479080307374552
980 0.3920900255499999
981 0.19373349025561581
982 0.5688222876339281
983 4.0131293786555
984 0.4188385701895976
985 1.6918687278754834
986 1.880907523407847
987 0.020754071767871404
988 0.23048497693459497
989 2.511745049195846
990 2.877896618709751
991 0.2017751685785424
992 6.291908456588238
993 0.9966444515372295
994 1.9215030477263693
995 2.608022527296457
996 4.274993617574021
997 0.08061916173677512
998 0.3640405219415052
999 2.2456506812529136
1000 0.22935858714978893
