8 730 858 836 288 360 953 264 937
8 730 456 304 577 811 733 426 769
8 300 202 605 705 589 384 542 707
8 456 721 262 67 495 684 347 819
8 846 461 125 805 71 810 424 325
8 466 10 470 489 211 172 389 528
8 990 561 982 263 320 233 275 802
8 380 995 982 68 940 375 46 686
8 338 151 65 634 741 727 784 174
8 205 380 445 436 62 202 272 891
8 281 564 534 250 586 923 173 345
8 86 877 540 68 872 492 376 64
8 993 460 139 407 32 589 397 292
8 868 569 729 199 412 946 810 405
8 352 387 411 63 938 249 698 223
8 310 79 147 9 917 241 156 860
8 886 668 974 787 168 258 488 624
8 491 610 125 625 966 548 829 195
8 362 689 375 379 203 795 631 174
8 2 585 862 362 427 148 17 228
8 232 507 234 480 455 900 874 803
8 715 946 771 253 139 803 762 525
8 444 9 678 109 586 247 485 123
8 209 934 307 315 802 902 98 776
8 430 644 183 571 401 883 580 923
8 6 569 526 734 512 38 77 237
8 953 49 410 930 625 771 287 813
8 536 688 574 138 352 748 761 496
8 71 926 967 528 777 473 290 277
8 982 494 15 16 514 970 917 584
8 279 379 54 957 175 853 187 514
8 585 434 980 315 871 158 147 520
8 685 434 194 10 990 908 791 520
8 896 921 190 264 89 304 749 572
8 581 415 857 165 704 953 842 148
8 541 792 807 160 650 718 325 904
8 557 179 364 942 568 701 935 169
8 536 331 774 296 673 871 623 431
8 707 18 456 922 744 173 272 654
8 628 983 709 191 507 505 717 440
8 354 958 943 776 317 375 923 208
8 132 756 180 176 329 814 706 93
8 456 546 668 117 102 264 502 139
8 569 862 206 264 359 618 989 713
8 499 910 379 787 270 947 838 497
8 655 415 823 908 365 266 647 630
8 432 730 145 151 560 257 832 919
8 679 194 35 816 81 233 674 99
8 104 820 792 622 495 675 800 73
8 823 334 438 807 524 631 603 953
8 856 946 937 926 385 297 347 914
8 839 478 610 92 22 911 295 599
8 339 365 441 641 48 4 860 963
8 6 998 625 611 684 451 202 143
8 519 558 28 803 34 444 197 404
8 866 870 9 140 989 781 106 325
8 417 555 313 22 251 255 749 404
8 805 167 817 244 48 745 249 501
8 149 628 910 822 844 772 83 698
8 360 428 408 468 245 51 174 294
8 975 872 302 472 803 620 425 307
8 521 526 913 68 299 781 47 281
8 652 562 344 752 603 589 790 388
8 128 734 437 436 486 630 247 269
8 850 467 665 385 418 690 272 548
8 757 711 281 250 559 363 683 482
8 31 990 153 29 340 572 41 201
8 193 299 208 494 840 53 336 482
8 80 380 458 974 753 87 997 228
8 684 288 262 144 866 590 952 553
8 286 460 100 659 271 485 53 99
8 423 301 702 22 103 751 802 444
8 910 291 712 577 488 589 640 269
8 610 339 136 849 656 76 239 506
8 209 709 941 858 478 483 482 143
8 18 365 801 76 47 949 636 323
8 458 855 262 374 176 207 278 369
8 200 289 673 886 757 788 372 269
8 262 299 606 573 376 783 926 295
8 808 239 100 818 462 598 811 165
8 841 832 408 974 363 108 161 640
8 232 427 69 163 947 642 756 52
8 826 145 894 384 910 424 139 837
8 562 779 547 337 203 970 555 828
8 975 517 220 825 647 400 50 483
8 519 540 941 361 395 188 247 504
8 341 406 851 202 88 244 919 195
8 561 213 385 545 718 620 294 295
8 467 958 293 298 952 966 254 189
8 878 692 731 121 999 898 563 727
8 509 161 611 414 5 877 411 504
8 213 365 769 972 208 815 833 504
8 350 263 773 94 806 547 103 891
8 573 933 787 130 715 902 74 118
8 416 890 415 539 603 544 28 440
8 487 900 386 283 791 274 574 636
8 912 253 993 752 795 745 882 543
8 711 330 625 144 384 697 936 521
8 974 380 536 22 392 485 486 500
8 239 889 300 213 957 459 206 832
8 468 446 743 76 449 554 396 140
8 541 544 263 121 103 683 355 216
8 767 575 660 141 798 455 776 184
8 606 768 892 703 602 769 161 464
8 880 51 119 991 599 36 781 30
8 168 330 426 647 784 435 762 195
8 653 576 230 452 196 484 658 325
8 735 816 667 105 875 439 14 809
8 380 632 669 164 795 10 641 138
8 365 751 16 706 367 680 174 584
8 999 337 660 27 69 975 237 761
8 918 985 377 956 61 9 387 502
8 591 157 260 846 946 416 746 109
8 655 434 353 94 105 880 366 492
8 261 667 304 637 800 484 386 793
8 481 198 932 958 36 665 783 249
8 655 997 564 429 297 302 642 727
8 349 791 751 563 782 454 130 963
8 826 344 585 222 72 956 988 293
8 699 839 998 234 826 569 395 336
8 434 264 564 800 18 696 99 790
8 684 546 802 450 95 202 753 521
8 912 876 436 47 962 346 302 603
8 986 728 959 499 58 93 911 545
8 443 860 151 352 250 642 8 361
8 562 932 579 215 149 783 988 295
8 850 54 639 196 253 184 905 224
8 358 562 817 267 656 197 659 854
8 182 817 683 476 382 854 61 373
8 162 897 628 591 199 633 382 29
8 855 530 592 917 593 359 727 630
8 460 823 542 876 53 963 762 238
8 569 415 807 360 361 847 357 535
8 449 845 359 289 811 741 427 60
8 40 327 845 451 734 879 654 64
8 933 313 907 403 412 763 84 322
8 637 481 161 911 832 762 613 246
8 699 70 234 697 19 444 169 246
8 276 975 983 399 284 944 204 788
8 742 946 739 453 49 656 793 553
8 403 300 159 175 288 731 468 201
8 711 663 378 374 802 242 631 486
8 319 611 931 371 432 140 627 884
8 250 752 505 333 469 542 625 50
8 699 688 452 276 15 670 324 97
8 641 980 164 656 291 849 520 61
8 443 380 101 835 867 594 224 143
8 781 56 555 780 436 815 1 904
8 339 77 789 668 761 752 322 640
8 826 117 579 853 681 109 508 223
8 541 659 399 383 340 915 803 904
8 814 575 300 364 14 167 169 64
8 694 472 570 910 995 582 886 116
8 326 183 545 308 779 773 190 277
8 592 689 516 202 376 8 214 277
8 618 441 14 944 926 338 550 748
8 731 193 283 544 442 970 745 840
8 711 416 77 377 50 537 431 904
8 129 467 488 956 368 45 520 613
8 234 370 507 472 268 556 930 607
8 841 350 807 157 805 707 614 3
8 204 361 498 884 3 739 963 636
8 318 936 925 700 459 263 226 431
8 408 191 880 186 480 349 154 405
8 499 897 56 66 311 498 237 970
8 80 2 804 40 982 510 554 329
8 725 896 75 265 845 601 116 977
8 319 602 974 930 717 605 54 952
8 918 260 736 72 982 760 843 927
8 863 650 417 507 728 887 751 931
8 728 69 564 541 175 723 465 448
8 406 539 897 872 428 951 303 833
8 427 885 659 932 971 20 404 98
8 234 112 441 204 311 600 547 976
8 314 377 127 599 775 811 125 386
8 531 170 452 224 34 411 773 174
8 436 847 772 577 549 920 777 938
8 262 903 709 303 540 109 500 307
8 507 443 218 484 820 152 926 95
8 807 547 955 921 200 236 167 131
8 852 22 333 649 805 483 107 171
8 850 313 90 434 971 268 631 273
8 879 468 980 715 202 942 568 600
8 650 507 478 93 574 98 13 891
8 965 82 161 587 234 669 847 698
8 850 230 694 944 705 97 492 535
8 855 918 100 117 602 949 892 89
8 443 35 668 72 199 86 535 726
8 390 119 912 78 482 599 190 748
8 585 134 830 995 507 903 859 937
8 621 70 94 156 707 742 378 312
8 512 286 740 670 539 156 347 904
8 458 133 455 181 621 778 387 140
8 586 822 926 905 982 248 975 396
8 868 650 155 573 985 875 586 881
8 866 955 68 641 209 853 874 515
8 25 703 981 662 683 784 156 312
8 232 799 508 717 410 96 273 661
8 343 53 569 988 303 780 686 195
8 512 928 821 775 121 444 717 654
8 262 50 172 514 252 708 566 498
8 709 639 644 527 349 613 249 900
8 806 699 700 10 296 940 625 603
8 663 861 521 529 772 56 625 810
8 582 279 16 757 597 741 800 424
8 303 58 445 473 22 327 915 98
8 497 262 16 697 970 444 459 555
8 513 43 515 865 793 290 607 904
8 918 967 579 348 741 735 427 764
8 974 638 604 879 411 24 366 259
8 850 765 632 433 549 548 30 938
8 621 857 58 211 159 508 401 225
8 689 245 957 964 704 45 677 828
8 163 861 237 7 715 448 496 568
8 403 926 55 448 328 254 902 269
8 339 639 517 250 63 582 778 378
8 765 885 875 65 554 799 106 188
8 484 663 629 354 324 4 231 803
8 583 978 516 964 929 375 340 457
8 913 946 110 367 31 9 773 73
8 578 204 611 840 47 793 500 108
8 908 551 336 993 807 200 707 619
8 370 750 198 695 85 270 88 902
8 344 256 135 282 27 208 492 63
8 299 692 890 579 288 949 712 762
8 6 446 701 433 424 109 543 504
8 839 490 714 744 852 559 170 367
8 235 919 592 239 556 424 612 374
8 972 281 437 365 222 233 914 487
8 507 982 674 160 686 960 935 794
8 265 412 391 679 596 426 673 151
8 85 893 569 61 434 586 472 537
8 233 177 298 591 289 92 631 97
8 427 402 265 705 452 271 272 101
8 6 204 245 605 439 116 648 891
8 509 752 544 861 722 538 414 753
8 531 673 562 780 532 965 945 91
8 679 332 170 516 524 795 45 759
8 513 475 971 83 479 843 414 788
8 468 982 725 35 714 544 901 747
8 696 502 616 81 592 800 389 405
8 529 744 868 397 303 610 508 939
8 379 142 261 155 1 481 729 1000
8 443 459 327 9 357 567 733 396
8 576 751 346 687 873 367 431 683
8 792 104 529 18 51 987 387 813
8 105 578 44 124 739 304 539 620
8 155 11 771 964 386 551 389 189
8 605 262 324 55 429 719 273 608
8 792 638 569 359 163 497 649 672
8 912 622 584 400 198 977 781 809
8 128 495 604 60 196 437 782 887
8 834 455 112 132 368 975 887 419
8 420 227 876 883 958 428 410 457
8 766 638 857 428 240 202 795 973
8 380 880 679 279 621 980 459 73
8 562 628 122 821 120 733 207 123
8 700 877 950 718 849 376 231 853
8 699 318 430 241 411 692 780 972
8 445 119 417 370 9 297 432 498
8 15 135 346 361 284 497 732 324
8 23 344 124 441 898 594 316 29
8 787 591 970 485 504 292 917 482
8 798 924 980 22 745 163 823 396
8 785 193 663 395 950 780 480 397
8 211 648 418 239 687 480 793 874
8 999 862 172 179 950 758 485 720
8 560 822 274 756 618 77 768 674
8 503 863 981 493 293 917 352 52
8 983 820 68 974 590 12 255 107
8 206 386 646 783 502 58 954 216
8 137 72 198 43 750 832 257 196
8 889 461 976 440 209 30 984 737
8 562 518 861 821 877 448 553 454
8 66 343 264 811 837 359 175 340
8 729 561 667 714 650 895 701 717
8 601 80 178 840 634 833 812 63
8 767 601 281 177 489 138 296 797
8 109 625 353 588 90 322 138 749
8 455 263 466 470 668 209 138 881
8 666 738 877 935 682 42 762 892
8 326 583 455 616 638 123 828 116
8 411 652 356 5 762 315 116 143
8 177 559 551 669 770 849 437 195
8 621 360 186 144 722 413 329 158
8 822 868 71 913 778 827 386 29
8 922 356 552 319 838 164 882 877
8 777 477 866 298 471 261 82 690
8 973 260 926 371 52 495 642 406
8 655 767 841 218 956 818 369 287
8 767 480 877 643 697 325 502 36
8 75 3 638 625 977 883 856 972
8 306 598 349 991 11 945 486 914
8 151 503 230 724 926 45 29 496
8 767 350 2 449 507 779 386 389
8 162 268 447 398 495 418 253 20
8 6 291 914 667 536 665 190 966
8 765 404 622 133 528 312 832 608
8 770 965 416 206 133 164 469 171
8 422 213 145 547 387 247 13 188
8 429 896 186 845 125 853 914 904
8 6 910 522 811 721 511 704 935
8 445 344 682 580 800 500 759 405
8 827 931 668 961 390 475 812 381
8 503 732 424 579 392 316 89 535
8 523 257 912 797 471 495 172 543
8 159 723 976 913 542 260 623 715
8 641 957 563 58 449 293 921 805
8 681 105 845 26 793 915 745 788
8 297 507 950 229 151 697 321 171
8 100 491 34 211 352 722 468 273
8 380 565 876 640 905 597 201 661
8 918 618 413 959 487 971 498 36
8 852 785 946 817 663 965 882 174
8 36 666 970 266 872 650 542 37
8 924 56 256 667 297 284 426 152
8 765 379 560 656 606 215 729 124
8 693 519 261 826 230 350 373 726
8 725 484 709 848 887 345 200 431
8 852 999 420 186 588 776 677 345
8 225 243 185 774 953 538 421 372
8 806 744 551 23 403 973 385 53
8 997 512 530 233 546 798 438 345
8 846 704 403 781 646 426 939 143
8 656 58 876 373 220 488 126 91
8 227 545 924 391 695 656 342 372
8 519 276 105 937 694 164 77 492
8 202 112 195 527 780 684 825 465
8 841 284 194 921 383 374 590 917
8 443 751 844 810 582 439 126 665
8 68 757 122 71 391 772 348 794
8 526 835 899 996 407 385 322 597
8 286 628 198 930 872 818 270 118
8 556 211 243 139 619 24 17 848
8 194 417 579 418 440 125 373 259
8 402 453 610 796 791 419 877 828
8 232 430 752 193 684 287 566 143
8 430 592 804 617 859 185 196 259
8 461 492 975 64 821 717 152 812
8 591 213 581 207 700 524 267 719
8 915 166 200 799 690 96 658 457
8 77 415 105 406 563 127 297 688
8 934 529 774 753 185 987 12 188
8 82 252 907 803 151 524 887 375
8 995 598 623 603 393 242 859 469
8 157 170 687 314 474 602 197 607
8 193 583 138 644 124 102 109 259
8 531 676 334 449 125 615 939 813
8 384 541 564 219 647 184 174 900
8 526 681 731 638 475 763 161 762
8 408 668 461 204 51 746 248 584
8 968 245 51 656 927 586 537 200
8 280 47 858 618 102 620 197 108
8 261 82 531 390 987 304 764 57
8 473 142 878 848 123 580 613 269
8 738 191 10 772 638 438 720 727
8 855 967 342 179 500 349 743 794
8 452 102 356 836 597 190 593 259
8 666 834 383 251 363 815 566 325
8 162 894 620 573 807 924 727 158
8 769 22 873 847 233 874 229 722
8 518 72 384 791 901 763 672 658
8 380 252 995 562 998 425 603 902
8 513 852 198 308 937 934 190 87
8 478 564 530 554 916 257 93 273
8 326 918 830 430 948 473 474 568
8 461 675 241 617 29 454 158 587
8 730 517 102 262 758 742 915 935
8 513 244 110 537 176 62 619 414
8 354 229 629 468 580 74 843 587
8 880 214 111 466 941 770 117 905
8 668 823 567 252 748 335 498 607
8 739 806 211 639 477 444 849 143
8 489 211 72 43 484 830 743 537
8 865 710 807 291 249 971 873 355
8 145 786 344 701 833 524 41 589
8 85 536 531 924 215 942 207 884
8 438 237 165 833 61 243 665 726
8 252 429 412 314 696 641 439 543
8 170 271 43 723 334 558 968 64
8 109 604 168 279 245 642 768 521
8 94 853 729 880 256 337 125 469
8 25 573 929 741 298 947 172 631
8 260 401 157 622 448 747 709 665
8 740 320 415 298 708 438 698 769
8 541 226 755 378 872 931 651 661
8 286 666 779 401 495 617 388 813
8 39 67 830 111 757 764 720 905
8 227 983 929 217 166 590 649 192
8 831 365 190 768 778 999 577 424
8 839 463 625 949 293 225 654 108
8 301 45 404 489 279 488 908 305
8 263 929 186 886 648 973 780 805
8 235 239 232 82 937 967 760 572
8 569 19 964 757 487 465 29 942
8 351 685 193 306 156 528 624 938
8 652 452 524 832 414 643 106 636
8 298 725 71 898 10 741 317 627
8 913 417 667 662 426 572 388 91
8 728 417 990 338 791 12 609 553
8 558 955 263 266 167 638 497 130
8 632 6 741 34 601 151 789 395
8 89 955 235 40 739 298 777 7
8 282 208 289 967 11 664 843 777
8 667 823 181 901 877 419 624 586
8 183 565 145 517 616 373 489 143
8 409 310 261 584 901 209 553 640
8 593 950 157 115 928 656 795 316
8 892 772 952 113 781 320 134 872
8 490 256 337 102 787 182 525 520
8 194 145 301 962 909 607 778 106
8 6 458 644 897 834 940 60 727
8 42 590 407 586 107 780 342 626
8 805 142 656 525 774 305 8 369
8 983 653 177 68 454 303 352 704
8 434 127 304 619 209 914 117 476
8 992 209 159 312 336 941 799 431
8 222 394 890 893 240 307 69 308
8 681 910 165 905 245 414 525 881
8 908 821 916 23 500 798 927 323
8 569 44 745 337 970 729 620 130
8 2 540 180 175 367 486 793 828
8 826 602 588 469 719 390 892 661
8 705 2 75 104 459 992 924 973
8 728 2 714 349 810 50 691 881
8 903 2 326 135 469 838 389 195
8 358 443 380 430 156 262 495 677
8 655 978 276 441 589 106 228 599
8 693 621 732 619 181 173 96 259
8 694 356 922 503 738 282 40 731
8 894 817 644 774 907 620 256 87
8 494 585 738 601 239 343 927 640
8 857 765 284 353 154 827 833 475
8 922 677 172 902 1 717 745 63
8 183 932 997 35 943 9 126 902
8 463 767 286 227 78 447 465 989
8 341 774 972 133 660 483 713 781
8 611 906 731 762 246 444 45 779
8 555 590 445 785 634 948 31 915
8 995 539 809 761 347 672 753 815
8 557 529 929 82 328 773 618 64
8 642 542 890 837 943 640 980 556
8 982 104 142 122 335 312 84 904
8 21 974 878 367 659 883 242 464
8 360 908 497 29 507 770 344 769
8 807 288 593 423 51 448 88 828
8 40 361 302 176 763 281 91 695
8 816 62 626 945 305 649 3 29
8 530 879 728 937 70 633 624 457
8 868 955 337 921 231 251 931 680
8 955 722 872 735 817 242 4 658
8 855 898 787 989 959 928 419 55
8 609 562 590 567 744 626 753 201
8 714 120 415 983 153 964 468 439
8 136 957 58 958 684 872 406 189
8 740 279 668 601 211 315 609 281
8 975 804 227 470 603 840 803 96
8 744 461 166 418 821 252 340 189
8 286 78 719 715 395 390 13 333
8 969 235 96 964 988 482 254 60
8 23 737 950 947 289 282 487 388
8 657 929 209 732 761 750 500 848
8 998 628 409 420 166 740 32 118
8 105 88 222 823 603 945 42 905
8 765 922 671 569 774 837 895 828
8 231 755 684 477 58 731 567 770
8 546 499 493 563 76 706 98 809
8 894 235 384 598 785 935 678 405
8 639 423 761 302 15 382 860 608
8 313 119 122 637 508 394 647 24
8 217 997 752 751 353 838 907 376
8 279 685 14 337 643 271 533 42
8 463 930 536 983 951 4 670 612
8 562 544 775 267 672 146 200 871
8 517 119 375 253 347 952 103 87
8 529 792 415 364 363 359 753 397
8 699 903 937 266 709 532 89 501
8 575 678 23 715 769 642 476 654
8 145 370 734 536 418 442 944 631
8 380 686 459 758 865 478 504 720
8 127 248 214 3 890 860 333 309
8 438 400 88 197 120 840 391 62
8 111 702 875 752 251 532 323 277
8 107 953 862 750 786 414 113 599
8 80 827 546 924 202 769 984 424
8 733 80 65 971 642 246 184 977
8 430 58 495 823 375 872 389 535
8 625 416 442 987 528 908 229 691
8 136 885 811 805 65 875 833 442
8 653 213 122 512 328 202 761 457
8 576 297 115 403 712 821 814 939
8 509 422 913 806 760 166 416 854
8 155 641 977 203 12 148 30 190
8 205 368 694 886 883 602 617 397
8 262 330 853 390 734 275 240 566
8 889 728 182 465 521 459 202 33
8 810 831 687 127 163 263 16 138
8 895 408 562 308 266 336 837 324
8 711 354 351 75 45 847 709 450
8 676 565 512 846 117 372 98 966
8 969 422 34 152 734 937 948 324
8 858 421 350 449 464 932 64 535
8 880 671 895 527 623 821 482 828
8 846 135 616 936 706 178 60 568
8 319 480 702 90 140 474 884 543
8 68 982 1 184 933 425 96 30
8 313 956 275 386 618 293 803 784
8 668 21 75 284 932 54 853 143
8 438 358 778 128 335 906 153 391
8 18 709 418 974 955 359 31 295
8 518 370 758 626 948 746 773 131
8 930 251 661 450 219 73 169 238
8 162 477 351 334 48 514 161 228
8 956 950 315 449 701 930 254 435
8 903 231 24 877 176 290 200 960
8 416 145 330 912 217 629 29 587
8 496 452 453 487 626 580 543 482
8 247 570 35 39 123 139 295 600
8 330 380 180 103 953 554 134 977
8 576 509 260 390 946 985 257 588
8 193 199 611 704 570 95 623 54
8 239 751 194 337 605 244 704 388
8 298 252 901 138 881 98 620 640
8 182 370 634 172 780 620 412 73
8 338 835 611 258 939 476 210 404
8 936 897 908 21 967 152 697 106
8 875 878 615 638 994 906 605 259
8 894 645 276 996 390 293 347 812
8 438 666 912 512 76 487 887 325
8 490 997 149 102 407 641 227 228
8 969 518 476 268 465 963 898 515
8 596 719 770 563 959 633 696 891
8 804 649 167 34 125 991 242 587
8 655 186 275 168 437 667 139 771
8 921 562 518 787 185 528 26 794
8 662 693 786 314 575 646 13 98
8 804 22 430 16 673 830 524 753
8 562 58 625 633 160 994 108 608
8 230 632 536 531 21 930 237 404
8 974 145 265 601 928 301 96 587
8 792 268 807 536 465 935 773 996
8 653 511 413 787 15 706 719 93
8 403 839 458 160 330 861 757 777
8 341 159 365 985 324 173 426 895
8 576 944 262 796 662 157 856 736
8 946 968 974 915 377 819 329 750
8 632 529 134 971 551 594 492 116
8 104 300 265 880 301 864 648 116
8 564 330 117 796 961 303 800 882
8 91 616 43 446 329 929 479 254
8 993 438 632 745 609 960 316 498
8 679 250 119 613 385 996 48 543
8 663 676 282 453 389 612 482 952
8 606 222 451 65 899 248 958 745
8 413 693 753 711 480 239 317 96
8 409 878 380 725 259 974 919 843
8 422 25 666 740 523 110 854 216
8 690 880 26 808 937 303 12 496
8 456 585 983 879 903 961 972 99
8 436 70 911 1000 706 328 914 496
8 456 79 406 253 536 233 975 619
8 350 2 112 71 121 963 658 228
8 889 711 432 434 217 332 944 99
8 953 35 493 539 816 413 827 307
8 221 525 236 646 982 630 387 321
8 681 373 468 375 307 190 630 658
8 760 230 975 915 539 103 312 749
8 721 650 279 703 751 412 828 387
8 286 518 418 514 263 840 919 290
8 13 455 763 719 219 309 209 118
8 155 147 620 96 267 29 457 63
8 632 43 82 524 268 304 127 626
8 422 72 835 161 867 119 963 63
8 180 276 265 123 993 14 223 553
8 512 339 591 232 886 250 262 906
8 230 572 945 616 449 521 50 510
8 693 432 103 329 226 59 93 96
8 861 326 10 955 358 578 303 706
8 127 374 982 27 688 828 465 189
8 145 353 155 127 819 160 312 435
8 655 528 251 981 989 824 636 640
8 645 346 261 296 43 521 697 84
8 490 151 262 320 265 582 646 754
8 314 439 329 802 976 52 586 905
8 650 645 420 284 367 782 556 613
8 985 509 132 694 662 674 928 55
8 526 458 619 1000 203 101 914 91
8 934 455 173 202 691 574 556 62
8 194 694 742 358 149 121 937 373
8 155 351 924 610 734 874 844 367
8 490 164 965 426 754 727 336 143
8 732 368 20 934 67 412 624 977
8 817 529 853 368 433 439 322 224
8 710 583 523 182 15 180 901 242
8 811 470 13 753 706 346 361 815
8 456 573 306 83 641 332 887 942
8 836 805 227 657 433 593 91 938
8 889 808 806 528 233 984 92 643
8 807 486 452 633 411 315 345 640
8 556 685 298 632 718 836 970 577
8 138 754 528 626 244 308 13 46
8 517 370 685 304 892 921 49 118
8 319 332 502 477 338 859 763 640
8 867 751 58 257 988 84 74 108
8 260 335 376 418 199 979 482 777
8 552 980 380 959 119 533 821 292
8 87 598 888 239 404 53 188 427
8 576 2 362 828 760 41 634 761
8 449 985 628 862 505 86 41 474
8 14 333 982 747 3 960 760 594
8 529 49 930 304 172 328 464 287
8 221 564 181 90 198 161 799 764
8 772 552 227 413 523 903 22 312
8 221 102 58 858 972 698 538 750
8 254 583 362 962 785 472 558 661
8 424 451 260 368 614 866 596 224
8 159 234 821 750 71 697 966 813
8 850 452 446 373 537 587 462 277
8 557 155 416 434 234 256 848 381
8 422 417 255 789 775 686 670 597
8 990 314 304 713 609 683 843 762
8 628 896 496 714 264 338 733 829
8 434 447 68 34 117 308 349 278
8 513 889 585 601 991 368 750 259
8 826 681 882 746 382 474 813 535
8 533 507 611 181 595 854 812 8
8 991 974 110 514 188 563 635 636
8 162 554 873 990 461 278 746 294
8 460 685 78 439 139 754 393 431
8 639 331 685 926 38 24 617 706
8 578 841 62 168 965 791 769 411
8 801 516 718 384 297 700 161 244
8 610 601 159 260 191 436 419 860
8 721 144 592 843 464 630 647 510
8 230 932 958 86 646 98 784 794
8 430 107 752 647 80 403 208 489
8 6 899 693 360 913 498 706 608
8 72 765 34 327 579 948 324 208
8 79 179 266 953 618 379 88 515
8 585 946 40 453 598 489 741 224
8 562 922 319 724 132 47 390 891
8 351 998 142 86 508 49 743 630
8 817 339 191 326 564 805 446 926
8 710 864 775 294 837 38 448 871
8 560 704 662 386 117 67 349 24
8 969 811 936 250 98 154 874 397
8 846 77 571 45 324 754 74 396
8 517 801 604 338 49 215 854 960
8 918 447 423 747 892 489 419 307
8 653 180 968 37 733 624 325 648
8 645 119 186 909 802 328 280 542
8 80 441 404 508 342 795 580 224
8 85 792 92 136 186 532 952 381
8 519 220 145 523 346 979 441 597
8 331 554 882 67 524 431 171 405
8 523 552 797 803 619 917 909 201
8 814 732 627 17 939 307 510 174
8 800 477 827 903 738 947 905 848
8 430 986 327 58 213 558 376 856
8 410 104 300 289 65 245 636 17
8 878 592 318 170 937 103 748 964
8 451 125 622 173 154 148 96 55
8 781 870 142 845 184 748 914 549
8 560 990 141 619 22 304 184 369
8 233 959 488 128 388 859 269 631
8 910 437 857 383 803 979 48 726
8 213 893 641 211 454 644 566 29
8 913 334 90 1000 853 254 29 661
8 497 725 42 468 815 638 273 146
8 203 888 669 180 743 252 802 349
8 958 128 337 601 616 308 271 195
8 983 903 31 893 962 242 396 753
8 6 475 897 34 800 803 240 224
8 841 546 703 37 442 624 464 290
8 730 714 359 974 784 97 55 927
8 894 946 907 757 853 17 510 171
8 360 11 559 451 107 682 4 63
8 261 783 319 873 352 347 474 30
8 560 659 962 149 297 335 473 312
8 443 517 387 540 934 146 563 854
8 990 704 760 885 665 823 858 548
8 443 875 408 811 528 50 41 116
8 655 209 857 329 925 283 784 961
8 740 79 365 615 461 332 27 303
8 43 306 52 774 618 50 255 759
8 370 214 559 311 89 1000 763 325
8 767 833 481 313 474 539 832 292
8 596 205 458 43 135 190 748 169
8 863 456 48 319 263 353 231 672
8 230 911 324 141 414 216 91 131
8 21 247 466 40 464 208 659 589
8 808 684 662 533 643 152 178 33
8 729 929 214 830 797 789 378 640
8 792 951 719 603 887 46 201 469
8 513 301 775 169 385 184 91 824
8 889 644 883 641 201 225 705 143
8 286 712 899 870 379 493 901 496
8 804 402 194 319 334 618 99 473
8 446 313 276 684 921 809 909 726
8 978 197 56 610 479 870 955 265
8 25 145 122 11 967 439 988 42
8 65 306 260 505 18 270 37 726
8 699 298 569 76 921 866 805 272
8 350 513 264 61 236 984 437 37
8 162 641 857 895 751 594 860 259
8 517 306 899 313 981 888 394 277
8 546 671 741 392 308 905 414 307
8 443 663 705 623 465 724 874 726
8 84 299 948 167 871 996 195 200
8 310 79 236 887 292 980 540 512
8 645 9 466 18 445 923 727 510
8 842 984 231 614 719 290 618 854
8 349 21 88 477 704 931 373 133
8 541 199 692 961 617 447 57 450
8 604 481 539 284 35 240 407 945
8 765 58 444 496 601 127 597 254
8 9 43 979 538 982 248 258 775
8 368 592 874 524 478 622 833 154
8 361 81 138 601 489 497 797 613
8 603 701 943 589 89 57 877 347
8 227 679 748 768 196 974 236 17
8 179 875 303 234 149 256 549 648
8 925 755 582 148 487 223 860 50
8 416 164 234 239 935 597 615 535
8 426 157 282 630 520 20 537 726
8 648 76 232 194 184 305 664 905
8 699 724 786 477 911 909 14 838
8 170 653 752 332 757 48 781 476
8 82 518 163 581 31 849 62 753
8 175 410 432 988 73 488 928 31
8 875 889 472 856 366 421 11 295
8 417 383 70 616 78 71 966 134
8 598 300 722 883 761 908 607 190
8 655 2 531 127 375 9 987 298
8 986 765 825 442 810 727 599 469
8 826 505 581 588 625 555 873 396
8 326 320 473 455 937 647 24 548
8 875 35 129 953 877 476 947 144
8 816 471 358 533 497 384 125 902
8 765 947 150 979 479 885 484 202
8 456 458 913 655 472 624 939 869
8 341 750 338 332 358 838 619 607
8 526 110 262 183 928 352 692 405
8 509 434 650 876 723 594 151 468
8 806 1000 452 955 942 919 745 322
8 107 51 579 843 966 61 920 195
8 499 792 707 1 763 942 717 727
8 792 679 22 135 530 1000 703 465
8 503 969 44 433 206 914 777 948
8 616 377 245 151 234 428 771 753
8 968 327 888 399 620 742 292 123
8 894 128 559 54 200 474 176 316
8 82 558 588 265 65 703 746 750
8 986 676 903 266 882 751 938 210
8 929 112 681 344 605 634 630 932
8 714 477 32 959 788 335 626 98
8 205 119 209 208 283 759 246 269
8 310 314 816 923 304 451 187 325
8 168 898 719 861 117 437 195 658
8 155 507 565 748 333 971 781 237
8 610 271 58 774 349 284 838 630
8 104 368 560 403 27 768 992 928
8 570 358 450 379 876 612 914 719
8 490 569 364 294 183 514 947 121
8 765 968 740 348 445 511 803 631
8 850 924 955 895 178 88 174 287
8 380 785 458 961 268 750 173 877
8 513 852 859 877 37 161 609 130
8 354 230 439 33 224 931 228 116
8 360 875 20 827 499 244 746 871
8 40 655 545 964 453 864 959 914
8 983 149 933 610 212 276 741 904
8 546 516 775 558 963 148 797 405
8 699 730 529 159 14 445 609 972
8 679 279 867 646 469 665 190 720
8 961 694 908 926 141 247 400 372
8 25 635 550 762 842 612 107 3
8 723 529 18 670 848 615 952 259
8 136 987 186 415 83 748 813 323
8 370 546 681 817 704 768 952 548
8 863 785 80 360 333 212 709 634
8 560 491 385 40 71 518 973 483
8 75 512 645 284 620 833 871 130
8 279 945 579 283 49 487 856 169
8 403 591 351 911 178 371 208 277
8 785 526 332 937 291 103 49 489
8 266 327 665 993 100 349 881 376
8 286 913 885 975 949 488 586 613
8 145 364 300 58 879 23 233 133
8 537 785 354 290 597 654 796 411
8 958 735 668 70 573 991 962 754
8 157 360 908 836 53 665 568 763
8 799 131 612 616 498 272 600 520
8 825 255 732 267 958 712 856 603
8 320 968 185 545 852 930 982 450
8 416 913 145 90 955 627 672 615
8 841 519 509 490 164 362 447 395
8 183 65 834 220 915 486 916 476
8 673 997 472 580 791 828 487 532
8 663 967 956 201 883 817 451 196
8 511 320 87 111 793 615 390 600
8 209 410 353 830 703 736 980 543
8 507 494 867 684 187 497 427 883
8 841 825 853 283 342 332 24 246
8 565 150 660 332 780 962 781 920
8 855 341 82 260 950 382 357 812
8 612 441 511 252 71 290 150 388
8 507 705 67 251 99 970 584 116
8 326 689 967 372 110 731 146 374
8 628 882 562 72 290 240 397 393
8 327 921 123 249 202 292 189 904
8 767 275 260 821 202 579 196 783
8 183 577 741 660 37 631 589 952
8 179 585 858 144 966 552 454 95
8 445 329 107 993 916 168 743 411
8 653 616 635 980 15 901 462 587
8 985 707 811 281 771 567 604 393
8 838 422 778 135 147 184 172 93
8 170 499 127 226 554 972 349 952
8 443 367 606 181 23 814 340 161
8 180 267 144 353 968 150 52 454
8 79 929 522 919 441 67 143 195
8 838 408 19 337 99 647 620 387
8 583 663 948 166 987 479 768 706
8 667 280 670 739 483 461 634 504
8 993 65 37 368 428 605 854 294
8 639 458 412 811 800 867 440 636
8 855 70 128 423 971 7 572 188
8 831 810 31 753 577 549 824 640
8 671 541 354 663 438 447 860 796
8 645 170 996 104 20 211 10 138
8 402 831 983 951 117 854 768 238
8 730 710 181 933 805 396 321 636
8 135 349 540 240 629 337 902 188
8 541 789 885 595 421 427 664 874
8 458 298 336 122 782 842 961 543
8 701 66 675 838 328 741 255 272
8 950 509 710 483 744 788 964 200
8 628 709 746 669 796 273 726 600
8 851 16 860 442 943 906 207 113
8 765 997 512 970 482 869 920 189
8 26 783 387 796 789 580 777 608
8 472 362 365 89 322 486 33 790
8 180 327 480 930 524 769 548 405
8 413 638 65 491 217 856 256 277
8 503 767 734 446 86 791 812 259
8 650 681 165 376 840 12 520 96
8 310 509 576 156 858 387 254 939
8 467 603 215 191 545 244 933 528
8 716 792 185 516 404 101 713 154
8 529 984 950 879 163 178 237 615
8 310 700 681 792 736 217 739 833
8 666 711 330 996 958 28 514 768
8 95 529 868 811 896 766 661 510
8 298 718 649 359 741 586 838 4
8 808 145 978 296 961 845 112 874
8 51 952 585 203 899 992 496 712
8 528 597 241 929 262 62 120 146
8 389 974 908 280 190 419 151 269
8 356 115 120 966 651 624 988 123
8 807 496 120 453 943 977 143 195
8 168 511 356 958 335 160 893 658
8 415 997 239 675 525 848 425 223
8 526 443 182 408 716 726 686 69
8 850 730 852 432 995 853 956 431
8 458 370 8 169 872 109 920 290
8 820 512 835 32 421 895 269 760
8 990 672 673 775 862 305 586 36
8 811 725 998 20 525 970 646 938
8 728 552 652 807 905 780 121 964
8 758 326 196 837 505 492 809 148
8 621 368 583 366 98 996 749 431
8 961 879 497 525 324 939 273 636
8 846 68 705 862 328 814 735 756
8 155 569 846 669 479 49 424 435
8 889 438 361 234 138 905 549 457
8 351 257 991 378 311 972 259 323
8 230 711 452 334 769 763 454 658
8 443 102 901 742 876 686 637 762
8 628 380 681 289 601 459 29 891
8 723 807 243 440 412 638 278 195
8 730 974 298 539 778 498 296 749
8 22 472 692 477 624 909 474 741
8 232 168 298 595 332 361 275 440
8 557 990 185 438 468 13 977 952
8 623 383 31 47 406 22 778 150
8 529 76 258 514 304 762 37 223
8 569 230 182 105 567 650 305 60
8 170 227 298 673 250 734 377 48
8 850 51 625 288 598 706 707 682
8 725 721 827 690 853 783 29 927
8 593 861 723 960 597 506 712 269
8 145 368 752 980 705 494 656 424
8 484 202 428 231 818 16 625 297
8 275 822 13 485 856 697 93 631
8 903 282 442 722 334 98 37 397
8 90 45 403 389 698 656 515 207
8 509 25 217 13 719 613 294 317
8 652 598 288 1000 719 692 539 259
8 878 940 860 314 785 718 410 654
8 819 613 382 750 586 593 154 884
8 699 979 398 370 100 737 715 342
8 219 736 168 122 816 481 113 869
8 878 11 801 518 665 269 207 607
8 560 497 847 190 544 706 275 566
8 461 526 417 810 689 979 662 334
8 522 17 624 521 777 683 450 431
8 327 418 9 619 498 566 726 228
8 245 629 968 575 907 33 273 174
8 533 411 365 258 893 425 837 355
8 335 311 744 332 782 646 293 347
8 621 418 329 474 28 244 38 683
8 298 234 569 634 876 552 618 939
8 166 578 136 867 282 363 617 963
8 430 66 503 525 186 734 737 927
8 45 621 523 302 39 13 893 620
8 6 406 371 734 337 705 825 636
8 628 58 406 513 714 268 603 496
8 133 165 905 71 351 308 482 492
8 953 17 467 288 626 605 101 8
8 853 95 827 228 833 29 7 195
8 897 261 15 709 614 975 3 64
8 841 863 471 842 622 909 246 372
8 826 415 968 16 715 338 634 123
8 757 894 937 955 814 682 613 713
8 162 179 331 122 602 17 8 631
8 730 838 857 333 467 32 4 355
8 655 276 380 209 267 71 594 239
8 975 700 403 792 688 482 99 106
8 266 358 667 2 558 169 403 779
8 863 67 285 772 827 902 297 539
8 878 868 880 761 995 41 686 210
8 513 550 227 956 280 278 290 57
8 310 934 183 644 766 399 626 7
8 23 913 319 588 436 690 604 352
8 75 310 992 855 117 698 793 17
8 326 322 96 398 638 847 121 691
8 834 155 70 769 34 764 391 939
8 857 315 232 110 359 187 236 126
8 235 54 438 18 939 989 7 500
8 107 585 953 588 837 188 900 891
8 403 591 177 31 289 225 124 88
8 490 380 831 471 31 637 920 188
8 477 803 880 714 199 95 285 36
8 851 614 498 129 439 9 462 148
8 530 610 283 731 342 686 14 273
8 326 953 981 90 469 135 410 450
8 694 163 211 594 647 139 597 393
8 850 455 80 838 267 293 219 813
8 257 398 632 662 137 215 496 475
8 557 278 823 786 601 926 514 965
8 785 956 120 712 687 967 522 33
8 365 358 313 217 433 400 479 89
8 694 155 185 488 66 770 928 799
8 811 129 930 575 954 795 737 355
8 870 339 193 79 34 198 15 849
8 199 544 267 484 885 42 620 891
8 232 478 386 302 752 391 649 680
8 159 907 77 432 558 165 758 7
8 235 516 71 88 267 347 972 96
8 339 957 115 845 141 333 303 435
8 5 787 755 472 559 817 807 813
8 699 20 702 678 226 152 943 810
8 155 409 910 406 879 515 322 369
8 668 19 410 533 303 749 109 754
8 452 119 808 68 71 21 633 723
8 379 408 929 334 130 243 612 884
8 440 955 408 111 166 382 741 869
8 104 534 53 630 524 495 492 287
8 164 81 645 342 965 592 881 189
8 79 997 282 941 446 902 754 223
8 112 433 382 102 499 545 36 393
8 253 211 736 936 167 982 988 919
8 644 861 963 808 961 647 254 307
8 351 991 589 958 20 981 936 410
8 205 230 129 593 141 227 907 181
8 626 183 854 175 681 933 238 794
8 767 671 644 515 77 246 113 249
8 699 10 552 725 252 783 882 201
8 907 415 831 862 774 289 900 802
8 765 519 72 275 702 47 454 431
8 432 338 139 346 24 634 706 304
8 523 822 320 250 332 563 614 97
8 811 808 263 122 329 818 605 131
8 413 56 21 573 999 625 152 712
8 699 42 559 571 280 13 404 14
8 765 262 859 107 438 229 292 154
8 666 235 362 928 10 347 392 960
8 193 212 504 612 264 945 973 355
8 850 408 315 308 551 981 174 515
8 517 786 947 150 791 588 498 703
8 416 912 926 252 883 736 207 404
8 855 122 239 19 865 329 148 174
8 90 766 793 308 176 99 905 7
8 75 978 209 965 508 771 77 813
8 851 157 206 399 874 295 439 762
8 839 878 887 769 210 244 674 715
8 443 755 932 120 773 605 748 938
8 134 950 299 23 650 670 125 881
8 379 721 197 845 947 717 355 118
