1 7.84484638769123
2 0.03927536092660942
3 0.23854196749662998
4 5.650339810251175
5 0.06938035061521819
6 14.739739048652336
7 0.01824045689392093
8 0.030469271104622393
9 1.9306271354105655
10 0.13492281788416938
11 3.8991339287564495
12 2.116374384252804
13 0.11883982595559753
14 2.720184069122368
15 0.6392073695359958
16 0.15833463907184925
17 0.5309356322502138
18 0.291388814903374
19 1.9447299962230225
20 4.602262046144218
21 0.15295928882431087
22 4.1684236388015465
23 0.24228121653285936
24 1.9702161607961615
25 2.355884657180263
26 0.34661435168980087
27 2.6843808414646366
28 0.8905486126010965
29 3.696594712900798
30 0.39890733973642734
31 1.7881693215923329
32 0.5568466085713706
33 1.534918386728598
34 0.05643212428635028
35 0.9252004926097193
36 8.022366901386496
37 0.28205092360680056
38 19.31966076071554
39 6.2969436560398595
40 1.0051638374408267
41 0.5193485930959081
42 0.14541841079674572
43 0.06579735705745492
44 2.9978413289045136
45 7.732338571037394
46 0.15758464416074236
47 0.8842422011210738
48 1.0550456992211747
49 2.8751658255165884
50 0.38212102419708055
51 1.7497401754058832
52 5.025402090433029
53 0.14237368751943386
54 190.62526208046083
55 0.12381825594450738
56 0.2044277897150144
57 14.6902061709328
58 1.1482856722878296
59 8.546496152890713
60 1.055059572068877
61 0.006867989618079128
62 0.45142598206231616
63 0.5574727490008932
64 0.36384974884310395
65 4.5447473519985095
66 0.2614934871708507
67 0.720596783108393
68 5.309189708798877
69 6.77883192136615
70 0.004950377691395433
71 15.350816676446193
72 1.7786472883846889
73 0.5021321469523785
74 0.002601877672388698
75 0.8216070071180694
76 8.115062385336369
77 2.240968477114836
78 5.772089245040586
79 0.38621836628927575
80 1.9234634879001182
81 7.999393678361994
82 0.1091161620742116
83 8.923317857965458
84 0.4238742132127599
85 1.9967155778541275
86 0.09566795741394907
87 0.4655067879865918
88 1.989485094723497
89 0.649365457200122
90 0.046581836262820614
91 0.4707184639050767
92 0.14427553386163744
93 2.7861724292241017
94 1.273808533678407
95 5.421353717397562
96 2.3605304288630937
97 1.0136540612536942
98 6.290723857858212
99 0.01234293734943379
100 0.36331910223572716
101 0.5323481125136115
102 0.4188469661518821
103 0.18465515574489383
104 1.9593743258879337
105 3.4225311348023575
106 0.17787824273441186
107 1.0093087132217686
108 2.7231130984968415
109 5.489581881805088
110 31.1659397153155
111 0.8009491393802007
112 0.46571017758359423
113 0.04170256024097371
114 4.027700203029534
115 0.6880893598538231
116 2.296976784612807
117 0.8347007420965927
118 1.8817018125364982
119 1.3051585839322202
120 4.030926629157359
121 0.04719297403749322
122 0.09273935732615854
123 0.8755207227297571
124 1.6966192117926582
125 1.354308095658347
126 3.0460594011442925
127 0.34665588388519514
128 0.05064546170473915
129 58.24158193000214
130 1.6670310968542408
131 0.874480266259341
132 1.5804145627932789
133 0.5594880753993614
134 0.36619483561587673
135 0.6150711007473387
136 0.26911532063149646
137 0.15811727171139672
138 3.191856883860571
139 2.9681955852068356
140 5.320416838138288
141 0.5062346314618085
142 0.6315194070110447
143 9.073622110836538
144 0.01017081997139873
145 0.26110487291936
146 2.373298342595757
147 0.30804558523346476
148 0.4191843634172813
149 12.49004596109165
150 0.3303113175787719
151 11.955135313792201
152 2.4221507281222157
153 0.7106413375696018
154 1.9458740585938614
155 2.3863582244240362
156 0.23967477270916018
157 5.493692809733747
158 1.5206839534280987
159 2.279187916854459
160 1.4160957278791064
161 0.005883373524705818
162 5.192206138434618
163 46.65643577833802
164 1.272523622351258
165 5.905465398583841
166 3.204763452657096
167 176.29995454535955
168 0.3789973442216737
169 0.20383171862477506
170 4.044481630392705
171 1.6197650117062534
172 108.5593433703771
173 0.1624963435140772
174 0.35168886618382433
175 9.742640823740116
176 38.614032139944314
177 4.0514950009415704
178 4.735548288278398
179 63.10416805125351
180 0.06743760946376509
181 0.3733678512581357
182 0.12112440578790735
183 1.4289372149484805
184 7.470393212090047
185 0.40192886733858296
186 0.707462197920889
187 7.74549477015479
188 2.588909733401677
189 7.618259128087021
190 9.27897854788932
191 2.5633167399705465
192 2.8886902972268644
193 0.5832717012433459
194 0.734217706683256
195 22.215213529683826
196 0.7206288550864176
197 0.8701283043882871
198 2.3571346178222687
199 0.16160461616439306
200 0.2345158857899216
201 0.8563652572381941
202 0.4243902253862341
203 0.18133638156528498
204 1.967814670440052
205 18.502723442732968
206 0.44376038610884627
207 1.3992649345380481
208 0.040183413795706696
209 1.6544238774245288
210 1.4205002071667494
211 2.501979585151181
212 0.3133789481170912
213 0.21823516534751594
214 3.2094524110656115
215 0.37359261608355865
216 12.340953084872266
217 0.6985987655078992
218 0.5832306593928329
219 0.3148076692031876
220 0.450078554564364
221 0.08673361091436102
222 1.6202076544369777
223 0.14080278215392694
224 1.8295189642979055
225 0.5465171130518284
226 0.029022009339393983
227 20.13127796622831
228 0.4741279236997987
229 2.012380586184899
230 0.5695175983952624
231 1.0103814143096135
232 5.83523619237944
233 99.577710145882
234 20.38922726505556
235 0.1371297717228498
236 1.4958675517680537
237 0.10919095465983844
238 2.003396495382603
239 2.6575468312788457
240 0.01152212932911382
241 9.821442215025773
242 0.14614656470024118
243 0.3573093398509672
244 4.625455307925515
245 3.9958746421030655
246 1.4050508138116369
247 3.4644849703631224
248 1.319216707225806
249 0.14035706364690315
250 0.2596742038220049
251 0.32418975906269987
252 0.30087900052327443
253 7.2588763554073035
254 2.9318004634224293
255 5.9136658943038976
256 0.028409015533307814
257 0.1572167929720187
258 7.624565787626714
259 1.3225368124984451
260 0.6078174069913043
261 0.35899130470274426
262 0.3662622427771209
263 1.368848414184478
264 4.325536536284897
265 1.0247546586060576
266 15.713505719998423
267 0.268275644672086
268 0.10776671798973624
269 1.6774477799021454
270 4.423335950731135
271 0.41253461257292523
272 14.40708621800225
273 0.24244715666249497
274 0.02186306139196666
275 8.783888761582055
276 0.03611808184519843
277 4.726374162141594
278 0.32870506504872427
279 0.5548043839342505
280 0.6763081272519103
281 0.07189322703025758
282 0.2710271995254601
283 0.05173045491603766
284 0.9450979285895229
285 25.95414987603752
286 2.018677292943942
287 6.530134995722183
288 9.327318952154473
289 1.0449020745764712
290 0.22851316111608835
291 0.3340508050193868
292 0.19300949048496951
293 2.3677867679842937
294 1.125704173209044
295 1.121798317216073
296 2.6038786581620457
297 0.8101049171439044
298 0.9103771186631323
299 1.6841981765779748
300 0.8660222915028652
301 1.6998357432950157
302 0.009307052945162682
303 0.014480630717282141
304 0.2858832252784944
305 53.803165581231774
306 0.11580000216420683
307 0.9902676377071125
308 0.25397282989956343
309 0.766752482231882
310 1.1633568406073438
311 0.34012936985628384
312 0.028888036581103095
313 12.958341655221634
314 24.47550958283547
315 0.43883426094695893
316 10.072106856822673
317 4.1057732039250086
318 0.059311859372743546
319 2.351838398827745
320 0.06817047262058544
321 0.13688863494367298
322 6.761375491803603
323 1.2317184184210732
324 0.36752267769480285
325 8.93920642979395
326 0.2856977836885142
327 15.11617316371033
328 1.7062617588204292
329 0.3580352971133889
330 8.400062332892913
331 0.19561233157604413
332 3.0660427483851147
333 2.8139640887362365
334 2.6439816408038244
335 0.547605218665371
336 39.94729508950423
337 1.613369971082625
338 2.6710886807371494
339 0.9363346733996792
340 0.9776022941430881
341 0.3793423220940467
342 51.92913631151563
343 1.0552270012058642
344 0.6696061164375242
345 1.0564285389557706
346 1.4775097372279153
347 0.342155684296935
348 3.3819073727251183
349 0.5907567820514708
350 0.19607478791381175
351 3.947784706251513
352 0.508997637994449
353 0.39505691948471156
354 0.8585682624908998
355 0.18797864195457684
356 44.568076086737356
357 0.018028882998709993
358 0.45654183169816487
359 0.027446149226471712
360 2.0559506722077843
361 2.7453703025564717
362 0.29300017345491636
363 0.5138844590925314
364 5.221227481306444
365 0.018749451242810463
366 3.2139936954627104
367 0.7600100617450078
368 0.34414221416951324
369 0.4655186303340498
370 1.8825698147274657
371 1.019413031556114
372 0.0315076357127537
373 3.2114006489668045
374 0.37038875687302153
375 1.1140083392676265
376 96.57747586038927
377 0.29401623558274437
378 5.033703078265926
379 1.6253311744402932
380 0.45538883038156613
381 0.9246888341021149
382 0.36185409392351425
383 0.43655380221659495
384 1.1008215544497206
385 1.1444901924939674
386 142.10867384974446
387 0.4447188446625815
388 5.464238455426892
389 34.60387198386933
390 0.16924992527167107
391 0.7808441585375536
392 0.8026660215087539
393 0.43236054308638444
394 2.13289839891307
395 1.63892366600244
396 2.924982020841131
397 3.506791786320095
398 0.5622623433093684
399 1.141401878408352
400 1.297384398393316
401 7.937451470940527
402 14.852873763725498
403 6.681465594039227
404 1.1424878509124607
405 5.820068287805743
406 3.2739593820985418
407 0.30424544397807923
408 0.1492379653708927
409 4.863952632718699
410 0.08328540100912644
411 0.011897807957143534
412 2.8859952603026433
413 1.1686991002871023
414 1.5730742211483035
415 20.730330351752954
416 0.37735402049123357
417 0.16822217037731757
418 6.320047497574765
419 2.3412776300337645
420 1.6509878869597419
421 1.0570021312783169
422 0.16233318028300336
423 5.500059599344013
424 3.041126269253509
425 0.007103431534083398
426 2.4553872804649584
427 11.225985466751148
428 0.574788286122449
429 0.4592059923156223
430 12.86552885348849
431 0.1779020774243233
432 0.5729360636350846
433 5.341605959039059
434 0.011326349616657247
435 20.311497736755975
436 13.916808069906885
437 2.2647887841792422
438 0.02787199438194576
439 0.4912679688464405
440 2.1425760743339115
441 0.264932713598532
442 0.09228698186657422
443 1.1096405904045303
444 0.14378528402162924
445 1.601079827056195
446 7.59514332669531
447 0.0684839976302945
448 4.716028562832877
449 13.524690732211226
450 176.734748481197
451 0.03151955954307504
452 11.19105581144432
453 0.554994920454403
454 4.585196987572967
455 3.646423048723234
456 0.8430397397632536
457 2.495556589873368
458 0.4368126579736935
459 0.03747278780874647
460 8.289211351568943
461 0.41128563214161784
462 0.428767086980047
463 1.0880876933365955
464 2.6840209718535633
465 3.839283356514132
466 3.0338945730633022
467 2.0166782026261187
468 9.174294682391245
469 0.6764435161741416
470 0.16351409647994936
471 1.7884311207894632
472 0.6389140608555438
473 0.13315050577916349
474 2.9929919907099785
475 0.7701068908561689
476 4.692023919549994
477 12.059515466251046
478 0.3422939235939746
479 2.625548286897269
480 0.8431687546739125
481 0.9711962474130579
482 0.0024470354561116846
483 3.905959652970158
484 0.5536605305116753
485 0.815001635903717
486 0.00958677749337396
487 0.1733070035478987
488 6.4042906377959605
489 8.240493960540354
490 1.464917023762876
491 0.6212731698273037
492 1.348892311638546
493 0.06300522808080557
494 0.8785186739172088
495 4.648720088896299
496 0.5234051496415583
497 1.2124410297202615
498 0.17577584225223336
499 4.068592255079721
500 4.620476282715046
501 0.15488884695679317
502 0.12505372461579622
503 1.5481839386296
504 0.062200924939028235
505 0.7056483499943504
506 1.3711431469910358
507 0.3473997242631099
508 0.3879311805361305
509 3.6955394402683455
510 2.4358591237695353
511 5.811418993379971
512 8.606098396503262
513 0.550469393290185
514 0.2063089766061475
515 17.65192910338048
516 0.40044465738913637
517 0.41430846724639864
518 23.599559549886575
519 0.0835978948743861
520 2.343706812547212
521 16.04901518893544
522 0.0372770567021395
523 0.423307156480717
524 0.6138665455889565
525 56.583170151425016
526 0.07817787678153783
527 3.1186861881275743
528 6.450045278154181
529 1.950179533072368
530 10.694866281115422
531 0.8671283683446785
532 0.5308509958282494
533 0.036287861929397515
534 1.708981652607791
535 2.6071190732548946
536 0.6127632762382875
537 1.9190152540437417
538 1.5913677139887286
539 0.5547671287203468
540 0.7316915542651028
541 3.298831599164656
542 1.423938026584258
543 0.5556008626644553
544 1.0174308331498212
545 1.6070658543581349
546 0.19623629045004473
547 1.2729904734878534
548 1.203236049265478
549 0.4348544416512611
550 0.08656952355993155
551 5.380873097449996
552 0.8450707475503045
553 1.7275673989133409
554 3.4649788010544813
555 0.11073141406330689
556 7.150708924137135
557 2.364180740906235
558 0.11292556917570623
559 0.059531534470034765
560 1.274732546380503
561 0.051447108811078425
562 0.3817016180731566
563 0.0976476462518432
564 4.218606914189252
565 0.34263196282073266
566 100.03150836481036
567 0.04993559811662917
568 0.7017198919816643
569 3.323153588558571
570 1.5840461559402268
571 2.945824517586107
572 2.2933095123016103
573 13.70388170639791
574 5.136380063705283
575 0.34713286682686484
576 2.641999895660398
577 0.03527536311673307
578 0.7552483711380433
579 26.29296552351552
580 0.057363956709676055
581 10.480953097227774
582 0.04094520746481397
583 1.2062608516410713
584 5.085469125052115
585 3.3290640529774658
586 0.5444866519622419
587 0.4071833318933493
588 0.3449565137276704
589 1.1054718364456149
590 1.1794106712737895
591 0.23754471783311254
592 0.1611051255492389
593 0.53273636463725
594 1.0423263728263248
595 3.5009966561275245
596 2.9129396374769567
597 1.3773977006953153
598 2.6867779457028944
599 1.9051945367100447
600 5.92373825737951
601 0.050323756007436764
602 8.250922045937624
603 0.4829029141170128
604 0.4400508543692693
605 4.6496350410874046
606 0.14954421687287706
607 4.169338729461972
608 0.14955932844504743
609 0.2992488896099623
610 0.02470261787120398
611 2.2335503764723863
612 0.07312867736908753
613 1.5741013101009371
614 28.09377086713925
615 0.8573616957497996
616 5.198057112508972
617 0.5387053414215613
618 0.0017274274009456045
619 0.20260833944314213
620 0.03587561406969504
621 1.1380846445923527
622 0.16728493355949609
623 1.0318092422853737
624 0.03602088530614825
625 0.0745856816526468
626 2.775186984523638
627 2.9740784313279414
628 0.20253904155574975
629 3.291201002134691
630 0.07941373329207528
631 0.02955607324142344
632 0.8127920113891962
633 2.171320082816068
634 0.737846764663175
635 0.14401859008735673
636 1.0282750576421091
637 2.6634902393427144
638 1.7820425799309512
639 1.613667388797163
640 1.2362077397797333
641 0.22757982868585147
642 2.0700541935953134
643 1.436343976272682
644 16.594978352659144
645 1.050281389342971
646 1.1276015413673255
647 8.114562871927433
648 0.12699059626795714
649 8.218430006924452
650 0.16114749677636572
651 0.12364041920069706
652 2.474877797805565
653 2.6956659425918104
654 1.4212038997362106
655 0.6201398579276538
656 1.1226224199359234
657 1.7943982313397726
658 1.202076958297147
659 4.675800418554821
660 1.9562668705181427
661 4.142888943322069
662 12.515860393878121
663 1.7529638161161798
664 0.03739860755171215
665 0.33948139351456746
666 1.3433938802223246
667 1.2488646268312387
668 1.4291499078254575
669 0.5781354010898918
670 1.398355912148258
671 0.24316437330691368
672 0.5856457033535973
673 0.2721215285889107
674 3.3824525869516187
675 4.160747419904493
676 5.322102470095076
677 1.253397053729401
678 1.9218377017592712
679 11.724926516179586
680 0.47258409287842496
681 6.94964133208371
682 11.566015399632219
683 3.227392933203138
684 0.019538967296807597
685 0.40637054240209775
686 0.2902651872034418
687 1.7252932362422988
688 1.9136112781552184
689 1.5012358315933465
690 0.11052747426796293
691 9.004166694849838
692 1.8072339382253788
693 4.940349767601447
694 0.22213283799768777
695 0.6409935528960427
696 3.10794724427118
697 0.653891147774226
698 0.05383645666302751
699 10.350642124433085
700 0.7441950889790836
701 5.204619351698548
702 6.666383559503251
703 1.1171806351563522
704 0.7547406092212996
705 0.4540414471224248
706 0.8769169466391298
707 4.81953134606422
708 40.430089390341834
709 0.01937120882250181
710 0.2836279101619889
711 3.571424164569047
712 0.3087666573845369
713 0.7042479222777238
714 0.31612821236501054
715 0.2965704612227118
716 6.939028118090073
717 8.360034557950742
718 0.376176695357313
719 54.88681368803809
720 2.3318857977372
721 13.304884711592791
722 0.3303242208781909
723 2.7435455352604023
724 0.013291087004086722
725 2.8816416734678154
726 0.908410118873369
727 0.3752665847136125
728 1.0582436527518515
729 3.8241898687636446
730 0.04116648062936704
731 0.7183450037877014
732 0.20753391337054589
733 0.0370683468972361
734 8.966287459465509
735 0.4387315120580958
736 0.4448157059489558
737 10.818566981849187
738 0.5356948253061503
739 0.5639926211639512
740 63.455942739247
741 3.0358454537649853
742 2.0139083433965506
743 0.2627615540042459
744 1.6976171415366763
745 4.996777471962162
746 1.536557806202325
747 0.8768420620287453
748 0.23357411610702775
749 0.12178902298142069
750 249.78801406126098
751 13.39456533700161
752 0.9282304580390862
753 8.769942670859239
754 0.32557456689270914
755 10.053380794238295
756 1.0846671054902648
757 1.8224016895074486
758 1.2317921619089764
759 1.1757627244634494
760 2.877044554494843
761 0.5134631535132473
762 3.0083059885308945
763 0.44257245497787867
764 1.5265627983193044
765 3.0064123330928885
766 14.106885368352659
767 0.14668921819723463
768 7.634798793522623
769 0.320360611303147
770 0.09552768095955018
771 3.8897790219044848
772 1.4452008004603767
773 0.2766644020834019
774 13.117011789976994
775 0.8655121209930176
776 1.57328284333853
777 0.6308609588555094
778 1.614770175501148
779 1.036756377996522
780 1.080553503531264
781 0.05385602273729392
782 0.6597824167217362
783 1.528163083866513
784 1.5517119907983987
785 1.6266290803345418
786 0.15293700336142166
787 2.896566442982103
788 0.4182625445422543
789 4.097658256171614
790 1.4631194109478451
791 5.041030407292407
792 6.6615436067313105
793 3.4339283244575376
794 0.5403962323422317
795 4.303622047515725
796 0.08046398649042781
797 1.181775865601786
798 0.694596818371212
799 1.203750869090449
800 0.4265641450711049
801 5.318308707617549
802 2.0276523107485223
803 4.647724781120463
804 1.6955684989429536
805 1.4843262690069399
806 0.7011686314669694
807 0.14087407437122543
808 0.074639541728974
809 7.368186321649182
810 0.21455860362291765
811 0.5267270617849777
812 0.2833979435102609
813 0.4497727932765228
814 1.8742337034806376
815 1.784622975430103
816 0.40382232630874837
817 1.902362474319894
818 0.11707845515959593
819 1.480516582719398
820 0.5361129356736924
821 4.6452141617106975
822 64.1362795806562
823 0.005062016978865849
824 3.356700215096608
825 1.0309166604844684
826 0.6624625561054435
827 1.3575667736792865
828 8.070136101785332
829 0.08518648109119309
830 8.857641281523966
831 0.080298476151594
832 14.298838787826773
833 31.9458038497495
834 0.528584676971889
835 1.500543898072479
836 0.25702481792568044
837 0.4875289213725508
838 5.184133844622417
839 1.3080507336294627
840 0.09422014575950079
841 1.3499383702534085
842 0.32412505799600444
843 2.1722141021344066
844 0.9510307916257257
845 3.250915809617526
846 1.3330848493432155
847 0.6566422574734148
848 6.975564354348796
849 0.7044450274258536
850 0.14599142799217665
851 2.7365323321379544
852 3.7978588940910267
853 1.076529815618668
854 0.07894888246047836
855 2.206779309825051
856 0.1991829626724712
857 0.7949621386988642
858 0.3835936426325873
859 1.689279019050423
860 1.8586642131144635
861 2.716233714158176
862 0.6638757152170512
863 12.62774916907893
864 0.49374514596722474
865 2.1270334255840666
866 0.008640078311198283
867 1.567305148144089
868 0.05971060859770063
869 0.7475144996503553
870 6.215148952588504
871 1.8253368520282824
872 10.160814556938202
873 2.4160277215487898
874 0.14841652147883036
875 0.09797586148203631
876 0.6076499398594184
877 7.532322439227519
878 2.943372430777328
879 108.40067587451989
880 4.763360260619552
881 0.23422087440456602
882 3.1401402754436956
883 2.4916983064942113
884 0.37917937348656383
885 2.2162248571010275
886 1.871396024981992
887 0.05011223652492366
888 28.122917367835953
889 4.468715463042313
890 0.15273452213365393
891 0.21881264379845475
892 0.5199943078376971
893 0.14851999735750068
894 2.340205006556629
895 0.018921651040758852
896 7.6700872760021435
897 1.4461013380417593
898 0.6794833564911447
899 0.9323566578433419
900 29.43720548350181
901 2.5873498176357024
902 8.931477646138688
903 5.485375725344388
904 0.7814093299223747
905 46.76624504790952
906 1.8373110128205856
907 0.625026507725178
908 0.12802439638631022
909 0.23037222047376715
910 1.4397156081678122
911 4.622572725169816
912 0.06921889282403688
913 0.986423455826746
914 0.5162053976588811
915 11.56059638731259
916 0.06182643066185931
917 0.06743597258236253
918 0.9469400681526072
919 0.1910130116996987
920 1.4299963514222918
921 4.2218778557723216
922 0.590086604393784
923 0.35296949958116364
924 3.45027375638753
925 0.37952205807004885
926 0.8783685740986041
927 0.4782483839719269
928 6.19351325458656
929 31.276360712008003
930 1.961871859516527
931 1.4031796904882432
932 0.2244273064316986
933 0.5144368431512361
934 3.02598242392796
935 1.011836386909157
936 0.15859167214525266
937 1.4615187670845073
938 0.3340410858738925
939 0.3899669244348926
940 0.599019308030122
941 1.621407838664102
942 1.507884198488936
943 19.24323300412851
944 0.019562320978675593
945 0.22585951395460832
946 0.05284660487779956
947 33.72880962035129
948 7.8575319647019235
949 0.15744301489574647
950 0.35676890822218876
951 0.5056564347211057
952 1.4189551463928058
953 0.5516684979752486
954 1.2970671901488324
955 0.9835420514090732
956 0.1499252029501005
957 0.2937390044747041
958 0.0184954208895266
959 2.1840454853489915
960 1.349388771219117
961 0.5803899484295987
962 58.6441103394598
963 0.04049910097633533
964 7.4125057235863405
965 1.4048188238090877
966 6.70949043091119
967 1.7802946275043976
968 4.171964664246234
969 76.59674411814692
970 0.21110084942635315
971 0.8851848625659606
972 3.61057858150093
973 0.0856026218438144
974 3.7662106397224093
975 245.69049117118456
976 0.2879491065393952
977 0.15504635090532104
978 0.026471201995450448
979 0.9325291794053818
980 0.2937595642493314
981 0.06686395747232574
982 0.8399868342488769
983 2.580861453845949
984 1.8424799180921347
985 0.8818718772663381
986 0.21900721776989213
987 0.02824672171506834
988 0.05487060933386149
989 11.267761689460798
990 0.09738530661119729
991 0.3822115384168204
992 15.003592616451995
993 0.14120323617746364
994 9.661797252804517
995 0.10263035989487725
996 0.5315383088195481
997 0.208347622960198
998 0.04666687968688044
999 0.8778143127983141
1000 58.16332829587166
