2 986 21
2 848 143
2 251 353
2 275 264
2 334 563
2 386 863
2 785 59
2 433 202
2 256 309
2 465 118
2 65 667
2 251 255
2 350 883
2 330 594
2 620 865
2 375 194
2 624 597
2 721 321
2 869 772
2 256 531
2 478 213
2 633 730
2 626 431
2 680 80
2 55 552
2 357 336
2 995 700
2 814 125
2 426 853
2 992 436
2 790 394
2 119 399
2 832 550
2 324 567
2 850 446
2 922 453
2 509 418
2 809 516
2 45 337
2 350 992
2 378 191
2 152 509
2 281 303
2 22 71
2 574 998
2 891 246
2 588 805
2 343 6
2 52 39
2 741 555
2 544 540
2 196 786
2 313 615
2 265 628
2 212 395
2 661 279
2 468 74
2 393 471
2 794 692
2 621 500
2 248 6
2 850 872
2 871 445
2 307 189
2 584 502
2 110 842
2 877 388
2 68 277
2 971 122
2 222 259
2 44 60
2 614 700
2 81 856
2 270 343
2 743 296
2 613 155
2 495 785
2 620 343
2 907 621
2 726 463
2 172 191
2 176 553
2 100 56
2 268 758
2 179 238
2 536 719
2 860 264
2 731 605
2 976 962
2 888 19
2 695 826
2 73 114
2 869 216
2 505 48
2 999 786
2 720 705
2 651 687
2 120 967
2 98 25
2 317 775
2 203 437
2 427 636
2 519 892
2 646 894
2 685 725
2 186 346
2 949 984
2 600 41
2 891 716
2 157 981
2 595 293
2 859 158
2 492 43
2 574 900
2 109 534
2 855 466
2 23 700
2 848 464
2 910 665
2 950 972
2 730 516
2 849 214
2 697 614
2 368 883
2 272 43
2 966 871
2 172 33
2 768 918
2 465 205
2 266 128
2 439 306
2 686 353
2 143 296
2 220 915
2 443 919
2 881 500
2 762 386
2 77 470
2 447 14
2 924 251
2 232 110
2 802 382
2 405 239
2 699 819
2 728 890
2 871 821
2 43 472
2 336 683
2 718 797
2 929 773
2 883 32
2 703 340
2 351 560
2 121 472
2 21 791
2 292 247
2 189 766
2 705 416
2 198 195
2 414 786
2 337 343
2 728 831
2 849 18
2 263 615
2 397 245
2 163 392
2 199 681
2 769 252
2 315 20
2 849 596
2 170 570
2 82 986
2 964 161
2 616 202
2 248 87
2 641 246
2 671 927
2 139 19
2 193 698
2 368 473
2 113 571
2 557 167
2 557 324
2 225 606
2 538 319
2 265 99
2 922 372
2 971 247
2 478 920
2 105 237
2 185 519
2 222 887
2 218 62
2 220 569
2 756 275
2 226 56
2 112 672
2 569 965
2 387 393
2 142 314
2 802 281
2 759 517
2 92 169
2 665 42
2 490 505
2 447 626
2 236 633
2 605 660
2 93 811
2 554 670
2 299 68
2 972 440
2 165 923
2 437 407
2 76 282
2 190 626
2 454 15
2 857 391
2 83 288
2 971 170
2 855 741
2 131 722
2 669 483
2 862 774
2 481 453
2 733 865
2 964 691
2 872 14
2 770 250
2 122 825
2 247 978
2 262 545
2 540 503
2 253 381
2 684 763
2 264 949
2 515 964
2 627 418
2 963 144
2 63 25
2 391 308
2 782 119
2 743 33
2 223 899
2 302 210
2 34 456
2 146 818
2 651 656
2 425 75
2 909 446
2 891 206
2 702 863
2 256 628
2 146 298
2 869 487
2 839 630
2 79 557
2 717 825
2 632 420
2 188 732
2 871 310
2 919 759
2 872 204
2 437 397
2 844 738
2 26 526
2 330 83
2 944 509
2 734 504
2 289 465
2 967 393
2 184 259
2 621 980
2 637 761
2 51 544
2 945 798
2 390 434
2 23 945
2 522 148
2 591 279
2 507 852
2 126 646
2 463 117
2 237 944
2 584 498
2 406 759
2 44 468
2 888 465
2 780 128
2 86 315
2 201 393
2 588 188
2 225 567
2 545 355
2 390 278
2 180 679
2 400 688
2 143 882
2 720 900
2 215 273
2 848 656
2 186 550
2 199 153
2 497 4
2 457 175
2 460 573
2 830 539
2 998 353
2 377 615
2 691 567
2 163 639
2 802 545
2 552 595
2 697 547
2 417 399
2 854 984
2 161 296
2 702 984
2 816 381
2 296 892
2 586 854
2 23 888
2 438 554
2 22 525
2 87 267
2 522 193
2 755 46
2 745 675
2 583 793
2 240 297
2 181 20
2 366 665
2 305 620
2 24 740
2 162 645
2 6 886
2 280 12
2 178 438
2 744 681
2 132 372
2 666 48
2 435 237
2 508 573
2 996 201
2 467 463
2 556 200
2 807 461
2 860 972
2 295 987
2 861 922
2 394 26
2 559 428
2 575 571
2 709 346
2 701 776
2 94 154
2 235 590
2 86 828
2 504 636
2 773 424
2 281 114
2 293 38
2 875 414
2 107 769
2 178 932
2 259 901
2 121 740
2 76 745
2 417 403
2 443 514
2 990 88
2 30 727
2 845 234
2 168 721
2 554 68
2 320 67
2 837 239
2 193 704
2 610 602
2 154 976
2 597 208
2 584 289
2 981 366
2 73 261
2 247 280
2 668 904
2 386 39
2 222 817
2 799 575
2 780 620
2 845 471
2 335 37
2 200 594
2 49 657
2 49 716
2 323 199
2 888 229
2 84 629
2 638 542
2 384 550
2 131 655
2 81 658
2 517 587
2 768 834
2 669 397
2 109 200
2 264 202
2 956 934
2 675 519
2 389 54
2 121 125
2 245 750
2 730 978
2 217 543
2 774 504
2 929 633
2 41 250
2 770 474
2 77 805
2 420 136
2 549 519
2 482 32
2 889 672
2 281 272
2 190 39
2 290 570
2 728 500
2 390 226
2 694 173
2 641 874
2 502 558
2 968 913
2 258 787
2 566 614
2 272 20
2 341 159
2 180 214
2 500 919
2 504 118
2 489 87
2 715 571
2 124 232
2 690 747
2 306 48
2 1 529
2 738 510
2 77 586
2 200 578
2 261 672
2 173 416
2 425 917
2 697 157
2 998 475
2 26 972
2 418 57
2 258 301
2 58 348
2 237 863
2 931 744
2 219 292
2 536 149
2 240 16
2 744 226
2 330 983
2 211 910
2 446 115
2 723 292
2 153 799
2 225 516
2 732 158
2 878 306
2 57 548
2 942 125
2 304 763
2 851 543
2 675 227
2 204 965
2 599 881
2 626 883
2 468 552
2 770 199
2 373 359
2 902 402
2 484 717
2 655 318
2 145 448
2 812 326
2 518 809
2 682 233
2 860 667
2 306 834
2 244 354
2 433 23
2 709 121
2 388 287
2 360 440
2 95 190
2 510 464
2 603 554
2 425 866
2 218 440
2 463 723
2 309 574
2 701 356
2 758 565
2 602 751
2 245 322
2 737 312
2 221 801
2 64 995
2 112 567
2 209 852
2 502 577
2 530 112
2 86 793
2 346 473
2 214 59
2 95 737
2 969 499
2 310 913
2 496 938
2 993 707
2 473 683
2 515 541
2 97 622
2 949 228
2 591 809
2 31 887
2 138 316
2 583 106
2 742 647
2 760 15
2 54 30
2 95 769
2 108 346
2 642 911
2 748 834
2 993 654
2 442 216
2 584 238
2 979 657
2 78 833
2 95 631
2 457 972
2 615 75
2 350 537
2 756 998
2 574 661
2 33 913
2 415 711
2 907 384
2 596 868
2 82 962
2 361 544
2 534 806
2 400 822
2 606 992
2 615 958
2 346 32
2 996 503
2 588 965
2 434 897
2 380 881
2 40 246
2 186 891
2 131 417
2 401 849
2 806 68
2 409 300
2 950 691
2 675 53
2 682 727
2 253 764
2 842 981
2 813 678
2 888 104
2 983 925
2 339 816
2 974 551
2 405 713
2 654 186
2 230 564
2 397 331
2 662 821
2 558 489
2 876 427
2 697 263
2 419 544
2 2 789
2 65 203
2 731 560
2 242 88
2 82 662
2 611 460
2 798 724
2 45 96
2 581 618
2 535 236
2 554 309
2 83 870
2 297 978
2 575 698
2 49 517
2 626 193
2 734 88
2 3 906
2 568 26
2 697 612
2 307 658
2 677 111
2 377 635
2 796 932
2 640 287
2 334 705
2 669 657
2 430 396
2 761 786
2 497 361
2 645 658
2 545 205
2 937 881
2 898 47
2 81 293
2 332 591
2 943 676
2 722 342
2 534 712
2 601 488
2 778 725
2 781 247
2 945 193
2 476 831
2 865 612
2 588 200
2 456 751
2 701 263
2 450 746
2 27 314
2 637 392
2 671 234
2 188 20
2 603 110
2 662 6
2 517 230
2 8 57
2 472 795
2 827 4
2 831 183
2 648 48
2 78 947
2 536 598
2 687 787
2 967 54
2 240 944
2 337 612
2 366 482
2 974 925
2 126 6
2 264 816
2 100 528
2 185 729
2 507 212
2 230 631
2 912 779
2 586 693
2 490 982
2 58 180
2 442 529
2 298 353
2 462 551
2 388 671
2 606 191
2 864 936
2 369 480
2 20 645
2 143 959
2 553 900
2 221 242
2 289 647
2 819 382
2 643 831
2 975 631
2 270 357
2 599 926
2 129 361
2 555 999
2 421 246
2 958 72
2 512 409
2 702 173
2 356 719
2 3 560
2 326 3
2 332 839
2 498 901
2 412 801
2 144 754
2 559 178
2 249 722
2 124 408
2 3 751
2 536 666
2 70 169
2 624 8
2 209 438
2 860 31
2 435 995
2 650 856
2 790 709
2 667 992
2 122 119
2 173 986
2 959 252
2 445 193
2 126 219
2 592 870
2 661 382
2 27 366
2 859 404
2 234 337
2 875 965
2 494 157
2 295 917
2 871 578
2 785 982
2 378 519
2 143 539
2 760 539
2 800 612
2 415 999
2 814 843
2 977 667
2 352 198
2 654 351
2 245 885
2 933 820
2 903 525
2 53 483
2 157 150
2 400 615
2 433 907
2 221 173
2 96 843
2 486 676
2 496 191
2 257 798
2 742 190
2 277 595
2 376 717
2 526 362
2 476 388
2 529 206
2 478 665
2 214 770
2 82 236
2 672 33
2 875 566
2 282 123
2 443 571
2 494 359
2 489 685
2 623 692
2 585 442
2 214 428
2 19 825
2 112 797
2 472 956
2 776 799
2 165 442
2 140 214
2 765 997
2 802 986
2 100 122
2 649 919
2 668 507
2 968 597
2 293 733
2 22 674
2 804 683
2 349 577
2 810 717
2 701 126
2 377 99
2 933 862
2 305 16
2 959 962
2 212 333
2 171 12
2 838 252
2 244 589
2 388 588
2 867 88
2 241 704
2 299 747
2 895 960
2 448 350
2 450 874
2 165 964
2 293 709
2 391 905
2 557 372
2 73 589
2 711 403
2 209 809
2 585 892
2 720 894
2 653 663
2 581 374
2 559 261
2 568 917
2 71 368
2 808 322
2 699 254
2 50 372
2 571 309
2 61 416
2 939 375
2 648 303
2 702 346
2 246 482
2 268 140
2 396 287
2 591 723
2 625 195
2 338 769
2 619 336
2 135 995
2 181 728
2 694 644
2 423 229
2 465 372
2 405 214
2 377 90
2 352 495
2 467 650
2 18 681
2 170 93
2 110 283
2 940 273
2 911 288
2 52 324
2 70 164
2 878 617
2 709 607
2 176 431
2 18 840
2 253 410
2 668 91
2 43 616
2 414 49
2 311 980
2 466 976
2 384 67
2 562 492
2 160 509
2 781 686
2 418 510
2 765 106
2 654 224
2 807 240
2 999 133
2 472 486
2 156 789
2 752 451
2 631 529
2 35 761
2 237 629
2 756 212
2 342 613
2 844 510
2 549 601
2 40 25
2 116 707
2 720 86
2 561 326
2 707 772
2 14 801
2 574 558
2 338 984
2 406 763
2 726 472
2 502 465
2 188 280
2 331 673
2 743 197
2 624 676
2 284 977
2 335 742
2 319 415
2 260 145
2 704 785
2 671 558
2 566 917
2 512 167
2 525 631
2 580 516
2 86 758
2 782 340
2 533 773
2 347 796
2 168 126
2 752 647
2 78 495
2 11 123
2 635 543
2 236 158
2 872 321
2 35 853
2 222 392
2 971 700
2 34 713
2 909 261
2 260 104
2 699 764
2 634 573
2 89 353
2 345 205
2 532 714
2 819 776
2 260 855
2 468 693
2 74 712
2 264 47
2 215 660
2 774 555
2 802 2
2 538 365
2 124 253
2 717 224
2 352 502
2 952 517
2 144 24
2 652 514
2 47 13
2 929 790
2 87 359
2 35 791
2 302 863
2 371 7
2 56 529
2 771 786
2 904 997
2 758 436
2 748 905
2 580 410
2 209 440
2 248 72
2 706 61
2 628 165
2 524 499
2 888 136
2 741 615
2 466 464
2 289 298
2 622 341
2 338 560
2 146 430
2 504 314
2 767 954
2 140 115
2 490 497
2 776 442
2 576 903
2 475 464
2 890 854
2 445 548
2 605 370
2 537 840
2 953 106
2 80 341
2 298 127
2 460 747
2 908 739
2 443 259
2 319 124
2 423 470
2 344 491
2 198 406
2 599 217
2 561 5
2 334 977
2 704 59
2 419 946
2 854 97
2 842 187
2 728 196
2 668 631
2 736 899
2 814 122
2 651 970
2 179 977
2 349 132
2 961 970
2 541 386
2 861 416
2 347 409
2 941 450
2 787 15
2 84 879
2 882 451
2 870 842
2 870 491
2 98 486
2 881 457
2 469 863
2 645 524
2 529 919
2 749 8
2 427 87
2 632 132
2 898 829
2 973 522
2 734 233
2 843 404
2 88 12
2 666 854
2 225 262
2 570 395
2 335 612
2 606 822
2 743 825
2 921 61
2 97 904
2 6 851
2 425 75
2 349 673
2 207 900
2 731 883
2 515 620
2 581 576
2 344 788
2 993 53
2 625 945
2 661 374
2 584 695
2 712 713
2 122 117
2 705 532
2 407 340
2 156 625
2 435 436
2 363 64
2 562 467
2 364 972
2 152 676
2 702 467
2 276 441
2 951 296
2 39 470
2 289 475
2 848 87
2 999 91
2 430 955
2 176 313
2 961 970
2 319 317
2 826 396
2 295 453
2 568 775
2 231 534
2 453 565
2 952 149
2 389 550
2 510 275
2 876 476
2 857 373
2 826 279
2 563 201
2 115 607
2 735 183
2 348 268
2 617 965
2 258 382
2 991 961
2 559 875
2 484 232
2 344 44
2 429 436
2 673 575
2 755 971
2 502 507
2 788 205
2 623 18
2 248 956
2 31 563
2 212 876
2 445 952
2 280 60
2 94 376
2 1 771
2 135 931
2 877 525
2 277 173
2 385 747
2 709 739
2 515 403
2 736 946
2 914 610
2 230 604
2 130 840
2 154 602
2 779 434
2 439 45
2 631 731
2 143 410
2 549 556
2 465 396
2 501 444
2 703 781
2 438 655
2 200 497
2 587 939
2 784 140
2 379 844
2 985 261
2 37 516
2 720 369
2 278 759
2 508 321
2 389 474
2 624 324
2 742 143
2 594 975
2 180 288
2 755 517
2 127 237
2 377 355
2 392 703
2 78 301
2 210 145
2 492 817
2 205 573
2 326 558
2 169 499
2 271 787
2 774 719
2 705 856
2 837 472
2 782 24
2 479 997
2 817 897
2 260 521
2 673 972
2 477 431
2 421 867
2 974 182
2 696 477
2 592 885
2 830 729
2 910 775
2 306 405
2 387 295
2 533 358
2 926 462
2 531 681
2 921 958
2 911 689
2 559 15
2 701 493
2 107 36
2 168 124
2 538 165
2 558 579
2 595 735
2 677 797
2 447 678
2 939 932
2 724 127
2 876 362
2 882 653
2 599 467
2 192 750
2 89 245
2 28 570
2 847 920
2 505 598
2 849 736
2 69 282
2 729 731
2 507 216
2 330 647
2 822 698
2 870 464
2 675 71
2 759 558
2 833 648
2 489 546
2 761 901
2 378 385
2 694 124
2 811 695
2 112 124
2 837 202
2 773 297
2 54 343
2 352 469
2 444 847
2 126 577
2 185 274
2 638 391
2 198 497
2 260 333
2 760 750
2 853 22
2 838 480
2 933 390
2 405 986
2 341 815
2 585 187
2 735 202
2 3 323
2 876 665
2 677 448
2 614 591
2 93 421
2 712 68
2 260 191
2 257 451
2 439 341
2 47 59
2 782 471
2 422 70
2 392 268
2 386 486
2 870 271
2 308 359
2 327 665
2 272 271
2 490 687
2 907 201
2 511 652
2 276 879
2 302 245
2 651 692
2 671 772
2 536 68
2 457 721
2 465 12
2 504 842
2 791 994
2 340 863
2 585 225
2 759 42
2 131 694
2 34 719
2 70 92
2 161 340
2 383 84
2 482 888
2 813 32
2 933 578
2 620 181
2 798 147
2 767 906
2 406 119
2 861 857
2 777 219
2 166 485
2 130 433
2 532 976
2 823 968
2 17 277
2 944 461
2 743 610
2 203 405
2 578 495
2 771 809
2 726 761
2 251 763
2 65 850
2 459 220
2 367 398
2 99 55
2 747 167
2 590 355
2 544 252
2 305 128
2 77 231
2 902 629
2 137 390
2 223 676
2 444 386
2 909 490
2 93 820
2 373 26
2 601 369
2 468 948
2 222 493
2 213 827
2 811 565
2 951 396
2 135 739
2 722 992
2 546 672
2 921 313
2 319 990
2 226 168
2 616 189
2 651 504
2 866 304
2 186 557
2 483 958
2 452 381
2 469 122
2 305 403
2 675 18
2 427 124
2 971 978
2 900 149
2 452 609
2 928 141
2 563 18
2 872 114
2 166 704
2 611 822
2 427 633
2 421 366
2 118 710
2 352 500
2 267 714
2 677 560
2 885 381
2 913 232
2 586 712
2 479 420
2 909 256
2 433 43
2 744 48
2 603 553
2 926 279
2 466 312
2 186 244
2 563 890
2 170 367
2 189 854
2 233 516
2 400 599
2 546 977
2 683 735
2 632 298
2 370 665
2 923 565
2 433 166
2 707 412
2 850 508
2 406 919
2 159 195
2 14 974
2 874 873
2 803 149
2 979 485
2 214 939
2 668 811
2 185 699
2 154 450
2 996 440
2 581 484
2 494 64
2 419 890
2 146 274
2 79 647
2 384 962
2 373 862
2 259 445
2 174 844
2 121 213
2 313 25
2 409 32
2 443 854
2 409 237
2 394 192
2 830 839
2 537 9
2 462 510
2 878 867
2 272 381
2 632 679
2 80 574
2 534 32
2 75 47
2 623 563
2 620 25
2 641 487
2 490 544
2 21 475
2 801 919
2 540 797
2 483 630
2 169 534
2 855 347
2 132 944
2 122 816
2 502 736
2 265 943
2 678 128
2 191 505
2 554 282
2 342 213
2 74 612
2 835 341
2 795 644
2 744 25
2 318 740
2 757 16
2 65 502
2 449 815
2 295 407
2 602 820
2 356 824
2 524 398
2 802 522
2 212 32
2 374 460
2 969 122
2 304 999
2 649 113
2 664 606
2 434 386
2 504 989
2 716 46
2 705 352
2 878 295
2 313 667
2 637 697
2 43 213
2 820 671
2 726 791
2 188 842
2 939 463
2 531 428
2 743 751
2 782 843
2 796 814
2 387 888
2 422 643
2 961 790
2 17 332
2 840 238
2 566 390
2 920 198
2 73 147
2 757 403
2 983 640
2 297 758
2 346 769
2 371 655
2 183 47
2 874 214
2 838 457
2 112 225
2 546 254
2 922 382
2 903 863
2 313 223
2 409 32
2 715 143
2 910 25
2 89 114
2 277 577
2 808 691
2 724 403
2 12 678
2 190 588
2 97 576
2 144 202
2 581 141
2 490 653
2 723 711
2 536 69
2 966 327
2 40 650
2 694 112
2 918 476
2 383 948
2 291 693
2 144 222
2 847 579
2 705 699
2 280 683
2 303 136
2 501 166
2 527 885
2 658 72
2 852 465
2 374 295
2 313 19
2 877 368
2 697 917
2 179 525
2 898 250
2 333 110
2 621 139
2 950 543
2 465 902
2 654 625
2 441 659
2 609 221
2 258 229
2 226 603
2 345 950
2 394 874
2 401 659
2 38 399
2 707 451
2 323 557
2 776 500
2 862 503
2 719 348
2 364 965
2 764 233
2 699 24
2 637 461
2 648 484
2 386 798
2 711 127
2 930 62
2 551 763
2 702 81
2 248 241
2 92 818
2 512 531
2 229 145
2 97 989
2 673 221
2 12 824
2 368 540
2 826 210
2 800 169
2 90 269
2 818 609
2 953 298
2 576 959
2 551 524
2 807 890
2 122 679
2 632 292
2 722 496
2 111 34
2 69 500
2 685 305
2 748 865
2 974 557
2 595 306
2 2 560
2 128 894
2 211 864
2 185 994
2 110 119
2 670 158
2 716 912
2 450 896
2 67 92
2 880 808
2 10 63
2 121 956
2 646 296
2 612 934
2 392 560
2 965 8
2 911 68
2 902 244
2 144 540
2 677 86
2 394 408
2 375 409
2 239 28
2 383 804
2 731 88
2 756 300
2 946 644
2 750 681
2 239 528
2 125 962
2 363 679
2 979 376
2 301 389
2 922 820
2 988 124
2 168 29
2 404 957
2 623 325
2 94 579
2 167 228
2 671 576
2 971 407
2 295 46
2 478 681
2 931 195
2 495 975
2 182 125
2 291 853
2 293 468
2 229 882
2 852 567
2 893 45
2 679 658
2 131 892
2 718 973
2 933 644
2 641 833
2 105 575
2 171 314
2 254 630
2 86 865
2 133 62
2 349 954
2 290 612
2 114 59
2 106 899
2 817 721
2 691 665
2 463 389
2 272 771
2 897 30
2 929 473
2 557 951
2 546 556
2 626 277
2 634 659
2 256 146
2 575 284
2 239 444
2 871 910
2 671 363
2 907 359
2 469 141
2 335 911
2 279 911
2 245 974
2 683 194
2 490 136
2 325 226
2 919 127
2 638 54
2 655 239
2 832 911
2 323 582
2 761 442
2 210 833
2 828 525
2 808 448
2 888 902
2 685 323
2 315 189
2 447 107
2 487 517
2 229 740
2 637 537
2 130 40
2 692 650
2 305 484
2 411 979
2 720 748
2 940 572
2 862 564
2 211 151
2 664 905
2 33 535
2 619 747
2 707 727
2 147 707
2 190 389
2 716 287
2 530 451
2 704 287
2 559 379
2 927 176
2 211 881
2 884 800
2 486 665
2 237 292
2 677 907
2 593 732
2 392 484
2 833 910
2 526 965
2 23 795
2 615 905
2 151 206
2 893 171
2 810 68
2 151 759
2 684 948
2 215 548
2 246 406
2 665 739
2 140 165
2 716 304
2 892 294
2 89 312
2 92 815
2 512 596
2 365 449
2 524 510
2 380 287
2 116 65
2 165 730
2 861 618
2 93 236
2 967 341
2 411 905
2 1 122
2 625 32
2 319 703
2 405 29
2 236 653
2 64 65
2 790 411
2 510 693
2 165 189
2 360 813
2 164 487
2 244 334
2 310 976
2 435 262
2 943 518
2 293 573
2 526 244
2 209 888
2 581 1
2 761 727
2 839 197
2 592 224
2 424 274
2 564 904
2 987 618
2 908 312
2 18 72
2 38 545
2 110 431
2 613 995
2 715 119
2 729 174
2 50 926
2 803 897
2 548 673
2 783 907
2 524 410
2 831 730
2 644 800
2 251 29
2 558 914
2 675 423
2 605 150
2 839 472
2 143 970
2 637 639
2 139 852
2 504 916
2 387 532
2 117 470
2 425 885
2 315 298
2 209 994
2 807 432
2 592 442
2 849 797
2 744 872
2 317 874
2 259 353
2 991 605
2 153 542
2 950 191
2 544 681
2 496 758
2 957 753
2 65 964
2 322 927
2 377 353
2 179 488
2 238 597
2 568 744
2 34 66
2 68 8
2 986 164
2 33 630
2 269 962
2 467 238
2 112 994
2 641 615
2 344 974
2 457 592
2 555 887
2 384 243
2 694 615
2 212 359
2 143 632
2 839 36
2 428 514
2 940 282
2 275 970
2 323 66
2 16 850
2 908 874
2 966 85
2 793 418
2 504 100
2 804 271
2 386 6
2 671 661
2 627 611
2 670 867
2 415 353
2 247 314
2 76 509
2 796 959
2 603 671
2 203 29
2 33 754
2 242 464
2 448 797
2 101 977
2 273 659
2 533 247
2 834 563
2 168 730
2 524 650
2 33 868
2 677 249
2 837 889
2 486 696
2 433 738
2 878 731
2 142 233
2 45 834
2 7 918
2 595 200
2 321 849
2 517 423
2 790 407
2 890 714
2 406 737
2 435 775
2 907 388
2 333 15
2 45 493
2 324 866
2 302 114
2 99 965
2 258 260
2 974 298
2 295 956
2 888 893
2 587 636
2 393 855
2 286 464
2 708 681
2 703 119
2 750 620
2 215 556
2 672 207
2 854 496
2 622 836
2 289 781
2 181 274
2 970 293
2 74 430
2 657 191
2 511 169
2 541 248
2 341 953
2 477 374
2 460 515
2 489 244
2 396 742
2 365 696
2 823 510
2 939 445
2 386 698
2 720 537
2 611 283
2 685 119
2 220 680
2 921 14
2 589 766
2 909 442
2 651 852
2 720 703
2 201 461
2 211 260
2 847 740
2 162 451
2 781 254
2 56 942
2 536 445
2 784 365
2 404 992
2 331 137
2 255 974
2 92 202
2 157 206
2 568 339
2 114 459
2 425 689
2 657 267
2 329 490
2 172 248
2 73 16
2 463 707
2 397 134
2 27 312
2 44 392
2 260 867
2 2 936
2 859 674
2 872 813
2 349 424
2 14 308
2 69 885
2 224 976
2 679 366
2 848 202
2 18 896
2 803 949
2 631 38
2 775 497
2 792 765
2 168 45
2 814 18
2 824 20
2 654 964
2 344 200
2 65 476
2 79 254
2 388 560
2 559 906
2 229 683
2 146 306
2 718 190
2 759 908
2 605 647
2 917 389
2 902 329
2 145 904
2 462 75
2 360 955
2 871 364
2 614 800
2 285 733
2 767 924
2 213 391
2 376 934
2 1 574
2 866 991
2 145 428
2 550 514
2 823 892
2 776 474
2 165 731
2 495 178
2 814 485
2 553 231
2 928 870
2 742 545
2 598 213
2 683 972
2 654 434
2 743 492
2 616 464
2 256 423
2 458 176
2 963 4
2 791 413
2 538 890
2 554 594
2 973 176
2 531 982
2 261 118
2 847 260
2 946 70
2 848 203
2 241 163
2 406 776
2 504 905
2 44 860
2 369 371
2 378 997
2 839 734
2 232 59
2 121 738
2 925 312
2 988 984
2 947 278
2 921 169
2 538 788
2 253 201
2 968 305
2 192 986
2 563 831
2 211 890
2 508 971
2 632 607
2 449 366
2 642 786
2 605 935
2 118 123
2 756 698
2 941 936
2 876 977
2 951 795
2 478 491
2 895 488
2 699 393
2 871 554
2 663 582
2 285 294
2 366 905
2 96 801
2 967 64
2 77 857
2 412 19
2 37 32
2 627 388
2 933 190
2 385 365
2 796 580
2 108 438
2 113 402
2 987 119
2 426 635
2 581 838
2 664 492
2 698 817
2 80 173
2 937 457
2 326 440
2 831 688
2 442 477
2 768 193
2 333 630
2 570 745
2 152 96
2 802 432
2 379 560
2 108 228
2 963 548
2 717 731
2 321 951
2 3 489
2 886 885
2 33 175
2 359 457
2 830 840
2 247 647
2 484 663
2 794 54
2 114 942
2 319 492
2 432 175
2 343 150
2 410 464
2 70 438
2 256 470
2 858 28
2 131 96
2 806 497
2 376 196
2 11 827
2 685 815
2 411 344
2 854 817
2 603 900
2 215 114
2 219 628
2 949 365
2 969 43
2 89 483
2 579 537
2 290 224
2 11 653
2 588 390
2 109 547
2 948 379
2 540 997
2 80 454
2 996 398
2 602 372
2 979 162
2 967 779
2 961 175
2 664 199
2 519 906
2 101 955
2 539 827
2 571 88
2 93 617
2 728 992
2 504 625
2 54 279
2 344 161
2 892 88
2 454 863
2 387 657
2 73 621
2 479 753
2 79 43
2 147 232
2 768 29
2 80 606
2 877 906
2 592 961
2 258 937
2 850 427
2 286 386
2 133 873
2 552 684
2 976 57
2 483 607
2 870 886
2 253 451
2 280 683
2 472 119
2 265 81
2 742 427
2 557 196
2 614 838
2 283 323
2 908 678
2 136 492
2 423 546
2 871 40
2 663 640
2 559 76
2 754 746
2 40 849
2 712 618
2 107 564
2 61 414
2 218 104
2 821 817
2 457 139
2 582 691
2 824 532
2 625 853
2 14 925
2 64 391
2 290 503
2 217 90
2 46 169
2 142 583
2 411 250
2 505 553
2 869 467
2 768 8
2 878 452
2 401 305
2 632 689
2 116 409
2 790 861
2 118 169
2 285 146
2 559 776
2 758 362
2 838 834
2 249 505
2 878 203
2 380 678
2 917 396
2 85 434
2 272 807
2 582 182
2 993 246
2 505 353
2 327 410
2 785 285
2 176 103
2 463 391
2 755 64
2 311 818
2 958 753
2 625 472
2 988 132
2 94 443
2 94 979
2 718 551
2 743 751
2 650 577
2 80 78
2 849 577
2 28 561
2 727 994
2 189 202
2 663 434
2 407 273
2 813 412
2 912 245
2 616 608
2 399 346
2 599 385
2 793 636
2 869 951
2 696 766
2 728 873
2 180 839
2 642 614
2 89 193
2 244 471
2 95 96
2 872 904
2 195 759
2 117 541
2 469 613
2 214 202
2 500 193
2 142 375
2 825 133
2 807 325
2 742 518
2 177 543
2 94 385
2 657 753
2 480 883
2 772 115
2 373 267
2 99 133
2 882 189
2 683 363
2 231 904
2 130 330
2 12 513
2 720 987
2 784 972
2 81 607
2 328 56
2 953 609
2 766 65
2 52 475
2 24 479
2 992 852
2 104 295
2 652 973
2 94 273
2 129 544
2 185 561
2 156 799
2 418 806
2 508 991
2 11 597
2 638 353
2 476 843
2 91 38
2 574 783
2 76 735
2 830 42
2 432 67
2 14 696
2 708 125
2 35 364
2 902 505
2 78 494
2 1000 970
2 164 861
2 822 811
2 874 89
2 371 214
2 337 271
2 423 326
2 933 160
2 146 179
2 99 567
2 538 29
2 580 984
2 741 955
2 62 745
2 885 763
2 81 247
2 859 607
2 192 480
2 777 138
2 243 554
2 191 653
2 344 234
2 376 226
2 40 229
2 993 635
2 197 193
2 258 686
2 554 969
2 872 633
2 846 250
2 231 565
2 662 492
2 1 597
2 643 147
2 767 894
2 607 353
2 999 548
2 234 816
2 608 714
2 273 338
2 372 64
2 253 191
2 822 491
2 154 917
2 742 766
2 819 747
2 756 204
2 515 892
2 723 403
2 438 372
2 766 440
2 709 750
2 761 868
2 490 190
2 186 997
2 419 539
2 664 605
2 574 340
2 98 991
2 130 828
2 857 714
2 275 497
2 726 357
2 923 332
2 139 488
2 74 333
2 435 698
2 781 758
2 672 136
2 922 634
2 743 314
2 796 306
2 830 100
2 755 17
2 247 36
2 103 524
2 393 500
2 531 524
2 854 987
2 710 719
2 70 346
2 839 104
2 524 191
2 849 704
2 167 688
2 469 874
2 456 414
2 410 191
2 669 312
2 638 410
2 456 234
2 1 399
2 684 149
2 784 47
2 961 928
2 847 844
2 148 71
2 595 746
2 411 230
2 403 850
2 586 948
2 971 375
2 27 667
2 860 201
2 323 925
2 880 662
2 926 430
2 859 354
2 820 934
2 677 292
2 856 786
2 627 535
2 586 825
2 950 204
2 286 436
2 28 125
2 879 630
2 50 908
2 318 765
2 785 567
2 912 60
2 446 836
2 429 927
2 599 825
2 987 735
2 951 570
2 342 385
2 733 900
2 462 910
2 288 85
2 40 821
2 226 852
2 816 833
2 723 191
2 692 864
2 509 629
2 570 717
2 637 252
2 812 62
2 670 563
2 865 703
2 848 873
2 531 359
2 328 390
2 103 420
2 170 140
2 218 795
2 86 341
2 913 795
2 724 721
2 51 99
2 144 976
2 630 760
2 737 848
2 188 92
2 275 426
2 375 47
2 165 56
2 700 934
2 17 432
2 404 97
2 156 856
2 45 3
2 477 301
2 10 806
2 294 359
2 827 50
2 718 279
2 684 9
2 785 544
2 341 729
2 468 915
2 548 13
2 115 660
2 701 256
2 276 596
2 504 793
2 627 959
2 213 931
2 235 864
2 203 878
2 743 896
2 837 373
2 276 843
2 670 59
2 642 201
2 883 183
2 632 229
2 181 366
2 888 705
2 924 631
2 552 842
2 734 589
2 240 759
2 168 228
2 154 382
2 133 388
2 339 550
2 985 121
2 79 287
2 377 718
2 469 845
2 176 954
2 233 303
2 866 480
2 350 341
2 93 244
2 155 472
2 399 681
2 218 926
2 145 48
2 293 479
2 533 110
2 718 877
2 632 282
2 231 990
2 400 667
2 434 8
2 507 442
2 265 65
2 302 579
2 313 772
2 581 491
2 402 426
2 24 884
2 842 542
2 586 737
2 559 840
2 223 681
2 179 680
2 428 158
2 34 240
2 642 206
2 502 826
2 647 436
2 210 467
2 161 609
2 705 696
2 729 228
2 682 398
2 27 556
2 372 483
2 120 965
2 222 776
2 279 310
2 842 595
2 477 660
2 197 246
2 256 424
2 597 955
2 680 673
2 144 564
2 687 672
2 184 75
2 768 537
2 370 174
2 402 216
2 947 81
2 70 492
2 9 616
2 498 197
2 321 820
2 886 21
2 160 640
2 604 389
2 109 214
2 589 474
2 882 143
2 73 987
2 55 61
2 832 190
2 138 899
2 443 766
2 522 634
2 231 441
2 708 871
2 418 12
2 70 879
2 407 742
2 116 889
2 200 571
2 582 277
2 630 704
2 120 412
2 892 991
2 186 711
2 774 626
2 382 139
2 957 279
2 392 609
2 31 760
2 805 122
2 803 525
2 111 8
2 806 139
2 893 63
2 28 83
2 664 217
2 706 824
2 996 1000
2 728 711
2 557 278
2 937 310
2 178 702
2 418 46
2 993 794
2 370 14
2 498 528
2 172 162
2 617 659
2 504 74
2 780 745
2 333 241
2 427 498
2 960 346
2 201 922
2 470 238
2 952 497
2 317 158
2 135 64
2 78 370
2 713 460
2 347 301
2 819 296
2 197 389
2 414 216
2 551 263
2 489 929
2 527 698
2 474 815
2 837 422
2 174 659
2 402 749
2 172 776
2 586 752
2 538 656
2 718 4
2 23 21
2 9 537
2 648 601
2 294 136
2 469 43
2 368 560
2 361 567
2 854 669
2 44 310
2 751 841
2 602 364
2 915 746
2 49 372
2 782 929
2 342 512
2 331 540
2 781 826
2 30 904
2 961 56
2 657 795
2 332 562
2 500 525
2 976 535
2 71 690
2 712 997
2 94 838
2 855 789
2 115 918
2 358 957
2 581 974
2 230 373
2 411 177
2 376 361
2 82 693
2 739 795
2 960 340
2 837 184
2 3 985
2 776 253
2 566 309
2 84 312
2 552 897
2 25 29
2 588 84
2 409 355
2 643 640
2 648 731
2 197 36
2 514 938
2 624 324
2 56 816
2 225 738
2 110 440
2 295 230
2 151 267
2 718 953
2 762 661
2 171 659
2 584 907
2 764 899
2 781 310
2 28 962
2 724 723
2 463 894
2 113 928
2 69 104
2 253 717
2 606 988
2 153 927
2 233 992
2 159 583
2 467 934
2 243 528
2 710 424
2 438 496
2 299 480
2 641 56
2 502 195
2 481 125
2 541 203
2 274 181
2 595 901
2 315 836
2 995 29
2 970 514
2 281 162
2 941 550
2 441 615
2 328 363
2 94 219
2 189 68
2 370 379
2 393 345
2 108 901
2 486 768
2 383 471
2 718 361
2 456 256
2 201 954
2 420 36
2 603 938
2 964 426
2 34 113
2 924 537
2 6 592
2 796 381
2 363 381
2 664 890
2 1 635
2 544 997
2 872 53
2 268 42
2 344 269
2 566 68
2 481 911
2 710 543
2 519 23
2 533 276
2 559 531
2 545 775
2 35 378
2 796 386
2 365 693
2 249 915
2 569 676
2 23 710
2 615 271
2 374 220
2 378 544
2 371 891
2 580 908
2 822 818
2 429 519
2 367 899
2 643 70
2 355 5
2 421 415
2 649 426
2 559 62
2 656 193
2 771 961
2 323 160
2 154 96
2 539 101
2 920 396
2 894 143
2 957 96
2 814 515
2 408 518
2 761 987
2 767 295
2 814 435
2 438 221
2 731 639
2 315 189
2 606 652
2 588 150
2 111 887
2 170 640
2 702 32
2 826 131
2 417 548
2 869 683
2 774 698
2 376 960
2 95 347
2 211 64
2 733 696
2 442 531
2 930 534
2 144 595
2 79 241
2 782 416
2 830 834
2 210 287
2 699 516
2 875 409
2 590 537
2 926 199
2 431 678
2 816 62
2 749 88
2 721 628
2 478 57
2 318 906
2 585 986
2 818 138
2 625 245
2 415 2
2 204 993
2 42 60
2 541 912
2 399 833
2 335 181
2 178 291
2 871 1000
2 299 124
2 100 458
2 487 895
2 311 52
2 523 461
2 734 182
2 574 994
2 341 628
2 482 168
2 691 125
2 661 746
2 98 714
2 192 577
2 719 704
2 870 867
2 376 35
2 214 842
2 603 298
2 892 382
2 147 436
2 951 648
2 87 649
2 358 269
2 844 957
2 34 795
2 757 158
2 422 918
2 281 144
2 715 730
2 971 459
2 838 721
2 729 345
2 483 840
2 227 213
2 715 698
2 222 212
2 944 430
2 924 905
2 755 459
2 716 61
2 409 851
2 217 607
2 258 577
2 42 831
2 757 603
2 195 181
2 792 954
2 686 138
2 419 202
2 440 679
2 388 989
2 903 667
2 773 623
2 447 991
2 399 901
2 619 145
2 517 363
2 559 79
2 239 771
2 771 128
2 811 28
2 720 728
2 453 912
2 59 943
2 759 242
2 45 791
2 996 995
2 730 252
2 739 694
2 328 488
2 852 731
2 924 16
2 947 673
2 250 91
2 253 745
2 778 805
2 849 175
2 363 893
2 131 338
2 963 428
2 387 784
2 886 746
2 230 381
2 617 254
2 526 519
2 621 103
2 225 442
2 724 46
2 865 25
2 254 315
2 303 644
2 201 524
2 100 694
2 395 147
2 14 322
2 100 410
2 680 68
2 617 882
2 10 137
2 951 143
2 933 445
2 500 573
2 11 5
2 173 598
2 310 722
2 768 556
2 154 460
2 416 500
2 609 312
2 636 571
2 480 676
2 960 527
2 671 978
2 921 631
2 716 309
2 848 286
2 820 999
2 668 728
2 624 617
2 803 567
2 533 401
2 553 296
2 822 271
2 362 273
2 393 832
2 439 818
2 102 904
2 646 980
2 473 139
2 220 75
2 218 431
2 399 431
2 587 88
2 562 159
2 960 282
2 357 946
2 84 776
2 347 554
2 457 91
2 917 997
2 79 988
2 764 17
2 78 789
2 80 601
2 552 475
2 876 642
2 850 853
2 383 252
2 198 190
2 733 662
2 308 220
2 726 973
2 83 503
2 3 660
2 664 815
2 975 205
2 569 283
2 111 656
2 390 914
2 27 198
2 163 510
2 403 882
2 815 529
2 359 547
2 81 31
2 247 634
2 55 570
2 220 956
2 847 540
2 457 912
2 187 608
2 239 493
2 896 911
2 96 410
2 81 820
2 532 513
2 23 503
2 755 186
2 754 226
2 3 876
2 262 894
2 283 658
2 362 412
2 405 777
2 109 568
2 111 910
2 187 955
2 993 998
2 459 658
2 591 994
2 961 834
2 49 820
2 377 640
2 413 267
2 315 59
2 941 445
2 333 649
2 891 107
2 242 498
2 593 382
2 813 107
2 307 653
2 787 779
2 423 748
2 454 38
2 124 576
2 198 104
2 969 894
2 647 475
2 105 798
2 936 683
2 502 518
2 349 35
2 129 149
2 791 972
2 359 341
2 241 994
2 898 22
2 467 24
2 256 987
2 255 880
2 797 195
2 656 537
2 983 925
2 780 673
2 998 138
2 137 202
2 438 723
2 345 540
2 248 784
2 752 1000
2 762 664
2 347 382
2 299 974
2 944 397
2 785 653
2 470 355
2 293 93
2 135 336
2 308 608
2 638 164
2 408 123
2 574 423
2 28 68
2 580 24
2 249 884
2 10 659
2 505 688
2 849 557
2 273 428
2 129 514
2 500 497
2 225 294
2 696 833
2 109 497
2 829 738
2 703 667
2 708 38
2 794 790
2 756 995
2 162 88
2 790 581
2 250 169
2 232 326
2 369 693
2 672 197
2 281 495
2 638 33
2 387 720
2 825 962
2 618 730
2 629 575
2 553 36
2 545 669
2 922 735
2 211 668
2 435 169
2 729 721
2 632 175
2 921 992
2 896 577
2 625 237
2 576 184
2 320 582
2 82 792
2 371 947
2 786 815
2 152 490
2 671 539
2 921 212
2 272 369
2 208 647
2 38 965
2 967 635
2 306 779
2 490 246
2 747 679
2 130 391
2 756 984
2 637 436
2 921 167
2 761 30
2 986 375
2 942 503
2 305 514
2 637 569
2 485 681
2 33 187
2 165 321
2 794 207
2 94 661
2 621 640
2 422 900
2 408 60
2 611 461
2 168 594
2 623 530
2 186 570
2 241 853
2 782 110
2 350 380
2 409 601
2 854 608
2 107 951
2 465 239
2 470 980
2 69 917
2 663 466
2 537 785
2 991 104
2 800 333
2 961 268
2 411 141
2 822 341
2 189 863
2 790 224
2 323 55
2 79 879
2 185 216
2 511 237
2 319 502
2 854 990
2 595 165
2 321 411
2 569 120
2 613 746
2 743 725
2 547 904
2 884 278
2 379 414
2 9 159
2 778 469
2 522 509
2 255 644
2 807 578
2 811 567
2 132 846
2 164 423
2 151 839
2 234 92
2 429 877
2 871 746
2 55 714
2 301 159
2 117 791
2 35 753
2 160 952
2 924 3
2 559 974
2 164 919
2 581 76
2 772 956
2 348 6
2 680 285
2 241 287
2 620 741
2 676 296
2 265 989
2 661 301
2 200 752
2 259 383
2 101 998
2 403 639
2 177 300
2 227 577
2 157 999
2 357 557
2 349 430
2 30 997
2 564 76
2 496 999
2 250 363
2 462 88
2 642 809
2 336 578
2 560 902
2 593 608
2 199 904
2 293 17
2 839 147
2 884 920
2 585 309
2 866 841
2 299 863
2 34 451
2 481 961
2 302 977
2 844 498
2 371 35
2 903 161
2 993 354
2 616 731
2 357 462
2 661 322
2 790 246
2 304 965
2 285 84
2 389 507
2 680 583
2 561 69
2 151 369
2 374 22
2 708 865
2 861 667
2 892 336
2 551 841
2 407 599
2 188 114
2 209 974
2 549 613
2 926 568
2 717 801
2 211 875
2 1 346
2 419 561
2 133 807
2 258 738
2 362 543
2 961 934
2 100 471
2 600 336
2 903 274
2 585 754
2 228 589
2 826 616
2 871 415
2 154 210
2 1 846
2 119 908
2 186 854
2 792 537
2 632 523
2 813 602
2 941 251
2 199 816
2 164 890
2 401 930
2 695 249
2 518 314
2 556 551
2 519 327
2 305 775
2 530 411
2 756 885
2 578 674
2 776 89
2 30 663
2 445 889
2 469 133
2 50 873
2 223 442
2 690 395
2 933 645
2 385 266
2 372 974
2 351 423
2 285 550
2 333 717
2 501 774
2 944 867
2 558 773
2 218 828
2 599 905
2 553 58
2 481 586
2 48 412
2 152 628
2 861 609
2 81 472
2 756 671
2 649 856
2 752 309
2 411 554
2 870 191
2 673 825
2 963 919
2 55 477
2 26 24
2 451 223
2 384 107
2 498 742
2 263 156
2 274 734
2 132 177
2 88 742
2 981 242
2 193 693
2 487 733
2 187 862
2 227 713
2 641 652
2 240 286
2 959 836
2 878 832
2 600 624
2 22 694
2 398 488
2 289 606
2 380 799
2 611 155
2 359 635
2 208 116
2 380 520
2 429 735
2 240 103
2 963 530
2 186 736
2 583 300
2 13 32
2 397 665
2 95 983
2 321 696
2 986 125
2 876 747
2 299 14
2 937 224
2 262 778
2 536 964
2 684 610
2 842 137
2 339 56
2 819 544
2 761 459
2 585 828
2 356 321
2 423 340
2 519 9
2 320 960
2 831 36
2 686 408
2 881 55
2 186 453
2 759 36
2 702 396
2 891 570
2 281 892
2 928 820
2 540 900
2 186 55
2 627 591
2 878 372
2 785 740
2 98 214
2 212 482
2 264 738
2 226 87
2 911 785
2 19 746
2 794 721
2 74 286
2 733 772
2 606 807
2 360 1
2 784 849
2 823 526
2 699 698
2 944 233
2 35 26
2 666 454
2 951 667
2 259 680
2 299 667
2 27 893
2 34 552
2 50 821
2 370 530
2 313 651
2 872 915
2 819 268
2 515 642
2 624 393
2 912 183
2 824 745
2 620 292
2 463 52
2 73 758
2 527 807
2 522 890
2 721 990
2 225 709
2 433 16
2 876 342
2 953 884
2 344 413
2 251 643
2 382 298
2 244 201
2 71 317
2 443 536
2 23 208
2 536 64
2 103 407
2 261 745
2 443 775
2 844 175
2 438 952
2 326 676
2 528 446
2 349 94
2 885 983
2 957 312
2 313 761
2 155 206
2 692 203
2 27 574
2 225 376
2 255 88
2 702 149
2 342 703
2 988 241
2 1000 266
2 603 965
2 245 541
2 382 46
2 737 88
2 810 123
2 562 748
2 180 854
2 301 199
2 974 168
2 996 771
2 4 899
2 234 175
2 875 976
2 109 98
2 148 287
2 367 169
2 47 841
2 445 818
2 31 118
2 620 355
2 197 975
2 581 340
2 792 997
2 991 183
2 17 396
2 406 622
2 898 610
2 742 467
2 875 607
2 239 742
2 799 676
2 561 143
2 17 294
2 509 242
2 179 560
2 160 944
2 870 306
2 689 669
2 403 711
2 293 373
2 55 348
2 627 446
2 738 71
2 253 141
2 406 32
2 238 556
2 583 438
2 819 39
2 78 918
2 537 448
2 85 5
2 78 930
2 93 132
2 247 303
2 207 514
2 70 542
2 363 150
2 562 69
2 164 910
2 928 104
2 438 836
2 91 18
2 446 703
2 444 510
2 187 396
2 312 841
2 387 533
2 530 47
2 663 789
2 611 475
2 132 560
2 993 57
2 624 673
2 582 658
2 857 438
2 881 136
2 650 790
2 334 488
2 394 827
2 329 380
2 174 887
2 793 409
2 755 607
2 937 672
2 11 319
2 155 543
2 220 693
2 151 697
2 341 357
2 310 522
2 941 804
2 320 612
2 455 188
2 120 244
2 171 524
2 74 646
2 778 67
2 258 471
2 58 635
2 151 907
2 79 734
2 418 625
2 749 30
2 929 510
2 800 670
2 487 957
2 119 628
2 781 194
2 171 856
2 804 556
2 357 219
2 342 167
2 434 500
2 90 497
2 961 919
2 373 460
2 138 718
2 262 203
2 23 510
2 762 527
2 482 780
2 652 989
2 262 34
2 178 340
2 812 354
2 234 941
2 263 906
2 591 501
2 933 79
2 228 125
2 89 191
2 722 646
2 657 551
2 254 175
2 522 942
2 288 665
2 225 23
2 539 89
2 214 410
2 927 376
2 533 473
2 858 644
2 433 660
2 370 40
2 320 537
2 327 408
2 439 293
2 365 482
2 134 488
2 801 464
2 580 827
2 523 343
2 473 805
2 61 589
2 98 979
2 470 270
2 756 749
2 17 162
2 744 292
2 941 841
2 963 429
2 275 643
2 728 216
2 107 206
2 948 263
2 3 663
2 260 941
2 352 466
2 843 524
2 797 167
2 281 234
2 881 558
2 665 202
2 70 435
2 857 31
2 541 931
2 753 361
2 187 585
2 586 105
2 891 922
2 311 812
2 476 227
2 305 4
2 641 842
2 769 808
2 84 148
2 482 904
2 439 107
2 562 856
2 236 906
2 441 739
2 271 911
2 648 570
2 279 645
2 277 965
2 848 221
2 281 134
2 452 636
2 632 704
2 218 867
2 172 210
2 420 974
2 996 382
2 50 886
2 601 267
2 865 954
2 106 831
2 537 727
2 608 372
2 118 709
2 618 918
2 20 127
2 559 961
2 740 544
2 896 619
2 621 969
2 18 328
2 628 402
2 407 16
2 715 961
2 417 567
2 331 731
2 4 555
2 939 244
2 568 40
2 772 451
2 250 505
2 796 344
2 270 696
2 810 20
2 921 618
2 346 517
2 49 396
2 930 592
2 636 878
2 77 122
2 363 145
2 294 8
2 892 842
2 932 539
2 830 492
2 347 655
2 755 561
2 575 914
2 696 577
2 231 752
2 870 355
2 49 205
2 670 647
2 222 76
2 23 38
2 890 811
2 608 853
2 453 353
2 260 904
2 433 386
2 430 349
2 585 686
2 729 98
2 770 617
2 333 46
2 777 856
2 777 764
2 671 242
2 3 84
2 367 868
2 966 63
2 580 223
2 744 365
2 145 448
2 795 56
2 396 175
2 827 725
2 621 312
2 758 471
2 585 829
2 705 883
2 165 738
2 586 287
2 265 356
2 380 990
2 771 224
2 730 936
2 7 164
2 314 775
2 78 818
2 790 239
2 616 488
2 243 24
2 653 230
2 939 357
2 968 480
2 387 95
2 132 206
2 109 730
2 221 355
2 512 241
2 507 663
2 222 952
2 462 257
2 855 736
2 969 580
2 378 581
2 733 591
2 670 696
2 741 956
2 585 748
2 49 388
2 966 918
2 338 39
2 163 245
2 19 801
2 579 413
2 425 522
2 750 636
2 567 982
2 148 426
2 721 905
2 564 183
2 792 364
2 852 485
2 98 829
2 17 431
2 61 37
2 180 533
2 222 825
2 202 517
2 654 511
2 822 985
2 714 385
2 552 970
2 891 724
2 38 47
2 249 565
2 148 561
2 120 42
2 310 162
2 776 41
2 155 533
2 212 88
2 56 204
2 718 458
2 481 863
2 163 271
2 253 624
2 220 727
2 259 944
2 814 193
2 738 308
2 701 8
2 695 129
2 407 424
2 35 816
2 188 663
2 903 459
2 358 808
2 610 918
2 586 786
2 161 468
2 559 598
2 115 594
2 331 98
2 807 414
2 941 799
2 393 314
2 134 510
2 933 820
2 404 925
2 289 647
2 186 486
2 681 557
2 688 679
2 68 295
2 860 347
2 676 150
2 574 834
2 157 749
2 425 418
2 341 836
2 999 33
2 582 201
2 830 113
2 793 35
2 317 732
2 34 347
2 850 237
2 249 340
2 392 854
2 668 378
2 632 472
2 80 123
2 617 223
2 40 578
2 230 614
2 223 724
2 782 943
2 623 337
2 630 194
2 506 854
2 778 766
2 472 658
2 484 607
2 946 75
2 803 998
2 612 46
2 996 787
2 289 550
2 881 594
2 18 688
2 661 667
2 687 946
2 661 609
2 265 832
2 971 952
2 420 566
2 662 714
2 837 795
2 511 940
2 474 955
2 212 436
2 153 575
2 70 530
2 399 965
2 798 309
2 340 791
2 883 642
2 185 113
2 597 119
2 618 5
2 502 624
2 313 466
2 686 353
2 259 759
2 334 411
2 746 915
2 691 295
2 807 550
2 802 417
2 526 119
2 181 956
2 296 362
2 83 97
2 881 679
2 515 852
2 886 321
2 818 340
2 178 651
2 469 496
2 507 623
2 756 392
2 90 590
2 19 694
2 937 525
2 275 226
2 939 842
2 984 978
2 769 558
2 625 297
2 652 372
2 565 18
2 526 672
2 661 509
2 48 935
2 313 347
2 25 825
2 160 404
2 804 955
2 871 373
2 532 798
2 558 422
2 947 644
2 835 428
2 399 914
2 215 887
2 797 106
2 976 947
2 310 43
2 338 372
2 520 578
2 395 690
2 485 764
2 228 583
2 40 33
2 709 841
2 44 941
2 371 287
2 328 207
2 999 324
2 811 990
2 253 562
2 766 96
2 253 692
2 479 383
2 784 604
2 157 739
2 840 936
2 28 435
2 14 74
2 3 529
2 159 989
2 922 220
2 2 338
2 843 51
2 439 258
2 151 139
2 344 567
2 371 625
2 235 477
2 441 628
2 394 380
2 220 296
2 504 230
2 176 936
2 442 927
2 262 282
2 830 229
2 538 225
2 734 323
2 196 758
2 538 398
2 758 497
2 944 594
2 532 831
2 433 567
2 354 13
2 172 223
2 959 204
2 953 417
2 857 959
2 7 306
2 696 913
2 909 662
2 251 768
2 351 955
2 947 975
2 490 97
2 30 220
2 876 202
2 813 208
2 787 821
2 641 496
2 991 786
2 76 171
2 523 275
2 390 434
2 638 529
2 412 674
2 212 985
2 755 790
2 580 461
2 86 603
2 728 33
2 535 976
2 168 232
2 16 697
2 173 763
2 300 393
2 302 867
2 724 59
2 756 144
2 112 751
2 525 229
2 311 757
2 886 420
2 449 368
2 862 962
2 793 831
2 668 301
2 684 810
2 823 12
2 387 2
2 10 942
2 875 865
2 580 983
2 120 804
2 13 897
2 441 88
2 876 237
2 226 899
2 951 102
2 285 691
2 915 552
2 310 286
2 279 996
2 718 722
2 677 649
2 481 806
2 261 480
2 51 212
2 263 329
2 137 298
2 716 172
2 909 833
2 648 982
2 824 463
2 996 41
2 814 86
2 170 596
2 269 960
2 433 306
2 456 461
2 641 628
2 445 962
2 165 88
2 196 591
2 213 799
2 214 165
2 452 548
2 356 331
2 281 153
2 386 287
2 70 714
2 837 357
2 352 471
2 838 612
2 790 279
2 882 908
2 504 322
2 970 589
2 504 92
2 377 550
2 624 881
2 311 407
2 21 531
2 439 97
2 625 114
2 443 731
2 957 829
2 115 175
2 243 46
2 812 213
2 713 736
2 210 503
2 554 602
2 306 508
2 262 143
2 958 965
2 115 716
2 361 679
2 950 905
2 606 268
2 22 290
2 661 659
2 588 589
2 1000 267
2 491 424
2 338 134
2 472 639
2 493 811
2 184 62
2 649 916
2 890 557
2 107 805
2 459 398
2 235 268
2 368 580
2 743 904
2 507 363
2 257 647
2 826 836
2 187 85
2 589 285
2 223 984
2 744 50
2 213 99
2 288 907
2 256 895
2 778 468
2 400 604
2 409 306
2 260 81
2 715 191
2 217 696
2 835 772
2 603 965
2 269 659
2 176 647
2 632 934
2 637 537
2 819 922
2 985 690
2 752 58
2 664 738
2 3 959
2 855 499
2 814 714
2 441 851
2 100 601
2 55 579
2 163 32
2 69 709
2 246 68
2 209 118
2 19 656
2 914 867
2 882 976
2 159 473
2 23 917
2 305 123
2 580 612
2 891 856
2 692 912
2 386 404
2 439 667
2 427 618
2 918 540
2 837 989
2 887 493
2 924 22
2 954 763
2 98 315
2 756 307
2 334 892
2 709 622
2 344 238
2 588 554
2 330 133
2 42 91
2 200 207
2 95 45
2 993 72
2 23 343
2 326 629
2 463 288
2 67 551
2 187 335
2 261 597
2 306 806
2 909 219
2 803 898
2 167 608
2 993 582
2 118 449
2 62 312
2 160 237
2 668 486
2 379 505
2 538 236
2 656 793
2 749 828
2 930 220
2 198 471
2 712 579
2 839 663
2 711 646
2 762 361
2 80 580
2 181 764
2 615 653
2 769 107
2 443 697
2 3 613
2 634 763
2 748 794
2 711 181
2 483 207
2 321 278
2 733 608
2 295 985
2 774 396
2 1000 506
2 664 96
2 608 866
2 611 817
2 133 719
2 756 181
2 684 405
2 478 575
2 305 36
2 182 849
2 640 464
2 807 190
2 94 469
2 76 890
2 927 405
2 258 114
2 101 310
2 76 66
2 664 567
2 376 14
2 417 128
2 351 133
2 397 719
2 24 220
2 2 233
2 680 894
2 675 886
2 884 223
2 349 865
2 429 312
2 367 162
2 502 241
2 903 444
2 734 745
2 209 158
2 664 636
2 23 969
2 124 406
2 61 409
2 262 690
2 545 853
2 94 160
2 736 739
2 585 640
2 334 904
2 345 829
2 770 452
2 891 68
2 605 948
2 956 630
2 717 381
2 855 561
2 82 262
2 44 742
2 272 141
2 754 242
2 54 544
2 891 594
2 873 444
2 208 841
2 866 951
2 803 315
2 871 268
2 396 267
2 685 16
2 803 219
2 218 362
2 270 469
2 280 218
2 130 875
2 131 630
2 770 415
2 479 103
2 590 353
2 947 68
2 626 740
2 164 768
2 178 38
2 729 270
2 866 150
2 646 713
2 94 78
2 375 730
2 994 738
2 627 810
2 531 451
2 624 595
2 781 455
2 462 863
2 865 202
2 790 550
2 336 85
2 146 500
2 157 807
2 131 882
2 975 596
2 572 958
2 70 546
2 161 990
2 716 842
2 544 532
2 123 683
2 184 592
2 400 61
2 896 372
2 643 48
2 922 458
2 197 415
2 180 60
2 280 942
2 755 3
2 515 103
2 957 474
2 838 646
2 443 844
2 574 338
2 599 435
2 685 169
2 760 451
2 829 688
2 585 32
2 100 505
2 875 537
2 706 907
2 805 978
2 756 270
2 515 631
2 807 298
2 711 62
2 437 333
2 807 784
2 574 846
2 462 623
2 151 934
2 215 491
2 111 631
2 627 601
2 993 269
2 396 750
2 283 217
2 177 984
2 654 529
2 838 636
2 101 134
2 536 914
2 688 182
2 111 429
2 768 508
2 603 815
2 744 987
2 603 607
2 933 145
2 432 774
2 744 864
2 206 15
2 175 36
2 127 375
2 947 668
2 605 446
2 697 464
2 366 297
2 45 554
2 336 863
2 401 723
2 933 268
2 41 902
2 77 270
2 996 49
2 842 904
2 89 153
2 888 798
2 833 257
2 937 51
2 75 32
2 695 202
2 714 868
2 433 238
2 975 468
2 330 872
2 346 108
2 249 193
2 291 252
2 792 396
2 178 565
2 679 172
2 509 312
2 835 46
2 153 499
2 174 640
2 848 391
2 520 407
2 963 840
2 782 250
2 95 776
2 1000 578
2 926 791
2 861 134
2 743 681
2 535 742
2 627 474
2 784 703
2 60 233
2 817 241
2 281 580
2 164 615
2 105 351
2 533 115
2 178 269
2 289 239
2 245 199
2 130 196
2 11 892
2 896 74
2 196 996
2 434 684
2 421 25
2 923 77
2 608 248
2 787 271
2 601 978
2 666 983
2 342 60
2 927 198
2 276 138
2 24 133
2 728 690
2 323 132
2 835 359
2 391 352
2 837 148
2 271 365
2 888 552
2 227 577
2 627 248
2 501 687
2 637 432
2 823 616
2 769 414
2 322 1
2 399 511
2 356 623
2 283 884
2 190 229
2 201 601
2 364 565
2 637 327
2 811 110
2 757 727
2 498 912
2 404 381
2 276 980
2 612 150
2 498 630
2 786 766
2 246 791
2 744 947
2 366 918
2 623 255
2 403 210
2 737 205
2 470 24
2 34 660
2 507 365
2 1000 654
2 135 178
2 909 256
2 417 393
2 939 353
2 415 678
2 402 300
2 769 509
2 116 471
2 721 595
2 742 475
2 35 192
2 699 62
2 255 113
2 880 922
2 44 575
2 358 376
2 156 876
2 546 464
2 851 361
2 349 982
2 234 307
2 319 97
2 667 528
2 102 361
2 913 255
2 319 736
2 739 57
2 79 238
2 795 792
2 751 647
2 372 103
2 494 91
2 586 334
2 796 415
2 378 459
2 595 15
2 771 758
2 141 294
2 55 176
2 961 663
2 122 816
2 941 620
2 944 914
2 232 747
2 846 503
2 896 535
2 757 579
2 935 46
2 745 698
2 950 411
2 240 426
2 542 353
2 101 681
2 511 395
2 351 85
2 485 749
2 842 5
2 538 364
2 600 284
2 93 828
2 377 657
2 771 849
2 687 42
2 670 25
2 314 218
2 691 957
2 348 784
2 641 449
2 537 545
2 712 565
2 177 528
2 140 766
2 27 787
2 587 738
2 940 615
2 526 760
2 697 778
2 774 211
2 685 331
2 55 273
2 892 285
2 623 625
2 506 710
2 104 285
2 772 683
2 794 435
2 295 114
2 140 466
2 696 150
2 736 895
2 830 78
2 948 503
2 226 210
2 643 537
2 417 541
2 813 15
2 749 230
2 617 912
2 356 83
2 185 170
2 122 903
2 556 789
2 742 239
2 878 122
2 250 365
2 222 194
2 947 227
2 504 578
2 332 52
2 686 395
2 833 516
2 414 637
2 713 436
2 359 853
2 101 593
2 671 282
2 619 665
2 383 9
2 282 72
2 437 984
2 70 126
2 950 495
2 77 42
2 933 685
2 493 205
2 449 752
2 598 910
2 475 576
2 662 998
2 824 739
2 371 661
2 839 519
2 99 426
2 991 520
2 116 953
2 643 72
2 720 539
2 501 518
2 711 583
2 780 233
2 726 228
2 582 107
2 96 405
2 40 840
2 242 721
2 833 858
2 239 658
2 869 380
2 538 300
2 734 785
2 73 849
2 51 141
2 875 964
2 293 18
2 132 166
2 153 735
2 701 451
2 112 958
2 648 256
2 422 683
2 552 808
2 781 293
2 251 127
2 871 210
2 283 829
2 370 691
2 670 321
2 407 994
2 772 240
2 268 667
2 988 938
2 755 665
2 173 174
2 855 331
2 865 642
2 129 136
2 627 590
2 155 42
2 345 261
2 687 71
2 689 653
2 511 864
2 26 888
2 501 727
2 573 942
2 690 238
2 121 783
2 597 59
2 365 882
2 673 943
2 926 601
2 321 16
2 230 284
2 28 599
2 949 510
2 648 449
2 227 56
2 583 230
2 196 982
2 20 496
2 73 88
2 94 982
2 964 127
2 162 405
2 460 683
2 386 671
2 895 526
2 195 307
2 254 563
2 520 758
2 691 597
2 69 479
2 727 251
2 933 913
2 478 81
2 10 719
2 796 772
2 155 456
2 112 709
2 496 176
2 602 75
2 225 332
2 605 304
2 58 889
2 662 431
2 555 150
2 99 801
2 130 972
2 67 261
2 444 375
2 186 224
2 812 38
2 489 913
2 273 582
2 347 60
2 1000 275
2 211 833
2 819 301
2 495 879
2 778 227
2 11 72
2 193 31
2 172 532
2 302 248
2 277 230
2 106 873
2 153 25
2 26 404
2 45 465
2 933 236
2 159 750
2 738 2
2 720 706
2 776 697
2 682 752
2 728 919
2 360 907
2 489 947
2 890 4
2 463 345
2 377 205
2 70 308
2 33 885
2 757 681
2 318 673
2 85 994
2 371 887
2 802 468
2 107 799
2 679 565
2 876 238
2 146 89
2 625 629
2 50 831
2 341 816
2 484 442
2 976 123
2 637 344
2 699 440
2 705 150
2 306 444
2 119 442
2 624 466
2 311 737
2 685 718
2 860 827
2 429 607
2 742 856
2 784 203
2 72 596
2 913 406
2 947 721
2 384 904
2 665 951
2 627 66
2 360 750
2 495 303
2 737 934
2 387 554
2 859 882
2 26 122
2 339 292
2 72 128
2 756 749
2 137 273
2 699 980
2 320 200
2 368 897
2 160 97
2 479 906
2 808 418
2 924 763
2 535 982
2 367 949
2 360 143
2 485 56
2 78 218
2 969 735
2 684 361
2 616 577
2 455 498
2 90 303
2 467 642
2 907 329
2 849 728
2 272 121
2 90 991
2 438 983
2 95 217
2 526 484
2 80 272
2 723 816
2 238 904
2 281 919
2 561 441
2 671 876
2 401 503
2 732 426
2 682 616
2 713 717
2 167 687
2 400 221
2 752 509
2 998 69
2 194 527
2 40 796
2 382 874
2 699 736
2 656 761
2 133 588
2 568 270
2 258 438
2 564 558
2 387 582
2 365 629
2 335 403
2 652 962
2 950 21
2 82 396
2 310 326
2 414 375
2 582 542
2 334 171
2 401 655
2 903 916
2 733 573
2 955 994
2 701 664
2 282 293
2 289 458
2 537 576
2 463 929
2 243 485
2 51 38
2 884 896
2 673 416
2 766 396
2 545 616
2 646 759
2 855 139
2 43 353
2 134 386
2 523 980
2 744 954
2 722 816
2 538 93
2 923 308
2 581 28
2 522 449
2 885 287
2 78 606
2 131 653
2 432 639
2 448 278
2 626 116
2 145 543
2 988 929
2 976 332
2 668 384
2 496 372
2 181 758
2 352 55
2 259 275
2 270 346
2 276 840
2 7 245
2 784 76
2 401 159
2 21 669
2 104 25
2 803 793
2 131 445
2 608 874
2 326 731
2 632 576
2 203 863
2 334 473
2 352 927
2 929 722
2 472 505
2 85 50
2 802 702
2 425 989
2 574 237
2 790 116
2 855 936
2 612 721
2 592 345
2 985 828
2 258 369
2 391 733
2 6 494
2 54 493
2 68 134
2 965 529
2 506 72
2 623 428
2 489 106
2 921 205
2 807 236
2 711 548
2 590 274
2 502 626
2 862 853
2 782 867
2 110 376
2 969 174
2 420 11
2 480 689
2 845 222
2 860 408
2 91 552
2 966 562
2 51 568
2 552 540
2 608 984
2 972 509
2 506 939
2 338 725
2 715 18
2 526 38
2 811 840
2 752 16
2 418 548
2 51 251
2 319 285
2 651 268
2 847 68
2 435 166
2 311 88
2 260 578
2 768 780
2 107 286
2 484 5
2 813 361
2 613 532
2 848 291
2 921 72
2 33 775
2 481 991
2 47 348
2 569 5
2 23 323
2 406 322
2 523 166
2 179 588
2 547 13
2 338 442
2 616 703
2 375 809
2 126 63
2 785 950
2 164 504
2 729 854
2 6 1000
2 605 96
2 16 83
2 377 768
2 154 148
2 880 753
2 558 171
2 768 667
2 398 774
2 415 618
2 933 112
2 481 613
2 271 14
2 966 763
2 845 761
2 741 37
2 144 467
2 313 169
2 819 642
2 545 128
2 915 997
2 270 224
2 173 980
2 265 503
2 743 560
2 691 194
2 155 595
2 991 498
2 43 735
2 463 353
2 327 175
2 378 763
2 568 570
2 539 287
2 967 689
2 78 523
2 539 628
2 17 882
2 812 548
2 688 278
2 945 35
2 726 603
2 320 158
2 304 915
2 207 193
2 280 759
2 410 905
2 911 877
2 73 758
2 802 50
2 430 48
2 660 240
2 534 233
2 497 801
2 858 224
2 649 316
2 223 735
2 773 68
2 549 906
2 790 126
2 946 114
2 351 904
2 966 949
2 95 565
2 111 991
2 985 410
2 95 248
2 66 994
2 179 104
2 622 972
2 557 345
2 552 268
2 830 59
2 276 473
2 744 149
2 923 244
2 19 979
2 456 690
2 401 309
2 903 620
2 456 480
2 680 628
2 152 364
2 321 689
2 277 579
2 924 616
2 154 335
2 457 237
2 756 301
2 779 977
2 249 857
2 399 865
2 420 472
2 741 269
2 223 373
2 871 832
2 28 437
2 39 805
2 336 573
2 234 901
2 517 40
2 201 934
2 835 363
2 890 333
2 244 808
2 83 656
2 394 341
2 1000 551
2 77 827
2 480 674
2 132 118
2 258 240
2 417 789
2 289 364
2 358 840
2 670 208
2 742 434
2 966 28
2 256 911
2 62 32
2 910 759
2 141 703
2 715 397
2 10 500
2 500 72
2 131 86
2 586 959
2 5 264
2 923 18
2 846 362
2 820 934
2 434 518
2 501 757
2 109 455
2 502 525
2 559 395
2 942 753
2 927 863
2 73 482
2 241 68
2 228 998
2 191 471
2 74 196
2 785 824
2 217 375
2 5 841
2 303 510
2 393 424
2 557 139
2 344 184
2 273 473
2 66 901
2 360 93
2 260 398
2 39 436
2 812 852
2 162 809
2 591 515
2 774 133
2 485 544
2 378 431
2 293 384
2 418 46
2 420 342
2 675 40
2 881 508
2 963 407
2 662 466
2 991 169
2 476 936
2 625 631
2 823 320
2 185 431
2 922 266
2 95 73
2 8 758
2 208 752
2 599 727
2 791 165
2 784 201
2 256 352
2 112 498
2 313 956
2 154 761
2 887 247
2 683 17
2 65 820
2 709 901
2 373 238
2 894 114
2 317 85
2 642 500
2 861 418
2 302 171
2 214 453
2 864 528
2 720 922
2 7 85
2 293 278
2 38 660
2 447 943
2 473 635
2 132 453
2 358 256
2 890 517
2 782 665
2 154 366
2 67 106
2 772 992
2 10 66
2 511 765
2 765 573
2 957 681
2 935 825
2 243 475
2 973 720
2 852 464
2 356 499
2 662 14
2 549 905
2 679 703
2 74 592
2 701 768
2 47 183
2 587 742
2 53 817
2 404 256
2 393 445
2 117 806
2 107 734
2 332 573
2 392 306
2 193 188
2 258 539
2 222 18
2 662 598
2 365 839
2 745 871
2 349 265
2 299 41
2 634 37
2 53 246
2 843 951
2 328 147
2 82 676
2 582 698
2 51 413
2 277 503
2 414 233
2 467 982
2 291 190
2 781 809
2 160 932
2 438 427
2 547 580
2 649 82
2 852 554
2 25 36
2 122 355
2 872 605
2 883 410
2 847 619
2 913 287
2 272 917
2 782 19
2 948 448
2 553 147
2 110 67
2 255 731
2 337 353
2 701 570
2 623 358
2 641 857
2 743 767
2 974 325
2 802 316
2 898 650
2 507 740
2 435 328
2 212 440
2 726 323
2 218 714
2 161 240
2 951 681
2 121 751
2 504 748
2 239 448
2 489 748
2 803 822
2 28 577
2 272 591
2 122 906
2 74 747
2 553 747
2 454 204
2 764 452
2 83 442
2 946 57
2 310 747
2 895 959
2 953 455
2 489 460
2 856 467
2 963 644
2 351 982
2 20 610
2 889 652
2 438 170
2 950 192
2 682 169
2 8 630
2 953 60
2 401 264
2 187 527
2 321 621
2 230 836
2 985 37
2 711 872
2 515 698
2 195 32
2 702 741
2 463 69
2 425 99
2 7 273
2 203 139
2 632 169
2 222 302
2 343 416
2 478 766
2 890 535
2 65 524
2 665 20
2 518 886
2 355 91
2 138 190
2 316 12
2 802 624
2 787 14
2 322 102
2 450 681
2 803 530
2 401 61
2 427 141
2 391 732
2 767 88
2 582 386
2 120 530
2 733 707
2 612 864
2 651 25
2 95 296
2 644 698
2 26 554
2 268 498
2 925 300
2 787 866
2 805 681
2 582 700
2 394 509
2 60 255
2 582 436
2 244 868
2 346 820
2 773 874
2 848 843
2 803 266
2 587 747
2 612 175
2 871 152
2 913 285
2 539 946
2 471 455
2 478 273
2 508 175
2 171 681
2 73 824
2 456 90
2 641 746
2 759 633
2 172 748
2 722 809
2 178 13
2 373 171
2 160 983
2 217 958
2 562 567
2 403 475
2 75 622
2 869 324
2 605 432
2 33 530
2 108 754
2 156 906
2 163 236
2 610 233
2 569 884
2 392 707
2 119 40
2 887 2
2 496 314
2 726 438
2 102 182
2 854 775
2 323 901
2 664 887
2 430 471
2 501 988
2 993 164
2 69 758
2 380 116
2 738 229
2 651 827
2 269 500
2 299 994
2 10 886
2 144 973
2 107 628
2 402 631
2 439 748
2 469 929
2 701 926
2 197 521
2 504 530
2 539 72
2 261 104
2 321 885
2 442 836
2 50 413
2 553 236
2 279 492
2 574 920
2 837 900
2 447 573
2 93 145
2 482 550
2 513 190
2 954 516
2 392 634
2 17 12
2 610 992
2 204 612
2 147 504
2 161 315
2 703 717
2 650 874
2 187 416
2 487 478
2 702 830
2 896 499
2 442 737
2 198 814
2 276 87
2 949 786
2 789 938
2 365 560
2 546 274
2 178 115
2 875 193
2 348 576
2 711 990
2 31 644
2 279 93
2 423 71
2 760 160
2 890 368
2 604 118
2 637 954
2 141 493
2 866 754
2 739 9
2 57 688
2 684 150
2 181 149
2 364 228
2 889 997
2 122 205
2 689 203
2 322 75
2 568 505
2 628 4
2 209 497
2 258 287
2 542 156
2 86 826
2 396 573
2 356 521
2 347 792
2 446 831
2 792 818
2 388 714
2 613 162
2 942 579
2 941 817
2 588 464
2 855 8
2 412 704
2 582 904
2 250 885
2 888 853
2 546 616
2 402 610
2 483 773
2 368 286
2 240 604
2 124 188
2 389 942
2 625 282
2 518 266
2 585 103
2 953 344
2 842 517
2 608 243
2 627 343
2 650 775
2 557 777
2 656 475
2 878 863
2 535 237
2 967 711
2 601 698
2 728 127
2 456 446
2 433 97
2 818 977
2 315 914
2 492 150
2 478 88
2 606 232
2 405 115
2 399 913
2 156 499
2 388 530
2 407 440
2 281 911
2 262 683
2 466 498
2 211 272
2 992 266
2 767 78
2 334 901
2 896 287
2 413 910
2 861 707
2 991 752
2 831 103
2 769 755
2 964 242
2 438 948
2 340 246
2 223 307
2 708 266
2 928 679
2 64 985
2 25 143
2 835 128
2 255 507
2 281 582
2 467 378
2 733 575
2 745 79
2 777 420
2 423 555
2 782 91
2 430 119
2 822 223
2 668 895
2 769 163
2 26 386
2 51 961
2 823 552
2 632 180
2 804 697
2 156 747
2 282 103
2 449 60
2 673 36
2 861 568
2 299 763
2 348 448
2 254 458
2 402 593
2 928 440
2 966 571
2 655 755
2 257 511
2 842 553
2 444 162
2 641 179
2 494 830
2 359 953
2 482 555
2 347 810
2 468 128
2 961 867
2 6 431
2 393 192
2 443 138
2 184 601
2 756 467
2 278 902
2 710 633
2 563 32
2 93 898
2 923 567
2 157 308
2 475 693
2 769 35
2 215 40
2 848 139
2 30 774
2 617 994
2 237 284
2 395 445
2 99 42
2 820 26
2 627 216
2 333 524
2 93 103
2 510 488
2 440 516
2 902 540
2 337 246
2 126 706
2 483 841
2 197 382
2 17 483
2 794 817
2 391 110
2 796 533
2 179 468
2 611 927
2 562 768
2 747 286
2 948 704
2 662 986
2 734 386
2 24 354
2 687 128
2 474 514
2 379 498
2 757 460
2 869 960
2 132 368
2 238 901
2 556 876
2 226 664
2 384 413
2 778 294
2 24 53
2 980 669
2 906 745
2 731 806
2 473 667
2 81 635
2 47 448
2 679 92
2 1000 503
2 810 220
2 355 190
2 405 809
2 210 804
2 27 312
2 365 59
2 68 879
2 968 792
2 998 663
2 851 662
2 441 168
2 109 38
2 946 488
2 497 364
2 367 980
2 768 372
2 750 693
2 807 644
2 332 558
2 274 987
2 844 196
2 993 359
2 643 372
2 600 344
2 95 926
2 776 182
2 441 658
2 798 444
2 437 422
2 182 982
2 702 952
2 869 254
2 822 402
2 779 544
2 52 948
2 879 131
2 319 145
2 105 508
2 439 992
2 529 513
2 356 772
2 132 219
2 668 605
2 621 608
2 929 471
2 208 464
2 384 300
2 161 801
2 846 266
2 408 162
2 541 665
2 494 62
2 323 377
2 872 958
2 960 573
2 580 663
2 754 12
2 803 25
2 250 718
2 262 817
2 685 574
2 655 243
2 547 355
2 657 158
2 756 177
2 778 852
2 813 382
2 450 361
2 168 979
2 568 526
2 352 653
2 421 108
2 20 460
2 223 46
2 430 825
2 392 315
2 559 804
2 73 204
2 933 515
2 574 828
2 132 328
2 279 306
2 401 123
2 986 166
2 931 391
2 882 183
2 939 438
2 88 2
2 831 458
2 383 157
2 614 550
2 379 604
2 707 122
2 85 413
2 120 883
2 270 252
2 915 307
2 47 618
2 810 240
2 426 150
2 657 446
2 510 59
2 973 331
2 969 751
2 132 676
2 264 466
2 498 797
2 979 958
2 929 553
2 713 551
2 584 65
2 902 635
2 251 915
2 834 224
2 360 594
2 172 531
2 277 422
2 606 519
2 890 772
2 1000 326
2 344 816
2 130 974
2 320 173
2 795 149
2 420 975
2 307 503
2 477 447
2 226 991
2 772 853
2 950 911
2 815 306
2 359 827
2 134 496
2 317 452
2 806 897
2 638 700
2 335 189
2 784 960
2 879 450
2 34 286
2 254 71
2 178 174
2 333 984
2 902 413
2 536 639
2 325 429
2 845 611
2 131 977
2 871 580
2 776 759
2 597 989
2 226 381
2 220 493
2 183 683
2 769 987
2 729 91
2 835 123
2 178 660
2 922 18
2 257 926
2 963 954
2 72 572
2 856 353
2 320 274
2 902 267
2 356 913
2 211 383
2 592 476
2 979 897
2 456 343
2 360 105
2 210 863
2 637 483
2 854 4
2 767 83
2 813 388
2 958 236
2 80 293
2 217 919
2 142 842
2 419 116
2 942 827
2 557 773
2 489 394
2 293 151
2 227 307
2 85 901
2 94 952
2 788 833
2 212 995
2 44 374
2 859 693
2 891 104
2 788 248
2 321 31
2 62 867
2 137 820
2 463 50
2 408 46
2 973 147
2 189 938
2 695 91
2 874 992
2 540 919
2 843 580
2 423 667
2 490 156
2 641 539
2 321 868
2 626 694
2 346 989
2 830 635
2 164 455
2 158 883
2 535 746
2 223 987
2 523 982
2 9 69
2 803 612
2 360 308
2 671 610
2 921 138
2 715 999
2 522 462
2 11 234
2 782 305
2 506 776
2 430 169
2 198 617
2 283 48
2 373 690
2 256 806
2 23 783
2 258 608
2 463 968
2 168 916
2 283 532
2 450 676
2 547 986
2 373 209
2 876 370
2 306 959
2 971 267
2 82 528
2 425 21
2 111 181
2 804 180
2 709 216
2 768 598
2 109 747
2 133 509
2 542 71
2 637 604
2 386 889
2 724 599
2 933 395
2 898 448
2 656 630
2 325 949
2 279 67
2 162 752
2 360 973
2 244 750
2 137 730
2 42 139
2 534 735
2 348 39
2 150 32
2 343 992
2 896 126
2 538 187
2 276 71
2 765 916
2 651 167
2 360 957
2 163 798
2 729 40
2 664 410
2 295 976
2 255 452
2 611 609
2 502 214
2 319 743
2 34 440
2 299 735
2 41 821
2 524 282
2 806 266
2 306 152
2 209 376
2 250 16
2 694 779
2 572 16
2 262 315
2 594 176
2 561 116
2 756 108
2 132 721
2 988 941
2 677 771
2 246 790
2 859 663
2 11 719
2 920 516
2 960 163
2 804 632
2 844 994
2 616 278
2 536 896
2 713 246
2 668 317
2 20 468
2 796 467
2 867 209
2 253 866
2 871 1
2 248 116
2 799 665
2 281 359
2 554 997
2 880 829
2 661 146
2 992 836
2 668 466
2 545 864
2 732 630
2 708 883
2 206 577
2 358 746
2 760 122
2 705 589
2 200 245
2 34 404
2 597 772
2 77 687
2 559 61
2 913 997
2 470 399
2 746 958
2 958 414
2 707 510
2 742 769
2 799 958
2 102 153
2 981 725
2 791 368
2 347 755
2 888 307
2 405 180
2 366 601
2 93 48
2 794 35
2 484 977
2 311 544
2 187 372
2 375 50
2 383 872
2 61 696
2 82 973
2 966 866
2 439 231
2 699 734
2 444 601
2 536 132
2 891 846
2 396 485
2 502 9
2 945 331
2 319 173
2 156 488
2 752 267
2 824 42
2 152 901
2 174 167
2 813 206
2 28 461
2 293 38
2 474 146
2 128 198
2 559 790
2 458 488
2 838 342
2 95 680
2 897 625
2 323 535
2 969 553
2 442 639
2 384 702
2 188 676
2 579 87
2 592 340
2 878 88
2 446 43
2 50 608
2 909 447
2 272 248
2 245 60
2 701 751
2 937 954
2 778 166
2 340 629
2 389 596
2 632 77
2 181 855
2 536 730
2 433 727
2 819 279
2 686 616
2 253 506
2 433 306
2 772 253
2 489 202
2 881 225
2 701 58
2 65 532
2 844 640
2 624 119
2 650 128
2 729 936
2 160 381
2 419 799
2 920 139
2 438 506
2 703 426
2 990 210
2 1 225
2 335 324
2 276 490
2 589 162
2 837 192
2 484 378
2 616 908
2 259 542
2 378 119
2 557 994
2 477 302
2 813 491
2 285 19
2 915 949
2 560 161
2 142 420
2 929 564
2 882 457
2 487 680
2 547 975
2 906 518
2 104 266
2 280 591
2 814 670
2 329 864
2 507 535
2 275 168
2 170 222
2 991 336
2 232 740
2 784 206
2 751 376
2 302 555
2 988 145
2 463 807
2 100 807
2 574 52
2 803 40
2 115 90
2 399 64
2 297 942
2 371 316
2 45 36
2 936 784
2 49 121
2 646 897
2 937 369
2 41 863
2 762 820
2 749 143
2 349 53
2 483 956
2 561 458
2 706 448
2 27 404
2 205 733
2 557 235
2 282 69
2 517 659
2 64 986
2 448 158
2 685 38
2 489 527
2 847 780
2 877 122
2 84 604
2 357 973
2 845 904
2 226 559
2 872 511
2 48 906
2 593 905
2 404 714
2 491 977
2 277 851
2 318 855
2 390 324
2 844 194
2 534 818
2 195 351
2 809 943
2 651 746
2 489 38
2 466 936
2 425 376
2 603 700
2 101 961
2 33 783
2 910 965
2 539 777
2 45 405
2 145 292
2 137 224
2 772 42
2 662 290
2 164 887
2 369 322
2 73 464
2 370 82
2 272 457
2 738 621
2 232 575
2 584 236
2 174 464
2 152 355
2 220 428
2 513 381
2 133 202
2 598 274
2 73 912
2 38 503
2 401 338
2 120 896
2 950 543
2 829 676
2 394 62
2 720 441
2 789 294
2 47 904
2 702 253
2 572 746
2 35 34
2 563 766
2 837 456
2 655 156
2 538 961
2 877 885
2 177 675
2 957 930
2 434 540
2 81 229
2 561 58
2 293 941
2 379 906
2 478 355
2 563 413
2 190 916
2 29 436
2 65 818
2 891 917
2 770 26
2 402 610
2 771 658
2 470 925
2 931 772
2 630 698
2 589 671
2 571 42
2 27 214
2 666 570
2 334 338
2 444 175
2 793 957
2 129 647
2 15 224
2 185 484
2 566 623
2 835 48
2 428 168
2 716 113
2 160 516
2 222 925
2 313 182
2 704 663
2 633 809
2 963 106
2 119 535
2 448 633
2 347 856
2 537 659
2 859 262
2 446 239
2 27 637
2 563 98
2 893 123
2 443 358
2 559 56
2 940 24
2 43 284
2 83 547
2 501 705
2 101 864
2 10 707
2 349 1
2 906 932
2 190 625
2 532 88
2 666 169
2 478 231
2 95 70
2 697 589
2 455 735
2 371 60
2 356 875
2 684 717
2 605 497
2 697 5
2 940 53
2 881 789
2 16 952
2 651 63
2 257 646
2 712 204
2 875 737
2 76 674
2 474 440
2 675 607
2 367 895
2 442 704
2 161 190
2 856 125
2 129 103
2 453 800
2 442 482
2 648 303
2 31 707
2 162 962
2 417 271
2 350 783
2 851 832
2 86 961
2 589 529
2 624 307
2 425 603
2 371 769
2 835 735
2 883 727
2 349 975
2 859 847
2 640 314
2 384 700
2 848 361
2 788 267
2 464 763
2 198 119
2 161 35
2 3 475
2 335 67
2 582 789
2 754 117
2 392 822
2 703 363
2 680 540
2 877 228
2 13 691
2 824 935
2 720 603
2 939 28
2 866 650
2 180 322
2 80 392
2 229 146
2 605 401
2 421 994
2 881 300
2 384 376
2 385 176
2 726 1000
2 583 252
2 281 720
2 757 512
2 717 560
2 583 426
2 549 854
2 625 982
2 803 67
2 995 33
2 842 286
2 438 328
2 530 355
2 382 761
2 641 899
2 3 987
2 82 297
2 409 610
2 265 314
2 55 174
2 893 691
2 451 436
2 981 881
2 805 841
2 119 483
2 81 380
2 996 645
2 833 613
2 932 25
2 249 65
2 360 956
2 754 525
2 508 795
2 378 294
2 179 479
2 957 232
2 624 228
2 481 675
2 998 43
2 856 322
2 347 575
2 16 601
2 519 32
2 876 548
2 645 432
2 351 180
2 557 441
2 971 460
2 349 434
2 231 354
2 229 205
2 272 967
2 544 378
2 291 489
2 901 934
2 733 50
2 884 248
2 995 242
2 232 825
2 429 995
2 498 466
2 850 1000
2 367 903
2 308 404
2 679 564
2 346 851
2 627 953
2 511 731
2 995 125
2 178 953
2 393 325
2 227 676
2 434 382
2 804 437
2 677 864
2 547 776
2 320 849
2 983 247
2 652 506
2 895 139
2 950 33
2 321 975
2 394 145
2 707 31
2 119 671
2 160 60
2 796 14
2 528 241
2 289 648
2 215 438
2 744 12
2 98 292
2 328 790
2 198 424
2 109 274
2 626 703
2 333 374
2 892 31
2 214 424
2 22 960
2 756 127
2 806 431
2 49 721
2 701 160
2 94 332
2 620 486
2 187 747
2 352 844
2 41 607
2 138 205
2 769 426
2 423 795
2 563 430
2 129 679
2 641 40
2 557 189
2 157 321
2 789 783
2 616 254
2 753 567
2 227 842
2 135 927
2 646 362
2 977 984
2 367 110
2 600 23
2 870 484
2 186 679
2 828 505
2 156 669
2 132 420
2 929 460
2 486 477
2 394 765
2 230 482
2 422 460
2 692 90
2 351 287
2 283 679
2 446 670
2 156 636
2 559 227
2 55 703
2 98 638
2 186 800
2 787 388
2 143 191
2 525 287
2 651 862
2 962 169
2 599 174
2 800 853
2 827 900
2 471 93
2 326 230
2 417 285
2 387 169
2 131 56
2 291 326
2 112 746
2 58 760
2 513 143
2 823 786
2 19 525
2 443 321
2 151 381
2 291 680
2 760 454
2 52 201
2 218 701
2 422 369
2 349 952
2 951 297
2 869 251
2 248 946
2 909 554
2 72 219
2 873 571
2 806 446
2 97 911
2 947 364
2 326 242
2 951 283
2 94 973
2 764 938
2 839 176
2 557 267
2 743 696
2 111 31
2 858 732
2 735 464
2 465 346
2 156 467
2 197 923
2 487 482
2 497 85
2 414 241
2 175 150
2 367 663
2 276 404
2 509 596
2 215 956
2 182 48
2 222 234
2 480 270
2 766 815
2 572 689
2 109 314
2 828 780
2 474 176
2 303 916
2 482 15
2 565 602
2 319 402
2 187 817
2 861 998
2 556 320
2 143 730
2 82 884
2 392 399
2 225 167
2 745 739
2 502 304
2 325 644
2 841 32
2 165 416
2 121 66
2 490 853
2 855 33
2 77 305
2 610 870
2 599 355
2 473 166
2 448 314
2 770 45
2 309 618
2 597 982
2 856 595
2 481 289
2 463 229
2 391 75
2 890 368
2 109 303
2 490 255
2 306 690
2 881 273
2 560 540
2 190 166
2 810 883
2 600 523
2 706 431
2 336 365
2 79 402
2 741 321
2 437 772
2 620 472
2 278 173
2 992 747
2 682 475
2 327 247
2 843 435
2 924 395
2 591 635
2 360 476
2 822 957
2 760 601
2 239 732
2 792 570
2 293 380
2 700 681
2 160 776
2 886 100
2 810 91
2 343 250
2 96 821
2 66 378
2 776 740
2 347 118
2 100 798
2 628 39
2 865 367
2 70 912
2 717 548
2 124 399
2 651 618
2 320 670
2 164 60
2 770 734
2 824 887
2 103 896
2 729 145
2 27 974
2 603 370
2 882 866
2 677 820
2 551 864
2 108 806
2 803 160
2 626 842
2 174 12
2 768 251
2 857 142
2 506 773
2 134 264
2 1000 22
2 898 316
2 804 827
2 710 39
2 76 472
2 199 502
2 536 279
2 652 466
2 578 815
2 142 322
2 225 711
2 506 91
2 783 38
2 1 594
2 699 754
2 912 15
2 655 227
2 288 725
2 360 39
2 337 492
2 985 942
2 437 721
2 619 730
2 3 362
2 427 181
2 388 477
2 615 122
2 415 719
2 185 953
2 338 932
2 703 565
2 34 703
2 300 438
2 226 656
2 434 29
2 830 955
2 671 727
2 875 410
2 244 659
2 668 491
2 463 779
2 20 25
2 400 251
2 698 365
2 345 916
2 146 71
2 854 571
2 538 932
2 966 743
2 481 5
2 369 175
2 871 477
2 436 887
2 838 85
2 814 819
2 373 411
2 469 493
2 843 801
2 944 375
2 541 868
2 795 897
2 272 602
2 781 848
2 285 732
2 144 199
2 373 119
2 664 297
2 681 48
2 720 180
2 101 148
2 824 528
2 944 286
2 608 397
2 574 588
2 121 11
2 255 643
2 341 984
2 692 739
2 173 543
2 73 980
2 495 229
2 611 624
2 345 986
2 106 416
2 384 578
2 878 426
2 291 393
2 884 233
2 877 911
2 592 552
2 557 879
2 299 854
2 73 490
2 329 517
2 200 424
2 161 368
2 754 484
2 102 121
2 372 714
2 80 87
2 253 183
2 408 795
2 803 493
2 457 906
2 78 574
2 829 234
2 288 396
2 771 160
2 652 103
2 524 576
2 219 538
2 515 840
2 778 694
2 947 37
2 497 255
2 123 752
2 612 619
2 411 644
2 253 684
2 347 826
2 189 883
2 369 309
2 361 488
2 538 71
2 425 664
2 534 485
2 415 999
2 253 304
2 893 949
2 695 458
2 765 959
2 467 485
2 198 15
2 898 683
2 957 204
2 803 820
2 430 282
2 164 635
2 985 599
2 171 385
2 17 970
2 86 365
2 774 688
2 144 874
2 914 472
2 942 887
2 704 420
2 372 100
2 143 106
2 804 482
2 823 110
2 673 390
2 875 714
2 981 691
2 963 161
2 436 510
2 457 97
2 945 954
2 494 647
2 415 539
2 530 211
2 177 592
2 177 566
2 48 984
2 823 346
2 144 290
2 351 47
2 562 742
2 437 431
2 317 712
2 11 798
2 156 444
2 112 303
2 575 676
2 646 734
2 692 709
2 300 317
2 668 422
2 762 865
2 614 801
2 125 410
2 980 389
2 479 962
2 716 890
2 86 360
2 502 152
2 832 440
2 608 284
2 831 508
2 822 399
2 289 573
2 950 398
2 608 266
2 568 343
2 634 171
2 776 294
2 409 233
2 698 518
2 281 865
2 34 697
2 130 853
2 562 665
2 126 728
2 589 430
2 611 848
2 422 209
2 529 750
2 566 288
2 214 441
2 134 199
2 861 431
2 382 270
2 621 590
2 947 4
2 495 935
2 792 972
2 210 738
2 506 158
2 14 143
2 933 555
2 666 366
2 504 658
2 97 750
2 855 960
2 322 912
2 802 369
2 185 137
2 281 539
2 788 370
2 951 922
2 492 785
2 148 313
2 592 851
2 989 999
2 198 544
2 869 684
2 802 810
2 879 653
2 170 968
2 315 764
2 961 853
2 120 878
2 870 559
2 364 308
2 549 409
2 352 851
2 811 840
2 876 412
2 933 582
2 70 746
2 637 988
2 225 291
2 964 925
2 534 500
2 199 346
2 78 659
2 791 528
2 48 999
2 610 364
2 386 474
2 44 502
2 738 968
2 705 494
2 423 40
2 782 901
2 443 591
2 351 25
2 977 510
2 259 503
2 85 836
2 222 466
2 408 355
2 913 334
2 714 505
2 853 310
2 993 324
2 324 550
2 765 807
2 34 902
2 498 553
2 438 345
2 389 581
2 148 324
2 429 252
2 349 318
2 692 751
2 616 177
2 808 267
2 373 893
2 81 218
2 920 911
2 372 876
2 251 842
2 939 922
2 911 218
2 209 543
2 994 640
2 641 504
2 857 576
2 662 838
2 874 904
2 348 630
2 419 623
2 943 59
2 655 825
2 281 347
2 251 889
2 243 798
2 308 785
2 986 975
2 557 395
2 493 915
2 902 806
2 110 394
2 979 648
2 74 395
2 733 267
2 101 92
2 111 209
2 282 68
2 140 165
2 985 334
2 616 30
2 275 221
2 174 448
2 33 396
2 376 738
2 109 939
2 600 541
2 860 380
2 760 769
2 886 521
2 352 841
2 179 90
2 477 475
2 781 149
2 930 786
2 122 974
2 164 733
2 671 675
2 830 902
2 588 945
2 344 693
2 27 214
2 882 547
2 771 948
2 84 318
2 343 994
2 778 738
2 272 186
2 971 591
2 859 969
2 512 934
2 261 204
2 627 881
2 790 189
2 697 68
2 642 818
2 957 566
2 184 577
2 304 910
2 366 114
2 414 316
2 762 725
2 802 204
2 277 737
2 260 889
2 670 991
2 703 220
2 144 820
2 561 59
2 950 237
2 265 693
2 344 563
2 207 452
2 472 601
2 21 999
2 869 725
2 130 810
2 53 427
2 848 791
2 7 440
2 9 500
2 484 173
2 370 616
2 299 274
2 937 37
2 42 901
2 395 103
2 150 577
2 797 432
2 708 958
2 620 644
2 66 576
2 484 902
2 287 298
2 403 46
2 271 470
2 876 417
2 74 863
2 764 92
2 744 424
2 590 116
2 64 976
2 143 381
2 204 477
2 702 535
2 748 727
2 160 768
2 729 331
2 94 889
2 337 245
2 334 925
2 109 389
2 427 542
2 441 647
2 169 977
2 168 548
2 53 625
2 250 146
2 324 142
2 979 382
2 756 686
2 532 997
2 115 354
2 534 884
2 300 346
2 993 175
2 281 638
2 117 931
2 24 85
2 141 133
2 98 685
2 435 488
2 205 395
2 93 307
2 279 161
2 729 735
2 927 798
2 41 52
2 101 642
2 109 896
2 441 694
2 234 48
2 320 132
2 921 89
2 813 171
2 949 518
2 932 505
2 921 354
2 519 736
2 331 517
2 199 960
2 367 981
2 761 394
2 367 295
2 56 493
2 771 191
2 844 227
2 675 440
2 481 115
2 79 751
2 757 397
2 699 669
2 835 58
2 272 623
2 319 320
2 802 603
2 652 201
2 181 361
2 680 752
2 55 610
2 632 60
2 276 266
2 650 801
2 557 87
2 631 809
2 58 255
2 452 961
2 221 693
2 986 434
2 407 602
2 600 23
2 998 485
2 221 822
2 125 87
2 467 470
2 947 581
2 574 366
2 239 631
2 872 968
2 154 331
2 762 389
2 34 396
2 858 962
2 567 873
2 341 471
2 564 213
2 130 727
2 730 136
2 232 840
2 439 801
2 37 962
2 343 241
2 94 609
2 178 279
2 225 28
2 648 63
2 877 248
2 748 916
2 93 985
2 520 207
2 558 436
2 260 843
2 887 687
2 373 175
2 479 194
2 552 13
2 167 952
2 131 367
2 708 819
2 24 771
2 347 5
2 213 843
2 796 623
2 453 678
2 270 628
2 536 705
2 948 269
2 677 217
2 865 976
2 283 739
2 310 934
2 515 38
2 744 216
2 818 550
2 23 854
2 400 885
2 430 873
2 173 940
2 580 560
2 977 194
2 823 407
2 907 452
2 794 916
2 121 31
2 450 493
2 798 779
2 428 393
2 695 321
2 423 248
2 34 691
2 26 579
2 185 106
2 76 656
2 866 243
2 121 943
2 261 688
2 595 769
2 587 660
2 37 543
2 423 646
2 519 460
2 554 168
2 19 760
2 616 483
2 590 833
2 183 171
2 724 612
2 531 731
2 611 622
2 542 413
2 155 271
2 205 110
2 320 144
2 854 575
2 850 946
2 166 763
2 762 753
2 438 159
2 208 354
2 268 868
2 318 830
2 798 375
2 23 215
2 16 35
2 708 98
2 29 118
2 980 338
2 281 636
2 796 12
2 700 97
2 620 192
2 773 666
2 63 672
2 880 575
2 521 934
2 914 901
2 354 457
2 515 247
2 893 120
2 98 497
2 966 114
2 957 912
2 820 678
2 457 986
2 248 771
2 230 30
2 346 381
2 701 742
2 438 955
2 896 931
2 937 727
2 790 900
2 539 354
2 608 630
2 456 970
2 89 578
2 333 616
2 309 825
2 921 780
2 330 525
2 822 541
2 604 5
2 376 955
2 726 291
2 970 528
2 928 648
2 565 732
2 293 376
2 595 395
2 65 471
2 270 461
2 177 148
2 659 68
2 450 682
2 925 194
2 377 620
2 983 863
2 399 752
2 931 657
2 223 884
2 359 954
2 860 186
2 323 84
2 606 479
2 651 943
2 164 928
2 289 714
2 233 997
2 796 572
2 969 694
2 827 797
2 370 438
2 240 149
2 142 322
2 823 477
2 390 567
2 951 362
2 160 591
2 830 968
2 392 950
2 875 696
2 686 292
2 421 189
2 205 820
2 845 892
2 91 361
2 148 519
2 170 413
2 80 761
2 723 127
2 966 894
2 439 955
2 443 746
2 595 14
2 352 223
2 804 409
2 708 135
2 437 597
2 153 525
2 545 936
2 981 872
2 309 615
2 713 589
2 592 730
2 709 959
2 260 739
2 133 85
2 534 798
2 467 631
2 517 693
2 678 997
2 549 451
2 776 397
2 986 873
2 172 75
2 10 710
2 241 975
2 827 296
2 691 114
2 484 901
2 137 707
2 872 538
2 119 498
2 915 286
2 911 309
2 707 266
2 12 421
2 135 684
2 390 33
2 664 636
2 105 810
2 871 298
2 53 551
2 732 763
2 826 475
2 274 453
2 770 988
2 946 962
2 602 267
2 98 285
2 913 312
2 651 988
2 51 553
2 708 533
2 289 854
2 272 984
2 204 115
2 844 40
2 711 919
2 907 674
2 326 843
2 794 382
2 242 918
2 928 575
2 838 646
2 87 219
2 134 375
2 384 558
2 774 113
2 253 800
2 731 593
2 668 970
2 616 831
2 18 495
2 108 38
2 11 538
2 468 62
2 424 763
2 628 906
2 530 447
2 338 262
2 621 109
2 618 188
2 276 95
2 22 412
2 28 336
2 100 232
2 270 314
2 137 625
2 554 476
2 767 685
2 370 702
2 743 926
2 409 958
2 303 8
2 134 697
2 598 445
2 937 506
2 819 6
2 347 738
2 536 71
2 527 480
2 757 477
2 608 203
2 480 187
2 220 430
2 108 25
2 147 496
2 816 925
2 546 444
2 669 642
2 538 590
2 95 102
2 264 847
2 511 503
2 360 684
2 703 309
2 992 201
2 669 169
2 388 800
2 786 529
2 463 477
2 740 315
2 366 629
2 132 476
2 824 736
2 699 376
2 593 965
2 443 389
2 140 652
2 259 742
2 953 731
2 164 460
2 538 912
2 80 906
2 461 529
2 877 471
2 479 640
2 792 176
2 854 261
2 352 206
2 534 758
2 411 734
2 323 541
2 708 956
2 30 247
2 981 202
2 673 287
2 815 488
2 101 724
2 41 858
2 862 415
2 401 554
2 588 529
2 297 801
2 328 85
2 974 550
2 222 264
2 212 293
2 893 418
2 387 749
2 167 36
2 326 321
2 263 868
2 363 71
2 264 70
2 603 166
2 846 793
2 850 531
2 846 499
2 168 766
2 156 136
2 121 20
2 859 908
2 84 789
2 793 647
2 706 32
2 911 216
2 58 629
2 751 540
2 807 96
2 390 106
2 785 806
2 62 746
2 164 236
2 178 771
2 401 670
2 330 543
2 808 452
2 205 988
2 481 565
2 739 959
2 928 183
2 801 902
2 584 774
2 802 757
2 430 480
2 700 558
2 407 727
2 712 270
2 963 801
2 44 346
2 351 154
2 167 314
2 935 952
2 933 424
2 518 997
2 689 232
2 60 205
2 334 880
2 751 629
2 360 228
2 869 646
2 685 984
2 423 470
2 239 594
2 602 180
2 675 780
2 582 821
2 706 593
2 251 936
2 69 284
2 521 949
2 590 117
2 302 595
2 254 825
2 24 191
2 907 514
2 446 644
2 489 153
2 602 474
2 261 340
2 303 357
2 702 485
2 843 271
2 317 573
2 963 326
2 323 197
2 958 202
2 782 900
2 874 565
2 720 932
2 40 618
2 129 619
2 213 87
2 768 609
2 852 287
2 56 942
2 584 181
2 622 87
2 439 347
2 849 430
2 874 913
2 844 571
2 703 642
2 79 764
2 432 238
2 313 692
2 278 555
2 92 896
2 952 516
2 676 466
2 741 417
2 249 244
2 394 972
2 249 426
2 262 284
2 975 532
2 410 216
2 110 380
2 757 603
2 330 968
2 131 358
2 13 510
2 980 363
2 676 604
2 315 734
2 255 4
2 186 943
2 476 175
2 968 517
2 306 381
2 610 696
2 860 698
2 401 432
2 680 300
2 444 853
2 428 617
2 222 664
2 525 540
2 628 368
2 785 426
2 729 858
2 81 241
2 854 616
2 787 955
2 988 207
2 615 678
2 324 201
2 966 565
2 352 76
2 164 945
2 457 689
2 631 153
2 24 887
2 365 968
2 822 782
2 987 12
2 400 376
2 810 20
2 785 604
2 684 394
2 641 633
2 443 922
2 848 812
2 760 322
2 574 818
2 812 200
2 696 982
2 82 731
2 417 242
2 332 384
2 644 497
2 169 192
2 549 285
2 690 994
2 108 591
2 23 25
2 120 261
2 901 710
2 551 152
2 196 314
2 345 791
2 637 673
2 590 817
2 465 284
2 398 499
2 232 872
2 44 487
2 556 39
2 843 237
2 304 411
2 782 777
2 652 341
2 812 237
2 225 174
2 100 47
2 941 41
2 610 518
2 249 75
2 198 818
2 859 683
2 305 671
2 337 475
2 771 617
2 787 426
2 782 389
2 238 918
2 754 506
2 643 831
2 645 338
2 583 511
2 705 693
2 60 853
2 605 432
2 260 47
2 641 89
2 606 52
2 893 310
2 313 216
2 305 363
2 83 731
2 839 894
2 448 686
2 126 759
2 717 642
2 401 616
2 892 630
2 223 74
2 569 892
2 614 532
2 6 734
2 76 995
2 260 850
2 847 528
2 664 479
2 454 592
2 99 527
2 50 550
2 622 203
2 710 146
2 232 201
2 517 552
2 932 659
2 862 746
2 225 503
2 812 497
2 707 657
2 221 359
2 991 808
2 864 169
2 585 816
2 107 13
2 944 531
2 613 138
2 467 270
2 336 835
2 988 791
2 717 496
2 311 572
2 996 446
2 235 659
2 392 19
2 164 634
2 181 275
2 85 705
2 880 224
2 443 718
2 476 398
2 367 811
2 379 121
2 823 666
2 971 950
2 790 612
2 740 150
2 527 669
2 580 181
2 38 375
2 257 136
2 71 5
2 858 301
2 730 509
2 198 817
2 476 555
2 976 972
2 922 343
2 395 913
2 998 124
2 450 47
2 963 324
2 961 798
2 743 738
2 156 6
2 953 395
2 198 139
2 605 246
2 481 585
2 498 404
2 395 577
2 579 30
2 153 194
2 57 573
2 132 697
2 339 938
2 190 790
2 780 285
2 445 746
2 199 596
2 697 252
2 204 228
2 260 415
2 720 860
2 429 784
2 132 718
2 769 479
2 550 232
2 140 919
2 612 757
2 804 894
2 989 187
2 2 663
2 715 105
2 511 742
2 613 195
2 638 526
2 785 309
2 507 665
2 683 766
2 117 329
2 61 815
2 896 442
2 552 789
2 207 984
2 711 637
2 165 899
2 542 288
2 745 659
2 450 527
2 813 582
2 96 976
2 220 552
2 544 513
2 619 43
2 61 416
2 124 922
