1 0.22907676553685852
2 0.18508208268929263
3 0.1509239923334559
4 0.09593114895446433
5 1.1728548008775312
6 0.20150461050866253
7 0.6144106637563459
8 0.5551483166480939
9 1.3442375128262554
10 1.2663253245308284
11 3.618059827613934
12 0.7926450993688682
13 3.2746660454631167
14 1.6242128867882752
15 8.997602509407846
16 0.13692199915808692
17 1.5814571986126136
18 0.6265410526089419
19 0.41154994442
20 0.6716413252099117
21 0.8908803102775303
22 1.1712891137709702
23 4.8373033074391065
24 1.2093901766505826
25 0.5265745994295015
26 2.5168023261293415
27 10.536461152428
28 0.5929900949074627
29 17.4018161516164
30 0.03755884051858603
31 7.898972669542904
32 4.612429554422402
33 12.995670896045013
34 1.2706513215075934
35 1.32513927547661
36 6.305123420176183
37 0.035867275108103766
38 0.7293207361220622
39 1.4504907738054216
40 1.9814704822634943
41 8.752294550205525
42 1.7539385680688444
43 0.3767250668526215
44 0.8145149808924657
45 1.6804380646789114
46 2.572244364366829
47 1.258542231295755
48 1.2169380006472654
49 0.11974522807101107
50 0.693530104341096
51 2.6347067101239006
52 0.33475561126205994
53 14.935836633281713
54 0.13908218781293122
55 0.9535050426053991
56 2.3147687549314355
57 0.5971283263975421
58 3.207425044627903
59 5.405618810418052
60 8.99192916026164
61 1.7580106722182751
62 0.043219546455772945
63 0.6379937546502529
64 1.2806390926541957
65 0.5133946044612463
66 1.0192901916247283
67 1.3310242284279798
68 50.86411249524678
69 2.9510839436802763
70 8.257176118197096
71 3.0746689063496437
72 77.60991647284311
73 1.0409142869628665
74 0.7233032855650307
75 2.5320446788032926
76 0.011425879100731689
77 53.189964093367664
78 0.06645632028402626
79 0.4566632412271876
80 0.13238367482574812
81 15.729250404221437
82 1.9371685787077946
83 7.097422826997142
84 1.6504893641301446
85 0.0585182365122692
86 5.9252493956561585
87 1.4900702241846702
88 0.32270204645269174
89 2.8842153066861944
90 0.023012739387521325
91 7.2070284400935964
92 0.1351169917755671
93 1.1027621522123818
94 0.018373491425172916
95 1.562799778842915
96 3.0730276515423505
97 2.140450404466306
98 1.6680348423432678
99 6.996256210200862
100 9.712692210026868
101 0.2591435486729862
102 0.1743865414639696
103 0.6234991440479454
104 1.113329368129564
105 1.4388179182462135
106 16.085210568152835
107 0.14399839217863586
108 1.347458614261272
109 0.07323803916153157
110 15.564783823052718
111 10.75968090416725
112 0.8315695686994441
113 6.605039828734782
114 1.6902952424679598
115 1.2928624089488554
116 5.944183173924087
117 2.688868838673033
118 0.3964921935537572
119 0.6458445133179203
120 0.7148859899417342
121 2.772463331933497
122 1.3080981927293616
123 0.812376914830103
124 6.936561486241261
125 0.2384414081296195
126 0.406491113948441
127 1.3655414199996936
128 0.3595311068002316
129 0.47849813960273696
130 0.4519779848097526
131 0.16820115070082012
132 1.6581870673148518
133 4.087699365274806
134 0.8363204133856631
135 0.3571421344188619
136 7.851128766191279
137 0.04536395598545293
138 2.399558634754679
139 0.17120261985288876
140 1.1943288262095875
141 0.5929484679860777
142 0.11480909185158647
143 0.68404095730697
144 1.0474782606775914
145 0.032597793212942386
146 0.05333347897777637
147 1.0229952855763182
148 0.2993239291284037
149 0.2665306537338237
150 0.21611977595803847
151 3.262064555606541
152 6.2626028932622475
153 0.15795742298777576
154 0.06925933839554614
155 0.32486808818385665
156 0.5841085666746217
157 5.9170155768359525
158 0.1555415046547435
159 4.230256383404747
160 0.04829158897952216
161 0.07536927205293277
162 6.997148533177461
163 1.2617697400827086
164 0.48253032574499916
165 0.10014431560510047
166 0.7489801059975048
167 1.2593583903461005
168 1.643870277080299
169 1.172154587098295
170 0.7168838259138244
171 0.4031026726686368
172 3.520148396513848
173 0.3317248574704425
174 0.15404986276196322
175 12.673156161197843
176 5.557507058896692
177 0.5269618573364337
178 3.53400072408121
179 0.02657497794592739
180 16.119031186393663
181 0.5259717431789463
182 2.571697704899492
183 1.255592540945004
184 1.214070339964166
185 4.271044594471773
186 1.04168831799901
187 3.939246518101906
188 3.390485504440931
189 1.542612177519664
190 0.09143775465351953
191 0.6338187962547357
192 1.4230216418824246
193 0.9983631273713129
194 0.01745812225085746
195 2.021606429356686
196 3.5427304704388995
197 0.2574491715699091
198 0.13246216188358656
199 11.224919473211461
200 2.7094361812626735
201 2.386012491931191
202 0.7520917416107866
203 6.656622484265749
204 6.568615996422334
205 0.35235333028121657
206 0.704934328639808
207 38.899617996996625
208 0.5852308733587632
209 0.48908445451563554
210 0.4096264513317308
211 0.4950861750458127
212 0.4348103068686053
213 0.06213558334158258
214 0.08220751944536538
215 4.134145436950323
216 0.6096519030328468
217 6.806472069801752
218 0.5745208080747444
219 2.0655469938983484
220 0.4095617897958052
221 0.33641828085102016
222 2.3177507872242065
223 21.50110265881928
224 0.31936943272336327
225 0.03968782811614971
226 1.883269072258203
227 0.1484646012210151
228 2.218684609495886
229 5.046602596154701
230 3.365587836033674
231 3.54160741193038
232 1.7563223502160572
233 0.2988312874353104
234 0.4764648985249436
235 48.64763125878514
236 0.7958978435151842
237 0.8072899862222465
238 0.7772455628165374
239 0.03545930486954848
240 4.25376016677721
241 4.004867436664834
242 3.1863669602213065
243 1.2886804500484088
244 0.9876165788958211
245 0.8581601911469399
246 0.24449494624416376
247 0.08388106997638188
248 2.9472935555011937
249 2.1877503994199308
250 0.7485263673361682
251 0.252935755712352
252 3.941478621680779
253 0.06438245420555111
254 0.27219014499135225
255 1.941858117059159
256 87.1157210610347
257 0.08721125011671904
258 8.813188617736465
259 13.615581302748327
260 11.723336221856718
261 0.05449059025351033
262 0.8352702500566357
263 2.654247192938409
264 0.18791941757177202
265 0.32014594520947015
266 0.7428895141774922
267 0.19447541597032839
268 0.8550156894850142
269 0.15743409093817798
270 0.6607679891479474
271 0.6211396109058165
272 0.04042186010915905
273 1.9939063542839073
274 0.030386432657744655
275 8.2676459888775
276 0.4972067860629683
277 0.09297298136794012
278 1.6656845220828411
279 3.516179642467311
280 3.9473424841955547
281 0.03362262773694556
282 1.0009026115254138
283 10.852578531259882
284 1.4784891214775842
285 3.5163902531348694
286 0.7219271765144578
287 20.33798523958786
288 1.2293627839449504
289 7.316782837632469
290 7.817208484055283
291 4.228728601676779
292 2.1426429330682866
293 2.7151432294631026
294 1.1497872481392046
295 32.06877498642736
296 7.930787252607252
297 69.5064104745386
298 3.603299460614178
299 0.12448911349617732
300 1.1056802396332392
301 0.12440044529836884
302 1.555876499893918
303 0.08344717774407226
304 0.16470434982430684
305 2.034255276840564
306 0.5129361856603839
307 0.2985737898623837
308 6.707636650986049
309 0.14157201230591498
310 9.410930017919403
311 0.09130604885755844
312 8.474529853306054
313 2.16383048644791
314 0.14455346162333882
315 0.1760893986411211
316 0.009050934083670492
317 0.7428702393509417
318 0.026369318599089996
319 6.31029635769963
320 0.3491535692806677
321 1.1762569492613937
322 1.8194679281750954
323 0.7405250055332666
324 1.268007749516456
325 0.7509541188508128
326 0.19598257352125542
327 0.22824506105252093
328 0.9710165158677618
329 0.8893129165723352
330 4.171709585043831
331 11.701859374613138
332 0.9947826737005148
333 1.3958267621236562
334 1.3703013319846924
335 3.342987134664841
336 13.500944693027002
337 0.1782740550982748
338 12.726989570546005
339 0.1015746751739431
340 0.9082366382253743
341 0.3072644362300758
342 0.2037244900353122
343 6.414676592719814
344 0.6360291030054731
345 0.6243330588778073
346 0.40134120113986727
347 3.0920662541739508
348 1.5835613921736202
349 6.461670137258072
350 0.19364885650706065
351 0.0840832938392325
352 0.2254779868516225
353 0.2982574276112575
354 0.25849284813167533
355 0.5157221390624589
356 6.640233215208039
357 0.0993002960813976
358 0.9357056229320252
359 6.0215880305741845
360 2.323962241502976
361 0.24914552084003405
362 40.383115928257325
363 1.5619840229420772
364 7.546211564731498
365 0.3285565429982644
366 14.052661297225656
367 5.104608432589906
368 6.749124700176461
369 2.2142199154625177
370 1.4296372695229302
371 0.07774388622186393
372 0.36589398253584043
373 8.819816899790682
374 0.6379797657481954
375 5.87032633097147
376 0.6522320102468987
377 0.3431723399675428
378 0.33267890531605393
379 0.6004139840973387
380 0.6661107748480081
381 0.8309504449815021
382 11.137203091804713
383 1.396379834368774
384 1.2323978009520473
385 0.04550348074604577
386 0.6573701817294555
387 0.2910364060133628
388 2.2936036407524685
389 3.0032429976218435
390 1.8302480913548838
391 0.5007530398878345
392 21.98461440790497
393 3.0529160053540085
394 0.6551077310626003
395 0.2665587541161158
396 0.1526787848206476
397 8.424348906335144
398 11.216815912514333
399 1.7894153834079116
400 4.994054598016319
401 0.6057037260654644
402 0.9482604393515934
403 0.11296318732862534
404 14.99531279424698
405 3.1765249361085646
406 1.6414350907375015
407 0.2043536630546343
408 0.023633358112662345
409 4.270608155257213
410 0.18893154199185688
411 0.056592574861100337
412 0.8881961859575448
413 0.2420601913757441
414 0.010629659285731638
415 0.17899717681397512
416 1.0873485666721543
417 5.850743502324523
418 0.2084279384331116
419 0.2240402055191566
420 2.4666363638535658
421 165.6074732400955
422 1.2261861319792149
423 0.21307841668517125
424 0.6572344013820173
425 0.20189431669368207
426 0.13167223199387226
427 6.0078565452761366
428 0.8597266200999013
429 0.33197968462575045
430 2.341590748816033
431 0.6018790502668235
432 0.006303748233992501
433 1.845887284632122
434 0.1832485699239152
435 0.6349330065763783
436 3.026233665740176
437 0.6735420841431706
438 8.328399142258888
439 0.6127370440862738
440 13.381842669852034
441 3.740825417112785
442 0.09844344839592163
443 0.9089911241912314
444 1.044611339427471
445 1.8678918451688196
446 3.618325404325426
447 0.232809707462716
448 0.13395103158168933
449 3.9422752886815413
450 3.5424231627809495
451 0.0671468669769305
452 0.5129178443312781
453 0.4682678419523882
454 0.48640135806809537
455 0.16039804609336092
456 1.716086737892245
457 0.6405324511326619
458 1.4256575762706125
459 0.22590581105901453
460 0.12091542589192407
461 4.718626387124402
462 50.55139899861247
463 41.91971670178463
464 0.3597275740057978
465 2.120029420733208
466 0.4511218773487104
467 0.39185495753894684
468 5.038923428313356
469 1.3965011381115915
470 0.34784397492820074
471 3.8177357966617267
472 0.45298412215974326
473 58.371929617599626
474 0.048316978340017684
475 12.235065940885818
476 71.0760824485886
477 0.023811202177276832
478 1.8697137954982965
479 1.5974792708226961
480 4.286305662091017
481 0.9325679393022736
482 0.2450420746349659
483 2.6253740979330797
484 0.14330389842327498
485 2.3705354859505654
486 22.370262378748123
487 0.9484034989715947
488 0.18046336812013156
489 6.216267259121744
490 3.0246486711750733
491 124.29897428906547
492 0.9827517905729113
493 1.0460846936763697
494 28.781229147147005
495 1.3527508283422558
496 4.613322665278896
497 1.495239604387668
498 2.672176483890908
499 2.0090851045136424
500 0.0013031458064475844
501 2.509428435597871
502 0.03797574713865531
503 0.658681150698173
504 0.1554999432650581
505 3.6988905375009784
506 1.0354536206609306
507 0.6604989038942771
508 0.11415187529015017
509 0.2168237906444845
510 0.0026485253162595733
511 1.9564244880861557
512 3.99588532835783
513 1.1336399950318283
514 8.783638934148883
515 8.571016922105185
516 1.6026731982455575
517 25.01379274240244
518 1.3996831973757256
519 9.876185247239853
520 0.619959943684142
521 1.9708170561904437
522 0.37555674033759967
523 1.6919698357439443
524 5.211114404869545
525 0.7891301736452726
526 0.8323528449149908
527 4.153764117001726
528 0.1610780920231499
529 0.9134193749203154
530 1.7577998915557784
531 5.997036651788932
532 0.22268243405950794
533 0.6949607478967735
534 1.5035435760489906
535 0.09523057199084566
536 0.10089179664843059
537 53.29094688313261
538 1.3758832143136253
539 4.818863841051914
540 1.0571591786860575
541 11.53799617477563
542 0.21716083561826804
543 2.867462715087601
544 0.5138470894511897
545 0.8022670662234759
546 119.65579200774062
547 0.6301999799642051
548 1.0950924280492538
549 0.015396159900899842
550 37.75415540181146
551 2.395523809114935
552 0.18806754359407346
553 1.2891734470629037
554 0.11594344383039193
555 1.2189579986869152
556 2.5117097226659175
557 14.794841496354824
558 1.027805411500882
559 1.0835404805422855
560 1.7171644009189007
561 0.11431355807883589
562 0.06764000294548887
563 0.8230795429900553
564 0.8606932334555115
565 0.1082026902686877
566 0.796150842664279
567 0.4322820232570663
568 1.4022026227409807
569 0.13662992266536717
570 0.7860541071427649
571 0.1456125753124523
572 0.4596482376932198
573 1.6779275885360205
574 7.67857912511332
575 1.3351108640639464
576 6.004518745969708
577 1.4332197250834617
578 0.30641854218646114
579 0.5882342736074799
580 0.8152880816222852
581 1.6606906971713276
582 1.194781462916402
583 0.29191238835664124
584 1.0019908514589553
585 0.2967338674813991
586 9.563256697592841
587 0.16977662894105514
588 1.4489925427147075
589 2.332947587524675
590 12.04779872002526
591 0.2186945267958831
592 27.23763687483723
593 0.4339586055199823
594 1.3069940660426684
595 2.6014798900971914
596 1.0473113391239106
597 0.8093747598003828
598 1.0257818130552463
599 0.6951772216980296
600 2.302088126203822
601 55.80757407681395
602 0.06789124596604149
603 1.2557500565291455
604 0.23209866397260537
605 28.901729293635633
606 35.63335838902482
607 0.2788039842651596
608 0.7277447951121033
609 0.18861600902650086
610 1.7989267304964098
611 1.1364178801373377
612 2.4744162272404133
613 4.557462696032044
614 2.2668872005661918
615 0.09936553411583395
616 1.9672057856258827
617 0.20320925257736897
618 2.17767977503215
619 0.6753903554593182
620 0.9441868517327408
621 9.455972940256183
622 0.3759317709887423
623 2.0610143428640986
624 0.29443329212503483
625 0.1426608317163938
626 0.648985939892608
627 0.512445870785734
628 0.3172603310653949
629 2.965994210504895
630 2.8471933454931
631 3.0733593079052355
632 1.833106862132656
633 4.202503762816045
634 0.05160902873635476
635 0.21284967628768411
636 2.5926237831609793
637 1.5605608765002563
638 0.5296215628086739
639 1.5088202404660358
640 0.047630782774600644
641 0.007321886074695148
642 0.9612520828334735
643 0.23018985654254992
644 0.2182518059941
645 3.5731820127666443
646 2.726943764397116
647 0.20786190561489198
648 13.530407496380743
649 0.6130416586215479
650 39.22396989927241
651 0.08578207149553678
652 1.0640616645166703
653 48.399628330040166
654 0.1459116101909526
655 1.0834492864324208
656 40.887586257926586
657 1.2638094579788792
658 0.8015417226689721
659 0.31737689917933065
660 0.21280001495603013
661 0.32974602825396293
662 1.6616738122262813
663 0.14668043389926907
664 0.26403008630023234
665 0.03801882079515305
666 2.611764356217603
667 0.8320212733129374
668 0.8461014595863433
669 0.7293560156390025
670 0.022373270857479623
671 0.0524448654408392
672 4.181646567653375
673 4.713258678374049
674 22.101724882147092
675 13.79615378039957
676 0.09444692851239248
677 0.20478480463293336
678 2.2934107788507645
679 0.09389372434114487
680 0.9529724974390392
681 1.673979505112385
682 0.13979928324621074
683 6.212210234671577
684 0.5620054052083031
685 0.5346155960460401
686 0.8119273245297272
687 0.058032928887815284
688 1.5246636981013262
689 0.14796952125619744
690 15.089783557392089
691 0.9508363130252764
692 1.178975657172568
693 0.44369343605036593
694 0.07700370983387964
695 8.253357345680609
696 0.45482082537744123
697 3.9158179826903146
698 9.598540522233964
699 0.027185698112040305
700 0.2825026691991006
701 2.337322086266964
702 0.15780710338038365
703 1.7103678325104634
704 1.9447118192766764
705 1.4207556284695244
706 0.034301877082886255
707 3.6796142023133784
708 1.8581424322251912
709 0.2441635694759369
710 0.08538339717100939
711 23.06718250616925
712 0.7181145678011558
713 0.12065826872108351
714 0.09990894065305927
715 0.7055389980855928
716 4.120504533893969
717 1.4677724906972003
718 1.089622734981329
719 7.238825318479081
720 0.41269501858559365
721 0.5200501724610429
722 1.0377790658601518
723 0.5878813041875465
724 1.6249232056742855
725 2.6640464241157185
726 3.4403086545506683
727 0.6805019384517837
728 1.106928463818267
729 2.233364593095201
730 12.132587950782485
731 0.49673295964771125
732 0.32990196763429586
733 0.5578522568779897
734 0.49120339319342965
735 21.65019583027746
736 2.0195310739249774
737 0.8694037649993481
738 0.40937655605164047
739 5.763495029820913
740 14.919750524432134
741 6.747271622054808
742 0.05744835105467951
743 2.873681460889199
744 12.69026356013
745 13.550225041033984
746 5.4789796800963515
747 0.5193099919356491
748 1.1564821047610039
749 0.5829874562697226
750 3.5389814128495884
751 0.3740678616791215
752 1.3054831701281149
753 1.0250301948061071
754 1.1801721629893285
755 1.9814252610879453
756 0.47730868602474275
757 0.4066421855805068
758 2.3461967101853207
759 0.10784363190002863
760 0.5790230924996502
761 0.2994730040761264
762 1.2015131897219957
763 0.3091620521095684
764 1.890348419688639
765 6.7154234392172345
766 2.699310290705352
767 0.04446675617767563
768 0.21807471778971244
769 0.34690167853289244
770 0.5093871545903225
771 0.011239999649169252
772 0.7405803895409256
773 0.05356450355292388
774 0.015460846359082493
775 0.362767405099676
776 0.8444590043373248
777 0.06442052956050424
778 0.046130875631785744
779 6.387587503148427
780 0.24791801237625208
781 3.586691497189993
782 0.6551466584984232
783 1.022806315801117
784 0.4625370633478653
785 0.05703252678760452
786 4.257578369574824
787 0.32601750186622175
788 3.8657041222332533
789 0.3258295420680599
790 4.846719427475068
791 0.6182756032232547
792 11.853687615539972
793 6.950728667828123
794 0.026999819822530274
795 7.389841788949733
796 0.5358162341167868
797 0.47132745301454537
798 8.286778543104147
799 2.695741116048667
800 7.5139890100058295
801 7.186800925716927
802 3.0773385483923947
803 8.15052638424649
804 0.058616575873452814
805 0.5970672192608988
806 0.6149355395200413
807 0.7317294293831031
808 0.8075827876994941
809 12.338830050370936
810 1.8357418114157968
811 0.03789648851855082
812 15.748393072853611
813 0.11001492431614168
814 0.8850979790943287
815 22.898021252465057
816 1.9002624332525502
817 0.7678413160339562
818 0.2212164929009937
819 4.045049119539809
820 1.5628298753937067
821 0.08083339599503643
822 0.4329460925558893
823 2.4190401981121528
824 1.0220730876033588
825 1.011099071468375
826 0.3232716302999975
827 0.22401411840366847
828 0.06421332482218409
829 0.04716764599918045
830 0.37007906811752866
831 0.47619810756079467
832 2.450446117315744
833 0.2685078455240998
834 1.2391515751738809
835 1.4239807540383715
836 1.3817278074537516
837 1.2299717161230048
838 2.444611332458018
839 1.4791643687169327
840 0.07155016741329161
841 0.5739495873818069
842 2.751315006485771
843 0.8740573387794036
844 0.5382257562061259
845 1.8588089520365292
846 0.9689748852675236
847 24.132723124887534
848 0.48429332910834144
849 4.968262537083052
850 0.7263336704249062
851 0.15875259115292886
852 0.747426346961717
853 0.6182021560289935
854 1.0833918499953983
855 0.14818836978941974
856 5.553345549802696
857 0.3430150808882871
858 0.32261404275087574
859 0.2637271962339314
860 13.471504852039942
861 0.273565027600916
862 0.22452314905624313
863 2.0270295772750186
864 0.3625928075290498
865 37.59015043808245
866 0.3047445037788795
867 1.1055184140723502
868 2.5824462859373
869 0.6387429035044193
870 3.5832201982993053
871 4.2666608718980905
872 18.4757497533696
873 0.6571792764632751
874 0.6097056307769388
875 1.0473727741844787
876 0.20870453905322803
877 2.5391336891237954
878 0.3577518052113664
879 2.673748705133681
880 0.6746238187633063
881 7.107484452753007
882 15.282071266114441
883 3.025619209108916
884 1.0252230802951194
885 0.6568039614133725
886 0.6813575756591451
887 0.10117921604152755
888 1.646125984048265
889 0.014063210537012942
890 10.132753649068276
891 5.1735439714216
892 0.42065202568613647
893 5.256636552809035
894 4.77995248587774
895 9.758705355282874
896 2.9452154894388904
897 14.522131604930111
898 0.48708972283439744
899 10.052516240865002
900 3.7571989811570594
901 25.387370181134337
902 0.17369728336012316
903 0.03629204597760198
904 1.2482441702703602
905 0.8079129899772087
906 0.2792156275133188
907 1.4293955351075425
908 0.03559697201632601
909 0.39296661936172245
910 1.0006069433568914
911 0.909501997232805
912 0.8188518781724333
913 0.3079879947598665
914 1.7583604461297153
915 1.3153178944337574
916 4.049622205708924
917 1.1733474214251813
918 1.62394327694521
919 0.1517820058982429
920 3.894325670414853
921 0.13696999752740413
922 0.05164442353063336
923 0.5521572017078094
924 4.825054607359578
925 0.24954557220448317
926 29.40169064913741
927 3.8759032031566747
928 0.20468550066590566
929 0.604790266214521
930 4.87769212967355
931 3.7660871629404538
932 0.5304230183530959
933 1.4478738577293158
934 49.7451874977025
935 0.23318558348743654
936 0.0328140157782583
937 0.5106850634414334
938 9.658118716272595
939 1.063355194104156
940 6.069561580251672
941 61.25652860663673
942 2.354304380227854
943 1.240055944441651
944 3.9408431510281186
945 8.901300520179927
946 0.9288238831577011
947 0.18390489563323864
948 3.1599372629664844
949 0.26168980919394497
950 2.889006896527922
951 0.4801584888560049
952 0.7489292326138322
953 37.36685795010214
954 0.8284827195158212
955 0.5087778693548312
956 1.3968980863163352
957 0.5211142820828046
958 3.385600298567057
959 103.05912584956424
960 2.830258672414745
961 3.0410882052270227
962 0.049251022643425166
963 1.4722992501344876
964 28.417101408493966
965 0.8611030127088851
966 0.43156865312785114
967 6.4430604887430984
968 0.8444514817347059
969 8.113016401166643
970 4.922566634504424
971 0.007159842938323076
972 0.7461421249168252
973 38.739777037798575
974 7.68677451381262
975 12.95674364485452
976 4.56256068418084
977 0.21105203728007438
978 1.4662894631366
979 4.0923104169623965
980 0.571335467733602
981 0.39552920439263495
982 0.1979696189047756
983 0.6146861305079425
984 0.03842179854975121
985 1.3663049243103274
986 0.1759515169880818
987 1.4678835737345142
988 7.799674423715266
989 0.00395348419198761
990 6.540359813112039
991 0.44514067718117417
992 0.004812475457203024
993 0.34848536533345426
994 0.4582209257085752
995 4.867346259238348
996 1.8823823277364078
997 0.20997627667999433
998 0.2746174467132335
999 0.5062242571112833
1000 3.850572586074771
