1 2.838835856674814
2 3.9390888173004317
3 0.256440248860012
4 0.3157973989051622
5 0.6809715813278128
6 0.09261207326841667
7 4.7292553618399555
8 1.605404889734695
9 0.45691252104720226
10 0.40189744228467505
11 1.538709519254282
12 0.646349477628141
13 0.9835713571144649
14 1.9559914203473485
15 0.28477627811659517
16 1.48531425977165
17 0.8133324696562096
18 0.276210863466207
19 0.9696072090944364
20 0.13751006558797887
21 1.013888226446843
22 4.14846840939569
23 0.5104958921350754
24 0.7418846352683355
25 0.04222411805292873
26 1.115205077900949
27 0.6465459282940821
28 0.10700609045832961
29 0.03256073692159401
30 0.10549390986139144
31 12.712522978321587
32 4.685824172415807
33 1.1186167294509082
34 6.422820778253282
35 0.056996375542144914
36 0.3434414186433976
37 1.1227215809006497
38 0.11003522421180953
39 0.07286915054576384
40 0.26505824658538263
41 0.15447841814026061
42 11.869929703522379
43 1.3086006352312631
44 851.7221670903652
45 1.4389442026999826
46 0.5592052766269476
47 3.37685902338428
48 4.334487924870572
49 0.21860623463383766
50 2.3596170351253107
51 5.795315757076361
52 1.5036959724828571
53 0.15953742273076174
54 0.9505330493187475
55 0.049828853174680596
56 0.02004119356294587
57 0.5165015506486887
58 1.2393853831727646
59 3.8720781223612684
60 10.900136930574497
61 1.8869097568164082
62 0.7062500137544437
63 1.42677189175914
64 4.7976025352228815
65 0.37901761577722204
66 0.3923892300334568
67 4.41667679749837
68 0.4510465385090746
69 1.2008201847753939
70 3.7214672729545275
71 1.259336873949103
72 14.957130333933916
73 1.7853462256517343
74 41.92697837962879
75 11.454493176540922
76 0.3889589869987253
77 0.6508243431618371
78 0.19647943136026189
79 0.2599985828312466
80 1.3204153545288826
81 0.8385275580025393
82 0.22707090400150431
83 1.7747166828800003
84 0.898165690245016
85 2.9354937440761115
86 1.476806384524988
87 0.23522210398523566
88 0.21049544274428134
89 1.3491343717281739
90 3.084747211491413
91 1.005488194367667
92 0.4889248977798882
93 2.1781073446319525
94 0.8434616407084694
95 2.414359007850151
96 5.110659439471442
97 0.4445353471187057
98 0.8132139001674389
99 2.168214620389748
100 0.28017944412731133
101 0.583370731642448
102 2.211142023263515
103 1.3568039219870827
104 3.0452238618739838
105 1.218981332806084
106 1.3654869552307067
107 1.812671256227437
108 1.0029353865073614
109 2.498482131250852
110 0.9696374915083031
111 0.48244270812158285
112 0.2697194593240931
113 1.7958524851127458
114 2.3849523394154
115 1.6639023178746393
116 35.35555451160725
117 4.365662686860449
118 0.2755372550986561
119 0.9485025906918031
120 0.05647871975683597
121 4.279898984346766
122 0.3548907753484801
123 17.055961420108588
124 0.7667959256220689
125 20.85065137851347
126 1.7851403097075071
127 0.11085793259226813
128 1.7507615423819542
129 0.7882941333801609
130 0.22837572046992052
131 25.037919859769612
132 0.1888327067852968
133 0.5496006272100752
134 2.178199993804992
135 0.2658548651922661
136 0.7553233130323802
137 0.03352540992400586
138 1.065991396662368
139 1.0361402836558016
140 6.609811108271337
141 3.44385470397108
142 0.3026439405056625
143 0.38134247801978377
144 0.06719365396975034
145 0.3521121107681437
146 2.043281327824134
147 0.4640440412251635
148 0.6698967983115136
149 0.5530833944998185
150 0.03612755510107288
151 0.9976361097046804
152 0.2040811931617148
153 0.18301650993512025
154 10.293159281377857
155 1.0203704824970221
156 0.966509120462289
157 0.9887759132265952
158 0.048864226129611284
159 6.032795133763891
160 0.536613635792325
161 0.3487582923111539
162 5.552490457049982
163 0.5134451773175303
164 0.013515507023762068
165 1.2228302216993026
166 1.0952818247771106
167 0.36122343434185106
168 0.24707764810798552
169 0.28711542224837966
170 0.7919042247853626
171 0.7558597971251936
172 0.0025549155828145454
173 0.28777273268281633
174 1.4591194651794093
175 1.0867537352740475
176 2.4093795025722153
177 10.09271023144878
178 3.248534329375201
179 8.512205484409488
180 82.12018968405188
181 5.939395563272015
182 0.2645451670273192
183 5.030647798279591
184 0.9566801465052884
185 8.552181434900099
186 0.7763558218703505
187 11.775586409206959
188 1.5200774950979177
189 0.7116360045874787
190 0.488741739746682
191 0.723943209059468
192 3.886148110929132
193 1.7492295011171484
194 10.234393382463681
195 0.20331939692215248
196 1.2012169178640297
197 1.6323144337255875
198 15.69331039458576
199 0.7431799436737978
200 1.4014980419565226
201 1.830458000211824
202 0.45612211136309455
203 0.9852247432589046
204 3.955516448200139
205 0.7337343443571446
206 1.6946667463042637
207 0.27313652536452493
208 0.4885632724998568
209 1.7474814600964468
210 0.5020744681377146
211 0.30881711349128654
212 0.5730375703297029
213 50.86585458647926
214 2.9676012199204505
215 0.4343536092878422
216 0.054308572987179754
217 0.39310126312157057
218 0.0030368309738563718
219 10.649963463342973
220 0.07595764629759985
221 1.3184544412789032
222 0.02640613858953683
223 1.3904802899746629
224 0.08450810285079606
225 0.9130065918032801
226 0.20624915295612228
227 0.9032763012228433
228 0.507474183884766
229 2.470849038549876
230 0.4304670060597796
231 46.857827680771535
232 0.20732576175354694
233 0.5164651574130552
234 14.85432940152887
235 3.6271282156497477
236 5.389506607536543
237 0.4505539546317756
238 0.38561983822810797
239 0.6942291604439061
240 0.06770520673451853
241 0.1017464458184266
242 0.18947859313641696
243 1.7700860343078375
244 34.66061567319053
245 0.6744403365020908
246 1.1217764319980617
247 0.14304822163088074
248 7.6623422289029355
249 1.2909363599045862
250 1.1594710044293497
251 1.5757533714234964
252 0.12426855086339784
253 0.9403459761119964
254 0.31209331485034053
255 0.16197328268894226
256 0.10471465746808996
257 0.9083459808144082
258 0.8822428728585273
259 1.5063218697715417
260 3.285062330890036
261 0.3402676748386905
262 1.4849551165059154
263 0.05471153928179002
264 1.2828692167110383
265 0.29297811191836765
266 0.7626390295740516
267 2.531857438659985
268 7.6269234865333235
269 0.24342540820970743
270 1.2117373333928942
271 8.71592522839222
272 2.290605567123257
273 1.4887382077195817
274 103.07291519481936
275 0.8184184574774295
276 4.422511783771564
277 0.9035548563488942
278 0.10059510544658075
279 9.796300211282075
280 0.09120916490452315
281 3.3420887928163983
282 0.14404413479371306
283 1.1888996818559376
284 0.9691336010605163
285 0.276029868755042
286 0.8248573177029517
287 1.7119717971982347
288 1.9005927063432606
289 0.09011766262761227
290 1.2143901370302734
291 1.3241565304396745
292 1.5736527354654004
293 0.6252009482450712
294 0.2630637529402366
295 0.23643729221888404
296 1.637737027417462
297 3.9052193813060656
298 0.38210369611848505
299 0.15753696799712164
300 0.5262013845556046
301 23.956267339187256
302 1.9184485572660608
303 19.537562647175218
304 0.31999502625130527
305 0.26824594157800125
306 6.555739469910218
307 0.4800682221639805
308 1.1279828380725794
309 0.7956659377436532
310 1.1975057355086371
311 1.6712208118126184
312 0.5977856584672239
313 0.11620260086934385
314 0.8740969019535915
315 0.9024469927731401
316 0.14126480098933775
317 1.6953761180429496
318 0.5752853909362243
319 1.1474435996169008
320 0.01632900964942564
321 4.752197340542066
322 59.81273600733995
323 66.13346206997127
324 0.5902795232512444
325 0.26898493424521025
326 1.1729209642566814
327 4.427084546854901
328 0.6816282305916951
329 0.33426759391800404
330 11.42679335888363
331 0.9471492311210403
332 0.7309514155384187
333 4.52550891214502
334 2.321083140935566
335 0.24569030532952243
336 1.6483957486753829
337 0.7034258598871801
338 0.49677021988989045
339 0.7236248744814134
340 3.185492161312503
341 8.110087726796479
342 3.6406814640420064
343 44.948081746099184
344 0.142640732744697
345 2.9486210075253485
346 0.002247142206152217
347 0.8468337360089002
348 9.441065271353015
349 1.0410099516554567
350 0.803058422532649
351 0.10864084475073409
352 0.9858312287948591
353 4.109391058298352
354 7.381096691426967
355 0.0014443400251418566
356 0.32064398255863147
357 6.267779277954435
358 0.10059992497029115
359 0.21568622403552962
360 14.77168511962343
361 0.3437273912271275
362 4.719789728237006
363 0.20826509246381125
364 0.1450542591078412
365 0.2690246683747218
366 0.40214692497110355
367 0.8911562241496319
368 10.327462210534023
369 5.257484251613753
370 46.95880087630876
371 2.001479199825864
372 4.936297319962204
373 1.3120365662554472
374 0.14711782836157236
375 7.057532162911623
376 0.8250849714744909
377 0.017372891127092727
378 0.25624525420158284
379 0.9652344631716396
380 3.0411242955770788
381 5.439969007331167
382 4.953138291035502
383 9.746260931233152
384 0.03689828817127639
385 0.17358391680990948
386 0.5371871655087612
387 1.0443844380464886
388 1.8638326304811517
389 0.9597127780856147
390 33.23318844050939
391 0.7289451540373555
392 0.4335057998582803
393 0.10460678816041326
394 5.7852890375641355
395 0.3070292097831855
396 0.02407348214275244
397 0.9667497215511415
398 1.1819966214074842
399 2.569763314609762
400 1.271348851082669
401 2.1895033275826803
402 0.6844385221609162
403 1.3393920928457634
404 1.3997017697041403
405 0.8302313547251428
406 2.29383792305195
407 0.667994956995262
408 0.014713929335023586
409 0.08420826438582828
410 1.842957724763928
411 0.3854277861154486
412 1.7087943360437126
413 0.6742180104292997
414 0.43577941263974324
415 0.9213407453394931
416 0.018274093183077156
417 4.131591410195819
418 0.44586894653157283
419 4.6184594681847875
420 0.3885088441838586
421 0.24949227430387427
422 0.1103154212429649
423 0.5111986956309337
424 0.09972657059426741
425 1.2091727652293667
426 0.5458269613164002
427 3.1423888051080437
428 0.8828794225217537
429 7.264925399530253
430 14.30390976904391
431 1.4994328221334523
432 0.9891271230077066
433 42.05310051908857
434 0.49122459654756845
435 0.43765173659567863
436 0.049837947170638774
437 4.960098078629521
438 8.888843560523227
439 0.24199207489734503
440 2.6550259246000008
441 4.74281988745384
442 0.6824362561199538
443 3.8273410602739495
444 0.356751579183641
445 2.8394330692459175
446 3.7410588649122363
447 1.3123445368348166
448 0.5614240787389597
449 4.134129606146143
450 0.2619268644607173
451 0.07263955300363663
452 2.3635382589495557
453 181.08347475743415
454 2.0978164640252843
455 0.6941936732294303
456 0.02911959744611883
457 0.4544952034633296
458 1.4057111622925702
459 2.468427777237468
460 0.6544394272434023
461 1.1309734047472921
462 1.2824227514380513
463 0.259077704546041
464 0.27691885508122377
465 0.10037919621486562
466 2.9386676048813616
467 0.6730976844095039
468 1.1662135890257945
469 2.1785979786669785
470 0.3527987184732379
471 0.0034989612546382693
472 2.800178743290842
473 0.5416322966920065
474 0.7930028142857413
475 0.7119413166995906
476 1.912623255710382
477 2.4964791398758024
478 0.041118760134477086
479 0.2707943790184704
480 0.9682243414670246
481 1.225503086851317
482 2.245287052899862
483 0.6340909230600975
484 0.6425769166216476
485 0.23965665442655038
486 2.39117366480224
487 0.946647421796895
488 1.609889815463023
489 30.052811739591135
490 92.03209605630185
491 5.432295671440415
492 0.1941946720946769
493 0.04940665216093656
494 0.7288158339162772
495 2.4846610906667874
496 2.612615339846675
497 0.2673665986560086
498 0.0745811473257585
499 21.383426969441757
500 0.24169365283532998
501 1.15135025976926
502 0.32215660404640367
503 0.8962386383136237
504 4.315919043239265
505 0.32128325177972594
506 0.012841436630002345
507 1.5620197337657378
508 1.445510449393709
509 5.570134961826242
510 3.2364275394850472
511 0.19517800408343366
512 5.447387389966038
513 0.4323618023154018
514 0.359889800768371
515 0.19230081775526794
516 0.27726323981113715
517 2.1281872955643086
518 0.011450008975381896
519 1.2026011241978591
520 0.1091397500371682
521 0.278548987106363
522 9.875294985471104
523 0.3241456651829207
524 36.572531659632794
525 0.8472281995944677
526 0.0230596576954408
527 5.492590083894385
528 2.747462673917996
529 1.9899603083974262
530 4.478773124912956
531 0.8690149522943547
532 0.2968826894916554
533 0.075097971726749
534 25.82003614955827
535 2.495664463061638
536 1.7522600124452705
537 2.375131552813941
538 1.1103545686143592
539 0.7594858963539866
540 0.12131056099158942
541 0.14150420208346473
542 2.21923072720974
543 0.3260322669792286
544 5.195624035849492
545 0.743901252908786
546 30.628882182893417
547 0.34540415186505546
548 0.5321731745894044
549 0.5138509817193464
550 0.40550151503869536
551 8.010633292755191
552 0.1474260506968555
553 0.5941883772688575
554 103.60051248868587
555 7.093929963158759
556 11.827644132193054
557 12.887267456868285
558 0.000399514869274383
559 0.8339729011401786
560 0.4430713608654792
561 2.7157476959869538
562 0.9868818632491863
563 2.2777441783265333
564 2.076890296637751
565 3.9764704096465375
566 3.974426681092027
567 0.001523017144091253
568 0.3843904372145745
569 1.5509888492152915
570 0.34267345776287456
571 0.6551118127220038
572 1.4693306703425013
573 0.928382700760991
574 6.935810377439267
575 1.2941089612925614
576 34.48138052468766
577 1.380740702282856
578 0.8671910158602936
579 0.08829990121321842
580 0.6568800285659474
581 1.4208086919694103
582 7.60892008009125
583 26.332818136517567
584 0.9947263582398828
585 17.91080235725188
586 0.1865442866437645
587 2.485864149875911
588 0.18709179619706956
589 10.077432463471322
590 0.4705010247045982
591 1.0866162208187962
592 1.292045637163357
593 1.3288441631386532
594 2.0408581586320156
595 1.045433080794141
596 0.3972902122149306
597 6.26260472253836
598 48.224614210998446
599 4.324833426649923
600 5.21583518236615
601 20.403178396522826
602 1.887787771699958
603 7.454979490439592
604 0.9101708880155386
605 0.1816910238112274
606 0.7264521245733936
607 12.31250544135322
608 0.043144932537488634
609 1.678271313538415
610 0.23826362343572843
611 21.392051888625026
612 0.8003654639702139
613 0.03411671952434887
614 2.302417878564665
615 1.238154382786942
616 0.08857905975987124
617 0.5051787666009999
618 3.3869967445698226
619 0.8827520421601945
620 0.297911873249728
621 3.184335354679326
622 1.6077533397643218
623 3.7413044118080556
624 1.4004589955921418
625 0.021979351392826463
626 4.179004336413397
627 0.3800903008783834
628 0.5255441870376744
629 0.8957088008199243
630 0.47369726423309844
631 5.298030615131556
632 0.9193572714921417
633 1.2684394730598088
634 3.1634395155875907
635 0.19871485804758945
636 22.521063336488176
637 0.7794899419254162
638 0.11117390118385874
639 0.7930803171079948
640 219.37740340510123
641 4.300047851480633
642 0.5265776931668258
643 11.00102737985116
644 0.940339578721924
645 6.5369098530619985
646 0.8178721430431758
647 0.6512960737434177
648 8.225940134078789
649 7.937257618038711
650 0.04031375063871667
651 1.579328741614158
652 4.934134439230765
653 0.9803663905850524
654 1.652688981689729
655 1.800114220190117
656 1.623108593694758
657 0.13347239700715344
658 0.7924962268654574
659 0.5562775854980962
660 1.8286989154768272
661 0.059497919339997866
662 10.05363577888378
663 2.4299011600993987
664 0.8934752946959196
665 0.8994464254664658
666 6.990882942946162
667 6.018419627540484
668 15.199208046740669
669 0.14338016178263277
670 3.4859675918918573
671 0.8590770250712721
672 2.6192924172602106
673 20.565536084701886
674 2.9637728060450326
675 0.983082095193681
676 0.9413307400009502
677 0.34189737081130145
678 2.0298374676899003
679 2.8226155985202954
680 36.842423462535365
681 1.2031681199493691
682 4.668821889569274
683 12.59152369381899
684 3.025933654701059
685 8.81226579013485
686 0.5402411457581744
687 10.987411913526607
688 0.3797827802888529
689 0.6496166115973288
690 1.1815905640779159
691 3.447748333220222
692 5.701773591766255
693 2.2669631438528026
694 0.3937261198692435
695 0.053430476414968425
696 1.527325371435088
697 72.86323916148639
698 0.0027951264376988275
699 1.3060925694858894
700 0.35540050562305675
701 15.872142964044459
702 0.9853860333363086
703 6.2945517893239495
704 145.44917503572387
705 1.1535828671176478
706 0.33653151125515995
707 2.6873330181877875
708 0.22135315217166635
709 7.377506487346934
710 0.9572304655073964
711 2.5026866308063123
712 2.9226552305993576
713 3.4024388899656026
714 0.7192938720196785
715 0.4260489039259106
716 10.38369280238533
717 8.294178202188785
718 0.0608973038190693
719 0.9939578492998397
720 11.689801821142341
721 0.9660959999443334
722 6.585859929341941
723 0.05578585806075635
724 0.15370402911090666
725 0.28721407552886796
726 1.0665956677112811
727 0.3408229705889785
728 0.3426143358380139
729 1.9444302798380646
730 0.817395032852885
731 0.26600595869922194
732 0.30535820570766314
733 0.11527843553244528
734 27.74385298963774
735 0.6312715530206965
736 0.29364280703540163
737 0.4378745987531891
738 0.082400065583848
739 0.11795943779864415
740 1.1832290004332027
741 0.000859643147915717
742 1.2980896888401126
743 0.04611782893408872
744 0.18282951629472008
745 0.804051489920975
746 1.037178293827376
747 3.010021373822847
748 9.664130635999788
749 4.039227443868529
750 6.67993190379749
751 0.036232998882007934
752 0.3088148393666037
753 5.891669307711003
754 0.25602902569928565
755 21.035105246590717
756 8.226325869428074
757 0.5829764057979218
758 6.680083189678457
759 0.6078114231994853
760 1.3900880175238008
761 2.606418626085572
762 0.7955920812885205
763 0.7434219192187713
764 3.2287971330306835
765 1.1333011412251315
766 0.7460864947737161
767 0.4449253674677995
768 1.749656717181598
769 0.3472344770689277
770 0.17919155816565122
771 5.255615501380183
772 0.027268218700231023
773 18.311248346826105
774 0.3129313029337665
775 0.5344665775276494
776 2.2928402959313883
777 1.052090812042036
778 4.925000958249184
779 6.0207379851924605
780 1.0409186181903831
781 59.57996820626424
782 0.09930083413605041
783 2.451495448273151
784 6.2856622049447575
785 1.3094519509478684
786 0.7063144886896032
787 0.04118007915713735
788 0.20005276068669234
789 0.5938923352153254
790 0.9708681892212935
791 0.4752335879769393
792 1.4862177225957043
793 0.5456675723054114
794 0.1447147515429889
795 1.8297684969120471
796 7.509405934612746
797 7.003282832403926
798 2.887590140767384
799 1.7905316617291933
800 4.172398951575687
801 1.8554633277286774
802 0.018735432217981907
803 0.6130716867244161
804 0.42807300327465336
805 0.009149854310071906
806 0.8317951194208252
807 0.05856603121405552
808 1.9028829733165902
809 0.7629015227613567
810 0.38374336608256526
811 2.515631280623076
812 0.7282741659625496
813 27.197497278962693
814 1.2246686700739862
815 0.13055792967307972
816 1.248174085869575
817 0.27778175245789305
818 2.0108078340563442
819 0.04686578514467376
820 1.1280089303741008
821 2.519341060834189
822 3.2132779310904516
823 2.3813762561483776
824 0.4785005285895781
825 0.3000572288762143
826 1.9299998090776005
827 0.017523700579499934
828 0.6346038190038261
829 5.11074387930831
830 0.4739405523201843
831 2.923502691468904
832 0.37934175730765435
833 0.28439988534343086
834 3.264635919529228
835 1.8165337659497527
836 0.05463986992958074
837 0.2632132681457494
838 1.0219904693913036
839 0.07452091877175054
840 0.02240158952841259
841 0.7500587281060899
842 1.9032086960870809
843 4.573058727598989
844 0.228502818817654
845 1.055074964720938
846 0.2105123561272776
847 2.130252794166125
848 10.490249273090344
849 9.608407444540298
850 8.012276685242906
851 1.2864138445835667
852 2.4037362802966014
853 1.9588971220524232
854 0.022152641296790693
855 1.5329069398586188
856 14.023465095350563
857 4.581241702762334
858 9.147335364137225
859 4.02359863994653
860 4.304314459062443
861 2.6613141824285336
862 0.4720412406405587
863 0.8781122275431228
864 1.0979271177996464
865 0.1463637520104482
866 3.098010215269427
867 1.5735429021727019
868 1.0597452190594892
869 0.309532699288312
870 2.370771861902872
871 42.592385895509985
872 32.042313831333324
873 3.654907148688523
874 0.10323149924332593
875 0.8756224636929077
876 1.4780314012954385
877 0.290639472395858
878 0.36325677586358573
879 3.467044394583355
880 5.659377869326331
881 1.2012619197542682
882 4.301946673944529
883 17.216696185555968
884 0.22596317746192893
885 1.6296428202719255
886 11.014852710688505
887 8.115924176962885
888 0.30200961280528027
889 2.510497186765511
890 0.30689691554386606
891 0.09368969919097947
892 0.3097568154698893
893 193.72864634024998
894 0.13381997253627845
895 5.636073069926272
896 0.00755178687954222
897 0.2548613508927996
898 0.5936220635314006
899 0.26717902602950516
900 1.053465771551464
901 0.5079923787399324
902 0.3279792635707042
903 0.0735855748834121
904 0.6266649145452637
905 0.8355039878052177
906 0.4489229874852887
907 0.8038448230276952
908 0.5272983581901043
909 2.6303643380137296
910 4.8814762386113175
911 0.04386414098896058
912 27.4508530746669
913 2.7431301637521104
914 0.5304198370281644
915 1.5669162460614223
916 11.94641569541272
917 0.08950130104082024
918 0.017593915955664056
919 3.5902814171713833
920 0.3620735786499807
921 6.4524122231702
922 1.6969840505140428
923 0.1857764565498341
924 0.5631123948165453
925 0.0785097970876675
926 0.3928108335493115
927 0.2697729467371382
928 0.2318658572037493
929 93.05210605353734
930 0.0865219137434463
931 7.501188241118038
932 0.19132756563499323
933 1.6753856622618584
934 0.2010011520238851
935 0.9901569972754274
936 0.2975980698300112
937 0.44539978602275165
938 4.3118428693406985
939 0.7505918868067873
940 0.46471778420000825
941 1.5617899211032
942 19.236220249316816
943 1.5817900592292375
944 0.17420101965587786
945 0.4461928028800555
946 1.1949199728089779
947 3.3481676086101793
948 0.14456941746094706
949 1.1797352990669319
950 32.209304199136724
951 0.0009455606837717536
952 4.063997323095229
953 0.06193215638648905
954 2.493986443799834
955 1.0384231298863313
956 0.11164389569342802
957 0.28984324843845444
958 0.00874223286152625
959 2.035025572044241
960 0.37683238786941076
961 15.662026353467578
962 0.44566172741965737
963 2.2868446533957747
964 0.7049042575861999
965 1.0263307430926927
966 0.29569489968954416
967 0.036784832259529644
968 0.377612885100471
969 0.282799956767288
970 0.20796507061254468
971 0.37466257823640253
972 266.3129927483019
973 1.7566014756796953
974 0.6026180452551811
975 1.2439377514820367
976 1.5379145818513924
977 0.13011067801549742
978 7.136292120849585
979 1.7761520499801295
980 0.12139901897492932
981 0.25091657248127813
982 11.32752414611924
983 7.455028195111899
984 34.652219383866175
985 1.3194678032399403
986 19.973513706225404
987 0.7192535874764144
988 2.3983202750150636
989 0.23525575853225628
990 20.019362231523374
991 13.316731174183321
992 1.2534673709917394
993 16.956403162178336
994 0.6424525815414959
995 0.7448772686531095
996 1.5052017739709453
997 0.21332494779399563
998 10.847989326346243
999 0.7839353920079073
1000 3.876433325891895
