4 399 776 955 281
4 364 459 178 879
4 41 972 425 976
4 647 860 952 309
4 553 117 332 973
4 874 586 877 412
4 110 970 573 404
4 55 995 574 672
4 566 168 917 306
4 345 124 240 812
4 755 195 845 26
4 84 493 926 726
4 904 745 864 94
4 305 660 249 602
4 881 696 497 823
4 929 218 909 227
4 491 176 172 751
4 433 991 313 817
4 199 134 653 916
4 339 139 468 246
4 98 221 469 285
4 364 508 285 434
4 355 581 879 294
4 927 969 177 616
4 972 437 415 892
4 948 565 145 243
4 651 21 794 45
4 883 857 661 529
4 422 913 32 857
4 723 928 705 170
4 536 98 802 800
4 431 307 575 740
4 266 308 286 933
4 855 466 581 385
4 398 188 325 616
4 964 84 416 102
4 213 942 485 170
4 555 619 296 126
4 890 653 638 532
4 730 796 843 380
4 605 466 122 435
4 656 674 894 681
4 790 311 301 299
4 355 59 604 530
4 828 13 908 21
4 327 729 966 313
4 709 142 530 879
4 811 632 20 497
4 865 952 483 177
4 310 756 681 313
4 992 555 110 244
4 488 491 116 860
4 418 134 166 756
4 205 9 901 604
4 576 342 530 797
4 79 514 302 239
4 983 938 396 498
4 310 417 988 246
4 784 144 348 745
4 144 241 132 76
4 963 776 196 635
4 404 844 216 545
4 262 558 616 916
4 16 46 878 984
4 955 9 337 309
4 622 676 885 192
4 980 113 521 277
4 682 770 570 106
4 498 427 496 627
4 501 425 803 324
4 942 249 657 529
4 47 241 506 866
4 528 719 205 602
4 158 53 111 758
4 735 230 61 986
4 724 872 355 794
4 642 190 721 97
4 480 442 710 323
4 474 438 427 23
4 619 124 376 109
4 485 88 379 229
4 305 307 809 860
4 305 596 804 749
4 77 593 95 535
4 55 555 283 470
4 967 931 816 664
4 487 169 494 503
4 286 53 248 584
4 832 658 201 939
4 825 686 592 882
4 224 233 762 99
4 205 293 571 817
4 96 340 657 979
4 649 303 775 400
4 499 404 11 540
4 642 300 827 572
4 642 240 998 722
4 79 819 603 589
4 874 699 301 163
4 293 675 763 669
4 370 122 96 713
4 425 731 78 385
4 705 813 860 52
4 365 419 646 566
4 278 981 1000 928
4 271 957 559 812
4 264 205 898 578
4 107 64 162 306
4 277 806 602 786
4 34 764 673 700
4 471 821 452 550
4 930 776 706 457
4 614 938 105 223
4 234 762 777 123
4 787 911 535 323
4 691 374 841 136
4 214 11 605 764
4 780 417 390 471
4 827 976 502 946
4 650 970 474 11
4 904 700 221 781
4 275 452 858 917
4 851 913 974 163
4 858 400 891 16
4 959 399 310 987
4 192 930 551 996
4 618 363 992 123
4 809 138 183 710
4 765 962 783 20
4 39 294 544 472
4 44 357 168 754
4 618 211 607 525
4 464 561 323 444
4 7 407 325 83
4 574 536 416 749
4 264 265 252 616
4 702 355 193 664
4 214 881 549 758
4 795 394 109 35
4 765 94 744 255
4 307 762 902 666
4 424 713 215 274
4 173 707 796 659
4 150 478 455 875
4 827 393 72 543
4 337 558 679 884
4 566 542 410 368
4 795 709 367 708
4 920 451 500 686
4 287 87 545 239
4 985 70 172 764
4 512 229 582 535
4 694 848 854 827
4 718 425 696 507
4 337 518 444 288
4 555 892 871 99
4 796 743 60 76
4 553 941 722 971
4 110 639 112 596
4 790 374 316 284
4 760 986 556 449
4 923 363 568 624
4 437 828 395 792
4 234 840 950 550
4 142 403 63 154
4 555 607 177 278
4 282 213 285 456
4 117 620 962 127
4 583 814 910 72
4 683 662 315 921
4 580 489 66 356
4 531 396 152 497
4 983 280 719 373
4 4 822 236 326
4 112 865 534 895
4 55 131 557 559
4 619 833 625 758
4 318 591 935 427
4 398 882 268 548
4 603 740 251 359
4 885 210 54 775
4 403 459 208 690
4 565 235 388 430
4 724 901 964 86
4 899 489 987 932
4 889 611 473 322
4 342 280 909 695
4 434 412 18 61
4 972 524 872 750
4 169 368 606 515
4 310 849 3 866
4 425 951 775 876
4 24 426 916 441
4 358 719 838 454
4 567 644 588 303
4 697 155 196 810
4 389 50 23 48
4 918 390 410 621
4 433 5 606 516
4 171 929 333 771
4 130 830 552 454
4 3 13 799 894
4 409 662 930 857
4 597 249 577 122
4 145 18 735 163
4 881 662 548 17
4 909 740 492 204
4 686 457 872 747
4 985 755 716 529
4 728 492 302 198
4 249 608 594 585
4 280 68 622 328
4 959 413 200 203
4 137 725 368 975
4 639 213 136 923
4 311 160 654 429
4 221 616 809 28
4 398 934 133 478
4 608 812 180 595
4 226 561 943 309
4 590 988 120 637
4 131 985 707 607
4 213 483 386 982
4 318 472 136 753
4 445 796 924 34
4 597 744 796 647
4 311 64 177 402
4 174 439 9 427
4 533 382 460 195
4 760 49 818 241
4 737 703 833 83
4 168 678 668 331
4 90 606 284 328
4 468 476 373 763
4 747 365 791 509
4 264 361 274 444
4 92 352 18 556
4 663 104 848 626
4 185 23 875 207
4 935 267 513 907
4 298 587 45 853
4 501 256 105 953
4 997 803 385 210
4 508 258 67 516
4 950 494 809 644
4 770 90 805 394
4 42 494 865 207
4 406 534 950 919
4 145 3 232 271
4 609 755 530 76
4 463 330 763 436
4 342 832 512 942
4 745 419 283 218
4 918 956 51 646
4 414 258 863 419
4 656 400 806 846
4 81 765 416 73
4 73 833 674 129
4 258 493 571 306
4 709 998 915 721
4 685 165 402 106
4 564 675 421 313
4 7 712 353 626
4 112 830 700 232
4 411 39 623 721
4 598 167 295 835
4 188 444 82 380
4 156 499 634 231
4 480 218 406 179
4 327 60 155 179
4 467 606 338 454
4 280 369 444 796
4 83 673 939 655
4 849 14 869 189
4 800 165 89 986
4 867 887 875 381
4 706 187 13 323
4 131 96 692 99
4 687 646 737 509
4 805 16 39 322
4 663 443 801 623
4 741 95 478 578
4 55 811 649 657
4 266 433 497 20
4 228 674 526 302
4 352 551 361 671
4 657 337 483 761
4 650 161 570 449
4 738 452 882 354
4 446 746 245 906
4 963 142 140 797
4 57 593 783 751
4 582 403 875 968
4 611 527 1 119
4 729 213 764 876
4 144 1 950 521
4 178 891 471 549
4 828 830 871 182
4 48 432 507 100
4 984 101 537 403
4 446 824 966 461
4 345 686 135 394
4 606 309 378 823
4 478 497 799 681
4 488 938 259 322
4 441 290 48 62
4 125 394 915 103
4 633 627 258 193
4 609 153 731 5
4 919 488 32 826
4 527 583 318 686
4 687 290 892 54
4 835 153 419 668
4 115 909 2 203
4 927 805 82 509
4 425 149 806 602
4 827 505 223 326
4 943 343 551 39
4 446 4 16 726
4 989 321 164 155
4 178 610 753 694
4 226 985 843 635
4 887 808 78 986
4 131 229 193 981
4 128 854 838 712
4 668 585 227 460
4 994 784 413 38
4 770 541 328 666
4 564 908 530 246
4 927 171 654 677
4 934 355 729 170
4 41 346 648 864
4 619 14 275 432
4 925 787 378 672
4 684 709 892 209
4 44 511 192 743
4 660 415 783 230
4 805 108 236 89
4 951 174 864 667
4 580 929 487 794
4 463 897 13 322
4 14 833 757 89
4 564 682 750 530
4 963 351 740 637
4 883 973 766 520
4 93 555 243 705
4 201 447 116 351
4 904 567 662 285
4 256 6 990 961
4 741 889 46 947
4 709 185 614 148
4 305 941 547 947
4 927 140 356 802
4 874 998 836 460
4 899 83 141 204
4 130 703 109 163
4 62 564 841 545
4 160 308 620 320
4 813 397 368 136
4 772 16 385 523
4 74 389 694 849
4 134 229 728 308
4 563 406 216 386
4 117 220 783 630
4 615 345 209 456
4 301 882 667 87
4 329 770 579 245
4 741 496 490 121
4 790 562 538 520
4 906 942 308 952
4 576 776 130 388
4 741 856 647 394
4 989 682 514 191
4 134 733 520 986
4 430 510 193 449
4 41 607 894 511
4 110 937 154 239
4 367 612 135 892
4 71 948 81 954
4 443 307 229 27
4 343 337 892 644
4 107 544 712 472
4 920 547 267 606
4 787 346 987 708
4 776 644 450 267
4 733 153 954 285
4 650 25 783 758
4 633 469 879 423
4 793 801 785 34
4 144 833 633 596
4 997 432 620 97
4 988 973 1000 966
4 748 268 523 204
4 728 552 406 666
4 889 524 567 974
4 302 60 896 179
4 487 844 19 172
4 384 255 83 354
4 815 246 937 882
4 493 620 468 966
4 755 849 515 535
4 610 618 330 218
4 703 50 346 410
4 347 561 384 111
4 670 697 721 10
4 741 487 747 876
4 318 212 767 987
4 644 527 748 81
4 53 731 576 789
4 685 593 148 859
4 24 665 127 436
4 733 593 932 509
4 8 593 196 428
4 266 219 685 236
4 533 332 139 950
4 679 991 142 689
4 533 941 225 443
4 934 292 538 427
4 983 978 583 471
4 607 234 588 83
4 186 487 227 509
4 656 631 433 879
4 941 219 882 792
4 870 130 525 658
4 649 999 469 514
4 22 335 460 334
4 766 522 579 328
4 874 218 545 246
4 856 531 900 687
4 451 69 96 846
4 969 912 472 29
4 53 145 812 234
4 776 835 827 539
4 766 682 552 775
4 889 70 763 664
4 360 536 781 358
4 2 7 644 826
4 25 519 60 894
4 784 490 578 637
4 983 45 716 333
4 723 40 274 460
4 214 336 367 420
4 656 388 379 654
4 527 862 675 272
4 165 863 133 159
4 72 987 975 540
4 365 652 766 758
4 25 424 21 814
4 955 662 377 950
4 279 605 958 545
4 822 428 834 17
4 411 282 596 688
4 533 955 812 325
4 668 884 862 904
4 169 508 680 220
4 173 183 393 441
4 190 305 228 663
4 955 114 739 829
4 480 572 833 104
4 566 997 544 241
4 201 713 753 823
4 613 263 409 554
4 741 214 649 979
4 28 801 314 648
4 728 285 936 594
4 852 175 607 884
4 759 439 956 251
4 462 8 884 460
4 555 818 721 600
4 561 356 333 195
4 343 374 101 518
4 468 280 377 111
4 901 365 931 208
4 991 789 647 871
4 922 400 444 689
4 942 157 954 952
4 869 459 76 85
4 431 112 310 390
4 501 539 441 352
4 789 311 52 385
4 904 453 236 439
4 298 147 328 666
4 731 392 808 530
4 9 497 430 146
4 162 377 284 306
4 397 277 437 200
4 47 997 410 570
4 787 273 715 952
4 205 264 936 758
4 813 913 981 876
4 199 423 245 381
4 431 55 374 118
4 94 344 497 76
4 238 90 428 884
4 742 623 973 168
4 728 827 840 179
4 416 484 174 600
4 407 152 92 602
4 244 527 638 758
4 560 891 431 552
4 295 951 706 911
4 57 335 369 129
4 791 94 407 869
4 683 3 751 630
4 398 596 199 583
4 716 580 950 274
4 427 415 43 521
4 137 1 781 469
4 640 742 507 722
4 821 895 665 268
4 473 291 259 726
4 972 872 284 964
4 885 502 686 552
4 32 117 670 412
4 261 905 120 274
4 58 71 64 200
4 65 336 933 664
4 639 385 363 338
4 824 805 768 540
4 949 776 142 486
4 91 544 719 181
4 900 269 222 274
4 117 400 638 910
4 755 680 700 672
4 491 785 843 653
4 611 44 963 624
4 920 297 67 556
4 780 117 145 271
4 212 131 507 768
4 609 390 388 624
4 882 791 756 256
4 337 319 508 509
4 417 106 882 543
4 955 854 588 648
4 682 789 494 798
4 883 882 916 360
4 59 346 578 767
4 43 573 88 775
4 994 580 388 579
4 531 101 716 308
4 71 423 838 334
4 592 336 32 383
4 176 391 604 754
4 171 969 476 313
4 790 279 859 161
4 734 173 176 915
4 8 124 416 455
4 222 725 940 936
4 795 402 826 239
4 858 572 85 62
4 830 532 862 764
4 282 92 849 770
4 116 782 295 268
4 151 50 16 947
4 769 419 275 61
4 935 296 285 751
4 466 801 638 950
4 307 677 520 705
4 77 829 711 637
4 33 579 586 499
4 128 156 226 334
4 341 342 122 325
4 517 419 234 168
4 955 378 469 290
4 687 696 93 768
4 106 582 823 148
4 564 576 182 142
4 336 233 382 209
4 745 845 556 786
4 828 752 228 275
4 441 652 39 704
4 871 324 240 299
4 73 756 545 608
4 301 839 875 68
4 959 430 534 290
4 404 405 189 806
4 390 414 840 309
4 537 476 796 21
4 633 859 43 498
4 553 517 646 367
4 864 69 283 686
4 171 559 115 254
4 780 779 245 91
4 80 885 323 735
4 474 906 965 402
4 994 768 147 21
4 8 678 681 695
4 36 751 931 326
4 242 278 619 661
4 901 364 200 61
4 764 918 364 166
4 789 902 879 252
4 733 580 268 344
4 732 740 444 621
4 558 959 35 523
4 791 466 900 968
4 493 575 661 360
4 400 903 545 757
4 687 899 838 201
4 396 589 417 106
4 878 1000 272 786
4 108 279 213 706
4 430 623 322 475
4 536 356 725 549
4 811 963 6 624
4 49 103 715 846
4 8 2 774 751
4 796 998 792 810
4 524 587 427 600
4 398 243 814 612
4 4 998 367 87
4 867 762 462 677
4 469 626 494 549
4 881 776 281 848
4 685 144 263 657
4 999 530 170 514
4 963 92 489 974
4 261 560 788 641
4 970 450 742 512
4 647 546 456 511
4 996 155 594 877
4 725 401 230 639
4 969 104 659 583
4 999 278 142 274
4 760 116 208 664
4 995 492 143 876
4 172 379 242 573
4 452 32 135 936
4 706 977 868 458
4 555 962 206 209
4 393 922 591 783
4 336 640 793 976
4 23 926 804 761
4 784 774 134 51
4 610 507 361 952
4 814 200 658 239
4 900 620 522 921
4 919 801 601 701
4 739 631 352 761
4 375 757 841 525
4 619 145 395 570
4 236 822 972 485
4 795 555 954 198
4 716 592 307 476
4 977 546 565 29
4 38 742 715 550
4 703 854 28 83
4 404 75 119 189
4 375 400 722 535
4 197 524 221 767
4 161 452 259 607
4 57 960 895 61
4 811 489 879 362
4 632 372 459 382
4 265 738 571 982
4 378 974 693 196
4 418 241 534 52
4 656 674 321 783
4 37 10 832 449
4 978 86 743 675
4 142 32 281 17
4 976 474 678 456
4 408 232 490 986
4 51 307 399 543
4 365 132 872 102
4 610 942 907 672
4 631 135 936 875
4 420 122 54 156
4 379 584 529 671
4 636 494 26 938
4 433 94 673 371
4 537 780 271 103
4 609 134 565 806
4 874 462 938 806
4 364 724 404 116
4 484 610 387 968
4 790 463 377 690
4 264 995 269 862
4 165 136 473 146
4 887 440 189 102
4 657 543 194 514
4 153 864 998 968
4 25 290 123 623
4 914 380 277 435
4 840 448 607 884
4 167 31 103 757
4 627 938 444 89
4 580 907 866 525
4 334 819 63 742
4 795 962 592 246
4 542 428 737 195
4 312 186 544 40
4 985 566 233 364
4 888 582 328 429
4 406 912 710 530
4 994 900 752 880
4 994 734 136 470
4 832 745 455 27
4 432 675 300 585
4 755 712 748 835
4 815 60 583 385
4 227 621 288 181
4 368 977 633 234
4 809 860 297 244
4 939 99 435 100
4 463 325 450 123
4 174 542 607 982
4 483 100 231 163
4 963 625 898 383
4 77 316 865 351
4 819 31 465 578
4 732 928 574 860
4 178 56 551 317
4 506 302 271 630
4 172 137 763 850
4 835 118 215 436
4 184 928 809 968
4 856 347 72 388
4 101 652 415 655
4 312 981 187 181
4 172 628 392 492
4 722 831 159 726
4 222 253 591 245
4 815 235 938 456
4 779 277 193 516
4 12 579 550 850
4 184 897 860 359
4 398 614 774 208
4 290 976 384 603
4 657 84 234 938
4 425 16 904 213
4 151 185 149 601
4 665 283 233 457
4 438 439 872 840
4 816 217 373 522
4 96 908 770 208
4 411 8 886 690
4 686 565 188 351
4 976 395 419 372
4 602 679 702 358
4 265 55 802 317
4 125 888 492 141
4 719 160 686 543
4 113 844 632 434
4 987 957 726 204
4 774 791 325 367
4 972 660 58 540
4 610 329 959 975
4 685 897 34 540
4 343 468 652 286
4 57 4 151 748
4 494 677 721 313
4 596 280 724 667
4 171 686 635 816
4 90 331 21 823
4 609 819 273 886
4 478 550 10 749
4 613 410 961 277
4 269 780 800 229
4 69 674 837 170
4 919 557 531 204
4 479 668 757 97
4 788 398 399 483
4 574 488 745 457
4 524 919 58 465
4 830 379 371 509
4 5 661 461 771
4 284 864 387 485
4 782 300 952 925
4 873 50 399 27
4 50 161 92 477
4 542 919 462 133
4 922 3 164 9
4 151 487 932 97
4 741 756 5 69
4 991 459 285 860
4 959 292 66 939
4 226 122 742 230
4 316 561 608 309
4 120 878 710 687
4 196 427 181 146
4 47 713 966 954
4 934 929 904 933
4 347 374 949 245
4 714 799 648 917
4 900 755 171 526
4 729 258 90 91
4 250 85 545 102
4 501 578 135 177
4 610 899 48 902
4 445 427 430 173
4 316 814 869 419
4 447 437 958 938
4 59 551 110 436
4 560 12 546 200
4 918 867 459 94
4 226 274 573 635
4 538 770 879 66
4 293 455 99 616
4 173 571 968 514
4 433 10 999 690
4 36 951 667 458
4 748 384 572 17
4 864 989 474 240
4 348 517 773 930
4 997 649 751 518
4 311 670 249 783
4 724 37 931 154
4 885 162 361 579
4 348 716 286 781
4 448 254 973 231
4 575 84 215 251
4 242 575 747 448
4 684 295 998 115
4 24 804 678 714
4 117 588 367 707
4 848 284 750 452
4 499 529 127 391
4 20 622 766 554
4 15 831 330 696
4 755 803 82 680
4 310 261 488 937
4 91 903 879 600
4 66 191 43 962
4 9 881 406 291
4 928 297 134 577
4 639 857 668 767
4 312 738 531 67
4 793 406 885 749
4 602 947 497 572
4 858 939 244 146
4 883 587 542 209
4 891 662 519 484
4 889 2 179 604
4 879 54 916 1
4 703 685 325 102
4 446 145 674 782
4 30 693 777 663
4 924 6 447 544
4 107 606 329 432
4 844 865 857 433
4 368 813 613 233
4 30 188 575 767
4 541 976 782 351
4 567 642 643 321
4 947 203 28 595
4 605 205 335 759
4 748 909 875 783
4 874 580 62 36
4 506 935 578 116
4 772 370 571 136
4 488 361 244 736
4 822 811 524 35
4 742 382 448 726
4 128 879 272 475
4 149 300 67 299
4 887 287 520 256
4 687 13 1 170
4 81 534 374 203
4 131 862 489 846
4 585 388 659 803
4 566 730 240 476
4 558 653 630 380
4 301 452 263 638
4 388 658 662 746
4 280 800 482 251
4 567 512 981 754
4 649 376 68 666
4 917 484 96 469
4 47 2 957 571
4 506 2 21 866
4 649 657 320 786
4 489 119 801 534
4 567 2 388 246
4 748 148 571 86
4 610 221 742 503
4 101 681 288 236
4 398 775 130 189
4 282 739 916 27
4 500 300 867 671
4 861 583 152 942
4 368 833 172 314
4 819 589 79 223
4 760 832 668 240
4 610 890 831 744
4 961 303 711 356
4 741 785 243 568
4 224 149 724 23
4 327 199 972 457
4 426 946 60 877
4 158 842 144 896
4 370 874 839 681
4 738 634 88 258
4 542 513 577 139
4 685 470 70 294
4 614 550 475 987
4 281 608 257 206
4 779 974 957 119
4 488 448 939 276
4 704 513 450 58
4 790 992 149 982
4 24 510 77 287
4 820 277 696 600
4 870 481 267 722
4 221 778 71 982
4 567 793 515 475
4 209 76 62 604
4 723 703 155 964
4 491 453 78 548
4 397 474 378 27
4 795 316 615 402
4 888 534 569 288
4 439 89 952 286
4 898 877 380 987
4 53 559 259 602
4 898 236 156 369
4 873 421 32 64
4 307 131 683 11
4 411 374 596 931
4 745 23 618 877
4 457 349 581 860
4 112 308 165 208
4 641 192 782 130
4 997 447 445 182
4 205 614 213 86
4 28 376 538 18
4 220 66 475 602
4 691 19 386 540
4 2 771 416 544
4 747 893 378 987
4 724 28 98 231
4 469 965 387 189
4 301 563 373 700
4 327 160 391 660
4 566 36 207 722
4 327 793 473 532
4 122 922 972 109
4 57 650 364 402
4 924 724 320 803
4 47 903 20 647
4 654 904 944 413
4 494 903 54 63
4 122 121 629 230
4 645 149 623 230
4 506 311 918 581
4 527 196 544 302
4 649 448 619 416
4 128 91 290 595
4 943 639 505 85
4 387 692 302 601
4 867 66 858 164
4 504 16 119 168
4 387 931 948 263
4 399 803 454 250
4 280 698 122 189
4 394 441 103 722
4 546 459 818 172
4 564 619 281 26
4 709 214 809 839
4 769 396 101 157
4 134 785 38 204
4 757 329 589 803
4 186 243 827 377
4 74 733 346 286
4 642 717 400 996
4 496 836 18 823
4 795 501 377 603
4 229 829 459 450
4 242 149 95 251
4 301 752 833 772
4 927 673 368 895
4 442 700 535 758
4 609 904 86 626
4 422 804 82 26
4 411 43 653 688
4 205 39 901 272
4 565 770 547 364
4 642 185 292 736
4 47 750 322 513
4 77 734 104 753
4 71 278 415 436
4 943 430 596 947
4 784 235 346 279
4 788 267 382 189
4 963 831 92 170
4 8 564 164 509
4 343 199 897 768
4 355 720 60 678
4 825 123 991 290
4 55 939 839 785
4 79 190 217 413
4 733 596 514 666
4 887 585 333 987
4 730 518 454 823
4 927 90 943 177
4 795 289 178 617
4 46 48 320 915
4 657 576 753 299
4 918 622 655 810
4 533 571 445 176
4 788 744 951 957
4 784 493 10 786
4 773 591 617 754
4 546 10 13 961
4 430 139 48 602
4 88 404 64 923
4 478 962 95 326
4 618 496 713 810
4 205 919 58 859
4 364 303 926 520
4 330 588 276 869
4 824 715 523 182
4 973 21 458 671
4 874 572 215 689
4 133 324 423 272
4 922 137 854 401
4 553 652 681 486
4 494 558 980 986
4 770 73 362 412
4 21 403 930 223
4 687 658 594 716
4 173 42 848 236
4 766 115 706 812
4 1 30 333 102
4 47 442 860 182
4 192 382 625 800
4 347 86 932 845
4 355 908 928 711
4 824 205 193 831
4 50 995 641 338
4 258 323 571 873
4 902 906 443 869
4 519 409 858 326
4 155 522 754 100
4 424 283 601 356
4 598 116 814 136
4 947 494 213 548
4 64 3 257 626
4 732 364 751 449
4 178 429 902 273
4 140 195 837 540
4 867 81 198 230
4 152 607 679 931
4 519 337 540 700
4 221 130 457 476
4 928 254 590 637
4 779 153 502 109
4 922 411 972 344
4 785 802 395 206
4 59 683 753 535
4 881 353 6 781
4 768 672 569 653
4 343 945 237 875
4 418 973 798 439
4 822 122 483 386
4 49 765 580 87
4 771 909 237 847
4 555 336 796 629
4 110 881 320 141
4 963 562 661 761
4 780 644 693 498
4 963 330 877 581
4 117 693 52 78
4 506 755 505 794
4 731 130 594 830
4 878 266 728 664
4 354 427 556 933
4 693 864 849 905
4 527 400 813 895
4 755 287 877 704
4 275 622 203 717
4 158 541 241 990
4 827 550 433 436
4 327 871 432 373
4 416 350 753 691
4 280 58 560 283
4 822 988 843 705
4 524 697 838 291
4 408 261 879 732
4 311 579 715 768
4 92 534 837 923
4 845 512 237 207
4 828 267 844 120
4 88 393 16 688
4 370 463 934 725
4 878 296 173 807
4 342 254 894 313
4 994 67 508 45
4 336 796 525 701
4 71 389 139 952
4 746 565 648 688
4 750 958 826 810
4 878 782 420 232
4 517 330 247 299
4 519 495 647 950
4 937 448 85 915
4 345 437 388 66
4 3 588 195 549
4 301 41 912 827
4 468 174 694 27
4 463 986 67 921
4 977 282 270 979
4 878 84 195 522
4 922 173 108 447
4 480 771 253 121
4 153 726 234 159
4 321 271 101 444
4 254 986 853 664
4 327 423 268 460
4 811 158 579 599
4 451 616 655 40
4 788 187 667 29
4 641 1000 594 102
4 532 341 169 180
4 343 132 702 68
4 967 96 649 925
4 404 139 763 230
4 411 868 539 316
4 692 696 17 602
4 47 297 805 159
4 160 478 209 926
4 945 965 785 620
4 495 160 20 100
4 225 829 524 721
4 867 433 515 876
4 515 279 338 521
4 280 340 723 286
4 155 367 172 193
4 938 726 344 288
4 90 29 692 245
4 611 131 517 904
4 890 199 652 768
4 736 885 917 34
4 908 747 91 864
4 976 724 273 439
4 751 245 615 256
4 413 801 407 762
4 929 45 194 29
4 142 835 995 722
4 750 10 287 756
4 793 184 568 334
4 135 625 926 410
4 576 417 843 715
4 905 415 765 721
4 494 253 539 239
4 433 674 492 94
4 771 156 507 711
4 57 542 928 208
4 878 695 333 671
4 88 310 995 400
4 506 601 402 359
4 341 441 275 460
4 467 95 545 434
4 616 335 301 432
4 776 580 903 252
4 137 887 768 767
4 561 935 188 165
4 881 806 906 149
4 363 254 793 163
4 8 82 99 717
4 311 527 692 587
4 614 969 192 67
4 742 796 956 782
4 501 766 722 401
4 379 24 773 810
4 424 342 623 229
4 183 18 996 708
4 83 134 901 777
4 842 267 875 638
4 56 430 4 810
4 446 447 838 456
4 793 616 541 830
4 944 985 118 454
4 242 188 93 966
4 699 329 213 911
4 341 638 266 704
4 673 793 611 372
4 586 632 740 135
4 642 391 580 386
4 817 629 698 68
4 311 910 502 559
4 643 471 385 460
4 149 683 198 206
4 224 155 638 753
4 297 747 767 711
4 113 854 351 511
4 755 822 960 196
4 736 657 569 708
4 682 572 115 893
4 5 65 86 183
4 785 635 449 331
4 228 203 550 111
4 618 670 854 461
4 430 941 640 239
4 910 451 815 305
4 20 112 572 90
4 110 926 821 722
4 730 717 518 313
4 161 547 736 424
4 293 507 454 698
4 738 919 465 196
4 883 39 346 830
4 28 957 448 83
4 904 90 86 783
4 356 259 103 83
4 112 673 620 562
4 992 107 4 458
4 927 250 441 179
4 264 492 949 311
4 261 750 673 625
4 795 94 981 402
4 788 283 73 661
4 24 709 441 930
4 224 327 306 668
4 732 646 976 847
4 264 410 382 580
4 70 628 993 87
4 609 564 468 584
4 954 728 216 826
4 431 258 585 132
4 301 172 688 302
4 44 832 237 817
4 62 342 665 961
4 738 12 771 498
4 640 137 342 9
4 618 785 670 690
4 185 111 68 677
4 851 387 377 403
4 71 422 80 381
4 336 774 72 251
4 384 519 535 621
4 983 825 449 653
4 625 106 964 608
4 327 790 913 761
4 81 841 979 666
4 778 946 586 706
4 53 373 367 953
4 528 451 408 285
4 282 504 591 775
4 1000 75 571 316
4 533 173 245 439
4 566 706 85 148
4 881 493 180 979
4 355 696 206 604
4 657 317 182 511
4 652 605 168 951
4 127 745 143 599
4 926 951 49 886
4 321 775 263 163
4 951 977 180 761
4 418 12 474 121
4 703 654 287 930
4 881 304 972 552
4 883 835 952 102
4 776 969 331 299
4 205 172 16 707
4 824 50 974 643
4 505 440 998 27
4 496 88 65 549
4 988 390 514 399
4 43 316 962 837
4 575 759 941 800
4 610 401 997 956
4 261 53 700 17
4 972 24 820 476
4 993 685 427 971
4 639 101 952 754
4 1 13 594 189
4 922 293 579 181
4 135 195 698 85
4 795 135 548 309
4 684 564 118 540
4 911 867 390 731
4 315 375 875 168
4 490 952 273 23
4 616 593 309 923
4 640 12 447 796
4 439 55 618 305
4 731 837 982 230
4 283 753 658 476
4 329 14 355 530
4 375 695 302 99
4 169 494 30 516
4 504 308 227 436
4 824 752 316 792
4 124 833 297 877
4 995 688 415 434
4 533 785 590 432
4 712 964 531 207
4 854 901 433 468
4 442 496 256 968
4 534 792 102 503
4 738 747 447 322
4 686 387 736 672
4 348 620 657 29
4 541 603 64 917
4 755 605 710 217
4 789 289 676 768
4 167 898 485 629
4 851 324 183 239
4 607 941 873 661
4 645 283 119 209
4 745 119 89 465
4 444 926 323 193
4 965 633 272 722
4 214 820 928 616
4 741 261 983 674
4 421 231 680 629
4 547 376 563 359
4 615 807 187 129
4 183 649 545 666
4 538 243 620 443
4 215 61 78 67
4 900 265 767 339
4 709 197 330 441
4 994 25 218 407
4 371 73 28 754
4 746 142 541 9
4 311 572 238 189
4 842 795 310 413
4 859 410 376 894
4 298 981 331 271
4 32 764 599 971
4 899 133 230 937
4 598 3 456 1
4 466 463 82 174
4 329 258 126 521
4 618 49 383 975
4 889 480 93 29
4 264 157 189 657
4 340 298 820 603
4 518 195 923 604
4 922 316 873 808
4 269 109 28 855
4 720 46 998 180
4 11 953 838 658
4 437 379 202 28
4 963 340 498 521
4 650 725 453 356
4 225 954 323 540
4 998 852 469 834
4 918 72 372 612
4 991 205 964 381
4 101 839 836 671
4 409 93 549 177
4 547 370 131 792
4 256 105 538 590
4 832 545 29 67
4 927 393 686 513
4 884 387 232 20
4 432 585 443 634
4 900 563 568 570
4 741 682 706 792
4 614 636 155 512
4 776 421 46 314
4 479 820 243 787
4 392 310 7 208
4 301 887 544 748
4 684 225 369 44
4 983 604 499 1
4 1000 961 635 388
4 369 733 367 86
4 318 750 187 394
4 245 529 979 686
4 75 662 651 273
4 478 41 89 522
4 829 858 31 323
4 383 842 218 299
4 274 537 599 99
4 289 866 937 667
4 48 800 690 617
4 951 31 234 751
4 610 113 200 54
4 311 258 946 545
4 368 153 215 701
4 463 32 631 292
4 529 821 200 449
4 583 545 707 268
4 341 130 924 714
4 510 545 712 808
4 615 37 499 970
4 586 146 626 543
4 953 52 557 240
4 684 686 812 111
4 709 675 899 314
4 339 18 105 485
4 80 830 62 123
4 342 437 897 470
4 60 979 893 239
4 342 781 110 61
4 750 610 44 590
4 283 31 859 17
4 515 25 698 923
4 296 538 841 274
4 889 160 743 711
4 929 139 114 909
4 537 137 141 358
4 161 905 166 722
4 963 576 130 285
4 347 983 234 279
4 370 392 405 149
4 703 779 980 516
4 250 106 285 571
4 728 682 426 751
4 400 423 515 35
4 77 709 501 123
4 613 537 460 17
4 683 826 203 444
4 790 618 953 171
4 867 780 619 604
4 396 55 339 892
4 824 379 923 402
4 276 499 320 195
4 351 429 20 549
4 310 661 518 521
4 656 640 943 299
4 927 878 899 925
4 318 685 438 941
4 934 798 875 498
4 763 161 861 130
4 417 484 198 331
4 995 157 119 921
4 760 778 809 227
4 765 864 902 189
4 2 326 89 254
4 927 891 580 834
4 592 161 568 812
4 125 513 548 191
4 858 676 162 556
4 647 857 168 951
4 253 746 96 826
4 450 698 371 477
4 362 171 589 857
4 845 945 21 251
4 55 39 964 603
4 812 972 525 154
4 943 959 40 896
4 752 936 459 938
4 57 431 319 675
4 145 253 896 93
4 874 940 393 6
4 228 392 985 483
4 674 715 400 600
4 960 825 273 736
4 258 865 321 637
4 752 919 727 165
4 733 392 2 744
4 393 576 360 938
4 811 562 253 836
4 586 395 755 176
4 482 813 779 490
4 858 493 614 177
4 421 917 276 591
4 489 766 492 123
4 645 905 961 655
4 900 53 218 678
4 408 765 7 515
4 8 401 831 971
4 745 244 532 552
4 994 504 71 860
4 997 959 166 540
4 89 719 152 601
4 771 939 461 412
4 392 593 267 414
4 916 895 572 826
4 744 928 229 203
4 534 539 568 243
4 959 340 640 674
4 411 320 887 17
4 151 840 273 299
4 724 858 452 444
4 969 890 723 768
4 649 434 643 160
4 448 219 996 472
4 8 747 84 890
4 425 709 606 460
4 760 596 464 678
4 929 233 957 708
4 917 314 640 559
4 552 897 63 473
4 592 92 915 121
4 795 579 516 600
4 574 430 73 958
4 640 50 536 580
4 292 855 81 380
4 580 766 723 443
4 702 713 707 367
4 463 353 177 714
4 347 983 13 647
4 673 935 715 97
4 618 829 13 781
4 290 121 534 601
4 446 884 241 119
4 765 40 894 521
4 862 543 287 230
4 978 161 461 470
4 22 872 27 958
4 665 549 81 998
4 296 402 516 456
4 278 499 865 374
4 702 879 722 579
4 654 564 356 223
4 56 830 20 435
4 46 438 749 299
4 691 640 673 298
4 649 232 765 694
4 825 620 83 676
4 160 581 549 987
4 224 725 253 830
4 295 490 196 582
4 827 173 517 860
4 742 624 973 986
4 883 22 640 964
4 656 699 687 869
4 613 407 12 250
4 626 112 992 607
4 194 734 237 82
4 259 316 148 694
4 697 30 961 142
4 918 408 896 638
4 994 644 824 900
4 94 529 518 239
4 551 164 483 923
4 421 280 72 363
4 790 719 320 263
4 517 841 763 637
4 727 404 534 676
4 779 542 526 299
4 348 186 315 749
4 499 261 670 492
4 927 884 871 680
4 93 956 512 578
4 728 150 296 387
4 822 974 115 136
4 723 68 602 671
4 952 89 938 38
4 718 836 438 510
4 825 746 665 109
4 8 826 696 309
4 229 706 529 819
4 255 208 910 620
4 139 165 225 879
4 935 459 570 102
4 970 731 853 97
4 890 304 251 876
4 282 849 459 358
4 920 148 773 294
4 820 426 957 503
4 281 869 531 387
4 117 219 276 777
4 656 901 467 433
4 295 303 626 711
4 687 175 28 86
4 874 922 92 669
4 753 338 706 945
4 943 802 615 444
4 340 59 89 369
4 574 417 45 313
4 985 552 99 359
4 269 861 212 177
4 748 278 127 126
4 2 174 36 254
4 332 935 373 599
4 809 192 139 118
4 942 919 498 552
4 728 454 445 498
4 44 384 287 586
4 88 963 674 569
4 212 437 133 83
4 115 589 647 526
4 176 203 915 314
4 683 81 1 743
4 176 603 270 288
4 55 640 541 926
4 547 166 818 260
4 114 414 635 853
4 618 729 489 191
4 336 454 10 239
4 811 573 210 136
4 221 929 924 475
4 935 713 158 570
4 90 793 267 544
4 340 793 174 683
4 741 684 33 848
4 609 916 633 482
4 838 274 873 837
4 57 732 719 126
4 75 321 810 511
4 92 991 227 82
4 778 668 818 884
4 494 309 872 909
4 501 104 253 643
4 940 133 711 163
4 881 910 217 193
4 508 616 275 839
4 827 868 946 655
4 759 219 355 629
4 481 95 789 705
4 80 437 905 333
4 205 406 716 99
4 355 110 894 846
4 258 686 603 921
4 505 694 360 100
4 330 368 552 590
4 28 924 321 271
4 994 527 252 285
4 873 383 987 846
4 824 266 368 810
4 343 596 30 334
4 773 720 634 978
4 144 350 261 925
4 983 530 717 244
4 538 120 813 380
4 10 941 607 54
4 855 587 847 961
4 746 910 432 771
4 916 653 935 947
4 685 105 200 342
4 47 479 603 595
4 822 51 442 857
4 114 992 89 6
4 90 165 81 251
4 622 5 383 476
4 261 336 218 390
4 868 167 855 166
4 718 555 403 579
4 353 92 813 438
4 788 888 593 370
4 983 521 418 230
4 924 123 220 443
4 683 764 729 577
4 340 808 245 260
4 500 538 978 981
4 632 861 608 317
4 636 390 229 701
4 160 502 526 523
4 741 803 21 68
4 618 998 443 63
4 536 439 544 681
4 241 641 693 545
4 654 959 204 239
4 748 711 764 791
4 592 836 627 499
4 598 53 726 751
4 827 295 292 540
4 555 213 376 204
4 795 596 507 476
4 537 424 254 951
4 499 439 413 181
4 352 508 832 754
4 640 681 36 204
4 555 932 799 569
4 875 318 98 675
4 879 798 314 356
4 262 606 104 440
4 365 410 250 91
4 23 289 45 223
4 927 95 25 238
4 418 538 267 26
4 741 175 420 297
4 717 945 669 223
4 684 161 31 102
4 684 611 243 659
4 410 814 476 947
4 4 448 903 239
4 691 242 400 958
4 614 316 321 689
4 790 105 519 227
