4 416 897 125 47
4 324 551 899 915
4 63 54 384 990
4 582 262 795 5
4 440 402 506 126
4 476 636 826 876
4 944 184 262 996
4 257 693 25 329
4 444 627 328 177
4 531 857 282 819
4 664 629 592 714
4 791 655 614 278
4 944 655 698 743
4 206 616 798 432
4 384 905 974 8
4 497 246 958 827
4 108 793 184 830
4 787 96 361 776
4 651 942 267 575
4 877 689 853 697
4 922 867 788 66
4 483 340 203 403
4 806 710 817 498
4 854 672 322 405
4 469 178 688 713
4 227 905 279 277
4 749 543 428 955
4 636 131 191 923
4 366 684 50 570
4 166 772 466 364
4 664 439 483 379
4 397 481 577 649
4 502 891 829 989
4 94 134 704 149
4 234 570 974 966
4 960 890 697 103
4 40 405 900 431
4 990 297 512 330
4 960 102 262 383
4 731 690 273 912
4 115 598 508 845
4 245 257 627 195
4 839 195 584 701
4 74 199 372 321
4 160 467 36 224
4 109 884 248 819
4 185 920 999 564
4 121 614 397 283
4 110 245 317 492
4 560 321 172 958
4 3 762 260 503
4 93 940 339 613
4 276 643 856 644
4 635 735 163 603
4 712 730 35 484
4 371 739 496 827
4 84 866 145 149
4 777 659 588 915
4 655 872 820 472
4 614 216 728 81
4 908 394 443 8
4 6 401 691 337
4 366 478 965 343
4 159 495 661 319
4 99 824 25 399
4 62 268 756 51
4 762 347 753 50
4 464 372 888 240
4 369 18 374 97
4 627 356 781 456
4 365 17 566 399
4 538 689 963 569
4 713 379 29 272
4 45 947 120 627
4 174 903 309 829
4 333 237 601 843
4 507 312 965 695
4 418 511 906 166
4 765 5 839 544
4 524 881 880 317
4 712 115 294 400
4 851 306 728 767
4 185 659 180 116
4 5 489 26 568
4 980 611 18 33
4 652 585 55 33
4 882 927 74 587
4 524 897 514 334
4 442 670 139 854
4 439 10 267 8
4 820 533 955 455
4 23 2 514 414
4 804 322 574 444
4 801 796 813 460
4 547 47 915 665
4 416 827 966 844
4 322 716 620 852
4 85 999 15 995
4 778 610 22 490
4 510 246 525 116
4 726 812 458 564
4 61 415 450 683
4 110 906 102 283
4 532 428 641 701
4 554 579 848 295
4 74 284 636 747
4 413 570 534 741
4 207 195 95 761
4 699 598 230 494
4 733 408 206 424
4 627 474 178 939
4 797 382 198 701
4 77 236 240 463
4 145 792 766 590
4 546 104 252 462
4 679 725 238 464
4 312 948 958 8
4 709 598 977 795
4 335 407 490 953
4 293 561 448 139
4 874 580 972 923
4 853 129 745 509
4 416 6 935 601
4 63 854 432 649
4 931 73 493 66
4 435 994 314 106
4 439 304 719 844
4 599 29 493 820
4 241 720 742 397
4 453 712 861 876
4 628 881 473 873
4 517 365 955 991
4 418 488 345 662
4 181 437 49 923
4 389 405 831 151
4 121 46 880 422
4 836 926 893 890
4 435 447 297 713
4 974 222 815 816
4 991 144 259 989
4 368 766 973 221
4 234 413 55 604
4 648 937 184 900
4 549 897 351 658
4 73 875 972 520
4 32 982 190 716
4 797 63 280 562
4 411 362 282 536
4 841 666 587 264
4 529 120 249 572
4 237 468 914 972
4 975 547 6 458
4 304 534 734 626
4 878 519 670 445
4 615 132 417 509
4 19 664 225 946
4 493 803 254 173
4 672 60 695 345
4 911 318 490 688
4 663 516 11 715
4 294 735 291 496
4 227 821 789 182
4 870 294 944 815
4 882 828 410 223
4 944 351 384 149
4 380 70 97 205
4 521 911 481 8
4 977 421 666 215
4 908 400 421 933
4 760 400 824 815
4 517 821 466 969
4 809 308 112 139
4 411 546 692 868
4 82 218 591 637
4 726 241 410 72
4 727 513 130 149
4 340 166 661 522
4 847 32 447 6
4 628 913 262 57
4 572 216 797 6
4 91 778 324 81
4 366 934 160 490
4 153 700 406 70
4 466 487 718 336
4 134 257 291 211
4 939 845 66 698
4 100 682 709 310
4 160 254 159 848
4 882 299 95 263
4 898 838 557 96
4 470 278 773 207
4 926 985 841 75
4 479 353 799 247
4 357 435 607 388
4 984 611 968 761
4 143 817 141 839
4 62 381 118 493
4 83 866 979 883
4 517 901 891 51
4 391 132 407 322
4 133 682 857 649
4 533 594 283 711
4 685 251 687 845
4 562 654 767 564
4 964 951 945 927
4 442 693 313 848
4 303 777 46 718
4 621 142 577 523
4 441 768 116 933
4 511 898 686 730
4 556 651 403 203
4 627 402 327 921
4 120 366 961 661
4 424 737 316 794
4 806 98 476 269
4 46 27 740 697
4 685 510 352 537
4 927 997 708 983
4 376 696 543 784
4 596 23 348 14
4 993 824 745 950
4 898 465 971 129
4 464 810 808 180
4 391 143 149 701
4 994 814 308 462
4 53 337 751 114
4 659 478 521 117
4 805 904 200 420
4 3 433 225 789
4 765 508 212 790
4 879 875 236 504
4 655 915 434 51
4 710 642 173 782
4 308 880 211 92
4 305 223 790 723
4 337 293 933 698
4 655 759 645 492
4 873 662 540 601
4 64 632 239 895
4 365 219 727 812
4 627 22 142 433
4 971 694 669 846
4 957 380 220 249
4 201 814 360 936
4 931 138 393 277
4 273 417 952 795
4 73 351 402 220
4 379 370 483 509
4 713 15 990 698
4 261 653 322 567
4 251 876 852 695
4 783 209 226 564
4 700 300 844 555
4 900 646 45 754
4 457 862 943 900
4 61 581 158 388
4 863 868 622 412
4 984 12 914 933
4 904 28 814 394
4 710 865 858 233
4 33 290 222 548
4 704 330 759 421
4 685 689 213 602
4 715 222 173 513
4 271 74 40 145
4 997 616 422 661
4 67 115 578 649
4 739 299 192 830
4 506 245 733 652
4 738 7 119 69
4 700 668 499 525
4 271 22 788 168
4 309 627 747 844
4 797 611 671 230
4 889 530 746 332
4 806 917 984 40
4 413 894 673 450
4 600 810 543 135
4 788 924 887 767
4 964 571 981 101
4 691 310 899 564
4 806 884 492 396
4 204 454 273 434
4 102 54 323 233
4 380 521 242 979
4 547 774 375 143
4 465 891 387 933
4 700 998 368 365
4 271 708 667 80
4 453 13 815 918
4 709 747 1000 706
4 655 853 207 455
4 560 362 965 837
4 172 882 893 487
4 560 782 332 819
4 423 21 846 471
4 960 681 6 711
4 188 65 250 289
4 554 872 865 484
4 818 4 615 741
4 61 977 878 597
4 785 115 832 152
4 363 783 267 202
4 857 845 277 496
4 898 853 788 500
4 664 736 208 684
4 64 115 252 697
4 158 528 81 996
4 419 50 828 603
4 439 997 304 97
4 953 160 551 590
4 993 508 190 92
4 400 595 229 279
4 288 166 500 164
4 4 716 666 591
4 523 598 21 575
4 253 601 810 350
4 98 640 182 164
4 411 145 827 268
4 842 487 325 568
4 595 447 688 766
4 341 474 225 665
4 944 351 344 95
4 3 769 254 639
4 341 947 537 80
4 423 441 332 114
4 762 33 365 267
4 700 409 549 117
4 230 867 883 969
4 693 457 319 312
4 944 774 713 563
4 59 250 152 345
4 64 425 426 86
4 406 209 563 154
4 340 413 327 204
4 34 478 845 314
4 160 327 384 852
4 952 546 475 430
4 926 903 883 564
4 663 630 495 996
4 714 708 674 283
4 416 462 480 103
4 343 151 687 405
4 305 211 443 800
4 411 19 902 869
4 121 298 912 243
4 595 480 247 297
4 73 780 48 348
4 108 256 441 182
4 672 1000 58 462
4 422 15 53 718
4 593 913 300 225
4 446 861 167 639
4 685 692 441 533
4 109 404 506 624
4 465 865 148 619
4 565 571 756 129
4 179 597 753 544
4 981 373 432 949
4 356 181 37 974
4 338 487 974 647
4 286 642 60 926
4 609 158 122 422
4 170 699 810 80
4 524 304 858 125
4 392 453 915 629
4 253 44 683 833
4 748 549 584 955
4 341 513 785 823
4 345 596 104 946
4 679 378 1000 480
4 354 104 237 8
4 82 393 748 821
4 45 936 310 536
4 230 194 619 718
4 411 488 519 761
4 762 136 171 732
4 234 808 421 513
4 88 642 289 905
4 299 294 268 988
4 863 31 72 237
4 28 755 81 239
4 944 593 113 75
4 77 245 922 430
4 105 400 147 522
4 524 244 948 971
4 858 828 982 478
4 285 20 442 899
4 342 579 117 196
4 517 555 394 948
4 983 857 388 639
4 476 38 70 717
4 461 522 952 53
4 504 202 402 494
4 98 332 848 1
4 648 94 382 670
4 636 320 274 694
4 364 739 689 220
4 847 144 2 146
4 100 708 666 139
4 681 547 513 466
4 894 796 563 114
4 748 549 586 869
4 530 948 368 332
4 777 55 65 607
4 824 28 559 344
4 852 796 955 946
4 710 538 88 326
4 626 736 300 372
4 839 976 757 509
4 314 470 30 723
4 174 843 281 542
4 963 419 475 494
4 835 506 687 375
4 657 867 359 561
4 73 930 659 621
4 3 329 743 189
4 618 23 310 168
4 657 900 627 102
4 94 654 18 487
4 554 404 513 979
4 59 810 851 962
4 749 389 686 387
4 595 473 12 948
4 842 273 942 923
4 276 256 705 989
4 79 669 732 658
4 107 308 278 339
4 136 752 892 959
4 106 598 968 542
4 273 642 448 587
4 815 381 761 716
4 936 634 784 577
4 194 745 422 292
4 73 487 899 989
4 780 319 934 969
4 599 450 11 512
4 621 960 998 966
4 664 186 483 238
4 660 844 815 686
4 251 475 335 274
4 652 406 272 91
4 615 892 323 364
4 197 828 711 218
4 110 138 733 337
4 266 228 421 455
4 320 560 237 548
4 366 695 869 169
4 7 900 348 845
4 482 453 664 211
4 628 252 840 561
4 57 653 68 91
4 214 601 80 559
4 392 17 755 498
4 825 44 323 587
4 84 41 51 583
4 511 497 871 235
4 517 600 828 811
4 128 297 49 899
4 874 942 53 179
4 514 305 457 606
4 322 581 148 211
4 531 647 261 215
4 951 839 280 8
4 769 596 158 404
4 505 353 757 833
4 859 417 174 367
4 46 867 925 365
4 286 521 477 478
4 877 462 674 658
4 206 988 927 139
4 945 299 792 122
4 427 410 462 97
4 148 55 468 302
4 917 791 504 580
4 108 797 609 635
4 724 106 623 97
4 710 973 844 551
4 660 709 177 330
4 391 652 603 592
4 507 547 776 306
4 596 194 63 505
4 170 255 732 827
4 359 618 840 637
4 809 253 935 654
4 142 638 715 187
4 696 395 20 632
4 692 215 29 757
4 894 704 189 501
4 691 990 16 675
4 935 557 661 584
4 153 764 321 933
4 3 324 165 359
4 228 294 610 6
4 993 785 696 473
4 474 653 436 819
4 803 569 444 403
4 662 577 250 983
4 55 281 959 890
4 931 475 606 732
4 335 276 737 810
4 777 719 506 383
4 271 879 25 573
4 43 521 620 837
4 356 653 264 448
4 134 691 896 565
4 210 390 913 26
4 197 663 218 86
4 749 49 789 113
4 987 997 799 325
4 546 735 575 785
4 944 187 261 687
4 664 635 187 334
4 181 744 734 919
4 177 567 9 455
4 185 659 748 506
4 694 763 884 918
4 685 174 583 988
4 166 747 438 147
4 133 210 13 761
4 663 787 22 697
4 38 813 238 404
4 89 331 610 893
4 438 899 154 794
4 967 198 356 405
4 271 389 951 129
4 859 233 374 72
4 453 622 228 698
4 429 905 826 740
4 638 863 60 974
4 59 797 611 516
4 109 77 661 602
4 987 672 347 782
4 69 417 150 962
4 271 299 688 487
4 96 906 978 329
4 447 43 964 26
4 585 286 55 235
4 745 850 55 275
4 860 916 289 116
4 554 773 288 384
4 59 802 472 103
4 177 712 247 119
4 922 13 667 698
4 107 351 971 309
4 730 12 607 558
4 660 467 433 10
4 858 131 96 702
4 266 145 404 2
4 335 659 965 849
4 43 624 161 78
4 684 939 445 26
4 187 534 173 362
4 557 353 238 820
4 189 627 602 799
4 554 832 587 72
4 45 615 752 397
4 391 657 636 654
4 734 210 773 139
4 105 477 459 509
4 770 747 117 279
4 395 993 44 794
4 45 252 71 775
4 210 250 621 347
4 700 32 409 294
4 338 980 466 937
4 324 173 533 313
4 889 413 503 161
4 382 480 656 8
4 920 54 772 979
4 186 664 155 577
4 867 621 691 202
4 618 704 162 443
4 420 514 587 649
4 499 335 675 645
4 298 261 603 235
4 299 681 249 156
4 642 766 952 154
4 511 748 759 38
4 64 537 920 563
4 632 72 146 813
4 820 731 21 968
4 925 492 503 558
4 651 293 764 375
4 442 991 919 412
4 785 583 970 317
4 110 475 46 676
4 882 173 303 813
4 28 517 958 586
4 659 598 722 482
4 540 54 111 495
4 359 551 631 402
4 73 560 923 135
4 621 131 114 701
4 327 236 329 330
4 415 963 394 757
4 7 771 756 164
4 550 597 802 885
4 571 504 221 460
4 55 806 965 75
4 324 246 240 275
4 980 531 223 336
4 101 406 28 939
4 406 643 834 604
4 726 120 637 454
4 983 537 46 248
4 497 961 489 933
4 244 117 253 953
4 9 302 621 195
4 668 152 515 375
4 177 589 963 157
4 425 771 84 634
4 101 922 866 147
4 778 423 796 702
4 435 40 646 224
4 34 670 401 568
4 105 581 813 137
4 485 947 298 811
4 118 842 570 112
4 540 94 221 243
4 475 327 827 421
4 547 721 425 92
4 266 744 453 414
4 870 914 937 218
4 592 553 81 721
4 786 762 228 919
4 743 375 237 633
4 418 907 584 285
4 836 48 788 477
4 977 328 165 466
4 341 508 759 145
4 435 674 839 222
4 108 362 606 113
4 863 868 249 647
4 508 150 895 380
4 323 820 651 179
4 185 241 275 111
4 804 361 350 722
4 297 598 365 714
4 32 886 33 399
4 911 842 277 174
4 679 906 177 148
4 184 308 623 146
4 115 16 773 647
4 427 696 988 456
4 863 818 817 319
4 547 451 43 678
4 605 576 361 794
4 435 367 445 754
4 438 510 445 50
4 726 988 656 169
4 547 549 101 316
4 87 834 641 884
4 491 539 750 873
4 774 935 179 919
4 880 38 610 242
4 411 361 37 755
4 138 433 165 190
4 22 592 924 471
4 184 162 161 934
4 22 929 262 381
4 266 696 773 514
4 809 726 311 1000
4 46 445 5 559
4 112 250 83 992
4 69 324 957 552
4 803 721 653 119
4 572 766 38 312
4 150 664 174 493
4 864 947 465 528
4 132 140 233 279
4 486 353 360 913
4 532 750 129 606
4 266 333 315 607
4 625 101 171 215
4 438 945 81 484
4 59 616 177 527
4 771 645 261 471
4 994 537 957 162
4 418 858 119 450
4 166 72 711 414
4 482 824 964 460
4 993 382 294 504
4 171 271 449 188
4 399 664 207 734
4 987 308 579 603
4 525 922 677 559
4 685 736 716 523
4 138 835 635 837
4 94 967 802 277
4 160 792 597 270
4 408 404 636 424
4 416 226 565 819
4 52 907 354 812
4 582 986 861 680
4 739 420 539 215
4 277 997 731 607
4 185 356 690 932
4 48 448 232 528
4 907 122 308 912
4 814 31 306 81
4 550 352 155 844
4 911 714 884 164
4 335 707 15 857
4 206 674 382 62
4 842 958 647 603
4 776 879 605 680
4 177 831 874 270
4 765 308 160 462
4 638 366 563 398
4 219 928 267 603
4 578 447 460 295
4 930 922 935 451
4 256 986 179 792
4 489 782 156 116
4 64 621 744 462
4 551 576 665 649
4 201 178 920 13
4 344 604 42 923
4 486 198 616 850
4 614 186 961 394
4 196 332 139 799
4 170 659 148 893
4 153 749 903 900
4 216 468 327 65
4 483 739 842 703
4 774 629 812 498
4 93 773 336 97
4 812 881 695 76
4 88 863 971 287
4 213 935 730 469
4 341 18 833 114
4 1000 37 393 496
4 375 646 730 921
4 475 780 694 263
4 219 204 875 978
4 320 354 604 992
4 482 296 957 559
4 7 291 832 467
4 526 297 583 381
4 120 683 416 339
4 340 755 169 26
4 127 188 134 968
4 884 956 196 519
4 341 906 645 342
4 609 567 888 112
4 577 962 284 795
4 442 470 817 494
4 20 574 750 743
4 284 371 349 761
4 322 294 620 298
4 789 729 331 516
4 468 226 116 211
4 740 493 373 394
4 176 207 293 149
4 304 231 634 278
4 517 482 702 799
4 133 17 269 179
4 337 296 275 602
4 614 531 991 950
4 944 57 978 314
4 614 256 879 580
4 700 973 370 239
4 948 370 861 203
4 127 855 236 396
4 338 857 730 292
4 347 778 374 428
4 465 897 473 386
4 190 753 221 70
4 773 795 329 761
4 786 951 214 370
4 628 575 154 260
4 509 924 471 137
4 392 464 861 597
4 355 87 140 227
4 963 377 334 159
4 894 67 244 852
4 55 865 26 409
4 682 792 493 199
4 734 924 594 481
4 424 640 668 741
4 867 167 876 91
4 406 693 216 278
4 767 348 820 182
4 877 9 302 137
4 893 879 351 667
4 907 576 936 275
4 660 407 750 551
4 632 334 364 179
4 257 74 190 205
4 204 403 530 613
4 412 226 277 957
4 882 413 547 289
4 338 723 852 785
4 779 626 211 895
4 133 60 988 92
4 42 774 131 111
4 89 897 563 651
4 772 217 560 742
4 924 304 937 824
4 808 199 331 697
4 644 820 888 723
4 198 78 401 183
4 517 769 609 155
4 840 793 149 458
4 3 61 521 493
4 444 935 970 795
4 457 987 62 653
4 726 232 886 961
4 634 569 469 302
4 847 938 413 317
4 677 163 908 607
4 216 242 990 735
4 633 483 865 714
4 672 167 421 568
4 341 25 119 665
4 507 940 194 583
4 847 653 706 5
4 497 63 473 844
4 853 713 322 973
4 100 1000 292 512
4 160 863 548 139
4 818 829 280 56
4 672 351 202 396
4 556 842 63 146
4 696 920 128 230
4 155 71 560 102
4 266 466 807 954
4 668 666 467 989
4 115 337 776 613
4 239 783 696 542
4 17 621 238 946
4 657 838 160 469
4 764 15 171 468
4 304 891 433 678
4 44 214 502 1
4 330 20 361 651
4 758 310 199 941
4 957 632 428 332
4 209 109 608 459
4 863 538 734 584
4 936 238 324 916
4 809 293 450 202
4 110 596 535 512
4 488 704 317 932
4 582 944 442 220
4 362 713 402 334
4 359 237 421 918
4 621 346 56 313
4 445 474 743 545
4 132 549 72 215
4 185 898 366 743
4 502 481 849 991
4 647 24 367 97
4 861 674 514 545
4 148 54 978 420
4 566 820 552 285
4 435 395 669 751
4 284 675 374 13
4 876 627 936 51
4 987 615 988 243
4 413 327 191 496
4 608 488 872 1000
4 446 207 211 274
4 605 888 155 592
4 64 157 456 948
4 121 737 158 711
4 60 494 405 631
4 731 507 12 950
4 645 944 163 843
4 486 245 870 226
4 255 944 398 540
4 517 427 917 914
4 134 347 307 322
4 611 879 822 314
4 266 427 67 332
4 315 870 856 933
4 565 22 881 385
4 832 927 618 310
4 710 221 430 268
4 234 483 380 975
4 599 111 325 943
4 551 890 339 154
4 911 571 237 316
4 997 122 865 165
4 916 337 85 957
4 862 489 193 139
4 849 935 998 533
4 7 352 596 119
4 805 79 592 451
4 793 331 165 837
4 513 550 67 831
4 435 636 786 993
4 315 80 721 544
4 138 304 605 811
4 417 466 322 471
4 616 399 156 976
4 287 894 961 619
4 632 192 992 199
4 691 579 956 984
4 171 645 318 983
4 210 373 84 936
4 682 387 902 984
4 847 818 500 310
4 389 793 333 843
4 692 160 86 694
4 600 243 851 254
4 893 735 134 405
4 719 874 493 544
4 134 170 136 423
4 194 188 948 430
4 944 79 731 112
4 369 427 112 688
4 409 708 70 665
4 437 113 204 489
4 54 380 507 46
4 882 461 802 886
4 961 862 592 667
4 387 431 223 607
4 406 29 4 487
4 105 247 343 382
4 806 141 43 908
4 9 721 324 970
4 449 301 136 793
4 360 291 445 522
4 379 982 919 51
4 389 849 550 851
4 348 259 728 943
4 36 316 741 484
4 688 220 634 451
4 834 304 904 339
4 712 971 282 385
4 550 284 661 383
4 357 84 612 532
4 403 981 934 205
4 305 486 238 707
4 898 480 670 412
4 369 242 661 268
4 870 476 238 141
4 517 731 828 711
4 911 540 850 336
4 357 218 65 489
4 304 58 586 763
4 308 370 363 52
4 208 382 504 919
4 695 822 314 80
4 286 659 69 488
4 158 499 477 148
4 246 132 606 942
4 415 49 337 472
4 726 176 988 901
4 725 525 914 775
4 961 445 381 542
4 286 46 499 763
4 998 423 244 512
4 894 820 336 878
4 629 530 27 978
4 82 413 659 248
4 251 146 205 955
4 993 723 70 405
4 892 957 836 292
4 409 834 195 191
4 459 727 434 482
4 554 19 798 352
4 755 158 736 603
4 194 712 635 836
4 320 425 531 103
4 648 112 574 29
4 869 30 330 506
4 598 735 76 941
4 133 233 301 575
4 48 698 958 455
4 643 440 303 436
4 426 537 309 784
4 190 763 878 39
4 695 47 243 325
4 298 469 186 281
4 255 825 386 1
4 404 947 225 885
4 739 930 956 850
4 824 334 650 328
4 335 354 752 934
4 48 27 708 761
4 743 436 272 829
4 485 708 978 832
4 437 571 667 989
4 838 929 916 62
4 7 133 574 820
4 765 975 699 674
4 927 198 225 205
4 121 783 322 572
4 70 888 285 982
4 34 713 63 431
4 824 870 85 958
4 994 473 159 80
4 769 824 647 322
4 998 143 580 183
4 850 204 398 843
4 246 176 269 895
4 777 502 288 159
