1 0.6938913790158229
2 2.39515913260717
3 12.284201624434505
4 0.07339142861602087
5 2.1169320361722908
6 0.6162617117470253
7 0.4486313607904186
8 0.9896068792847607
9 0.5050924520474704
10 0.7904580095372864
11 8.231158472881072
12 1.3438492196320337
13 0.5244414992138793
14 0.5844348921500553
15 0.4724668063675337
16 0.25251983452323035
17 1.3711968628120128
18 0.34854097021127717
19 0.8349227666245274
20 0.9885833414353647
21 3.5263478191919075
22 0.6907662931176396
23 1.2241422579783299
24 4.2394055563574335
25 0.007496675034797401
26 0.5818514385307343
27 2.1688114384562533
28 1.5856195973377019
29 0.35144856285719267
30 2.045572488292963
31 0.10698161724098436
32 0.3152633774400529
33 5.364941200485425
34 3.3858993077970143
35 0.32607404909208
36 0.16970320793787597
37 0.31392478075102576
38 0.33211440730137787
39 3.114310907831075
40 0.1777909051654214
41 0.6952095921400747
42 0.20952042418206487
43 1.008877710676211
44 5.951560864203021
45 0.061326683731585487
46 0.9148573249082971
47 0.4497177941851381
48 0.1889567751075012
49 0.004009369739696042
50 0.5390603440429053
51 6.027835859855846
52 1.411511871386718
53 0.29752185614478033
54 4.005399954114863
55 0.7467465603388809
56 5.131903358352697
57 25.43570891415347
58 0.035259735634491696
59 0.7648295402541904
60 0.47925371170539355
61 0.32356232695001236
62 0.043532332170885035
63 0.9439465641722625
64 0.08618891085870659
65 4.008747507036715
66 2.562250030304749
67 1.2348713226814492
68 111.56174504659822
69 28.303407548808874
70 0.43102896819029385
71 0.08242799183033826
72 8.515592062804211
73 60.01504127546457
74 0.5070143600264302
75 0.484017118338532
76 0.006296394327422417
77 2.6756637390199374
78 0.3215916621624161
79 2.0205470862948687
80 0.5255234587191249
81 0.6958438149931377
82 0.7398979785186356
83 2.340175391537448
84 1.8043753276417023
85 0.40854293442721734
86 10.078917273541608
87 0.9106775768119635
88 1.15086373571021
89 0.3474559329361097
90 0.5089847624496697
91 1.1977778954282319
92 0.4151708237914811
93 0.11791723709254381
94 1.4548986378481479
95 0.8168016568101673
96 1.983619577181239
97 0.32697516684578165
98 2.5035757299088677
99 3.812977866076091
100 2.6892620928451993
101 2.4597050727898733
102 10.024412072868106
103 1.374827142870107
104 0.01339684755786474
105 11.33588449128728
106 4.677706406804217
107 27.634247083926073
108 0.39291912711508903
109 1.05806117909948
110 0.5463697180892165
111 2.3026308866588945
112 0.071747115574292
113 1.6978772877644805
114 0.35359038633912027
115 0.311539550877933
116 0.569385322626822
117 2.7974367938786084
118 1.3580594935071457
119 0.1266463417305202
120 2.8011032881347155
121 18.673316177053838
122 0.25177323143004704
123 0.7017949392796766
124 2.9416359754079107
125 0.7342245484857669
126 7.039164581397104
127 0.851675177366847
128 2.3708417855798882
129 0.7266594573951423
130 0.018283593068069755
131 0.5493833665330576
132 2.1702559748580432
133 7.266277454824385
134 0.1594238666831922
135 10.722741296687875
136 0.21303812294601776
137 0.23773364594199592
138 2.186065579158398
139 1.8076006661221027
140 0.15889320782096433
141 17.866734594145527
142 0.6181959831886232
143 0.4821672477184221
144 8.228405474641919
145 2.275824247264702
146 0.4942456320616527
147 12.59873136284719
148 2.3660697126782524
149 0.5279378763638769
150 0.05158444759830707
151 0.9313519227816781
152 6.263947058375407
153 1.1555029838943072
154 5.849907319718157
155 0.16534790376038727
156 4.097076202691668
157 0.08993578489147278
158 0.32602408454001186
159 1.343715191962713
160 3.754956001211
161 0.0010815481241820757
162 1.813629869231481
163 1.472303099320535
164 0.9591192111383249
165 0.18662602374049359
166 0.21916496505009808
167 0.08596189565436542
168 5.953664932585273
169 2300.8548494755355
170 0.0021003640050397364
171 0.4076681872039454
172 0.011773073655223745
173 0.5047757251811947
174 7.807039893343193
175 0.48820201535691177
176 0.30313579595547874
177 0.05654448450227802
178 13.00875738989799
179 0.7327884836041733
180 2.192651110333818
181 0.5549960163005512
182 5.394326154251224
183 9.159742191940156
184 0.22512023741048975
185 2.550440360377384
186 0.9947933459953315
187 0.4004739196533079
188 1.1186066851128555
189 0.3286622531085386
190 0.5516224233474296
191 0.12227319003557542
192 0.8224203199818879
193 0.519593554080939
194 0.007021702428168067
195 0.5083014940602326
196 11.809790178995783
197 8.824251499768843
198 1.835758814328328
199 0.0845122289075122
200 21.24523849737656
201 0.3290671094181566
202 0.10076407650599718
203 0.12310210149153251
204 10.79742464132504
205 2.9828685630266807
206 36.14911943439371
207 0.01087920516998432
208 2.845594348465182
209 119.42832873144161
210 1.0154148538791754
211 2.7870042100810086
212 0.06387568827006614
213 0.10264885774052787
214 0.00717550508781249
215 0.4822983071009177
216 1.2305443639520695
217 1.8887004585784222
218 0.7699950114163102
219 25.958197122258383
220 0.8473316509147961
221 0.34844538728041063
222 7.572107499546364
223 10.33571546849105
224 0.513616996868025
225 0.7971277645870932
226 7.195930350360633
227 1.6752366232917975
228 0.5193601637186765
229 1.0122594459246503
230 1.8057685164584922
231 3.860304655743416
232 0.4859878306452354
233 5.787090043302217
234 0.25149220749101464
235 3.4373850307281715
236 0.07789143651097866
237 0.6374565262172939
238 3.074161719544415
239 2.0656513897439566
240 0.9150251509283763
241 242.48105351872076
242 0.20732012139675665
243 0.5955752072933853
244 1.315996317127575
245 1.2422436554715612
246 2.8643990592433015
247 2.710638355462014
248 1.714534214155831
249 7.064439253928463
250 0.2972756919156723
251 1.1031767459886261
252 0.507807596643909
253 13.336081582120293
254 1.785517804277602
255 0.21680339193206666
256 0.12216629462088484
257 0.018638799952535316
258 4.304688829192371
259 0.43631704352670325
260 10.996224719307374
261 0.25930974341987795
262 17.591041875433874
263 0.6808332274535654
264 0.05029136511960604
265 0.40508067782866053
266 0.02985244188686605
267 3.216416064844004
268 2.3548847248290183
269 3.7850827101754403
270 0.17800120378455875
271 0.4644543481951699
272 13.45848889511811
273 0.49410404409429176
274 0.11866963044988377
275 1.2035288379270457
276 2.378948063966664
277 3.1529433009378383
278 9.43859754130419
279 1.4068093011937053
280 16.968490156713234
281 0.5110805636284801
282 0.7052827793804719
283 1.2584340272442616
284 7.075810029037006
285 0.00541465096243418
286 22.738293406903814
287 0.11981237324234453
288 4.251723184410796
289 0.3748964228160435
290 1.624907563583759
291 8.049183150097445
292 0.02869271752261521
293 1.2473765315585696
294 0.053990597515016066
295 3.438707807939929
296 0.0033314031892690923
297 0.10850431145670372
298 0.8823446573754503
299 0.2444629706330545
300 0.48404885942597947
301 0.027761157618552804
302 1.2208396699779003
303 5.490278874260927
304 0.06690739348643043
305 1.5795137611354821
306 0.5742772592382058
307 2.929632286088621
308 4.3693786617902095
309 0.9087105982013146
310 1.9096753352332143
311 0.14533667402499373
312 5.391375196352785
313 1.7559424684956428
314 0.23356411252325715
315 1.0484701682954995
316 0.1805871509810886
317 1.2397164250387538
318 0.5639016089624511
319 1.081017320302088
320 0.03857691679270689
321 0.5980375925574529
322 1.6905915488985186
323 0.6088341558526189
324 1.9867664264377194
325 0.24836264699279403
326 0.3277448182969502
327 2.007056591616187
328 29.405547027185968
329 12.492615169152494
330 6.266147394092262
331 4.969054900874351
332 0.2814955777628922
333 0.6437126083428573
334 1.3691676649560922
335 0.06272976975711664
336 1.1264613715047673
337 2.6463886427467203
338 1.6961461201593082
339 1.0631411409963574
340 0.03437084664114877
341 1.2632945519246284
342 0.3490460613128572
343 1.1802393107145994
344 0.9728606343127498
345 5.405503157006902
346 0.6365959594851357
347 1.3244929945556523
348 4.123921932735608
349 1.380771395844738
350 0.8531118478885416
351 0.0009184831943335991
352 0.28530933403675335
353 0.8290133488025616
354 0.8770231547237287
355 1.3574500414340165
356 0.1851472995140623
357 0.28410953755695695
358 2.9609162702327536
359 2.001935984302599
360 28.356949679462286
361 4.183764693533769
362 0.2748401902859875
363 1.314890605141447
364 0.516675614102552
365 1.4212181735686769
366 0.6944204772428432
367 8.931176256531456
368 0.1703433255527079
369 5.3281279194049604
370 0.35314670140941656
371 0.15003582388609063
372 2.9643111912530262
373 0.2567718313811913
374 0.03689028580978247
375 0.3253792031749143
376 4.509163907453896
377 2.994614369011777
378 1.398883407549307
379 3.209230160286646
380 1.826139540879452
381 5.860393258237707
382 1.5806332594736123
383 2.2290575144814015
384 3.018507940712191
385 0.3796081133389667
386 0.9904430843297125
387 0.0886593241704709
388 0.7579442901404918
389 0.8089322821218976
390 2.6865814132458348
391 0.2791296966137434
392 5.264623659785093
393 0.5811230345929422
394 4.9620864981612
395 0.007263841587908404
396 0.8057395661545801
397 1.3498664592807161
398 0.17361475245561592
399 60.234947601428544
400 0.09372696392356412
401 9.886810032219062
402 12.793687390933107
403 1.248303909015661
404 0.45057271049373554
405 1.079564704274942
406 0.2028990820676845
407 2.4980978545312205
408 4.135975869029349
409 4.642933428580648
410 0.10872575740585984
411 0.4636597666635651
412 0.5199272905405168
413 4.232648088957341
414 4.47655503540946
415 0.46289014430284064
416 3.0219455648263867
417 0.15688185033758248
418 0.20463018873750605
419 1.3586251337630924
420 4.671567671692121
421 0.7753876376275421
422 0.03882063702719614
423 3.3471557844717403
424 1.1507495589661596
425 0.8597754627792134
426 1.722218242825563
427 0.4435138745113449
428 1.9832997182921495
429 2.5695785267962847
430 0.2735073803251856
431 1.5151328514328566
432 0.48076998317773056
433 2.632424095112083
434 0.14701767688758233
435 31.19988358310413
436 0.00954583307760584
437 0.08246353433378717
438 8.191468942750058
439 6.140104858689074
440 442.3306546809088
441 2.105895045312054
442 2.3448672942249877
443 0.8413330338754758
444 0.28460258036813185
445 0.47330363236229644
446 0.7174475040088129
447 0.058897109884463714
448 5.364451323580522
449 6.730186627103787
450 0.18776614932044305
451 0.38045931925556037
452 16.715502381134662
453 8.350831076673341
454 52.33847140906697
455 0.3783624348273154
456 0.6343602693416909
457 1.021572753187292
458 0.4891899810107614
459 0.203698346326987
460 11.352092872072642
461 5.7824598579829045
462 0.6902471128866742
463 0.18484094303569926
464 2.4338581793371232
465 1.0457897691235747
466 5.622846481022475
467 3.1701951726182203
468 3.4230257553161434
469 6.725818915117562
470 1.440594507065537
471 21.24014845207306
472 6.983181694185893
473 1.7252545928820173
474 1.496219598324787
475 17.568901987604182
476 0.2134585555603429
477 0.8843380299283478
478 0.28012797060061956
479 0.5553156344708673
480 2.2669549760617715
481 0.6529630690741652
482 3.702658045748868
483 1.7585223246691777
484 0.8600181771814404
485 0.2237204042146291
486 8.103715144898409
487 0.625484783394991
488 0.6311331559644483
489 0.39755567965013117
490 0.8878659260496654
491 0.47114409616279795
492 0.39837066395528525
493 6.19166016197622
494 0.4536660263686059
495 0.22166807489282836
496 0.6979607988143938
497 1.105225839111796
498 0.41028938931453285
499 1.9152703372103486
500 1.2011600917565202
501 0.8169436588993507
502 0.6576589280763546
503 3.021932774558216
504 3.644746312333791
505 0.9577737785084132
506 0.0868474414391469
507 24.350605439908836
508 1.8658227905461096
509 0.1194135309874626
510 0.0745234218505913
511 1.093749139087501
512 2.028714582408806
513 2.638430286905279
514 0.3000349348904846
515 1.526455344470105
516 0.34606994330721075
517 5.1814323812405485
518 0.45453539831353723
519 7.500006439214242
520 1.3328165836406431
521 0.20966563595776572
522 1.5300035821831903
523 0.9548532438104629
524 0.2696080495931426
525 0.016218549067907602
526 0.041440897036655815
527 1.2487425835590489
528 0.3176521093655061
529 0.028626430763030824
530 1.212893542224348
531 1.7899303200057644
532 3.506821112133973
533 0.03659261616363775
534 0.5099349309266493
535 6.694534602335724
536 4.203734292779478
537 0.5912602138344445
538 26.322476173094802
539 0.39886022578802777
540 0.08006721357386981
541 0.26351886195655166
542 1.1990320317242256
543 0.4571849157230227
544 1.4907068845817073
545 3.3499366323402824
546 2.624958905444267
547 20.836007685487207
548 22.190641901499394
549 0.044244192952829005
550 17.553470007908953
551 53.79377323771931
552 2.4286299379747156
553 3.2058743602384148
554 0.5580251290174539
555 0.033818151988155944
556 0.062416137726870984
557 0.7066791243287562
558 2.5683869732002367
559 3.8181689700834567
560 0.3069081902862356
561 1.64111775793826
562 1.4422343796447643
563 18.839633097611316
564 0.05530922874594964
565 0.3098638570943669
566 1.9044144359765942
567 0.3332000223312533
568 1.1340223209074196
569 0.18357830367877276
570 4.24939006685079
571 1.0645410798534183
572 0.3896397018575196
573 0.9276172477932548
574 2.3966885314770234
575 5.372399416034851
576 9.802985936983907
577 1.0774130325186333
578 0.30501655280825707
579 2.762423987519274
580 3.7864496607740095
581 1.6853367025050476
582 0.035711744176704904
583 0.8429545702092954
584 0.33848993339047884
585 2.1799284568231174
586 0.44202291879787325
587 0.3739102569969474
588 0.6913706794555933
589 0.2041686320061429
590 8.765707314405333
591 0.057703156005674716
592 8.983407358318914
593 5.235329594481479
594 0.5590441809016155
595 8.720973844434193
596 0.6090354805704447
597 0.032037132663352584
598 43.469544184847514
599 0.551088718851062
600 0.13287003932474353
601 0.48578787906147564
602 9.175800433605364
603 0.4444392175647103
604 5.914158656225524
605 0.22214947334382942
606 0.2179971870531691
607 2.3013811620844984
608 10.561576823001225
609 0.08942282650164611
610 0.5500851718085112
611 7.09166278109066
612 3.662380200652465
613 21.15702719237754
614 0.20569008065967354
615 0.4796560439845992
616 0.7348619078318369
617 0.3593069281274052
618 1.6002442158445036
619 3.5319369943004353
620 2.448049413404903
621 3.2864811725126293
622 0.5788337155659076
623 0.7747978359833257
624 82.81311157591765
625 2.406251930621575
626 0.17503980363085242
627 9.855033754113805
628 0.06593173566722836
629 0.9514687361303831
630 0.19883755745187012
631 1.9719779278265002
632 0.008405130857038633
633 0.2652070339534596
634 5.4928626264432365
635 0.205292217663524
636 2.1982946537171553
637 1.98643467354877
638 737.63218994488
639 2.259189984206804
640 0.3748575643706292
641 0.858022512983948
642 2.653286837538958
643 0.4631674019132376
644 39.08591181910587
645 4.122381838188314
646 2.2649525405170237
647 1.4924674214297
648 7.3656195103086
649 0.9806207515776924
650 0.09871660091712095
651 10.976456830815414
652 0.7308293114135624
653 1.1531808106624462
654 0.2763197460277374
655 2.177480933894507
656 0.19681012050246904
657 1.1496351398785492
658 12.448163094897867
659 5.262499029353749
660 0.07349349595636469
661 0.10145206981572757
662 0.12500160781713657
663 1.5468908561770955
664 0.05430399873616014
665 0.8206465542836496
666 0.49676625605897506
667 0.23424044973860011
668 2.03695254600686
669 1.3358221616776387
670 5.232467042028876
671 1.9900895227335906
672 0.4838281884990023
673 9.342381466734594
674 5.449619797564137
675 1.1761546739700461
676 0.25050773926318265
677 0.4802728128205888
678 0.11620256922057057
679 4.482831724014222
680 0.9842475974040219
681 1.0494528119470665
682 0.17734987564199373
683 2.330251638693847
684 0.6358114012547402
685 0.9529464414820702
686 7.960355094244009
687 0.510158712748176
688 0.3661009429364381
689 1.6461840629026505
690 6.75126869199958
691 0.3343095739671469
692 0.7050384035083932
693 115.1491457716249
694 6.567780933676934
695 1.8623700432206798
696 0.02885655181529659
697 4.728111386653622
698 12.451650636633397
699 10.26998727164329
700 6.792046725142161
701 0.6720031056618821
702 0.9880202673268497
703 0.8662458768375665
704 0.13987375583452227
705 0.018345431770296614
706 22.468299216566027
707 0.9236010238826163
708 4.074924122339395
709 1.158655863633688
710 5.833276302183391
711 3.3264766413414275
712 1.459971488975041
713 0.6632005611998361
714 2.1549003255637413
715 15.040955095222909
716 6.015359094018986
717 2.241323198261877
718 1.72281363808993
719 4.210990222837264
720 0.5776785108976308
721 2.1550562088584617
722 1.7431032108586861
723 0.08120425727775975
724 18.23458890358577
725 3.2265688894211895
726 2.4997319376779803
727 7.10123425047854
728 2.106845641474247
729 0.554361488634479
730 0.28102665271955607
731 0.5901944966074937
732 3.2440477291744028
733 1.2720501721795083
734 0.19685363365016462
735 0.1539802831761994
736 9.32065060013141
737 1.928603382940996
738 0.1461406503339083
739 1.0408706739989098
740 1.3340648666126123
741 0.5021928550119085
742 19.673366262087452
743 0.8246872588760404
744 0.8168774493454131
745 1.6046467840986385
746 1.7427901860113126
747 3.4015963958901216
748 338.1252418030351
749 23.10280422263539
750 0.4589558255797288
751 2.0084297566639777
752 0.1007341286089521
753 33.67386742729756
754 2.0361212110580893
755 0.47905919101057226
756 35.85731807726859
757 0.7375483600143267
758 0.02593797442867227
759 0.07906666888610622
760 1.1200454095731578
761 0.11104247494274493
762 0.9175352314236825
763 0.10626358961949167
764 6.306290073582494
765 0.9879439485636248
766 0.12290020206636029
767 1.4346702977583903
768 0.8276201598484526
769 29.885439038996186
770 6.39207983403133
771 0.20520379029221272
772 1.478400784609158
773 9.529614133037242
774 264.6704912331937
775 0.1267474069440087
776 1.1270208784982174
777 0.3355962896741529
778 1.5993892068070317
779 0.12198095422727166
780 1.3179240284380684
781 0.15741560190603407
782 10.773187491831802
783 0.32681481968772624
784 2.083575220766769
785 0.3798971970810074
786 2.2239272952011984
787 0.3816297939792748
788 0.018060276448280062
789 3.07097250771278
790 1.3624383342023618
791 0.939178753951673
792 0.06767605641719064
793 11.463393706385068
794 0.22343262940630926
795 0.5699482975569092
796 1.2709367389604176
797 1.0890566619089563
798 0.6451905763871484
799 1.7967173711097941
800 0.40633981494772764
801 2.907420718884176
802 0.5941323419784813
803 0.07931043154261867
804 7.461892762946364
805 0.2517900440920221
806 0.42944840274148627
807 1.1745374937933049
808 1.1011549033826
809 0.09350701763307287
810 1.7518276376568103
811 1.2903624432116245
812 0.3956740934782502
813 1.9982010758280568
814 0.24055312569956544
815 0.764686624644498
816 0.6511300073064766
817 0.46841624966550055
818 0.3394017258604383
819 0.13775553537428767
820 0.6569864416054138
821 0.0013129138140410522
822 0.29227873887880196
823 2.046512748538233
824 1.1508704846851443
825 0.04177529180180704
826 0.0749678852919488
827 0.17210336189911668
828 0.005672586005828918
829 0.7783115887791617
830 1.589322153430183
831 1.3569764820666967
832 2.4520777827243414
833 1.3265685691927793
834 2.51130879324269
835 9.293454690475768
836 0.012373999120149668
837 0.08655213426622843
838 4.447755814333873
839 12.459543135788964
840 0.10814209657656497
841 5.1172550968634685
842 3.434934859295629
843 1.5905356356932843
844 2.394920362839667
845 1.0994507746190154
846 0.2690278464897661
847 0.8507170161568092
848 1.8460767856694202
849 11.335442534754513
850 0.15872559851875973
851 0.20511014038854627
852 1.6591622819374885
853 3.599704954922941
854 0.02257757060641304
855 7.553811487566632
856 1.1509976993489632
857 4.726226879491937
858 0.5509953523398672
859 2.604723656666051
860 0.49386007920640956
861 1.6431773027797543
862 10.750120867195982
863 1.3432033916403894
864 1.8248751134653052
865 1.4376268248428496
866 7.497611435589127
867 0.8074675173671376
868 0.16478105501232349
869 1.6633527296341086
870 0.23837681276351463
871 2.265065873980064
872 1.3708785288641916
873 3.9860821356115506
874 0.674785850824851
875 0.8194443585096918
876 8.392877463624965
877 0.20925359952704767
878 4.774892823236239
879 0.7233822587158365
880 0.4957467035947938
881 0.47815518141839236
882 0.019820163100554757
883 0.6466951915089637
884 0.5800620060827456
885 14.770228604874086
886 0.9999444001107071
887 1.06549595346441
888 22.71400847776834
889 0.5375542927054486
890 0.00682769724298854
891 102.16560598164514
892 0.6348301764978184
893 8.77215893221653
894 8.704087807056213
895 0.07364859565934091
896 4.018672395175034
897 0.28875892561801847
898 1.147720080815985
899 0.16294696714193158
900 0.3212134726914837
901 0.9912678686901095
902 0.589080551479222
903 2.308657852499831
904 1.5674607344288043
905 2.4159287471091084
906 0.4654088034338503
907 2.883652904833195
908 4.877530637288499
909 0.24118047153023717
910 0.431378666461626
911 0.6759083812114629
912 1.4543287916715708
913 0.4814821111542975
914 3.9706189210720217
915 0.8410401486903636
916 0.40976136229521637
917 0.7029559085543805
918 0.5280339048707452
919 1.0376675238114235
920 1.0974517909713104
921 0.4948370065942101
922 0.3020336949987118
923 0.9113453847514076
924 0.03383470360767689
925 3.0377573018219906
926 1.0720748939282034
927 3.4719547702731677
928 0.13099910094908013
929 20.029844854196483
930 19.628690571656872
931 0.33461505105079836
932 0.18971791361716211
933 1.7526562986244536
934 0.4979071933424483
935 64.241183262725
936 3.6733723089895425
937 0.5631090737649167
938 0.27163459284117175
939 0.572111081055707
940 3.98687448166665
941 3.5099665691324304
942 1.4236652378752739
943 0.4035023445186998
944 0.510759601110397
945 0.7972381796903332
946 4.5916528346926375
947 4.934893802193617
948 0.622545538518332
949 4.249825313088293
950 3.647770736760944
951 8.963388512765542
952 0.1634281687098608
953 1.3974738045744162
954 5.9992133515519726
955 0.11443802718645674
956 0.368749386961106
957 0.2265380211287759
958 1.0285526375209917
959 0.9414540619355408
960 1.8192736612115228
961 6.083128818953352
962 0.5121982592148888
963 0.11488721665944726
964 0.14845364730166163
965 2.5556750723292354
966 0.5299872532029367
967 1.1507420497400507
968 1.4333663234403056
969 0.4255165943552799
970 3.1287361680088717
971 1.7775831752678102
972 0.7053116420403109
973 3.543631112095552
974 4.807796824470501
975 0.9031064042530885
976 8.022566456570267
977 2.570646442397599
978 0.5656781670018199
979 0.5854458629248973
980 0.6353818245513911
981 18.185089370175273
982 4.465081455057961
983 2.0146672086004336
984 1.936646739911051
985 0.7213727109914192
986 2.084052557171894
987 0.8133035539802275
988 0.620034329268323
989 0.11577648861604406
990 1.5111705612710633
991 0.6665387017667651
992 1.262392037745103
993 1.2599009095714129
994 4.103376394013022
995 0.07257049270368707
996 3.351564113255268
997 0.1719914783386233
998 0.6429437597951279
999 1.315272233407726
1000 0.5037575498438056
