1 6.751815806303403
2 0.35955904895831853
3 0.04164703152168905
4 0.06713942822278825
5 9.18714646742528
6 7.35414790774813
7 0.012213882298918599
8 1.0359692187250158
9 0.025294049716858575
10 6.02210453524789
11 15.942474853318881
12 0.12759208889268972
13 0.9795567269865906
14 1.5785751357507158
15 7.510008106483731
16 0.3112579415510753
17 21.65175742602064
18 0.9923056519027774
19 0.6643034161226531
20 1.517446527202781
21 0.01750048105322398
22 1.2899431732706177
23 0.003880153855639654
24 0.4520442846072618
25 1.5417770236327015
26 0.21058237509333028
27 0.6576408422230084
28 0.016285978251294676
29 1.5117900009270686
30 0.8931621463215221
31 0.6385812474884937
32 3.2883872012080584
33 0.3209967780749091
34 2.9570229780980766
35 2.2058863483749533
36 0.0967714843843945
37 0.804677997281352
38 2.006991561455938
39 0.19637207030394357
40 60.861259353885714
41 0.09342522358784221
42 0.5598484319044965
43 1.9141687924877122
44 0.009244437475249388
45 0.5556396698079877
46 11.8165162054531
47 0.7749391996660664
48 0.9194972751410694
49 5.688389962657669
50 2.1872307891712532
51 28.60484020355367
52 3.2164253003467143
53 0.4029328208992289
54 0.9392167223904112
55 1.1095744643333871
56 0.4796754141362343
57 1.68798004351847
58 1.6281108869093073
59 0.039965288687622356
60 0.3374078617541419
61 0.7101896131156932
62 0.732468037337176
63 0.2446382305410776
64 8.205088676885014
65 0.30544641498910224
66 2.7478256062690627
67 1.3602059861874864
68 3.568035573186794
69 0.02705606269712915
70 0.45173348531837765
71 1.041882384823464
72 0.05276015011891824
73 0.40716660617929584
74 0.35208641496030935
75 0.29401674225087004
76 0.23468841332634763
77 0.09235101852651188
78 1.5325396633017816
79 1.4517234780852906
80 2.200390402033677
81 9.62998523620829
82 0.3920183613501601
83 0.5454789713021829
84 0.5305987427134246
85 0.8666698450042117
86 0.682232509313256
87 1.0236177979815506
88 1.8517213051087398
89 13.6286081113693
90 0.15728312540118194
91 0.1498542140193024
92 1.1823360391160818
93 0.2070901798923667
94 0.12452595842780291
95 0.03244106103418007
96 1.479811049320971
97 0.19562934029883083
98 6.983348143974075
99 0.15200395772437353
100 4.144199986499986
101 0.9776625415637562
102 0.1594758633238903
103 0.2265870036260673
104 4.622964840553016
105 0.9346021881945116
106 0.3216118519059161
107 1.4236088642841116
108 1.2251755153221389
109 0.35694121309341004
110 0.14611106557800854
111 1.0251641991119178
112 0.8371259618631643
113 2.245460414542392
114 1.2069825711788926
115 0.9274688798151564
116 0.25070065615650916
117 26.06751910805125
118 1.2764917836015044
119 1.4996079851085367
120 0.5043060101929857
121 1.1107657335304473
122 16.593670636519064
123 0.3882393096250523
124 0.23702325119167297
125 2.503841336750709
126 0.718573448341773
127 10.376121318548973
128 0.030517012349572936
129 0.19675488353658457
130 0.31144167451206023
131 3.232809469030784
132 1.4403885183212015
133 0.20802369621240654
134 0.03744494346011763
135 0.48535029654924045
136 1.6572795046710609
137 0.9786631770074858
138 0.6175717257210069
139 6.295482819547303
140 0.38095108144506995
141 0.7345738704007817
142 1.960576871808534
143 3.775347146128218
144 0.18486268934796796
145 80.86733287993833
146 1.616175657032391
147 0.5671412553544679
148 7.7086381059060285
149 2.492351459895848
150 0.11745941553235226
151 1.6853908410810394
152 3.065051416867776
153 0.3983887231446844
154 1.5442775195115397
155 0.15846235356627797
156 15.74332548471369
157 3.5930048590697283
158 0.5655459713955715
159 0.2639234007062149
160 1.136612254906334
161 138.7770468998169
162 0.19719241901880916
163 0.31229981821995995
164 0.24185030993844508
165 0.31793688310189616
166 0.8460848245367742
167 0.4754988067000764
168 0.04371362214256233
169 0.6904720135467549
170 1.5662203348931056
171 1.3261804926243594
172 36.66487083188174
173 6.660873908819193
174 9.899432449776956
175 1.0023970182483315
176 1.2167345392882136
177 0.6203336926193854
178 0.2367127545810962
179 5.191967776279448
180 0.297932843735838
181 1.9998283025880708
182 0.17880010369830657
183 0.6827969533264335
184 0.33537275824706597
185 0.3515392725421055
186 1.922969771377711
187 11.274662373717941
188 1.2994949678044991
189 1.597599865399369
190 25.20228149125734
191 0.25877585220092664
192 2.753850434275297
193 1.8178591334411094
194 0.6112381429910898
195 2.183693447689748
196 1.1798087825341335
197 32.706377982922845
198 0.27568166164724495
199 0.6364411806450853
200 1.2736677596955384
201 0.15933403133938825
202 0.008249662989031448
203 1.746766419841661
204 0.1554702054761788
205 1.7861044875069598
206 9.545811684377028
207 0.05185709453991478
208 2.765297831641138
209 15.440590767786285
210 3.6599244352224845
211 1.0061230840055853
212 4.675440843428791
213 11.488213108268905
214 1.9145430816438531
215 2.265719115082788
216 4.4035429930013334
217 2.0417382426688087
218 0.4544554542308233
219 1.7464517196325882
220 1.1647417022516962
221 0.37653381181988843
222 1.4217731542542333
223 0.028566430357244755
224 1.6242922732304224
225 2.6053447533622975
226 0.7750516044244982
227 0.016507708788344247
228 0.301166391056601
229 1.0844695298551346
230 5.27393239326184
231 20.94435816394793
232 1.9112388435888161
233 14.338391020408924
234 0.6320017665648029
235 2.633667903837668
236 5.29019781030534
237 10.010744040575773
238 0.17911588691090902
239 6.869969977967085
240 4.249627500215211
241 4.915899017130732
242 0.6628327338738058
243 110.06212739823057
244 1.1300912634842204
245 17.198605221901058
246 3.420703866968925
247 2.091639033848931
248 0.29891558373281985
249 0.6474693267423737
250 0.5144377127650213
251 2.442887433824376
252 44.74333852534093
253 0.08202756613934639
254 1.721357311365747
255 0.03845754747822912
256 2.179500269767733
257 10.167796316341233
258 0.633611627959353
259 0.07071440745603687
260 0.3884473235212773
261 7.230940636166939
262 0.0029505994317886165
263 17.58440891441126
264 4.071042090006157
265 0.9352693177916646
266 0.6979011408544438
267 0.5766419609146894
268 1.4375044998169921
269 0.380157807920205
270 1.001754932752203
271 0.7456060778815297
272 0.6172729455551408
273 6.010192871086571
274 0.3516023117178605
275 0.803917378794385
276 0.6031116145086134
277 0.6851295913742403
278 0.6853145261778356
279 0.255955064301267
280 1.3259947937143097
281 1.8866453499840043
282 0.564760463862979
283 0.8958062614693793
284 0.12142250566729659
285 1.3711645205036345
286 1.1816670929133308
287 8.827451502870753
288 0.7427540344075699
289 114.0250152545652
290 0.2699174024829593
291 2.890114359646631
292 3.6167872169709376
293 1.2608729958139873
294 0.3653883902700386
295 3.592434305268938
296 2.368048386797907
297 3.401066575431307
298 0.5983772294542352
299 0.34494823921836987
300 0.04421457005353781
301 1.5865428815956883
302 0.7983661520613821
303 0.8480804182975158
304 0.13126695450000955
305 0.47578294445465624
306 2.2306238642159415
307 0.6212572424132138
308 0.30488247474988556
309 3.517618071928581
310 0.3344858788419251
311 13.439181287808944
312 0.2540062675153125
313 0.5739103197673225
314 1.0452890717610628
315 4.60095438118909
316 0.42388388441702574
317 0.3188268664168954
318 0.13734372085560845
319 1.6988379292825284
320 0.45550813214983615
321 1.5635296104565768
322 0.2591093984264793
323 2.5121201109881977
324 4.9203336070276755
325 0.5665633697266772
326 0.07657829062246954
327 0.6521657208120989
328 1.0316604438221653
329 0.27630744980432
330 1.0963843953029204
331 0.3164061551413156
332 4.997277499653097
333 1.3011684975210174
334 3.0491519351669485
335 0.14301378036483198
336 1.8100763558389774
337 0.3383799174057321
338 0.25872598905115124
339 0.8307269233391352
340 3.2401506761907304
341 0.15271895175476716
342 0.3453350747003235
343 2.069640379484696
344 0.20835826929704024
345 0.022632884925990034
346 0.022171613706673712
347 0.22596838192966304
348 0.18503637167492484
349 3.061342514552298
350 2.7597586592914416
351 4.970932137782302
352 0.6508641134034037
353 1.9123774708126908
354 0.01921643107610206
355 0.1057254001164219
356 0.25897310240075055
357 8.590335252595604
358 8.539352914457927
359 0.7195474240061243
360 1.8363841521523219
361 17.1489191753753
362 0.0055379268312713975
363 0.08689838850481212
364 0.6471954241145658
365 1.1168131096304705
366 0.5146133157596025
367 7.746750191158481
368 0.9595378650674496
369 3.2204452903893355
370 0.08626144766140051
371 0.25790637396578314
372 1.6963774606705293
373 3.7395675094229914
374 2.0137317998426805
375 1.238880591762859
376 0.03165842363293384
377 5.6939881008760524
378 0.9889289145066171
379 0.6467280860568031
380 2.1512274374555775
381 1.3344894037194694
382 0.34133867680003194
383 21.52333126710208
384 11.661796269165388
385 2.9666280997055487
386 11.004180088724791
387 1.710487847089424
388 3.429878687387796
389 0.009171429225845653
390 5.829452027718304
391 1.504600391707472
392 0.7087582958631863
393 0.17447631593965937
394 0.31122897914682024
395 1.8698564981611507
396 1.880220407276498
397 5.7259738626069545
398 2.8945430202357487
399 6.435138954099402
400 31.04195142538923
401 0.14363676951416748
402 0.2751647988660666
403 2.465156916797418
404 1.1000469326590627
405 1.2184220270553636
406 0.5828394935514336
407 3.3071997971347775
408 2.9651264370480734
409 0.7964079793292371
410 1.3728834652515094
411 1.1250723530073596
412 0.21856251560931958
413 1.2459696176949826
414 0.9965553936343722
415 0.0404408335619435
416 0.04667799084797469
417 0.5279997173283465
418 0.5363386220937707
419 2.4966461432596954
420 7.827581161443002
421 0.04627989564124066
422 2.8514284948826787
423 0.1650425973346358
424 1.0451442449373938
425 0.46703561150406037
426 0.10434224683411514
427 0.4250348120093738
428 0.19472841018877865
429 8.603765876760088
430 0.21538441753566617
431 1.4854311986991031
432 0.267256739786475
433 0.9272925054127549
434 14.008660252360276
435 7.322647368169684
436 1.3110677819423755
437 1.494424873036574
438 0.45941070633006487
439 0.5583962200342063
440 0.24947480094132193
441 0.4946522420817831
442 7.454151130694331
443 13.158158903299059
444 0.8847731187299437
445 0.05843385362899767
446 0.8353701756134336
447 0.38666739258720684
448 2.1119796098296155
449 0.23644699161635263
450 5.258770301505434
451 0.5666810534040481
452 0.18397047613263695
453 4.485974982563659
454 3.912596655449937
455 0.02879797097360715
456 6.937289601391882
457 1.6408430552022122
458 1.1998831408222939
459 0.7875738538306807
460 0.9625010552740666
461 47.35668112315853
462 0.8068562616605727
463 63.11063328499644
464 10.525543929141328
465 12.86359657909908
466 0.15263297258707917
467 0.7638946766250787
468 0.15148916717805166
469 3.068860673991715
470 0.03152506542523358
471 1.1956246823574508
472 1.4297281852283605
473 7.016910303009436
474 0.6756073479051992
475 4.1827215101405635
476 0.4917492793333673
477 3.503810542174851
478 1.6113444133357733
479 0.058456857759747745
480 0.9506317141911806
481 6.776531054101494
482 1.2080469135631617
483 1.312900318480404
484 4.020840209698549
485 373.50772866277157
486 0.2973830311016793
487 22.769719654043115
488 0.3903000338419004
489 9.641577542362782e-05
490 34.82319422086982
491 0.12995561566575098
492 4.325345378153207
493 0.0693402344313055
494 19.808197270749726
495 11.340775678396486
496 0.806955852484496
497 0.2723875954086594
498 5.398237280102996
499 1.9592944311417977
500 8.76300948694631
501 0.46784415181516814
502 0.043805440711357696
503 0.09542073499808576
504 0.5463426748670487
505 0.38504706782381204
506 0.6276726573969833
507 0.9307529564503914
508 2.2373549874864054
509 1.117995442904429
510 0.24162784824653277
511 25.787365692007846
512 0.8405299462290929
513 1.2578210309271285
514 1.8427993199860044
515 0.7591090895142295
516 55.23219560669985
517 0.11403918712875043
518 302.69576974724873
519 25.796388471250996
520 0.5849427900779502
521 4.491774685158998
522 159.2905426345476
523 8.950030082782492
524 0.587101176859699
525 1.4233523050487362
526 18.940166024152052
527 1.500370439927664
528 0.010744867672048004
529 0.2347371021427503
530 162.71678761986516
531 3.4990207382779834
532 0.2625084511411542
533 0.1472645289165421
534 6.591851062152781
535 1.0969175057079128
536 0.2754424151185497
537 2.4045943079565846
538 1.0551878541396893
539 1.0898459560869143
540 0.28915433218255426
541 3.4345743746488635
542 0.03190179794350099
543 1.050518507033735
544 0.013474448844385156
545 2.9922771893280093
546 0.1657859356770843
547 4.516910838196124
548 0.8298794209681841
549 1.2361802931140995
550 39.53455808690478
551 0.06527142512334827
552 2.8185788265301714
553 0.43843983656417224
554 1.3342206785160966
555 0.03423231891482089
556 8.00780472776585
557 18.429431579683815
558 0.576089370014424
559 0.10056328073755061
560 0.8822185361044222
561 0.14015488293455236
562 2.9358337986964407
563 5.0700306763396705
564 0.016680022814378685
565 1.0650259329474918
566 4.064144286383043
567 0.8219678632656723
568 0.2079659551897914
569 0.06109310842350604
570 0.7898623698621043
571 8.551405482305794
572 2.08149589682671
573 2.286511226606148
574 5.39499423306589
575 0.13744040017573314
576 3.6406926741861074
577 0.5181841022964264
578 3.4369019124133113
579 0.9710169226814546
580 0.9036050258975548
581 0.513675715339325
582 1.745987949353153
583 2.7896235469614465
584 11.352155131235795
585 1.642927129279345
586 0.4046026033720173
587 7.587251521551825
588 0.10391048690697564
589 11.372102375781427
590 24.631509461041425
591 25.127084960474853
592 0.39331030279993606
593 0.5479774292329294
594 1.3120093508263924
595 0.03273056481132977
596 1.3143718830078792
597 0.8763860415140541
598 0.3789537338148995
599 0.47153739418320306
600 0.5579007945684804
601 6.96184587093968
602 4.969471452724108
603 0.019389651828119987
604 7.928133430368696
605 0.08594588738392542
606 0.8566852480259417
607 0.8494546001998909
608 1.9905703983312344
609 8.373739617551381
610 1.5390274556171897
611 1.0200360759810463
612 1.5346077865096548
613 5.8004498958421955
614 0.5343029755499386
615 0.31420798177998127
616 1.723169131585931
617 0.34335949430172924
618 1.2544408523716464
619 0.9031927628223416
620 0.20355807535595974
621 0.18372074174229516
622 4.441099240312452
623 3.496277876072448
624 1.4918962128742734
625 0.5465557565253506
626 0.10004300959040084
627 0.603427748054474
628 0.608195292874945
629 1.1476382865679093
630 0.6223930722716489
631 0.6128861353524733
632 38.33234131747389
633 2.0781491906859872
634 5.342896521254876
635 19.472013130696645
636 4.940084058351225
637 0.06955318980394265
638 0.2688358367155758
639 6.298883869538719
640 2.5580471634978026
641 4.351882751887768
642 2.0806677110268383
643 0.0951663837705714
644 1.1766398856552533
645 0.607024041159571
646 5.3845925509965245
647 12.656904339262077
648 0.6569802784965979
649 3.5054007129651086
650 7.961455844246557
651 32.59497024093751
652 0.09541039280159175
653 85.84063336255643
654 0.4530083980754813
655 0.355861138149931
656 0.5770821512896741
657 2.426048995950224
658 0.08342296648590375
659 1.144184773605736
660 2.2325265785430104
661 10.315700355372758
662 4.161621641783471
663 2.1139217002177872
664 1.7050214858959374
665 1.0556264847611816
666 24.870094435382935
667 0.09696461060304956
668 1.4710874782256247
669 0.04073294838281126
670 0.519324398359761
671 16.174100497648954
672 0.26648880087989785
673 0.647899768945748
674 0.14359794072578705
675 0.3595425190436579
676 1.760551320886821
677 0.2522847796672823
678 0.7088610774691851
679 20.728364058803326
680 1.0245825704473104
681 0.0733110734587258
682 3.2738269141885503
683 1.5682162232360857
684 3.5082972008979945
685 53.63559832946962
686 13.478773772304734
687 1.3094244772595744
688 11.280455472793504
689 0.7951983960635328
690 2.310095280115064
691 1.8617399824964682
692 1.2507749076852128
693 1.4293588557092296
694 6.94944019835456
695 0.6142272093141004
696 0.2635055498870752
697 0.29080449243056766
698 0.9245562813243529
699 0.7170986519632492
700 1.760645010940011
701 2.069504344292916
702 6.805477729868701
703 0.2322135201876876
704 0.7922222922889905
705 0.3070003015921165
706 0.3297690189979096
707 0.5386427562897711
708 5.12466450259298
709 93.32294094955668
710 3.6411390619472925
711 0.005598513773616037
712 0.10957648148731984
713 1.4362780501398804
714 9701.451852427586
715 1.526757683858648
716 0.0032056411124160725
717 0.387194314720296
718 0.16095930374811002
719 1.946099542270337
720 2.0966144355060625
721 0.49468645589651145
722 0.8459055137713701
723 2.7242767272838875
724 0.0756348618399718
725 0.041951924366441545
726 0.2887775848847444
727 0.21215761338406894
728 1.2505564082473628
729 0.1431976376518063
730 2.2560808505792647
731 2.8492836393507206
732 0.40263620261709376
733 1.850685530733333
734 2.322492128393791
735 0.9649076240298222
736 8.921101906570051
737 0.06417898195422102
738 0.977449520242229
739 63.69522387523436
740 0.014852154834033902
741 9.63227567934424
742 0.29545594366335837
743 0.9313571610234884
744 1.727666842209691
745 0.2818157333581728
746 7.989322238473525
747 1.0573560312005212
748 7.990187896154825
749 6.8945498492059105
750 0.7874842918466397
751 35.904814209307844
752 0.15312742923877082
753 0.3875235453793819
754 0.013436657116206088
755 0.46340913686048113
756 0.8152276614066356
757 0.7917154347499671
758 0.8584298460602043
759 0.3386814930167765
760 0.754336238018026
761 0.19751867254124345
762 5.360485074694785
763 5.689067734682994
764 0.023099681675587427
765 6.128015942891464
766 40.10652901303915
767 4.64648797625135
768 3.7168387606520663
769 34.5782490468754
770 0.53371543063183
771 0.3209146193323927
772 0.1213085547639149
773 2.3732898673287113
774 0.7720135821377009
775 0.5789368054881061
776 1.98202647288221
777 361.4909291724903
778 0.520570342884093
779 0.1889943486724652
780 1.1187965290617443
781 1.3871879365006083
782 7.359764977926955
783 0.12488041104643176
784 0.17119168514521535
785 7.53645695876476
786 2.108714166107686
787 0.37805597671126273
788 0.08329291215709868
789 2.1877804120922706
790 1.1152864459711762
791 0.32184323432429746
792 0.06252538071576244
793 1.089711798459644
794 0.15238613235605947
795 0.4983082388204045
796 0.21411678279205276
797 540.0442094168817
798 6.442292491110313
799 0.08992358230188165
800 2.2175915965754838
801 0.8672215940977439
802 14.693301211746315
803 2.0587804256801627
804 0.7328886376676514
805 1.7548809431399752
806 0.2416645646291202
807 2.7298197308172925
808 0.00841439539227307
809 1.0105259375266922
810 0.00033312553059847063
811 0.23543635102334468
812 1.8840561379510594
813 13.974601183742822
814 0.08402746052087537
815 7.500934650069818
816 0.045423298888552684
817 0.7394729355021624
818 2.1458423920720593
819 1.5626586871879329
820 4.2527255148270395
821 0.7663118926133802
822 0.7879310155849982
823 0.006053621083165883
824 0.5062977884913978
825 6.949757513001004
826 7.172846164069189
827 0.26689277650295884
828 1.9266754262945927
829 0.9842888201106332
830 0.7247733881431191
831 0.6537446321574929
832 17.79042649118178
833 0.49200538825775875
834 9.292970906955384
835 2.289212803843792
836 3.0042526653217614
837 0.7046342081023144
838 3.043883896547957
839 2.268558937926312
840 0.45256158634004756
841 7.4853704765708855
842 9.420280230694692
843 0.5417642135724344
844 0.0575320659719085
845 1.5268768857355586
846 2.4603083288839698
847 1.4069622762070038
848 0.4405473972561915
849 0.6070782501084026
850 2.3882220871107944
851 1.1978788055209768
852 4.342433591093147
853 0.24882288931399651
854 0.26299973855523096
855 1.001854516282983
856 6.879967017480266
857 2.938584263248715
858 0.5389870972056691
859 0.424116617469206
860 21.57696962246301
861 0.030286166175421344
862 4.562771605322407
863 0.22932118636085183
864 1.8420143779410045
865 0.7141474048101321
866 0.41388638840181735
867 2.577109592461253
868 0.3890865234914483
869 0.5715988994567732
870 0.6922608964886848
871 3.5687998713895377
872 1883.7267500764876
873 73.54557582911605
874 5.4318155118596865
875 0.4320780174485574
876 1.0812199611337634
877 4.335923318382086
878 0.13555170801904973
879 0.35452362673769455
880 0.7056747115592973
881 1.66571068971641
882 0.3727236166212485
883 0.07467504601238874
884 0.7163395829506075
885 0.09557513765084948
886 0.6262248508718364
887 1.0067630703473847
888 5.904025088610457
889 11.444654720701124
890 6.387339823763476
891 0.4369980991713103
892 0.27213179058135756
893 0.13497099032282842
894 0.1767247220512717
895 0.12580212295561563
896 0.5488866224297732
897 1.5926740534159216
898 0.7486378795250342
899 9.638314601161875
900 3.986434245983807
901 0.2780842066959877
902 0.1757576343542615
903 0.0019065190104784716
904 0.021170653253328856
905 0.4777858828833517
906 2.030587895301008
907 25.3099959084037
908 0.35439967755273505
909 0.09564482645090626
910 1.3214493819282243
911 3.6015043449437725
912 1.1532917091934678
913 4.959823523095848
914 0.38972580979138893
915 1.5770099343979729
916 2.421305181578071
917 0.19047093349448102
918 0.440262492140426
919 0.3634917256154122
920 3.6808927093168027
921 37.28430096292111
922 4.791615783825611
923 4.904532564765178
924 1.177227432884834
925 12.95709406904687
926 0.8455523095681089
927 0.22613265333963872
928 0.8123216167286288
929 0.32066696812414747
930 1.3951759390943352
931 0.8676858253483907
932 9.301716068095288
933 1.6649332334386582
934 0.22118054819444508
935 1.2248830785764826
936 0.3171701905304934
937 0.3553732138102746
938 1.0810755491319146
939 0.8359785168534385
940 4.385882267681891
941 0.09562833941529372
942 0.4015629453174708
943 0.19600322073180465
944 0.07489125042458776
945 4.559530400072407
946 3.734569249911715
947 0.0714813165524744
948 0.7884637025111901
949 0.6839570726244518
950 1.372102256262258
951 0.2965129672890237
952 0.9544713691395275
953 2.622559900636178
954 0.900062446317585
955 0.5598011029737779
956 0.31360355028155146
957 2.3266556097057434
958 0.7169463785830874
959 2.673778266384377
960 0.6154106017570484
961 0.18139369209780767
962 4.432208315147467
963 0.6823836291037306
964 5.791101156351587
965 1.3464742493998227
966 0.16295826396573299
967 0.9988330330393613
968 0.2826456727374237
969 0.2698092936498561
970 0.08077847782849346
971 0.15756287650896267
972 4.183073325451841
973 12.02610356639003
974 1.680305356774543
975 3.3221539927383863
976 0.34387407992079966
977 4.381037368511017
978 0.38581103109873804
979 1.224837924140816
980 1.068974168438052
981 0.22517615620752351
982 1.956576260173948
983 0.18073611694989844
984 0.2076851288164779
985 1.4495496914033368
986 2.7215873679900215
987 0.3215119698572756
988 0.09244860999376131
989 0.40283836803681766
990 0.46429052458736086
991 1.901302241334289
992 0.4638707613071027
993 2.361471410518637
994 1.9995836599754817
995 0.3432822457813848
996 103.30191453355414
997 0.15364454541595007
998 0.283287774189693
999 0.17062061214891175
1000 10.947335745377355
