6 690 83 649 699 774 831
6 161 172 869 905 771 554
6 876 18 893 444 870 977
6 427 426 956 843 155 493
6 606 9 809 909 926 906
6 148 928 415 171 342 19
6 421 959 942 644 228 311
6 887 209 804 60 49 769
6 740 381 141 472 660 58
6 383 872 474 18 235 837
6 163 246 681 78 296 906
6 321 34 231 891 235 370
6 970 299 893 335 21 65
6 560 251 666 391 454 366
6 842 243 399 395 670 664
6 687 653 617 380 949 328
6 984 574 650 857 817 795
6 458 970 891 873 433 581
6 759 431 887 196 881 539
6 318 641 784 471 640 96
6 989 955 434 737 446 467
6 562 92 103 869 437 102
6 84 236 707 322 411 907
6 772 276 129 142 575 500
6 353 362 322 50 580 509
6 909 890 640 816 136 549
6 418 890 692 755 555 920
6 740 507 337 555 707 391
6 758 293 887 647 36 344
6 972 5 285 331 79 732
6 138 502 645 588 953 296
6 975 84 31 937 408 116
6 413 871 227 804 2 361
6 821 360 745 728 625 743
6 923 439 994 949 662 847
6 900 882 680 436 684 266
6 475 424 631 796 588 627
6 499 187 451 440 153 210
6 421 973 399 4 397 202
6 870 394 372 214 973 295
6 717 362 891 194 812 467
6 922 91 102 668 266 694
6 50 901 775 158 327 453
6 318 651 50 752 675 58
6 154 951 795 302 839 460
6 897 773 117 347 112 523
6 657 326 652 724 633 336
6 696 351 864 326 154 468
6 579 801 933 483 488 443
6 381 137 486 515 245 593
6 844 922 264 385 831 642
6 236 999 147 371 404 780
6 237 745 997 244 371 904
6 787 720 777 867 928 473
6 464 396 143 128 871 298
6 275 177 173 497 907 870
6 185 236 946 347 192 912
6 486 952 894 255 905 260
6 918 221 307 52 812 795
6 554 477 774 596 578 159
6 817 574 844 701 531 465
6 451 651 355 566 616 178
6 686 778 139 151 786 637
6 177 744 983 425 392 765
6 470 132 106 548 146 245
6 605 677 507 804 852 971
6 410 531 941 873 336 780
6 728 954 757 224 453 737
6 752 436 656 203 188 71
6 524 896 451 235 283 691
6 893 308 774 701 508 78
6 933 456 794 52 266 786
6 140 630 422 788 51 793
6 91 759 591 137 812 815
6 838 934 262 677 831 240
6 945 684 978 671 211 272
6 400 923 501 681 456 72
6 600 132 809 917 833 834
6 950 901 4 957 62 871
6 928 199 373 541 487 142
6 177 985 755 283 881 115
6 260 334 601 91 521 233
6 974 598 101 816 204 188
6 896 196 514 406 411 847
6 169 610 342 855 516 509
6 138 990 616 532 96 442
6 253 771 483 350 276 198
6 629 611 503 617 628 338
6 913 275 239 351 956 719
6 321 195 925 111 568 338
6 274 419 617 507 79 839
6 646 55 3 413 19 847
6 683 737 184 246 322 971
6 485 445 963 976 845 691
6 884 178 276 845 832 473
6 187 471 879 986 189 798
6 73 353 816 931 90 534
6 95 689 889 553 638 871
6 386 689 458 991 687 802
6 484 269 378 130 193 679
6 965 758 932 88 277 454
6 507 274 185 986 964 476
6 13 675 736 269 791 128
6 779 914 250 384 685 792
6 383 714 746 595 992 539
6 748 458 643 838 285 593
6 199 617 779 401 298 815
6 46 2 746 778 618 56
6 709 883 15 253 838 344
6 801 419 60 343 930 557
6 541 925 363 900 834 110
6 429 126 594 287 620 697
6 421 85 317 179 509 780
6 381 710 846 158 588 70
6 353 78 364 375 117 480
6 560 190 135 938 278 377
6 463 768 326 538 514 510
6 99 445 672 796 233 637
6 177 174 617 935 765 780
6 146 485 905 34 834 456
6 89 395 463 753 262 513
6 194 959 186 806 159 802
6 742 921 481 523 268 518
6 418 705 203 497 846 430
6 118 64 654 288 579 953
6 3 946 431 539 656 102
6 122 828 437 272 849 296
6 821 186 640 567 827 358
6 874 718 551 273 601 309
6 286 974 644 589 736 151
6 118 451 419 689 969 301
6 789 696 726 49 278 268
6 785 506 419 376 36 119
6 832 188 371 558 196 229
6 410 621 641 845 870 469
6 255 38 349 398 915 465
6 842 88 761 422 357 742
6 507 1000 356 993 67 333
6 835 436 11 858 579 563
6 665 236 947 703 584 862
6 599 698 420 983 326 881
6 138 990 676 271 640 235
6 741 451 630 305 790 214
6 227 42 263 281 680 994
6 699 779 648 711 965 116
6 562 568 894 625 205 797
6 890 519 610 746 389 978
6 609 419 683 308 816 985
6 991 710 830 797 120 366
6 213 33 166 952 457 472
6 951 927 610 716 916 881
6 842 580 401 127 931 406
6 635 774 152 126 976 406
6 830 206 797 377 58 802
6 107 673 418 685 474 488
6 196 820 804 141 550 529
6 552 479 14 638 568 993
6 785 123 166 73 235 224
6 325 171 520 701 461 110
6 40 436 434 600 15 862
6 174 720 934 501 993 653
6 856 681 26 688 469 860
6 135 577 273 310 971 331
6 83 498 167 830 380 70
6 308 59 764 454 495 815
6 709 671 342 32 396 435
6 583 163 713 72 971 780
6 81 445 391 577 333 216
6 183 24 777 655 799 798
6 223 176 546 181 914 142
6 691 11 54 648 283 366
6 785 844 861 827 849 283
6 873 291 75 300 961 388
6 943 207 690 512 936 128
6 710 293 746 85 231 684
6 163 690 73 43 771 757
6 893 470 995 553 272 405
6 81 755 736 811 429 86
6 415 163 483 695 816 189
6 821 643 232 12 772 529
6 176 788 593 134 93 971
6 658 587 199 404 900 343
6 872 21 750 276 80 691
6 134 24 899 207 923 12
6 196 270 674 43 209 116
6 28 2 399 123 287 379
6 353 816 145 172 858 15
6 243 410 538 552 867 966
6 407 613 833 301 812 961
6 249 171 484 221 708 44
6 761 14 55 945 347 678
6 827 532 966 495 711 904
6 478 6 989 324 16 593
6 933 686 728 998 413 579
6 341 692 989 152 902 430
6 43 698 768 581 718 392
6 877 709 60 347 808 761
6 692 720 54 838 203 527
6 758 672 285 719 309 810
6 118 284 770 541 680 474
6 421 289 144 748 237 673
6 266 301 219 811 949 489
6 174 771 992 193 453 86
6 394 999 21 568 980 793
6 745 616 102 244 473 273
6 1 210 19 158 565 633
6 418 576 494 408 65 823
6 220 841 662 202 456 812
6 836 947 52 520 866 116
6 751 79 267 478 71 409
6 911 343 181 633 520 536
6 400 597 397 534 509 614
6 840 974 976 288 195 500
6 934 395 579 538 983 721
6 393 592 743 669 384 923
6 76 431 804 593 401 224
6 901 290 564 114 154 813
6 768 505 920 622 21 365
6 681 822 623 91 130 802
6 83 432 57 307 225 718
6 766 69 989 272 298 972
6 784 814 681 479 105 444
6 651 675 425 157 866 116
6 196 532 328 371 531 15
6 629 686 597 572 391 41
6 352 362 817 513 80 802
6 893 437 538 972 292 515
6 713 960 347 216 944 39
6 69 10 616 745 442 858
6 7 166 61 594 262 210
6 479 83 612 296 572 956
6 727 545 586 114 855 805
6 253 436 922 278 326 306
6 393 640 66 61 867 134
6 789 491 751 213 413 465
6 246 30 360 262 849 807
6 850 291 938 435 990 488
6 850 451 276 805 361 994
6 126 975 892 59 655 276
6 412 371 228 979 657 469
6 118 599 289 582 431 688
6 121 876 920 230 757 323
6 121 704 316 298 454 450
6 729 766 304 534 749 713
6 504 976 497 493 812 348
6 423 275 914 834 872 557
6 174 231 612 114 923 521
6 943 537 236 104 181 978
6 162 400 364 354 137 685
6 677 834 291 448 945 968
6 856 386 544 376 823 442
6 11 25 751 599 697 642
6 690 267 925 39 886 402
6 787 743 680 634 204 392
6 60 391 940 772 100 961
6 591 586 777 773 834 442
6 282 3 152 508 492 585
6 22 412 328 900 815 150
6 407 221 686 703 731 357
6 506 647 350 218 549 224
6 486 594 474 201 266 688
6 722 196 858 169 377 315
6 513 609 156 215 376 881
6 398 775 503 618 815 202
6 741 21 557 743 533 96
6 957 646 970 464 706 260
6 915 358 451 105 523 694
6 695 25 660 924 949 48
6 869 503 250 627 941 388
6 928 985 877 479 750 204
6 759 199 420 456 950 540
6 940 101 321 415 109 403
6 901 282 677 517 171 881
6 940 11 422 211 577 983
6 183 703 541 777 377 70
6 646 889 330 370 202 348
6 286 22 37 460 40 962
6 187 412 446 329 612 953
6 404 813 14 663 112 527
6 222 123 52 395 444 218
6 911 427 848 133 676 387
6 190 566 938 636 438 233
6 572 911 740 833 954 379
6 984 445 343 241 697 323
6 865 132 425 583 750 722
6 608 945 349 425 158 29
6 605 436 760 888 642 134
6 537 558 591 58 647 835
6 353 210 930 601 132 64
6 794 414 190 623 767 156
6 921 264 980 175 254 539
6 767 931 14 665 706 150
6 183 609 447 322 688 873
6 828 373 460 954 767 203
6 525 143 556 937 60 694
6 432 37 29 170 86 480
6 789 759 694 791 358 87
6 237 681 97 642 493 802
6 22 427 809 49 939 854
6 942 167 387 994 584 309
6 183 508 843 781 806 799
6 723 392 188 379 40 829
6 345 677 673 60 532 471
6 758 835 557 784 333 536
6 659 727 383 819 662 886
6 13 52 805 364 561 654
6 696 887 699 957 287 513
6 745 861 494 773 662 375
6 728 347 828 71 405 480
6 234 104 339 738 208 197
6 817 909 389 379 642 652
6 770 946 768 761 799 635
6 899 99 809 158 131 455
6 98 574 614 445 773 849
6 641 299 663 449 461 257
6 991 809 173 36 267 509
6 488 848 819 276 738 70
6 850 788 987 24 76 112
6 407 689 788 989 378 982
6 712 992 207 180 123 661
6 84 286 494 352 378 781
6 292 396 93 591 739 172
6 206 556 836 208 777 290
6 458 125 849 285 627 137
6 499 163 384 69 220 726
6 340 372 750 624 835 922
6 517 741 486 907 647 669
6 3 775 351 905 258 469
6 385 901 882 212 686 540
6 482 287 184 839 930 495
6 835 287 822 231 29 241
6 955 491 689 714 703 228
6 174 502 5 548 487 357
6 207 118 152 872 160 853
6 470 478 652 322 347 75
6 289 391 628 284 47 978
6 225 709 350 927 515 657
6 763 721 533 884 134 735
6 526 981 115 577 501 267
6 217 828 888 293 872 549
6 138 168 195 855 983 881
6 767 101 621 555 155 116
6 206 686 133 730 311 636
6 513 483 674 505 827 346
6 144 646 736 1 363 384
6 1000 13 668 949 523 980
6 486 397 210 330 846 966
6 350 710 439 15 200 62
6 11 699 52 101 424 816
6 787 511 389 291 279 806
6 913 207 389 976 422 277
6 138 107 726 225 505 987
6 464 597 622 144 884 968
6 358 237 340 383 484 461
6 999 126 372 100 193 936
6 374 604 861 938 780 119
6 499 262 30 58 159 679
6 477 621 611 21 471 170
6 610 830 381 390 345 94
6 842 2 814 30 76 357
6 733 22 231 452 855 429
6 650 642 700 250 547 765
6 744 351 733 729 865 806
6 646 876 608 57 675 687
6 83 893 828 296 398 25
6 552 341 522 726 434 209
6 712 46 651 232 147 530
6 135 83 481 466 555 977
6 748 239 34 934 678 262
6 421 272 882 965 845 722
6 38 54 83 609 157 271
6 668 655 195 896 263 149
6 421 787 959 100 626 380
6 888 684 673 437 703 365
6 174 917 677 878 558 238
6 390 821 59 781 87 344
6 332 744 645 481 566 663
6 17 729 949 920 493 409
6 52 445 713 575 269 843
6 219 888 355 743 278 588
6 901 24 605 31 737 566
6 319 628 622 496 9 331
6 902 445 714 41 328 868
6 704 807 709 894 442 691
6 176 897 59 454 288 935
6 51 558 910 182 161 327
6 592 299 686 528 674 228
6 73 560 76 18 553 60
6 715 14 77 535 71 12
6 701 809 703 123 527 531
6 192 569 680 154 957 233
6 351 927 876 641 368 111
6 937 683 901 272 772 322
6 974 399 33 894 949 968
6 410 745 262 812 798 344
6 834 686 514 501 218 165
6 787 643 914 692 920 359
6 148 236 290 831 540 912
6 318 658 902 849 214 218
6 5 50 613 596 128 637
6 515 577 501 663 681 409
6 412 288 783 568 847 627
6 282 121 865 606 343 201
6 222 279 1 995 132 597
6 548 207 182 156 660 354
6 479 13 175 539 661 303
6 888 69 628 43 988 982
6 318 811 347 812 797 906
6 693 715 452 585 543 295
6 740 77 962 440 15 505
6 671 744 548 529 49 417
6 177 304 254 986 767 315
6 996 533 245 380 202 854
6 804 751 266 738 573 765
6 293 362 840 487 626 70
6 217 836 368 997 544 86
6 562 580 803 959 40 266
6 680 696 823 780 634 309
6 638 294 499 427 40 456
6 856 14 244 226 53 344
6 353 801 927 457 979 338
6 605 595 524 269 735 116
6 727 668 603 653 354 76
6 817 83 127 944 137 144
6 645 307 139 218 266 798
6 294 740 92 619 134 226
6 222 606 858 144 534 500
6 643 301 222 937 81 299
6 256 213 535 569 839 883
6 46 141 267 231 417 571
6 723 40 856 940 839 281
6 739 161 635 405 571 735
6 528 47 598 726 303 547
6 551 727 550 552 437 719
6 887 528 308 688 922 409
6 787 483 525 149 602 708
6 335 83 375 874 248 561
6 864 232 272 543 392 904
6 400 639 419 375 815 241
6 740 621 995 722 314 753
6 321 289 164 654 972 326
6 23 682 945 924 358 518
6 113 340 857 268 71 41
6 157 129 232 185 722 906
6 959 149 668 78 561 602
6 363 535 762 399 460 9
6 821 882 363 318 60 553
6 842 621 517 315 630 828
6 842 449 609 962 725 867
6 277 427 745 113 519 721
6 138 386 459 709 392 155
6 17 693 364 661 150 906
6 787 719 788 283 617 324
6 286 166 715 69 82 833
6 656 42 345 372 151 847
6 464 574 737 905 874 636
6 499 740 184 737 823 130
6 511 273 926 700 337 203
6 623 159 565 672 460 116
6 892 91 213 463 582 726
6 92 671 140 292 503 311
6 784 986 85 682 568 151
6 713 420 258 201 843 336
6 856 700 336 268 108 910
6 38 492 600 977 347 679
6 282 677 381 567 450 959
6 300 436 776 254 828 465
6 830 640 368 953 900 380
6 484 791 327 711 66 226
6 861 955 77 552 573 633
6 943 243 335 783 209 971
6 253 29 324 102 949 361
6 699 288 874 737 952 875
6 925 190 887 567 552 36
6 46 689 506 713 719 102
6 314 694 80 14 846 295
6 831 255 727 838 312 409
6 659 744 935 34 454 711
6 863 17 143 492 312 66
6 624 163 303 550 732 694
6 451 759 325 70 438 664
6 256 864 553 608 248 852
6 717 46 779 644 442 467
6 239 407 135 459 980 87
6 695 525 745 848 809 504
6 583 393 680 105 811 667
6 684 658 197 775 359 493
6 250 419 894 551 998 706
6 586 729 26 959 503 489
6 490 669 813 45 845 578
6 418 964 351 870 516 971
6 598 750 300 769 944 30
6 939 35 744 24 663 248
6 841 486 244 996 295 633
6 449 914 178 761 895 906
6 94 81 502 393 122 40
6 995 490 305 704 840 922
6 656 874 432 758 39 654
6 740 213 599 660 558 41
6 440 234 758 915 486 936
6 118 114 992 989 266 536
6 146 135 841 359 206 230
6 414 622 867 276 679 329
6 705 143 576 558 95 278
6 177 162 1 194 944 137
6 332 51 69 331 376 714
6 967 596 914 764 662 732
6 586 432 145 721 726 786
6 384 497 461 137 862 415
6 356 2 698 268 799 354
6 379 752 312 655 333 67
6 934 651 201 141 283 86
6 275 991 427 182 104 579
6 50 127 684 270 111 968
6 702 604 419 464 561 866
6 456 772 100 740 778 214
6 154 643 574 559 891 296
6 168 944 269 776 973 898
6 541 440 322 346 179 377
6 391 630 947 100 39 732
6 483 399 393 501 315 36
6 341 324 262 501 733 691
6 608 603 763 880 751 4
6 417 71 784 597 990 29
6 572 716 918 112 472 95
6 148 113 859 61 889 942
6 616 621 697 572 137 962
6 345 398 687 245 149 66
6 537 896 809 572 980 922
6 252 955 365 149 685 346
6 321 194 552 700 322 320
6 63 364 132 757 268 189
6 614 817 689 302 738 815
6 286 279 305 532 716 362
6 785 170 494 656 96 971
6 98 99 583 509 438 866
6 567 339 80 213 29 380
6 586 594 290 736 960 603
6 180 371 152 409 904 860
6 909 413 105 6 37 706
6 842 984 386 892 876 543
6 804 90 619 597 799 110
6 177 739 807 294 969 812
6 937 33 723 81 655 357
6 643 237 83 130 507 346
6 364 436 420 623 612 726
6 103 818 755 333 424 767
6 253 287 778 956 93 110
6 689 225 696 500 687 637
6 107 553 104 763 225 665
6 807 985 715 585 97 90
6 650 369 939 709 917 139
6 894 356 404 816 878 454
6 736 858 900 700 97 823
6 824 746 425 202 549 355
6 728 772 141 663 123 904
6 650 788 227 901 767 96
6 610 397 253 12 540 346
6 316 186 608 132 928 657
6 164 979 323 481 625 110
6 118 774 189 430 198 403
6 11 177 970 394 437 59
6 748 412 550 717 755 110
6 171 55 485 814 920 539
6 350 861 723 956 532 95
6 910 18 61 978 315 585
6 17 960 861 945 234 940
6 499 168 98 529 68 847
6 662 600 612 186 795 578
6 658 997 197 673 873 142
6 650 872 915 446 624 581
6 833 704 287 739 634 134
6 783 171 525 581 561 685
6 299 430 793 530 642 252
6 759 964 870 754 979 467
6 212 47 261 942 799 268
6 258 237 808 619 901 814
6 113 909 734 435 305 89
6 684 231 25 94 346 847
6 502 608 558 422 706 547
6 921 559 315 151 450 137
6 50 800 963 31 217 254
6 45 42 197 533 306 780
6 11 205 213 59 932 244
6 542 980 548 813 218 97
6 37 952 809 148 818 556
6 587 432 88 620 257 735
6 7 739 830 940 624 886
6 894 838 283 194 782 688
6 577 363 238 692 580 212
6 954 648 300 457 301 573
6 99 488 45 473 694 941
6 1000 525 257 423 535 588
6 407 149 893 237 647 808
6 17 234 315 964 959 331
6 2 85 859 171 66 657
6 677 345 428 771 941 87
6 243 88 68 753 315 603
6 789 239 427 352 251 114
6 414 671 128 280 660 662
6 385 841 420 268 357 508
6 286 262 816 934 619 14
6 841 539 777 878 358 224
6 59 242 80 855 227 218
6 740 143 342 983 170 150
6 499 2 279 216 334 485
6 835 299 729 990 167 660
6 592 899 512 958 131 409
6 1000 441 764 180 164 157
6 22 552 820 997 965 79
6 135 502 774 861 173 47
6 483 650 857 768 675 392
6 400 50 161 927 940 680
6 412 353 330 527 718 137
6 162 243 934 534 928 468
6 707 186 797 339 543 19
6 844 168 440 626 452 941
6 400 38 808 69 976 233
6 373 109 266 48 443 467
6 88 656 653 602 215 366
6 774 345 526 931 260 456
6 533 895 612 102 958 469
6 842 833 385 216 790 281
6 462 236 436 757 468 949
6 121 447 211 865 529 976
6 517 854 851 791 149 199
6 591 781 570 13 607 248
6 122 574 234 407 390 774
6 677 702 917 730 428 434
6 143 160 579 290 208 846
6 699 459 972 657 15 487
6 21 266 88 618 131 497
6 423 727 652 845 75 30
6 291 234 836 617 862 798
6 121 690 167 799 432 36
6 374 354 989 39 633 442
6 321 517 528 247 597 928
6 275 739 939 776 758 840
6 889 684 10 486 671 198
6 897 613 299 428 999 306
6 930 162 237 2 725 763
6 318 723 362 216 194 430
6 11 954 239 77 617 155
6 729 744 232 283 823 86
6 541 710 809 13 130 607
6 372 993 67 806 230 518
6 46 146 454 888 343 790
6 204 977 505 236 9 639
6 194 93 267 338 309 257
6 349 333 214 800 627 71
6 402 57 478 474 965 966
6 899 286 643 182 267 374
6 256 981 473 819 783 337
6 927 304 719 15 39 116
6 427 508 697 379 815 344
6 628 715 244 132 126 405
6 470 956 6 939 782 959
6 620 35 332 194 641 67
6 386 820 454 371 884 655
6 176 304 61 333 260 379
6 140 243 702 896 327 283
6 701 90 503 588 42 411
6 954 621 643 779 272 649
6 842 205 195 6 366 810
6 525 56 504 178 114 719
6 562 795 849 308 379 347
6 106 462 701 645 623 588
6 143 783 816 777 644 102
6 704 674 491 882 236 685
6 913 974 94 420 531 522
6 617 982 910 68 828 614
6 520 683 362 432 246 95
6 690 514 285 374 370 366
6 236 671 244 264 938 430
6 321 809 460 202 804 931
6 92 777 48 392 509 644
6 839 705 522 879 97 336
6 470 599 991 676 751 165
6 917 446 629 581 901 595
6 161 589 124 582 461 295
6 545 809 218 142 881 679
6 950 554 156 401 607 229
6 7 943 452 539 437 68
6 835 671 834 515 829 263
6 950 737 129 859 513 127
6 575 247 305 114 587 64
6 31 181 141 561 408 607
6 52 922 287 47 175 575
6 10 160 955 100 873 941
6 746 693 741 878 790 313
6 436 515 825 612 4 465
6 118 250 542 426 833 593
6 909 658 582 638 362 926
6 237 250 32 210 397 719
6 386 46 210 107 840 155
6 734 425 790 784 164 771
6 272 52 435 396 869 926
6 421 482 490 945 246 962
6 393 875 120 339 434 481
6 803 470 32 697 813 846
6 157 73 922 521 617 620
6 363 237 292 43 868 208
6 85 42 890 197 389 743
6 801 568 427 213 612 72
6 844 769 402 966 654 397
6 239 693 826 75 803 620
6 842 135 175 976 719 866
6 859 692 339 841 504 966
6 256 386 580 273 439 380
6 121 925 392 502 376 731
6 101 601 333 886 141 79
6 104 29 548 101 197 804
6 570 709 926 179 315 200
6 553 707 925 66 754 691
6 161 817 734 56 380 617
6 686 367 648 260 102 708
6 609 789 537 992 957 50
6 940 54 621 954 40 264
6 199 973 359 989 741 122
6 684 970 902 739 683 883
6 27 562 505 307 378 536
6 836 877 524 328 761 786
6 458 460 367 105 834 311
6 876 113 614 228 406 235
6 954 106 838 649 149 670
6 390 541 928 73 791 540
6 899 877 791 845 97 966
6 933 289 869 917 911 320
6 234 690 414 492 364 871
6 180 686 503 868 467 516
6 921 958 615 391 406 233
6 974 674 527 906 229 263
6 282 978 352 820 492 462
6 746 354 844 852 258 224
6 291 839 478 428 656 790
6 7 942 437 731 660 724
6 18 340 985 867 687 456
6 427 730 727 429 783 790
6 174 162 505 201 47 347
6 249 849 325 434 603 642
6 985 425 334 672 616 401
6 731 841 460 488 652 765
6 913 217 255 398 62 761
6 514 289 706 524 584 306
6 727 105 848 573 993 200
6 243 153 374 398 837 323
6 16 93 55 258 18 536
6 112 808 539 202 722 70
6 789 427 492 508 726 192
6 130 476 209 852 773 780
6 304 611 292 342 123 309
6 524 532 819 870 285 633
6 683 373 146 178 142 614
6 251 830 517 623 807 853
6 418 580 451 260 443 518
6 167 883 973 953 72 620
6 249 594 928 230 320 556
6 574 728 254 97 68 82
6 734 252 179 935 624 355
6 132 570 3 895 922 845
6 768 956 444 169 608 455
6 85 609 308 830 442 357
6 237 617 567 12 184 125
6 659 35 353 548 823 780
6 546 398 869 9 459 258
6 445 705 980 670 409 881
6 359 161 542 840 80 415
6 463 983 790 988 109 65
6 207 760 491 743 950 978
6 430 174 354 101 285 782
6 492 38 217 13 551 750
6 741 580 80 217 98 573
6 883 262 212 773 703 639
6 374 727 8 155 41 467
6 46 915 610 50 294 370
6 911 304 144 707 879 454
6 874 674 397 100 907 188
6 990 461 823 936 895 636
6 645 760 901 433 718 28
6 7 187 888 820 440 588
6 413 620 649 615 641 461
6 590 156 471 397 706 688
6 145 185 958 78 920 687
6 970 712 572 33 689 367
6 921 758 206 240 558 459
6 140 736 996 397 718 348
6 454 903 544 397 460 904
6 261 553 749 37 463 120
6 250 271 21 296 501 411
6 902 133 586 427 939 309
6 27 727 259 800 454 644
6 850 609 90 315 320 687
6 562 312 449 1 471 417
6 271 427 381 325 753 527
6 259 675 209 633 593 493
6 239 651 127 973 123 250
6 386 689 503 521 489 708
6 803 391 437 697 296 271
6 800 737 176 791 328 563
6 92 984 878 120 514 90
6 905 758 936 521 614 924
6 447 643 858 794 361 765
6 101 63 237 681 440 750
6 312 166 43 894 340 764
6 824 171 678 903 551 87
6 332 284 99 629 615 550
6 696 848 770 852 379 768
6 73 749 101 368 737 518
6 6 22 478 564 768 769
6 341 89 923 575 348 540
6 289 17 533 792 221 503
6 720 686 363 166 582 283
6 253 120 145 302 657 971
6 785 967 716 579 674 516
6 650 108 675 149 212 276
6 855 870 108 534 923 912
6 7 638 399 924 310 411
6 917 424 698 701 115 41
6 14 956 25 13 452 588
6 232 227 741 550 905 703
6 984 893 915 550 117 224
6 864 499 903 550 459 539
6 52 195 864 521 618 561
6 608 790 387 986 626 625
6 286 554 885 647 571 171
6 384 264 175 260 959 19
6 606 22 112 365 852 563
6 390 506 541 606 215 303
6 782 554 242 742 524 767
6 572 674 206 251 588 895
6 195 133 875 481 57 41
6 643 498 848 411 466 198
6 512 736 30 227 724 125
6 954 963 806 838 879 912
6 203 713 725 796 241 467
6 145 221 416 956 126 108
6 292 758 172 258 232 980
6 723 506 555 864 368 665
6 877 367 321 999 240 210
6 360 520 561 29 158 530
6 260 873 738 639 782 151
6 824 559 932 954 416 380
6 477 707 466 762 382 722
6 794 11 61 320 71 467
6 207 918 244 209 786 813
6 725 587 447 980 565 388
6 692 238 546 940 985 847
6 897 715 749 942 733 438
6 258 740 614 803 221 58
6 484 671 805 521 929 977
6 807 605 419 903 561 839
6 458 757 242 419 149 96
6 289 740 299 399 751 104
6 112 693 678 928 150 339
6 11 653 313 246 68 687
6 842 911 975 610 982 802
6 876 90 872 977 192 676
6 712 302 564 30 82 829
6 740 121 458 693 494 986
6 483 736 997 844 494 62
6 10 82 745 439 248 935
6 984 332 237 284 26 18
6 414 858 117 944 767 919
6 806 430 512 706 829 388
6 394 748 686 834 868 331
6 400 906 957 167 309 961
6 932 390 613 37 580 417
6 233 512 738 834 175 151
6 69 526 432 779 798 543
6 238 162 942 5 267 735
6 736 681 645 730 657 4
6 658 914 695 751 361 968
6 702 46 52 419 30 488
6 744 528 981 542 405 802
6 225 864 461 204 252 518
6 228 797 479 463 417 993
6 37 78 600 728 554 112
6 764 37 749 674 743 198
6 841 37 671 429 297 738
6 228 429 223 732 886 214
6 632 430 397 291 465 40
6 766 425 717 750 101 572
6 702 199 432 725 151 409
6 986 805 164 853 435 898
6 414 943 969 497 586 694
6 317 760 487 488 678 565
6 716 349 596 142 292 273
6 905 631 59 60 973 563
6 261 773 786 551 694 343
6 702 564 872 908 371 202
6 684 541 712 140 895 664
6 921 24 353 420 472 992
6 675 878 858 973 510 679
6 827 915 888 538 262 76
6 763 537 583 666 817 436
6 350 148 129 972 611 633
6 785 975 69 742 143 39
6 939 883 269 573 64 257
6 921 7 192 100 561 665
6 643 525 29 929 637 448
6 270 475 655 223 382 814
6 421 653 596 219 112 930
6 725 434 472 49 448 906
6 725 523 217 185 209 735
6 459 244 487 805 66 74
6 440 515 65 397 573 116
6 212 359 148 720 527 267
6 560 605 25 395 465 607
6 729 345 63 411 33 886
6 751 615 104 320 185 331
6 473 988 707 516 813 563
6 589 24 882 104 555 327
6 349 764 932 159 124 409
6 991 294 605 742 619 4
6 51 472 653 209 680 200
6 370 51 228 316 449 175
6 715 394 646 754 347 357
6 364 711 140 679 868 151
6 22 258 646 72 696 519
6 470 163 659 55 521 89
6 383 206 88 411 812 532
6 11 99 536 901 64 44
6 702 803 191 446 721 908
6 605 844 247 471 541 108
6 385 106 272 225 36 549
6 386 82 37 511 566 968
6 986 47 95 395 315 480
6 287 747 433 635 602 87
6 38 681 649 267 874 153
6 243 124 823 16 252 224
6 386 115 148 825 64 450
6 330 702 695 155 322 169
6 55 434 643 902 596 57
6 23 927 774 811 644 731
6 842 737 690 276 552 430
6 24 34 35 610 411 348
6 35 865 216 969 178 233
6 302 933 505 471 961 53
6 482 395 892 178 947 810
6 690 987 955 13 50 618
6 758 17 50 351 422 750
6 864 270 122 865 295 793
6 8 30 764 201 612 881
6 805 560 54 839 198 489
6 150 591 417 595 910 197
6 174 932 278 305 276 62
6 533 280 807 754 561 866
6 925 791 505 555 866 233
6 83 383 693 276 732 953
6 854 763 259 640 456 438
6 195 901 905 956 679 188
6 274 369 335 31 645 252
6 943 850 436 217 492 292
6 725 674 929 754 12 813
6 985 739 336 902 747 922
6 46 176 343 67 716 377
6 186 539 198 317 561 962
6 85 234 433 724 324 188
6 629 485 875 551 175 476
6 386 648 685 996 322 16
6 177 643 549 424 508 438
6 238 483 695 262 72 662
6 332 91 654 246 977 376
6 289 803 999 935 68 465
6 609 546 512 1 783 267
6 33 275 237 304 324 285
6 897 770 840 738 769 116
6 511 123 647 762 992 948
6 166 503 126 496 263 509
6 887 586 109 747 239 452
6 345 176 256 69 356 396
6 580 69 811 192 405 402
6 274 723 301 776 962 846
6 184 940 33 569 501 142
6 24 113 669 884 847 509
6 789 954 545 680 312 142
6 892 727 291 434 9 732
6 937 31 93 278 53 402
6 981 356 139 209 324 655
6 861 236 776 602 328 860
6 623 541 576 929 102 346
6 984 470 525 883 680 670
6 490 393 114 80 323 931
6 890 77 176 797 327 149
6 187 560 828 53 731 36
6 83 947 769 930 322 28
6 277 671 835 156 155 20
6 453 3 143 393 987 347
6 801 372 717 261 566 738
6 604 882 841 905 538 370
6 13 758 478 807 548 468
6 176 389 322 881 573 657
6 833 237 686 269 462 799
6 787 579 738 611 603 813
6 33 383 425 91 450 806
6 286 393 905 12 329 184
6 632 721 452 1 355 831
6 76 317 788 960 371 585
6 592 267 723 35 364 241
6 486 897 710 969 223 298
