2 349 214
2 366 943
2 37 215
2 712 807
2 439 132
2 149 121
2 703 886
2 3 371
2 643 600
2 133 762
2 388 317
2 204 346
2 836 235
2 765 831
2 454 218
2 219 519
2 306 709
2 111 4
2 25 997
2 890 567
2 840 642
2 443 62
2 110 383
2 796 523
2 673 529
2 132 937
2 824 758
2 204 102
2 304 93
2 374 672
2 675 107
2 701 656
2 294 145
2 359 250
2 464 728
2 287 102
2 790 88
2 39 689
2 157 819
2 347 378
2 730 634
2 553 454
2 743 125
2 385 203
2 851 262
2 415 330
2 714 803
2 476 434
2 431 344
2 879 666
2 562 430
2 663 672
2 638 31
2 603 741
2 953 177
2 437 305
2 971 732
2 47 106
2 709 416
2 232 666
2 877 512
2 200 266
2 79 418
2 960 495
2 873 978
2 743 858
2 599 541
2 918 105
2 932 723
2 815 176
2 948 142
2 23 29
2 901 164
2 476 503
2 679 336
2 757 216
2 522 210
2 822 726
2 729 477
2 375 580
2 402 65
2 534 124
2 173 340
2 412 471
2 474 278
2 314 249
2 311 608
2 484 550
2 836 364
2 901 759
2 521 179
2 676 157
2 621 491
2 957 332
2 187 229
2 545 92
2 751 882
2 361 742
2 489 3
2 307 661
2 774 281
2 345 487
2 679 1
2 327 534
2 417 896
2 489 740
2 600 504
2 85 44
2 63 817
2 597 463
2 736 227
2 248 776
2 38 349
2 39 795
2 907 857
2 108 792
2 902 532
2 28 274
2 721 3
2 844 805
2 289 840
2 242 910
2 83 688
2 568 803
2 812 809
2 341 95
2 221 932
2 717 369
2 583 999
2 42 959
2 74 483
2 984 260
2 452 854
2 749 961
2 948 773
2 626 88
2 331 269
2 464 71
2 442 335
2 106 155
2 249 547
2 227 567
2 483 375
2 992 376
2 75 527
2 991 123
2 141 753
2 342 686
2 762 994
2 722 237
2 534 720
2 490 396
2 904 567
2 346 620
2 366 800
2 559 799
2 769 148
2 105 293
2 121 265
2 508 473
2 617 612
2 451 32
2 389 660
2 218 265
2 989 225
2 624 348
2 519 19
2 833 400
2 992 952
2 469 532
2 708 485
2 677 680
2 749 989
2 840 98
2 640 892
2 351 423
2 198 290
2 360 852
2 442 185
2 58 646
2 871 600
2 398 796
2 57 741
2 241 51
2 733 570
2 231 318
2 879 519
2 723 320
2 198 665
2 593 264
2 35 102
2 200 711
2 62 645
2 43 770
2 944 881
2 379 982
2 415 969
2 729 747
2 192 730
2 2 303
2 119 541
2 500 10
2 743 983
2 854 477
2 562 993
2 226 36
2 859 83
2 876 392
2 790 90
2 581 627
2 541 839
2 206 245
2 81 687
2 972 510
2 913 291
2 169 507
2 49 70
2 300 689
2 640 981
2 142 264
2 951 783
2 769 213
2 762 614
2 15 279
2 411 291
2 975 222
2 822 285
2 247 255
2 398 133
2 500 293
2 299 519
2 297 399
2 168 45
2 588 128
2 810 706
2 948 183
2 1000 784
2 896 195
2 738 216
2 765 626
2 476 422
2 525 245
2 972 657
2 122 101
2 796 339
2 892 713
2 955 355
2 704 899
2 914 737
2 397 875
2 839 100
2 63 538
2 269 51
2 570 602
2 947 896
2 681 598
2 93 397
2 192 178
2 668 403
2 252 407
2 456 320
2 37 422
2 567 601
2 892 954
2 940 630
2 42 31
2 1000 439
2 662 6
2 404 204
2 187 831
2 101 687
2 970 486
2 359 212
2 325 167
2 264 474
2 457 614
2 806 397
2 703 855
2 164 397
2 315 177
2 610 286
2 299 554
2 656 19
2 335 988
2 767 96
2 156 575
2 281 723
2 791 665
2 733 8
2 558 521
2 72 644
2 495 518
2 183 304
2 216 981
2 474 748
2 102 317
2 600 27
2 137 188
2 381 765
2 668 183
2 289 533
2 895 865
2 65 112
2 20 13
2 719 228
2 718 237
2 493 385
2 626 535
2 970 534
2 139 564
2 306 916
2 844 202
2 945 340
2 416 901
2 360 386
2 169 441
2 335 562
2 45 427
2 245 759
2 88 225
2 799 637
2 603 294
2 607 141
2 111 330
2 677 255
2 836 723
2 96 668
2 550 742
2 316 759
2 708 127
2 326 643
2 382 469
2 706 290
2 453 503
2 398 6
2 312 179
2 654 120
2 863 855
2 424 473
2 658 317
2 110 976
2 114 40
2 178 434
2 342 200
2 198 330
2 187 303
2 111 270
2 201 288
2 378 371
2 908 19
2 772 378
2 667 136
2 749 216
2 523 258
2 785 596
2 385 763
2 310 100
2 778 925
2 665 614
2 836 423
2 43 562
2 843 697
2 72 469
2 168 430
2 466 297
2 761 912
2 573 315
2 512 50
2 48 407
2 650 970
2 555 819
2 908 702
2 54 637
2 169 567
2 651 316
2 342 369
2 360 493
2 63 201
2 35 64
2 420 506
2 960 554
2 149 89
2 383 47
2 85 705
2 974 70
2 38 292
2 960 808
2 101 292
2 170 648
2 122 268
2 592 664
2 610 214
2 301 531
2 472 672
2 710 731
2 639 742
2 829 198
2 289 208
2 803 894
2 152 702
2 106 543
2 1000 517
2 139 124
2 663 737
2 359 921
2 378 13
2 796 818
2 955 67
2 934 134
2 3 30
2 633 89
2 888 483
2 403 285
2 305 894
2 927 741
2 729 306
2 449 544
2 184 255
2 209 905
2 713 482
2 14 195
2 184 633
2 511 928
2 915 201
2 802 367
2 327 113
2 133 76
2 464 330
2 488 197
2 907 350
2 714 80
2 244 781
2 786 378
2 862 921
2 710 489
2 62 249
2 560 860
2 752 144
2 520 330
2 447 867
2 860 66
2 439 252
2 938 911
2 790 847
2 325 421
2 677 844
2 870 303
2 891 838
2 176 497
2 346 804
2 682 103
2 736 952
2 751 744
2 515 941
2 609 186
2 323 125
2 685 80
2 961 384
2 631 590
2 384 5
2 289 599
2 249 240
2 319 424
2 710 892
2 515 663
2 214 471
2 88 792
2 718 464
2 47 308
2 594 963
2 747 623
2 596 703
2 232 996
2 820 717
2 226 108
2 235 88
2 326 791
2 33 458
2 679 583
2 813 151
2 874 484
2 688 434
2 362 590
2 572 977
2 678 743
2 14 834
2 952 180
2 519 923
2 425 385
2 20 209
2 369 245
2 747 13
2 932 758
2 872 930
2 652 415
2 821 110
2 909 215
2 327 202
2 250 908
2 234 643
2 973 271
2 613 403
2 68 855
2 146 532
2 813 718
2 854 469
2 37 629
2 636 87
2 762 666
2 61 909
2 963 976
2 417 60
2 52 131
2 646 518
2 417 910
2 682 859
2 867 889
2 386 506
2 704 563
2 341 192
2 667 638
2 964 977
2 830 589
2 983 95
2 825 740
2 420 701
2 870 463
2 605 640
2 62 701
2 938 816
2 263 315
2 629 157
2 957 263
2 477 397
2 4 887
2 221 461
2 920 493
2 918 858
2 350 788
2 957 317
2 634 161
2 230 837
2 144 474
2 437 235
2 23 903
2 509 873
2 941 903
2 709 986
2 516 42
2 365 520
2 182 168
2 275 304
2 588 142
2 237 878
2 182 496
2 795 950
2 940 630
2 733 665
2 403 766
2 951 704
2 110 212
2 805 332
2 610 15
2 950 89
2 493 882
2 577 53
2 452 861
2 950 590
2 682 296
2 190 32
2 795 875
2 175 30
2 552 879
2 226 256
2 548 34
2 568 120
2 633 951
2 921 102
2 329 840
2 777 566
2 479 554
2 43 935
2 904 160
2 730 423
2 699 410
2 879 35
2 254 245
2 767 563
2 439 214
2 201 238
2 907 613
2 320 86
2 23 600
2 951 175
2 893 137
2 659 431
2 306 203
2 194 115
2 713 86
2 675 901
2 278 602
2 358 576
2 354 529
2 957 17
2 851 365
2 263 111
2 650 252
2 275 172
2 152 85
2 17 251
2 347 277
2 610 655
2 181 93
2 175 491
2 614 858
2 466 172
2 713 241
2 203 86
2 798 738
2 195 988
2 523 997
2 241 739
2 929 261
2 747 474
2 11 78
2 98 718
2 171 125
2 189 136
2 136 709
2 946 486
2 461 442
2 592 908
2 173 852
2 593 683
2 206 536
2 121 343
2 431 72
2 671 977
2 2 803
2 562 899
2 888 117
2 331 49
2 623 601
2 33 170
2 343 770
2 509 225
2 229 317
2 510 724
2 298 731
2 371 976
2 714 161
2 879 292
2 85 285
2 290 356
2 711 703
2 625 554
2 488 355
2 350 904
2 905 969
2 850 677
2 182 838
2 177 234
2 474 482
2 487 899
2 472 792
2 717 943
2 500 414
2 406 762
2 709 152
2 948 628
2 315 976
2 459 546
2 368 209
2 75 751
2 681 767
2 745 682
2 137 715
2 582 879
2 191 397
2 82 44
2 560 656
2 398 662
2 779 759
2 447 204
2 555 35
2 604 652
2 319 519
2 673 294
2 149 392
2 356 410
2 684 721
2 10 97
2 131 887
2 776 174
2 747 474
2 526 338
2 432 678
2 911 203
2 477 188
2 3 124
2 63 18
2 520 243
2 521 319
2 709 470
2 579 687
2 711 217
2 354 158
2 466 855
2 431 458
2 293 674
2 970 843
2 617 766
2 680 567
2 671 8
2 707 135
2 933 334
2 552 838
2 962 539
2 12 132
2 297 552
2 995 919
2 461 245
2 433 332
2 811 665
2 73 149
2 215 978
2 88 575
2 712 529
2 14 366
2 362 124
2 379 688
2 349 154
2 568 499
2 237 412
2 166 353
2 56 29
2 832 926
2 162 422
2 266 642
2 81 598
2 526 250
2 99 905
2 679 299
2 598 401
2 414 635
2 690 434
2 1 821
2 704 272
2 403 998
2 677 581
2 618 861
2 231 194
2 380 861
2 654 555
2 796 649
2 152 537
2 854 644
2 756 850
2 422 155
2 685 202
2 504 866
2 578 925
2 829 68
2 966 18
2 133 103
2 208 36
2 768 519
2 17 657
2 213 164
2 512 566
2 79 834
2 658 882
2 645 416
2 275 221
2 522 268
2 640 921
2 310 939
2 55 953
2 966 731
2 21 546
2 830 681
2 688 644
2 73 337
2 537 861
2 638 966
2 562 637
2 949 246
2 584 423
2 639 340
2 721 309
2 342 879
2 734 423
2 15 203
2 182 161
2 405 969
2 234 548
2 409 718
2 127 674
2 316 419
2 61 221
2 853 362
2 664 261
2 407 765
2 507 624
2 359 419
2 439 971
2 501 823
2 439 126
2 652 545
2 378 202
2 842 330
2 938 302
2 293 412
2 198 443
2 899 338
2 16 902
2 691 826
2 110 593
2 368 262
2 374 978
2 451 430
2 65 923
2 626 320
2 913 174
2 570 270
2 895 371
2 522 783
2 921 771
2 503 903
2 495 571
2 104 921
2 492 212
2 727 495
2 716 395
2 769 678
2 558 653
2 726 291
2 239 410
2 149 799
2 613 51
2 927 427
2 504 862
2 699 415
2 431 750
2 226 993
2 345 687
2 2 267
2 238 450
2 520 242
2 775 297
2 133 825
2 389 745
2 182 545
2 107 760
2 819 857
2 905 998
2 928 242
2 639 794
2 223 890
2 804 128
2 612 861
2 170 630
2 648 852
2 505 774
2 36 553
2 238 993
2 938 577
2 348 36
2 778 642
2 767 730
2 785 859
2 60 257
2 493 845
2 534 801
2 248 460
2 605 348
2 708 883
2 470 88
2 603 104
2 207 171
2 291 285
2 247 155
2 769 411
2 823 21
2 710 197
2 449 363
2 49 219
2 483 246
2 379 688
2 996 615
2 599 86
2 11 506
2 133 263
2 433 689
2 920 514
2 326 800
2 964 959
2 598 986
2 963 242
2 280 593
2 127 13
2 156 793
2 684 465
2 858 59
2 864 372
2 138 291
2 398 973
2 880 468
2 902 668
2 473 155
2 478 406
2 451 35
2 82 89
2 490 875
2 775 872
2 583 537
2 63 132
2 997 816
2 851 88
2 225 147
2 938 773
2 607 894
2 494 787
2 96 867
2 449 40
2 533 622
2 959 379
2 506 947
2 140 214
2 974 866
2 80 865
2 965 960
2 797 485
2 390 114
2 110 524
2 594 217
2 528 94
2 712 281
2 319 95
2 576 883
2 289 917
2 763 273
2 338 256
2 361 971
2 869 656
2 217 748
2 53 847
2 951 628
2 636 846
2 28 159
2 600 125
2 712 506
2 767 963
2 136 980
2 544 261
2 105 256
2 536 332
2 593 9
2 182 395
2 661 620
2 388 615
2 549 297
2 811 606
2 399 862
2 970 589
2 546 717
2 393 647
2 575 9
2 40 181
2 662 276
2 927 380
2 118 59
2 465 254
2 11 329
2 469 985
2 122 59
2 837 297
2 455 575
2 405 836
2 242 436
2 748 758
2 462 726
2 679 698
2 329 924
2 543 635
2 946 339
2 676 468
2 248 880
2 242 981
2 785 673
2 15 956
2 774 866
2 245 665
2 858 141
2 873 487
2 932 221
2 232 827
2 588 1
2 965 144
2 799 353
2 684 879
2 275 504
2 373 873
2 895 796
2 560 380
2 771 885
2 950 77
2 598 63
2 29 431
2 652 832
2 478 320
2 708 715
2 553 496
2 916 813
2 550 121
2 542 282
2 461 977
2 173 23
2 905 350
2 40 777
2 937 307
2 262 534
2 930 741
2 707 674
2 549 921
2 326 998
2 972 117
2 574 96
2 92 36
2 80 138
2 627 179
2 617 889
2 143 763
2 80 7
2 626 149
2 75 166
2 622 997
2 903 231
2 746 575
2 98 185
2 223 116
2 326 251
2 770 866
2 667 668
2 511 754
2 885 183
2 23 664
2 456 524
2 61 757
2 208 981
2 853 338
2 207 817
2 950 910
2 885 734
2 219 336
2 242 884
2 911 204
2 233 401
2 707 336
2 662 585
2 112 48
2 881 757
2 29 628
2 130 627
2 412 51
2 213 240
2 809 103
2 405 343
2 763 377
2 315 793
2 267 114
2 492 251
2 923 557
2 45 897
2 67 760
2 601 423
2 154 463
2 857 445
2 31 991
2 341 626
2 473 292
2 211 8
2 169 159
2 244 666
2 307 797
2 440 793
2 220 216
2 77 415
2 936 800
2 953 472
2 799 212
2 298 859
2 677 235
2 960 535
2 455 310
2 307 959
2 895 817
2 969 77
2 445 784
2 368 904
2 255 100
2 139 438
2 782 590
2 81 886
2 986 630
2 361 564
2 3 240
2 150 856
2 416 248
2 152 390
2 605 407
2 724 863
2 525 936
2 24 153
2 834 378
2 957 221
2 549 656
2 483 510
2 817 496
2 628 930
2 14 182
2 748 400
2 752 89
2 808 81
2 300 615
2 754 143
2 565 849
2 907 405
2 16 454
2 72 512
2 945 259
2 500 288
2 31 45
2 640 142
2 432 903
2 38 167
2 555 713
2 155 925
2 375 670
2 490 524
2 701 887
2 254 138
2 853 256
2 274 641
2 451 980
2 686 541
2 993 620
2 578 640
2 665 401
2 761 106
2 932 292
2 358 567
2 587 967
2 674 857
2 68 758
2 685 59
2 435 111
2 811 330
2 164 800
2 761 244
2 383 738
2 681 787
2 5 593
2 616 741
2 516 844
2 522 923
2 921 614
2 316 635
2 122 100
2 331 225
2 455 460
2 984 900
2 39 50
2 506 25
2 374 88
2 156 720
2 798 93
2 325 887
2 870 227
2 283 131
2 109 771
2 335 428
2 572 570
2 836 669
2 696 514
2 516 499
2 129 522
2 668 308
2 996 149
2 475 890
2 470 629
2 995 569
2 681 805
2 516 96
2 476 922
2 272 853
2 382 288
2 605 874
2 75 854
2 956 251
2 877 953
2 895 147
2 283 926
2 945 842
2 327 801
2 560 101
2 384 850
2 629 742
2 118 427
2 504 360
2 25 829
2 362 143
2 20 734
2 778 128
2 178 620
2 399 742
2 490 367
2 511 989
2 534 214
2 551 161
2 309 872
2 23 884
2 837 736
2 537 958
2 485 815
2 311 782
2 938 77
2 712 168
2 439 457
2 1000 84
2 613 599
2 479 318
2 47 863
2 255 925
2 574 139
2 99 257
2 835 377
2 652 964
2 761 987
2 574 142
2 683 317
2 812 494
2 345 330
2 146 971
2 765 276
2 190 197
2 821 421
2 385 626
2 85 194
2 461 37
2 48 462
2 307 90
2 802 753
2 613 860
2 785 267
2 997 645
2 752 993
2 456 531
2 377 249
2 523 505
2 47 780
2 767 822
2 851 316
2 359 881
2 375 135
2 623 581
2 381 654
2 429 482
2 526 540
2 94 240
2 76 114
2 354 915
2 765 486
2 851 91
2 574 748
2 129 733
2 607 50
2 693 744
2 351 113
2 603 213
2 228 802
2 830 698
2 780 940
2 114 179
2 951 617
2 408 157
2 232 796
2 360 744
2 32 436
2 164 588
2 579 450
2 752 723
2 115 638
2 107 424
2 364 816
2 269 203
2 522 521
2 888 88
2 4 866
2 391 197
2 398 880
2 918 909
2 73 88
2 732 744
2 730 470
2 54 287
2 362 638
2 217 234
2 425 875
2 344 612
2 581 36
2 191 943
2 584 796
2 710 893
2 465 182
2 788 151
2 62 482
2 223 931
2 995 80
2 888 681
2 49 744
2 556 126
2 844 188
2 525 18
2 899 502
2 813 542
2 506 121
2 716 705
2 486 69
2 501 88
2 428 481
2 813 327
2 581 142
2 849 982
2 468 858
2 576 450
2 747 694
2 61 308
2 675 499
2 195 430
2 3 877
2 588 774
2 396 71
2 360 671
2 325 991
2 743 521
2 355 288
2 479 653
2 708 144
2 353 889
2 498 557
2 272 386
2 428 471
2 207 946
2 10 548
2 685 420
2 511 942
2 354 265
2 852 847
2 533 858
2 559 446
2 835 908
2 356 754
2 637 778
2 398 246
2 752 861
2 439 160
2 184 826
2 825 954
2 822 591
2 498 425
2 536 996
2 798 77
2 552 95
2 652 67
2 580 789
2 857 905
2 337 260
2 134 669
2 439 827
2 109 746
2 962 674
2 425 825
2 126 19
2 331 496
2 944 849
2 951 796
2 520 211
2 409 646
2 162 462
2 195 216
2 900 512
2 295 182
2 759 60
2 968 188
2 262 401
2 671 555
2 47 360
2 166 672
2 526 297
2 568 996
2 428 32
2 543 334
2 681 780
2 818 350
2 602 202
2 312 656
2 847 397
2 665 635
2 960 196
2 882 27
2 445 148
2 162 181
2 507 262
2 938 189
2 990 450
2 108 185
2 549 911
2 377 265
2 972 55
2 454 887
2 138 758
2 283 214
2 82 237
2 207 589
2 795 577
2 129 236
2 854 331
2 721 175
2 504 839
2 745 856
2 458 339
2 386 842
2 41 830
2 352 256
2 722 370
2 425 670
2 968 662
2 606 670
2 935 853
2 359 72
2 825 894
2 997 161
2 289 444
2 570 199
2 47 461
2 388 663
2 219 410
2 640 334
2 900 732
2 685 355
2 226 113
2 812 104
2 584 1000
2 990 861
2 900 160
2 366 732
2 493 265
2 440 55
2 272 393
2 966 350
2 757 386
2 555 377
2 312 374
2 233 406
2 646 602
2 618 186
2 398 659
2 842 403
2 512 155
2 763 385
2 965 624
2 422 936
2 123 457
2 578 125
2 163 213
2 378 721
2 938 915
2 722 410
2 78 276
2 890 680
2 504 679
2 577 68
2 688 608
2 374 125
2 827 644
2 382 893
2 149 837
2 66 256
2 944 559
2 763 599
2 363 7
2 665 47
2 55 647
2 954 513
2 679 247
2 506 790
2 694 139
2 450 630
2 699 80
2 362 53
2 84 856
2 773 876
2 207 132
2 184 904
2 848 926
2 803 157
2 219 254
2 143 486
2 280 198
2 800 533
2 707 534
2 394 255
2 790 254
2 235 161
2 447 572
2 136 283
2 704 120
2 380 251
2 930 173
2 721 998
2 126 819
2 747 706
2 106 771
2 940 532
2 856 53
2 401 278
2 341 485
2 54 999
2 783 217
2 80 814
2 651 366
2 832 377
2 481 86
2 237 368
2 243 297
2 66 57
2 443 791
2 643 194
2 438 559
2 179 297
2 814 518
2 995 434
2 912 88
2 232 80
2 158 736
2 329 103
2 128 257
2 807 613
2 377 755
2 341 185
2 15 396
2 210 499
2 435 429
2 75 949
2 358 917
2 295 88
2 380 255
2 300 726
2 509 838
2 412 369
2 523 485
2 208 514
2 820 433
2 999 875
2 148 104
2 605 333
2 387 580
2 836 186
2 314 503
2 289 468
2 115 51
2 722 935
2 130 656
2 669 514
2 856 775
2 869 647
2 398 327
2 885 503
2 968 1
2 324 9
2 326 153
2 690 103
2 534 809
2 954 640
2 560 618
2 583 929
2 381 145
2 715 27
2 768 108
2 677 888
2 54 13
2 399 55
2 756 306
2 299 99
2 433 338
2 392 921
2 648 322
2 221 148
2 476 430
2 348 825
2 440 826
2 341 727
2 674 896
2 573 109
2 197 220
2 551 28
2 11 363
2 539 293
2 500 630
2 481 883
2 36 32
2 499 18
2 132 8
2 257 386
2 779 711
2 248 419
2 409 906
2 709 360
2 229 218
2 669 88
2 363 329
2 417 652
2 497 875
2 462 28
2 24 151
2 716 367
2 370 972
2 712 159
2 873 610
2 978 323
2 297 928
2 589 92
2 49 425
2 2 604
2 937 186
2 987 484
2 786 74
2 642 622
2 76 868
2 228 442
2 822 661
2 17 866
2 544 987
2 90 535
2 690 221
2 882 676
2 65 374
2 618 720
2 374 9
2 36 829
2 636 485
2 15 553
2 199 337
2 331 890
2 287 310
2 513 989
2 519 705
2 69 812
2 675 792
2 961 772
2 310 183
2 166 333
2 96 420
2 295 762
2 487 90
2 492 853
2 375 496
2 815 750
2 673 101
2 163 829
2 688 77
2 624 438
2 239 536
2 258 623
2 594 113
2 822 685
2 119 612
2 600 262
2 74 531
2 607 852
2 652 908
2 822 321
2 655 443
2 220 249
2 735 89
2 828 376
2 975 601
2 995 261
2 725 253
2 968 483
2 324 18
2 725 949
2 913 178
2 942 589
2 972 185
2 227 988
2 906 549
2 446 4
2 452 729
2 596 787
2 371 803
2 917 608
2 791 734
2 56 730
2 420 657
2 769 601
2 928 839
2 472 286
2 122 204
2 5 867
2 780 660
2 870 200
2 258 179
2 227 282
2 440 51
2 346 104
2 192 969
2 814 187
2 206 250
2 715 102
2 216 271
2 54 66
2 403 72
2 913 284
2 136 980
2 395 907
2 41 982
2 422 433
2 574 549
2 227 766
2 229 826
2 926 100
2 92 346
2 795 516
2 674 876
2 628 330
2 840 13
2 983 581
2 424 839
2 342 777
2 134 504
2 444 642
2 385 808
2 194 848
2 658 404
2 619 294
2 201 143
2 380 772
2 957 716
2 674 137
2 591 255
2 55 73
2 906 493
2 63 784
2 168 879
2 425 588
2 464 928
2 215 105
2 918 462
2 130 547
2 823 144
2 337 746
2 542 536
2 732 59
2 477 579
2 921 799
2 383 845
2 684 631
2 407 124
2 221 119
2 19 754
2 195 318
2 427 38
2 479 852
2 889 702
2 553 279
2 230 656
2 66 731
2 286 201
2 168 985
2 677 976
2 315 609
2 786 988
2 476 499
2 382 873
2 794 837
2 528 410
2 881 958
2 511 450
2 56 149
2 407 788
2 164 202
2 297 160
2 169 259
2 731 44
2 782 355
2 206 457
2 708 481
2 562 460
2 327 180
2 750 310
2 964 980
2 417 404
2 693 209
2 190 866
2 869 468
2 759 282
2 269 448
2 20 697
2 895 28
2 288 766
2 484 454
2 129 192
2 709 541
2 56 173
2 12 623
2 994 980
2 111 473
2 176 979
2 381 144
2 603 44
2 390 760
2 469 267
2 856 170
2 627 279
2 662 849
2 435 479
2 231 746
2 601 512
2 706 65
2 978 460
2 938 654
2 865 135
2 782 457
2 908 124
2 708 784
2 161 784
2 227 102
2 627 510
2 464 884
2 527 30
2 176 687
2 825 230
2 767 901
2 439 634
2 962 263
2 325 542
2 821 265
2 839 578
2 361 231
2 189 874
2 802 500
2 612 24
2 650 228
2 337 996
2 199 228
2 584 420
2 61 770
2 618 670
2 326 688
2 619 519
2 951 548
2 683 284
2 206 857
2 671 338
2 93 170
2 809 366
2 148 122
2 793 764
2 11 480
2 169 728
2 791 434
2 955 672
2 347 60
2 711 828
2 41 436
2 24 57
2 968 734
2 456 992
2 654 214
2 725 797
2 447 53
2 951 604
2 955 549
2 1000 794
2 586 116
2 632 125
2 356 367
2 629 306
2 82 733
2 736 441
2 1000 832
2 810 664
2 289 333
2 912 209
2 683 792
2 972 688
2 359 974
2 656 89
2 679 282
2 395 633
2 368 434
2 735 145
2 239 772
2 621 704
2 235 806
2 31 893
2 246 236
2 99 202
2 222 160
2 920 766
2 932 889
2 790 709
2 583 578
2 368 525
2 812 900
2 823 125
2 503 4
2 895 296
2 430 10
2 965 981
2 795 83
2 420 270
2 204 362
2 752 751
2 23 211
2 475 894
2 444 669
2 755 521
2 543 214
2 555 48
2 473 416
2 68 215
2 136 352
2 2 315
2 434 982
2 126 924
2 151 248
2 212 939
2 586 436
2 552 410
2 951 732
2 329 875
2 738 977
2 951 947
2 822 47
2 2 180
2 803 243
2 406 880
2 387 808
2 20 187
2 600 805
2 469 947
2 73 157
2 415 561
2 966 573
2 71 59
2 157 777
2 869 86
2 177 764
2 801 650
2 516 551
2 134 814
2 115 917
2 366 695
2 929 774
2 437 939
2 905 770
2 137 78
2 973 662
2 563 752
2 642 89
2 914 564
2 561 451
2 426 174
2 465 731
2 989 418
2 266 728
2 120 838
2 444 532
2 250 852
2 183 977
2 953 78
2 451 283
2 297 993
2 495 908
2 509 812
2 375 229
2 305 510
2 596 628
2 498 5
2 962 717
2 375 505
2 527 364
2 948 328
2 844 5
2 767 238
2 725 992
2 826 931
2 932 198
2 346 416
2 381 969
2 43 5
2 426 816
2 359 971
2 265 205
2 738 731
2 783 889
2 458 981
2 619 448
2 277 253
2 162 244
2 245 216
2 583 30
2 321 940
2 695 257
2 241 570
2 819 748
2 104 981
2 356 772
2 348 233
2 654 966
2 112 421
2 84 840
2 530 13
2 470 629
2 802 686
2 729 14
2 84 372
2 599 668
2 278 428
2 957 167
2 2 86
2 990 878
2 627 197
2 727 132
2 149 871
2 520 344
2 494 669
2 221 337
2 943 347
2 778 980
2 684 450
2 824 820
2 616 640
2 728 827
2 897 158
2 499 27
2 208 651
2 670 680
2 440 411
2 714 543
2 76 612
2 792 670
2 975 98
2 293 414
2 798 970
2 521 697
2 366 317
2 405 867
2 196 58
2 870 138
2 670 309
2 493 251
2 251 444
2 610 51
2 970 321
2 893 669
2 152 978
2 493 980
2 212 939
2 707 958
2 248 419
2 58 786
2 945 143
2 558 453
2 830 654
2 521 286
2 179 691
2 646 115
2 296 775
2 66 63
2 365 103
2 401 559
2 642 698
2 856 889
2 453 896
2 674 731
2 306 606
2 748 260
2 790 973
2 729 855
2 546 777
2 881 720
2 681 421
2 515 731
2 15 239
2 476 384
2 335 879
2 300 781
2 108 914
2 184 956
2 912 547
2 5 993
2 327 701
2 836 925
2 233 639
2 895 759
2 465 233
2 645 541
2 893 442
2 800 697
2 995 622
2 226 186
2 937 705
2 469 702
2 990 130
2 771 867
2 71 14
2 22 670
2 434 526
2 178 592
2 755 47
2 169 820
2 667 881
2 873 31
2 29 591
2 790 770
2 986 705
2 668 242
2 229 519
2 841 842
2 761 926
2 64 80
2 40 790
2 26 819
2 381 926
2 533 151
2 237 29
2 280 635
2 54 886
2 510 238
2 447 11
2 575 330
2 872 567
2 893 754
2 830 571
2 962 490
2 331 277
2 267 743
2 194 202
2 268 785
2 462 244
2 705 202
2 235 27
2 611 931
2 79 657
2 660 436
2 26 581
2 569 380
2 896 680
2 75 668
2 387 104
2 557 463
2 788 752
2 181 648
2 4 842
2 356 636
2 405 8
2 236 131
2 916 728
2 975 937
2 284 30
2 351 681
2 209 606
2 699 111
2 176 199
2 491 89
2 221 423
2 221 486
2 610 320
2 504 620
2 810 962
2 95 102
2 142 76
2 320 69
2 50 338
2 696 883
2 470 734
2 685 851
2 571 284
2 465 387
2 507 742
2 353 65
2 370 816
2 566 982
2 281 609
2 682 567
2 966 772
2 300 868
2 48 316
2 814 976
2 148 315
2 455 415
2 640 378
2 808 649
2 696 150
2 604 57
2 92 137
2 302 565
2 772 867
2 739 502
2 528 210
2 530 337
2 794 340
2 647 862
2 696 554
2 329 313
2 830 36
2 733 13
2 191 891
2 437 963
2 540 967
2 56 555
2 577 731
2 786 664
2 944 66
2 906 662
2 464 400
2 359 627
2 610 473
2 310 912
2 82 26
2 773 602
2 813 348
2 347 119
2 827 5
2 968 727
2 14 247
2 842 556
2 306 484
2 45 462
2 85 865
2 133 697
2 895 998
2 404 137
2 117 278
2 114 964
2 574 935
2 527 9
2 305 660
2 991 772
2 460 433
2 850 866
2 533 222
2 645 111
2 588 308
2 254 24
2 777 184
2 516 504
2 377 103
2 390 930
2 911 15
2 984 708
2 578 160
2 738 318
2 964 958
2 739 728
2 107 505
2 275 984
2 464 200
2 743 587
2 937 189
2 85 22
2 881 736
2 540 716
2 273 172
2 562 657
2 319 671
2 140 623
2 242 350
2 898 928
2 683 143
2 638 902
2 326 276
2 514 646
2 960 620
2 732 487
2 861 789
2 996 30
2 14 906
2 598 637
2 960 29
2 223 904
2 487 460
2 797 185
2 833 784
2 145 243
2 954 334
2 812 818
2 237 819
2 932 404
2 516 608
2 106 582
2 658 128
2 551 21
2 266 612
2 136 622
2 905 303
2 180 865
2 640 369
2 624 582
2 601 100
2 494 202
2 866 67
2 560 366
2 359 160
2 790 98
2 472 291
2 545 929
2 961 88
2 814 92
2 351 728
2 586 204
2 941 112
2 796 221
2 591 931
2 269 130
2 85 629
2 673 208
2 548 535
2 543 276
2 48 242
2 544 823
2 313 138
2 281 127
2 303 493
2 854 525
2 881 894
2 110 829
2 947 845
2 688 931
2 217 956
2 759 370
2 755 410
2 958 111
2 526 623
2 568 69
2 958 569
2 897 407
2 770 12
2 667 778
2 425 791
2 591 308
2 578 499
2 958 256
2 273 395
2 112 99
2 699 209
2 951 448
2 12 850
2 962 380
2 220 283
2 587 244
2 938 262
2 513 239
2 868 58
2 74 317
2 802 411
2 438 393
2 631 838
2 662 174
2 626 5
2 623 434
2 185 71
2 314 365
2 768 216
2 594 176
2 901 6
2 679 928
2 250 597
2 900 694
2 921 924
2 86 737
2 199 936
2 622 789
2 583 168
2 584 364
2 411 52
2 233 405
2 39 223
2 38 106
2 969 161
2 242 602
2 398 843
2 812 119
2 945 905
2 560 433
2 893 371
2 552 615
2 35 166
2 475 352
2 979 418
2 798 178
2 892 105
2 458 755
2 542 254
2 193 641
2 591 728
2 934 131
2 717 310
2 544 655
2 493 987
2 368 158
2 245 258
2 951 26
2 300 330
2 762 976
2 365 738
2 920 5
2 989 160
2 742 302
2 640 757
2 478 852
2 48 180
2 219 970
2 901 963
2 935 324
2 139 68
2 326 895
2 137 19
2 851 437
2 156 777
2 567 397
2 991 883
2 941 102
2 571 789
2 877 296
2 870 872
2 698 322
2 37 890
2 617 448
2 979 322
2 280 931
2 751 34
2 745 723
2 530 813
2 424 436
2 990 127
2 145 588
2 870 947
2 536 126
2 890 455
2 352 143
2 825 921
2 497 194
2 104 689
2 564 924
2 798 339
2 87 337
2 75 954
2 254 70
2 92 691
2 853 874
2 795 352
2 555 415
2 918 264
2 561 845
2 924 310
2 867 804
2 199 8
2 110 130
2 588 514
2 439 822
2 633 662
2 14 215
2 458 898
2 563 612
2 724 11
2 877 190
2 711 504
2 929 174
2 133 807
2 805 91
2 756 313
2 709 542
2 490 660
2 75 987
2 18 858
2 688 507
2 8 855
2 649 593
2 916 687
2 707 821
2 31 814
2 405 394
2 388 707
2 291 293
2 946 418
2 241 6
2 955 534
2 639 290
2 750 28
2 664 467
2 608 469
2 728 454
2 312 724
2 146 153
2 58 656
2 426 317
2 932 120
2 513 567
2 727 90
2 449 261
2 215 894
2 829 116
2 388 939
2 56 455
2 506 344
2 742 174
2 152 394
2 159 376
2 207 638
2 476 98
2 693 290
2 106 143
2 750 634
2 295 570
2 723 572
2 347 784
2 164 347
2 8 940
2 297 436
2 774 317
2 796 307
2 489 329
2 461 368
2 790 212
2 243 8
2 28 742
2 216 102
2 239 767
2 275 485
2 798 713
2 444 141
2 694 987
2 600 929
2 238 778
2 162 251
2 484 887
2 347 463
2 810 556
2 598 413
2 674 614
2 381 824
2 326 577
2 52 486
2 363 86
2 963 784
2 153 210
2 502 789
2 851 2
2 603 828
2 640 543
2 968 653
2 514 654
2 352 657
2 561 894
2 25 543
2 360 71
2 368 272
2 115 753
2 398 932
2 830 904
2 519 474
2 266 355
2 478 906
2 327 647
2 14 209
2 342 242
2 47 455
2 846 666
2 820 42
2 685 444
2 217 736
2 569 883
2 359 297
2 416 687
2 4 979
2 847 823
2 511 223
2 731 161
2 850 111
2 396 258
2 54 733
2 658 870
2 865 980
2 318 765
2 490 297
2 114 317
2 239 288
2 140 291
2 502 249
2 401 180
2 781 408
2 210 531
2 673 570
2 193 394
2 186 503
2 739 315
2 684 377
2 123 701
2 183 741
2 4 80
2 569 11
2 831 837
2 233 985
2 552 902
2 689 608
2 133 11
2 578 980
2 443 721
2 9 717
2 357 614
2 313 627
2 779 759
2 805 168
2 93 138
2 505 487
2 197 431
2 154 457
2 533 977
2 513 220
2 939 271
2 886 580
2 991 159
2 335 70
2 610 939
2 643 164
2 238 753
2 369 615
2 335 866
2 440 635
2 427 672
2 773 730
2 812 880
2 373 616
2 658 267
2 98 519
2 258 137
2 874 767
2 326 925
2 619 407
2 494 52
2 492 772
2 129 966
2 456 859
2 531 418
2 444 140
2 213 161
2 449 268
2 664 316
2 623 862
2 377 708
2 301 338
2 651 368
2 194 889
2 608 174
2 41 323
2 23 267
2 10 179
2 232 788
2 344 509
2 121 80
2 471 750
2 809 200
2 916 106
2 495 742
2 591 722
2 346 143
2 15 682
2 878 189
2 417 830
2 395 802
2 570 436
2 14 672
2 817 66
2 96 303
2 586 926
2 400 264
2 683 113
2 968 909
2 492 940
2 729 776
2 237 601
2 395 905
2 527 323
2 299 823
2 629 471
2 925 911
2 661 480
2 915 601
2 190 799
2 108 514
2 494 166
2 949 883
2 37 271
2 916 142
2 64 614
2 9 621
2 667 465
2 406 320
2 252 92
2 844 187
2 374 392
2 329 922
2 550 400
2 940 256
2 566 853
2 261 248
2 89 981
2 139 823
2 219 586
2 489 319
2 802 676
2 726 125
2 610 797
2 415 482
2 990 194
2 767 775
2 647 985
2 782 174
2 881 473
2 267 211
2 787 766
2 4 577
2 933 431
2 941 195
2 959 112
2 288 435
2 570 764
2 351 72
2 869 801
2 631 646
2 991 158
2 20 462
2 149 550
2 402 852
2 399 177
2 226 163
2 444 815
2 66 379
2 523 343
2 33 953
2 675 592
2 791 429
2 689 982
2 711 695
2 653 859
2 263 44
2 812 269
2 651 831
2 616 687
2 914 422
2 245 88
2 635 921
2 319 359
2 124 980
2 199 244
2 306 281
2 414 294
2 379 50
2 303 286
2 819 322
2 146 175
2 331 778
2 495 763
2 961 967
2 560 264
2 449 182
2 594 806
