1 0.9657762615251309
2 4.796194379940783
3 0.25855570854765847
4 2.3126107483264398
5 0.17690384777797966
6 0.5932649171396326
7 1.618747433847977
8 0.4195239778558525
9 12.428351850676451
10 9.560702549816401
11 0.2835244968824813
12 5.838337270693468
13 3.2740112345032286
14 1.121980277408401
15 0.17076157165156527
16 0.739998236164213
17 5.4718553272841275
18 0.4117727964217478
19 4.221392260525453
20 1.1236772124320178
21 2.6139369602452565
22 0.08528769147456433
23 2.262516233080833
24 2.6785124827290963
25 0.2562274741219585
26 0.2729872952949007
27 51.88513923082845
28 1.449586211647189
29 2.7755920079577123
30 0.9239481471409384
31 0.5095544451996181
32 0.302791516114033
33 6.684984643488771
34 0.029167771141659277
35 1.6825917765781293
36 31.680255083087868
37 1.5400030730687595
38 0.6789029868791281
39 0.6721981003217925
40 1.1651433150995378
41 1.2157966229457533
42 3.3442112622892792
43 2.824409024749069
44 0.7284691747059344
45 0.16270556798352856
46 1.5838672624852426
47 3.3697119692843898
48 0.4221086703597379
49 0.6209108609781568
50 0.7041193888309827
51 1.6276427940156395
52 0.6758577673317406
53 4.247616324176452
54 0.7195979957478899
55 0.7852710435175123
56 0.15300092658201564
57 0.1674430149351342
58 0.5954903613176553
59 0.26449854257950306
60 2.4221751743254414
61 0.04640296677819826
62 11.157224710109478
63 0.490637955282501
64 1.0563881968701445
65 1.791797434240434
66 0.3791679490916444
67 0.7384429673416971
68 1.3873979853901532
69 0.2987913580954481
70 7.479179183940865
71 17.31262931642504
72 0.41571978368099916
73 7.099581094209719
74 3.4716895058185036
75 0.20971753653487893
76 1.803217873693912
77 0.4530999513887865
78 0.07533312673993132
79 0.3129252337018892
80 1.2719728879568033
81 0.2802951240513587
82 12.07561634270813
83 2.7237784550082873
84 2.428714026806663
85 0.767776248359402
86 0.5386369786575377
87 64.88160417305062
88 0.3160160517225678
89 0.04631979947489461
90 1.4302865875486181
91 0.09932637906562268
92 7.156112432772667
93 0.3607937963494481
94 2.22250304573677
95 0.5457864148000331
96 0.8833986268986224
97 0.8553063264266454
98 3.5861334909406177
99 5.035879825317457
100 0.5530113030052591
101 1.2030921437097615
102 0.9862903581492518
103 0.7382162729409476
104 0.027725218695306437
105 0.07303878228992965
106 0.018623499975166873
107 0.03462565666514336
108 0.4591237502125289
109 1.0333771604197663
110 2.6895554760427745
111 0.8376933052246245
112 1.2258113731860683
113 0.04747682112371428
114 2.204174413163319
115 1.2095240070139215
116 3.608998589847512
117 2.038725893006079
118 0.20333690614782168
119 0.6082629551707238
120 0.6251994979318115
121 0.05556426560618256
122 0.3344892175275202
123 0.25284622304522925
124 2.6859546977777558
125 5.904807495626746
126 11.013153165711003
127 0.517820795224246
128 0.5005805661919043
129 2.2401101283181495
130 0.2171127856978933
131 1.5856775857997272
132 1.1407992224513854
133 0.12086913079811816
134 0.12315049755601054
135 0.6095938834772521
136 9.908620058646015
137 1.7996698995464406
138 15.727426459876172
139 0.018727895564974117
140 1.0777885077500329
141 11.953365626395037
142 0.35979814481868116
143 0.2571644472744066
144 1.0570966329727556
145 0.20982023909653927
146 1.0930565483989618
147 0.027413760195408126
148 0.3571152679775797
149 3.3552600444838063
150 0.33650528105518596
151 1.0301956475072582
152 0.018050299484855536
153 0.17737447854603217
154 1.2159580678864044
155 3.0334849593338884
156 0.1741782967405978
157 1.061623643208262
158 7.355735118614295
159 3.913081565625745
160 0.020776864523694167
161 5.3799293024347685
162 0.5800873250008554
163 2.75121565342588
164 1.4749513027490488
165 0.16610864259520816
166 0.7963462227367747
167 0.597318402668926
168 0.623256727126867
169 0.5073303121345519
170 0.42315510486280017
171 0.1713845420517743
172 1.0058185010017422
173 0.43410000475826516
174 0.6387859394165601
175 3.0710765833934777
176 0.33658451982234155
177 7.380520975625112
178 29.8102376059722
179 2.0256357345794704
180 0.3100486962521736
181 0.09117970058172316
182 196.4484162213819
183 0.2000299454271774
184 1.5722855720287114
185 0.979351454144927
186 11.570500470904737
187 0.39603720245004986
188 2.2777056051687397
189 0.48785342669715315
190 0.0901628808281574
191 0.5831955402065477
192 0.0952696153795569
193 0.6508627282415006
194 0.47268133318469624
195 0.3023379336258852
196 2.926673258670392
197 0.44747885787732966
198 0.06780096851509175
199 0.10548416591984514
200 5.739120886879547
201 0.2369637937176495
202 2.480853362333796
203 0.8407348367456483
204 0.9746190462369111
205 1.3413342864836553
206 37.80380621700331
207 0.6351933222809012
208 2.896178822932083
209 0.1451525951355025
210 0.006457152827071037
211 0.8738429328777749
212 0.5506272326058369
213 0.015797943255105303
214 5.240628168155699
215 6.349030432573835
216 0.8645015915284618
217 2.2852719752658066
218 1.2477284739702568
219 3.9666047431685816
220 0.39776203208417205
221 63.70984954408995
222 0.6800721241511077
223 0.7330869170006945
224 0.38123440547194154
225 1.395196702166563
226 0.0019130970506020726
227 0.958959875891699
228 0.09391674645732219
229 0.3800630860929541
230 0.019312188912795732
231 3.1717497984678404
232 0.25131486905697936
233 3.763305798732968
234 0.004615973790212011
235 2.503482643603605
236 28.028418108330026
237 1.7870419338331314
238 0.6925955264678822
239 3.7832482221883517
240 0.14797073415047624
241 15.256514072731365
242 0.24434298420262573
243 0.4358876855020175
244 0.3231920068730153
245 0.17231931814118576
246 1.2017745118712932
247 0.20075386164324954
248 5.347125643248077
249 149.88691887148454
250 1.3795440179022207
251 0.8610767062702562
252 4.48561113353769
253 0.058259931518937914
254 13.955928068064589
255 10.421790504687422
256 0.0006850106629537928
257 2.627025588656969
258 12.282082627288206
259 1.314871045705832
260 0.4937584979929428
261 0.3664789229708516
262 2.1418466837954493
263 0.9119597421690551
264 3.473752465919467
265 3.8049678404744243
266 13.78229356453208
267 1.5470942143171633
268 0.6968648166616757
269 0.4257781203234241
270 0.344708431931381
271 0.33737269944654313
272 5.499165415802957
273 2.571420052732649
274 4.698737897694619
275 22.811289915603002
276 136.49230118840777
277 6.239363123247826
278 0.9706356279813263
279 1.8548492500478342
280 23.475548801615336
281 8.911235146218617
282 0.485173292850989
283 0.05797377805122214
284 120.9428736003554
285 5.408917808402117
286 4.149166372127623
287 1.2139339634849096
288 0.7816870846723756
289 9.93232059867335
290 4.550563085447937
291 1.2378020177559106
292 0.4569890313612654
293 0.9851264014586906
294 0.40062020560988554
295 0.15027433705831086
296 8.852813681772133
297 7.42982524439557
298 0.0032535720654345694
299 8.329315842849857
300 0.8996371630488533
301 0.5839890764025347
302 0.2215693117386205
303 0.1983876403463533
304 0.23812967832079945
305 3.4231139164681044
306 3.6772921771775415
307 0.6680029951709712
308 0.06057830195215221
309 0.23555148322156177
310 0.2720385764669339
311 0.41471975764097774
312 0.6124161241024234
313 0.12239530943926302
314 0.055134732587513634
315 4.015043736510381
316 5.3413455147945825
317 1.8576495366096446
318 0.17163372192892734
319 0.303300296504829
320 22.164022751167757
321 0.3461600308609604
322 1.5575450777450648
323 1.4229707671616698
324 4.057129978311351
325 1.5284603855831502
326 1.7032170285028698
327 0.031588709055726756
328 15.222573723934723
329 0.2495535035783667
330 12.699896107900326
331 1.0285262443573133
332 18.063059041516603
333 1.3333679685259026
334 0.1442596489804753
335 0.5301690390007222
336 3.1841915733555846
337 0.9665280354151448
338 6.891098227615746
339 0.8425949757895631
340 2.080915586155517
341 0.2805568853440305
342 4.995956849985409
343 3.8639161077925226
344 0.010471869170011559
345 39.74764212049668
346 2.7859023808589933
347 0.7706774309116611
348 0.41086217242622436
349 0.1498353619658751
350 5.058745433654668
351 0.055975096852559934
352 0.15036455486032418
353 3.193865210339716
354 3.520619244794202
355 0.35119469259687985
356 1.6798957756452146
357 2.4614178097479997
358 0.4102481006028286
359 0.31232704527031224
360 2.220718774795362
361 2.0808597425007576
362 2.062025287265189
363 1.726529632666068
364 2.292005698388177
365 1.8797355801718776
366 58.756147756232714
367 1.5494123922104939
368 0.005837619185176584
369 0.8750551764580943
370 1.7708466826344733
371 0.4452042493564623
372 1.1926324744512262
373 0.5112954280631928
374 10.780801732801486
375 4.846253708675465
376 2.1282303633120407
377 0.8021217399272754
378 2.0598314823890185
379 0.18305866652607938
380 0.13257792778921348
381 5.619552387884594
382 0.027911407529185448
383 0.5123201121865926
384 2.788179049389231
385 3.1355707665049666
386 0.18056572562488185
387 2.2053197584356505
388 0.28556891778705007
389 0.6927476583121811
390 6.445468182201897
391 0.013467396953598488
392 0.03293498888145199
393 0.00013196013631126244
394 1.1257473821907111
395 0.03574095606772663
396 0.5707050625179981
397 3.607375202856686
398 0.8623354348763858
399 2.9811893687237716
400 0.6426912612359097
401 0.6490010196224607
402 0.5943219295620041
403 1.266631167847589
404 1.2587622010192836
405 3.9299334600454396
406 0.28582227125046156
407 0.38197635548297953
408 25.387959595750576
409 1.2802658373137157
410 1.9094177099967382
411 24.532978553577266
412 0.05220984122943403
413 0.07329698120653987
414 0.464940095235576
415 2.0372252408365505
416 0.15884023998953878
417 7.046702253491861
418 2.621563741157998
419 0.0018640610785308704
420 2.1050963084739585
421 0.4632584203566624
422 7.381849209331526
423 0.604430890818297
424 0.16110174082943082
425 0.22657261380763127
426 13.636815918332712
427 5.346497090891128
428 0.30137518302320504
429 0.2402422292366344
430 0.3761961953830535
431 0.1800160862743132
432 1.6261777437679372
433 0.5359494625268643
434 0.035656758476569794
435 0.7224708394536435
436 5.520549632447604
437 0.0660494940681298
438 6.384304166186542
439 0.31140373071259475
440 0.015031786689147005
441 11.568511047989677
442 0.2843038689326578
443 0.42385459685201615
444 0.285059263770593
445 0.22001842849038047
446 0.9754103080255597
447 3.5881869812242213
448 0.49963092916896534
449 9.177252365330235
450 0.6111082127338546
451 0.2643681159739953
452 0.08197971401278893
453 0.0333859463395218
454 1.6274245062878483
455 7.582963187215862
456 20.35848822881647
457 3.271412176071247
458 0.3137593503277299
459 0.9624407583017291
460 0.7817385713554833
461 0.6619710076589342
462 4.495785657277599
463 2.41147573985707
464 1.1479779949982705
465 0.37165310416356795
466 0.10415153628154789
467 0.02158516723745079
468 0.09372307587180143
469 0.19295016095405457
470 12.8508271307693
471 3.8352648908957785
472 0.26892348682337464
473 1.7788137027495647
474 38.62777814272444
475 0.151425366732534
476 0.33610762434642094
477 2.627157418828485
478 1.4630820353990626
479 0.44559565380057864
480 3.736336516312122
481 0.06681000014183422
482 0.31919054162009464
483 2.375281539222149
484 0.3668326125248993
485 0.45861274419536596
486 304.3920554737993
487 2.2866821710413356
488 0.1786784953775487
489 1.0603598863783021
490 0.21940654263055878
491 8.346303402776748
492 1.0121498495723924
493 2.268845713195009
494 25.34467894621083
495 40.36441989067188
496 0.03417841189051911
497 0.2356782978748814
498 2.7864552368609066
499 0.4572740747438768
500 1.165910802068517
501 1.1334215474557277
502 1.644429180381009
503 1.0914239656811442
504 7.906576948575243
505 0.7998198699468746
506 1.2149769906294385
507 17.627058620343217
508 0.2260333113044209
509 5.295771233023032
510 0.7261738223073293
511 5.962368713959534
512 0.2697228964175504
513 2.6092855811913016
514 0.02132760230476791
515 0.1035705939501987
516 0.08717828752924492
517 0.6407775417822615
518 1.5920847620477125
519 2.7735080304112882
520 0.6260500537736176
521 0.4640206076220751
522 1.6884822975826927
523 0.3974077035235918
524 0.30841502891986405
525 0.6357588756832158
526 1.533686165890675
527 0.18581925194978655
528 8.51830824040176
529 3.9825089379122507
530 2.6034921578370955
531 2.738062724984366
532 0.71423661688715
533 0.8442080262089038
534 0.15008723177204758
535 0.6640482566611162
536 11.623414872677788
537 35.81176628433642
538 9.116997004914191
539 0.38484366504993284
540 0.8334207496087253
541 0.6628978137077506
542 0.5974768531680599
543 0.9362033946498605
544 3.4327123410837945
545 0.06674684050013172
546 0.7262246599335326
547 4.318564743387572
548 2.326371938466331
549 0.009417282840447263
550 0.20793167875711369
551 8.665456609425242
552 0.43980075998855434
553 0.22992732958509046
554 31.54215129985161
555 0.2051329055900898
556 0.1536803009721949
557 2.9469136250714514
558 0.01734911141216126
559 0.5150926891653135
560 2.1779996518651914
561 0.4034486309492821
562 1.2256868975423323
563 13.050843461578447
564 0.19203827397212656
565 1.5214872699320958
566 5.106629519829794
567 0.5634049477602182
568 0.845482680609754
569 1.7570233761899814
570 0.8024343319104608
571 1.7809631534134491
572 0.3559405756090426
573 6.754333699012647
574 10.15229707186447
575 0.4730119356593561
576 0.44804006801091006
577 2.5006422717405457
578 0.45487006639096267
579 2.8653041663185306
580 6.253391853708635
581 0.38524353482033463
582 1.9142355265668045
583 9.125587724086747
584 6.750246083461665
585 0.5978899796892817
586 0.4645277379300632
587 1.3259769338113219
588 0.5179581192864167
589 1.7704490753817301
590 3.0333135411024164
591 5.367418216083317
592 2.9467274738842812
593 23.6378415130759
594 4.901952084166727
595 2.6809374038055673
596 1.135212386446396
597 13.996359560526821
598 0.04002044680974972
599 0.4141620483136428
600 0.059334584054005914
601 3.118266153645029
602 0.5045143120611516
603 13.684995942256672
604 0.8889578934391378
605 5.674797992571914
606 6.983728719264055
607 1.0101016478775422
608 0.35193225915924997
609 0.9108533726010994
610 1.84877979277811
611 438.341943343655
612 1.213944450631052
613 208.0539888505387
614 1.4498748431617505
615 0.2922787821860599
616 14.437873898268792
617 2.3917283345856983
618 0.0352927859608162
619 0.22575587936327202
620 13.133539963982848
621 0.44583631694428516
622 1.5257872242616257
623 10.40887038243218
624 28.4605719648191
625 1.1775210863675176
626 63.787961661813355
627 0.20539768211216866
628 0.5845664504173822
629 0.5374251278059118
630 0.06938425981737946
631 5.064170603722694
632 0.9591670509151988
633 2.7307940741274606
634 0.1989305658172365
635 0.5128462689313563
636 1.4205746261530436
637 5.805156923776668
638 5.434779791972074
639 1.2553449988818275
640 0.5603205915042696
641 0.2024869321189857
642 2.133214939781568
643 9.690606692109716
644 1.799109718042679
645 0.892882130675623
646 0.49338841124498
647 0.2553638879936773
648 6.2425606354199825
649 0.10034551107677359
650 29.484736139442887
651 0.1308902206614363
652 6.209224943264383
653 2.563928229173896
654 1.4522350265358979
655 0.08551877719191998
656 0.20045443928232984
657 0.3425863607759229
658 0.6590221803421721
659 33.985209903843504
660 2.4233967904389173
661 0.11256897339869541
662 1.0439172708358122
663 0.32066023111067626
664 0.9857782164618711
665 1.5811031913387172
666 3.8683750784930226
667 5.621356256645187
668 2.2723014557806662
669 0.7667818367289897
670 3.4447180963390234
671 1.464917116894557
672 28.189822133310983
673 0.13174277897746592
674 0.03896715425197045
675 3.4840589452016015
676 3.4357717893656567
677 0.8024926473211802
678 1.5748369518726608
679 45.211522211081075
680 0.3913314152224807
681 0.16694234128005392
682 3.366617206604982
683 11.051040125820096
684 2.0151903156980273
685 0.4940653177021839
686 3.5662587778600017
687 2.7786210014162025
688 1.3025845078043643
689 0.8370826947623246
690 0.37262425199976534
691 0.9655613158446728
692 5.989791932541856
693 0.3674922956733372
694 0.04270595444944208
695 1.4402567601604106
696 0.09016250077927143
697 5.4231561866384626
698 0.20572594178318895
699 1.238486990124505
700 1.4647146298830334
701 1.0824172682034674
702 3.084041734467716
703 1.7800835683662184
704 0.1539706660166611
705 16.653700893860155
706 0.497035614425993
707 0.7997645267720067
708 1.7721985333223451
709 0.1710797915997051
710 2.384104622004044
711 0.20337684577787024
712 14.30732936979595
713 2.662439216815747
714 0.7396795161115005
715 4.423660739722389
716 0.31245284208344404
717 0.0513470973786223
718 22.10217173764464
719 0.8141099732906734
720 3.167279984447285
721 0.4738877704176653
722 0.9584778199055276
723 5.38796543059678
724 1.059164753298587
725 0.06103132871877139
726 20.788506728731416
727 15.434264009303384
728 0.22515377484794633
729 0.02167305204589347
730 7.469521400923561
731 2.1221405303411665
732 0.48581736220105104
733 0.12462022992207887
734 0.3246608550336759
735 31.43932887200701
736 0.8343902048459504
737 14.03287546975419
738 17.67482017965063
739 0.2790321688389855
740 0.8694943932915101
741 1.9021472960814043
742 2.765301212700211
743 0.4319391059546428
744 0.6554619793467996
745 0.1846467209003277
746 10.741129675338671
747 5.228315755971103
748 3.2784757775138056
749 1.625376366720328
750 1.6946784163644402
751 0.9435970671807965
752 0.02825286255853914
753 0.25873208643873374
754 2.4048615209534985
755 9.953410009837771
756 1.9569518206106298
757 46.25311979945106
758 23.997822696192557
759 0.6080667425393751
760 2.6339466989392313
761 0.06364031221215395
762 5.506380517914671
763 1.8615043987819124
764 8.574422024767
765 0.09405101707688376
766 5.446405039002905
767 3.1409684527235937
768 9.832321898660092
769 0.636965826652395
770 0.323047985457155
771 0.5326573082810476
772 50.72921928993948
773 1.5884447363329617
774 0.37517510862304054
775 1.0310041985918899
776 3.4054330537649697
777 0.4119102104728133
778 425.4601595348572
779 0.1822553667192268
780 0.026165302728717626
781 0.2282741454807851
782 8.395417088778718
783 19.207078863151164
784 0.9115307854463388
785 0.15523795547331976
786 0.5623533341148966
787 3.3933984986964774
788 97.81472400777655
789 0.763624298048361
790 1.0804721588521888
791 2.3513841990020015
792 0.8624709828523527
793 0.05432394235177616
794 0.15549825643804788
795 3.04352362566028
796 0.9566186928987767
797 0.2501944001889997
798 26.77906117743206
799 0.3255912344604629
800 3.019671025985533
801 11.574790429499393
802 0.489193733543142
803 1.8468057102472
804 0.9188618918350768
805 0.5653133585704128
806 3.408739570587357
807 51.28993546161536
808 0.6499358048611097
809 0.19794268691296862
810 0.5096088940352348
811 18.593993652889225
812 0.4891448661157931
813 1.692588103789788
814 1.70008348041926
815 8.639815889074706
816 0.12114021055548138
817 2.165121163544513
818 11.978053800350045
819 0.11251038972844425
820 0.07243836448974951
821 2.669126250292391
822 0.6254949340468431
823 7.129538898238809
824 0.7525737424209302
825 10.167538267969205
826 0.31076029448439596
827 2.354007416606785
828 0.9432413313152191
829 2.9966166755159374
830 0.5248129318693177
831 40.03538072702742
832 0.016741831809839312
833 0.000527281849926134
834 1.3254165673901843
835 0.12444268177929711
836 2.6972966323118786
837 0.0346223822247075
838 16.12810740797424
839 0.20957614907690134
840 0.5516656823286431
841 0.29339609676004846
842 0.9616725364511105
843 1.5846409766788525
844 7.325451652144903
845 0.1236773938386765
846 0.5154497370046843
847 12.205150636206033
848 0.6404927525771832
849 7.318552221544477
850 0.4925927368195757
851 0.11091073598579292
852 9.233728198649837
853 0.38407057651854
854 0.7985239109306095
855 3.0619335136929458
856 0.05032672393045655
857 6.917228961393031
858 0.7108866359489261
859 2.8542641546282588
860 0.08804366196600777
861 0.2478831451104862
862 2.182961455051412
863 1.0192300528686282
864 0.5490511163326645
865 1.7862113560177486
866 0.08947631953007433
867 0.3036514766129293
868 0.5991057473180776
869 10.970547936145191
870 0.7514863264432128
871 1.5937905240506705
872 0.8147135308746299
873 0.3812037671878469
874 1.6072589897228977
875 2.0006676009218314
876 0.7947811965861656
877 0.42687658726998695
878 0.04913618500867267
879 4.143437214416845
880 36.985358310009154
881 1.7767351400425846
882 2.005297964827668
883 0.8883587096934327
884 0.6037017838367188
885 7.030093783416963
886 0.36562902166357847
887 0.39628062147113213
888 0.792427466727578
889 0.019053147974677193
890 0.46665992221543195
891 2.9396526313134226
892 1.2238771591032553
893 5.2927771889741315
894 1.041124748040776
895 4.999397920714968
896 4.423635150107766
897 0.6196730727245889
898 1.2234664751435018
899 0.34193545976204837
900 1.2299887992856011
901 4.731182421107452
902 0.8075877548531532
903 5.008984006384957
904 2.7866316797367863
905 0.1471897594621097
906 0.3967578300906833
907 1.3372550687517248
908 23.68688746478873
909 0.351207924978715
910 2.8124728933141707
911 3.3453431836720022
912 0.37108808488825745
913 10.318225037934479
914 16.552811111743175
915 0.283128234671328
916 1.0544475429157139
917 0.21631578472384955
918 82.19621439730321
919 0.989169512213442
920 0.7740743660442561
921 2.4822761267949303
922 0.1650492237969567
923 0.4324958393224861
924 77.43253748000132
925 0.24560620050178575
926 0.7402083541116796
927 1.3487935798723445
928 4.697097011910293
929 1.4364470878902322
930 0.02465447054418013
931 4.835050168305856
932 0.07476334822997747
933 0.7064654920076451
934 0.5762184159494969
935 0.2849536814137617
936 4.589971459055429
937 18.48309861467349
938 0.7273148268184823
939 0.10533544673004051
940 0.26368037668454747
941 1.52676105596002
942 0.10452498818763613
943 12.265116024270391
944 0.6968587872354287
945 4.49421764943388
946 0.06439378028823858
947 0.9295242192745709
948 0.42851547813685237
949 0.03272626889965341
950 0.001660112946729934
951 0.03311878481822027
952 2.835551427213666
953 0.13451029942464482
954 0.5244765618453566
955 1.9516837863410945
956 5.986858728264858
957 0.2267147313808687
958 0.4509159239316677
959 1.7555607068420156
960 0.23923409657599667
961 9.662570340716057
962 3.7386249260976068
963 3.0949000852906323
964 0.5176855759052748
965 1.409002668545508
966 4.212583960592696
967 0.8098710942532006
968 0.17078794383007864
969 0.19241197368880517
970 1.2344011470400091
971 6.8482860787161535
972 0.4250446948057733
973 0.11837581924862801
974 1.20067025509754
975 0.0945589207590842
976 0.038556614479898936
977 5.259217602143262
978 0.05162373220975774
979 4.191056854813071
980 0.002440685693905924
981 4.818764641094571
982 0.6260776502588203
983 0.3968220355623315
984 2.975063410293078
985 0.34539658823999275
986 0.0016956641415430788
987 0.4990816249157243
988 15.209552356822826
989 1.3065980114932099
990 0.6056079526643295
991 0.27180880843340477
992 1.6543970669565806
993 2.395923713456195
994 220.54501273289776
995 0.9609914448563329
996 0.3854782396902426
997 1.9430392704277353
998 0.6856194708781305
999 0.7454562825457068
1000 12.910019277471564
