1 0.2574966369482642
2 31.162495016381644
3 6.5361290875922915
4 2.98331492461023
5 0.13821292699965843
6 0.9016349082387203
7 7.126266826116673
8 1.674366901352916
9 0.3490732079896192
10 0.021370561788573227
11 0.5859042406739715
12 1.0711160729786287
13 0.40383782495104475
14 1.9822853379814243
15 0.20706731541698226
16 0.3414307751519609
17 0.062489064674110396
18 0.931866829325211
19 1.5524248383411137
20 6.871850758674759
21 0.9926901500946913
22 4.442864796463487
23 3.8391156225816556
24 0.16428551739803898
25 0.3227412375365868
26 0.5342842777462987
27 0.022824918479078558
28 9.325229104899336
29 0.8409710898345296
30 0.5683082031517224
31 0.8423406244066541
32 0.05662422060006605
33 0.5689205758203061
34 1.4707349732878712
35 3.9487317330106193
36 415.8332407080411
37 6.003334385361851
38 3.782782884061381
39 2.5216702589199915
40 1.3495181718266336
41 2.920598306673921
42 0.4157840045588634
43 0.0282714807753305
44 0.13462289734105923
45 0.8132813300864903
46 0.4484719449233834
47 1.9985203067038366
48 2.3372991284274205
49 174.16245804145254
50 6.1701071294435526
51 0.1504392513101339
52 35.38335264208515
53 0.38585320951180296
54 2.854501326338036
55 0.23040383685299162
56 1.647252748603487
57 1.332298314690871
58 0.8252289912425119
59 0.27456554551360707
60 0.038890780855581945
61 0.8895813502172374
62 3.8642388344841354
63 8.603224999314342
64 10.669567727417895
65 0.39389617922248793
66 25.20221574162067
67 1.2507971482546185
68 0.15659142664322162
69 0.1092825626182485
70 0.5242856485501011
71 0.1572972734654969
72 4.74189352870663
73 0.00013229468282073393
74 2.327455046606206
75 0.6771069108859574
76 0.2646600117711679
77 0.36274068409465027
78 1.2315428154117813
79 0.32163049416620154
80 0.03895548510920748
81 0.6679943384020537
82 0.10356796925568619
83 0.39889818188244647
84 0.2289179764357653
85 0.8188643444561926
86 0.0528595555423208
87 0.38472400036166055
88 1.6474636619564114
89 40.107301903489656
90 0.19164530555593703
91 0.8574139664500241
92 0.009558845211855559
93 1.9881509015327237
94 0.29647929160746683
95 0.23998616102098544
96 0.0038424365128549264
97 0.6251899349866623
98 125.08176536843138
99 1.283558182483398
100 6.512051187549658
101 7.748686928794954
102 1.1690539635665835
103 0.2802097705419449
104 1.4129602751408081
105 0.3851271582127132
106 1.3394083771217635
107 0.5290810169044768
108 0.8329607545364548
109 3.2138559157546047
110 9.209814312920559
111 2.5856063383666537
112 0.9707172626624658
113 17.93120229542076
114 0.25062262306817584
115 0.8518894197553868
116 1.3318957319821951
117 4.538424385501266
118 5.727770475284629
119 0.7648550384732518
120 0.11520045158122741
121 0.20562671824880882
122 89.65674310143612
123 4.139536664825612
124 1.2380315145258127
125 2.4417957702634885
126 3.662025819202671
127 0.07038944434223683
128 2.869679839156586
129 2.7375887627506414
130 0.12653249600278743
131 0.5401140255932643
132 2.831862766839944
133 1.1707552397106389
134 12.792407668359305
135 0.040080119822017445
136 5.408968477366376
137 1.7017973761998444
138 9.348797801938662
139 2.5236921471675693
140 9.707465150599276
141 1.3435925121153356
142 0.040762647389695254
143 1.9499682539055172
144 1.2850393749166622
145 0.3873936658872799
146 0.09484214354752224
147 0.8152269272312698
148 4.535207524786335
149 0.27677159558361275
150 0.40778537565233136
151 0.7211714137622319
152 1.616996324823722
153 23.45623331200564
154 0.736839789411836
155 1.122127378420025
156 0.5076638606852605
157 0.36530949266531415
158 2.0662278224240818
159 0.1050996900925634
160 0.251544609359662
161 0.22447002910399985
162 0.2853788193569469
163 7.961269889141136
164 0.029716517598270927
165 0.0016178834392195467
166 0.8924045505494558
167 0.12355151022154753
168 3.4283111904562977
169 2.2998690781603646
170 0.8608973182925022
171 0.036966462357867526
172 0.20134294718090612
173 0.37755606556223187
174 0.36614044358422687
175 0.8937931699801114
176 0.6554672520027823
177 0.20325178993787923
178 0.27901255781304973
179 1.3866513404409597
180 1.731276805830155
181 25.416010810422826
182 0.0900615539050767
183 2.6402863243145926
184 0.4441223730135025
185 2.5130534953497827
186 53.45025283966715
187 0.20324555601247835
188 0.38001820716834517
189 0.115694303892198
190 7.476113703853792
191 0.2630890188527747
192 3.500236131496947
193 0.3731611617067671
194 0.08052090300849848
195 11.27220084416817
196 0.38350822442144405
197 3.7984363960189786
198 0.45064942280554526
199 0.018868979708657026
200 2.530011959164578
201 0.6883903748248743
202 0.9078870324785875
203 0.0707324533982112
204 1.0239965580938364
205 0.8171485150961175
206 0.04079957496702593
207 0.06717859378319446
208 0.15280958432991315
209 0.09542954636155578
210 1.2649357423133016
211 0.6191597400868517
212 31.55163440089069
213 0.5588625963739458
214 0.4533041346735559
215 1.8978194075128778
216 0.31256933705387996
217 0.4181021413977119
218 0.86668405140161
219 0.11841537653091974
220 3.3285785494251225
221 1.2914773393240844
222 3.7621379909638497
223 2.1917838824344686
224 0.3590119244181562
225 8.351460177910223
226 0.2598370768775032
227 0.17900135355620764
228 5.587392591178191
229 1.015381748173285
230 0.9142481828968809
231 0.031012747472090697
232 30.49082003042865
233 0.12378570103560602
234 2.2370186969697623
235 1.4663200000767467
236 0.6051439134435617
237 0.39702322341275154
238 1.0091630528181195
239 86.53537119922463
240 3.30502830119522
241 1.0555898808133377
242 5.6469127214130586
243 0.16461972072065612
244 0.06188384539926883
245 5.463355100881585
246 1.731761766353126
247 0.00540963407092122
248 7.056738269804991
249 0.9755385854990343
250 10.760219504198695
251 0.837218946288841
252 0.8989227815548103
253 0.3425163357051794
254 0.5486235110122648
255 15.367526565730204
256 10.070738693151684
257 25.814519691145474
258 12.247044311694799
259 0.03898296639788446
260 0.23676817650430165
261 0.01154628881166171
262 3.8116373184343155
263 0.23676034268401117
264 5.4896272770373775
265 2.241521990247971
266 3.693785487627736
267 1.6822563357524143
268 1.5193928171147597
269 2.3148845018824353
270 0.47830841920110595
271 22.90067235627511
272 16.467346531293195
273 1.0451227637027876
274 0.18794626585202073
275 0.030793763550512207
276 15.142035155155167
277 1.2056734058650231
278 3.9924613179803257
279 0.9864274313912795
280 8.413663706744961
281 11.001509113594825
282 0.05072105221933056
283 0.5129179992490378
284 0.1793793826263971
285 0.04126967511204323
286 0.6654838875980287
287 2.117594851324516
288 7.802233122923288
289 1.7028299723823492
290 0.7520652760886695
291 0.18143116033377563
292 1.8178000661144844
293 1.0087486761497761
294 0.3646577823607608
295 1.0349059144882382
296 0.12245496197743264
297 14.495302661673067
298 0.41419349253381943
299 1.3568031443843687
300 6.767005754823107
301 0.2698611385688472
302 1.6062292029672098
303 2.0644110703218854
304 1.591787512275018
305 0.4170414246457749
306 1.9636366642374294
307 0.8452355634794276
308 2.4859407525650363
309 0.4076174747668759
310 0.18784745042666753
311 0.20628876548359762
312 0.5561049905149612
313 3.4954266367884594
314 1.0418911088995526
315 3.071858418711085
316 0.2941123918115792
317 44.0991804669027
318 5.193734577566808
319 0.46507781207658916
320 2.1190818010529338
321 1.3323516449928692
322 0.1696876470229683
323 0.7948445223688081
324 0.2592351148055088
325 0.5862984282186529
326 0.31227801961175705
327 0.47834496129567367
328 1.5805024681194713
329 1.0051119735477216
330 0.6660765280897574
331 9.958107381863899
332 0.6988632165647543
333 2.1427924411153185
334 0.6099323585001741
335 0.7637042342401333
336 1.1923748515852914
337 0.06252036963900336
338 0.34307548311157704
339 0.6869556599447831
340 4.588941300299121
341 4.360493240829103
342 0.5903925348297898
343 0.7590042341679465
344 0.7126303022654339
345 0.9744193385063574
346 1.2129152287098057
347 1.9935764170261638
348 1.6909039359164013
349 3.0046999587380956
350 4.728931819336217
351 0.7804260216029938
352 0.14330776877164816
353 1.0712851232349947
354 3.7944727684835162
355 1.7876795651290105
356 2.4594344750436687
357 188.46073859073766
358 22.02597976055442
359 0.7038488278991526
360 0.8297650882592879
361 0.6335516438384137
362 20.940315225953988
363 1.0555109927187674
364 2.493381927479038
365 1.5857904564020537
366 1.3136532502585778
367 2.600261485165149
368 1.8379934272366494
369 0.052525740273203836
370 0.6062046881520762
371 1.2486345512906465
372 0.17274823491773983
373 0.18242570952032025
374 1.3732957918270026
375 1.2310464396498209
376 0.18432128009119153
377 5.012939221999523
378 0.8634254468759586
379 0.41701181720329217
380 3.2349013781952562
381 0.371707334424422
382 0.4928440196857977
383 3.7662890976900627
384 0.3301789028515494
385 34.68088241648231
386 16.60916276123059
387 1.0798268028339677
388 0.07879801332937947
389 1.3071944838915421
390 0.2583650809036312
391 0.5701247231366636
392 28.473728324323222
393 1.5639399675423977
394 0.05691423299003147
395 0.24893294298129037
396 0.42442348520497925
397 0.07207210064806942
398 0.1571665323654759
399 0.28304518653972144
400 0.553294746946367
401 0.9516195631634322
402 6.137505436319657
403 3.3700361336689655
404 1.1895820587770862
405 8.653473615029815
406 1.736162232132239
407 2.029942176247688
408 0.6524923986218972
409 3.975251894532429
410 9.83566110483902
411 1.2228376702593309
412 0.4945164608076688
413 2.4568156358026756
414 1.292453246196859
415 1.7465475916834354
416 0.46324877051725977
417 1.837179769546403
418 2.3688634307345624
419 0.49070276067060326
420 0.24672689186672667
421 1.3773493990334016
422 2.764313770843524
423 51.01825621228398
424 0.2715680512673218
425 1.280732868836112
426 13.485500098505966
427 9.458663626047585
428 15.686293982551836
429 0.19336300332508802
430 0.1628189289929865
431 1.1255003381870332
432 7.129779317367656
433 0.3472434610243731
434 0.6648238083772467
435 0.41543364637747315
436 0.2140112683428101
437 0.7235560657356613
438 2.4591344386525655
439 1.8856512974129165
440 1.2536547339338078
441 0.9278614272090513
442 0.3534909656006547
443 0.058500351083826264
444 0.12271218723142636
445 6.139502973218565
446 0.66473358654844
447 1.4519816526181193
448 0.6104183792978797
449 28.393785901305844
450 27.34048855519422
451 0.12123332386609788
452 0.06443179276383551
453 1.2131918369481574
454 17.115254213578865
455 22.080062866319462
456 1.8291156040837566
457 0.16660078584218735
458 3.278431123162777
459 16.40434374210751
460 7.898031784549914
461 0.4556709314040065
462 0.8105808304768242
463 0.21011965923475232
464 0.24587306431620704
465 17.514577728538466
466 1.7707539921935698
467 0.7395794807774771
468 2.569063248390165
469 0.17564649032817206
470 0.12571879106030917
471 0.767065430739775
472 3.45379562171763
473 11.805474910203447
474 0.6967506609451105
475 0.19342506599141174
476 3.227362933454353
477 0.3148367524061657
478 0.07272970375136459
479 0.29599158917650453
480 5.043781639943406
481 0.3624836103029828
482 1.498299836729338
483 1.7270286116457807
484 0.9666728302152627
485 1.6605488916152524
486 0.34718132303070204
487 0.16030014894786815
488 2.2371096703733935
489 0.5397220381857866
490 8.968214601871768
491 0.6413900599230191
492 23.550176596626134
493 3.275309291985766
494 4.196067999987921
495 3.579460499709568
496 0.36638381675490206
497 0.26841660877694534
498 0.5449347910775908
499 2.4795068283996646
500 0.6403036153565912
501 1.2014896607504484
502 0.7311417264129757
503 26.71536866158915
504 0.2831769618750126
505 1.2228760740087148
506 0.5068694220991692
507 247.2774530335737
508 4.9809204049239355
509 3.6290024427956267
510 0.3264157915899356
511 1.8318746192751025
512 1.9190142326187494
513 4.4269591198461695
514 1.2682410541529436
515 356.0373274115395
516 0.5605593984539717
517 0.3202086398111564
518 3.842919934494537
519 0.32032006721546347
520 0.26801258778564424
521 0.015312727898836807
522 6.315163621559613
523 1.425514771395476
524 2.1919624626485463
525 3.375366536534378
526 1.607078803500565
527 1.680564553476145
528 2.89202479197771
529 0.9758490515152809
530 13.427563801361202
531 3.527257316975594
532 0.1752575642277766
533 0.4450533764938846
534 0.14796089774920057
535 15.399217048992549
536 0.6092987210554393
537 0.08017183847871319
538 0.26338585662972464
539 1.1730231289006565
540 0.698779066371874
541 0.035156400796260874
542 2.185063921892653
543 0.6775335014880941
544 0.06338566818457357
545 0.6272391749321216
546 1.5513249066088333
547 1.4198163617034916
548 0.07777816055782713
549 0.35081358772474536
550 12.671095251626811
551 3.485807387509823
552 0.8443167656312603
553 19.19597321463295
554 4.769874237704915
555 9.059403423104188
556 3.420367946231622
557 0.15859380994713493
558 3.686143638122321
559 5.310772061538851
560 5.064483921972887
561 32.355628525693994
562 0.7204528289210899
563 6.056919847129644
564 0.1935297837821758
565 1.707557825901636
566 0.13913837285551697
567 1.8246256688292923
568 4.280652097754121
569 0.6265180597452281
570 1.3199270825323721
571 6.809756064056537
572 1.684220936632096
573 0.5153460674047277
574 3.6403753124055913
575 3.902730502379265
576 0.7071796276045346
577 0.7454771682982293
578 0.3101924213242587
579 15.811522771826729
580 1.9817099406814613
581 2.825732560427546
582 11.013989373248004
583 0.5454107055006224
584 0.7528071803381874
585 0.09129382540744667
586 0.034739506162152434
587 101.92419538845213
588 0.31697150139098246
589 0.5493157405389569
590 6.079223791146302
591 9.282117655848285
592 0.9526090071268372
593 0.10512004529529351
594 2.793089967249069
595 1.5064422276227927
596 0.4017799232286234
597 0.25087846563707067
598 2.4098354000629603
599 2.306473206626328
600 7.708745069390463
601 25.303513473979876
602 0.26640948916837986
603 3.2366177326882863
604 1.3418521978633453
605 0.5320082023829352
606 0.11903537058158498
607 3.6650028524399807
608 0.8642811206689143
609 61.355918919734336
610 2.959581872613905
611 2.363972014727724
612 12.611236735759073
613 0.3706057057868795
614 0.7285981063972736
615 6.052131233523284
616 1.1468979642215946
617 4.581666633985317
618 14.310287220494596
619 3.8363639229177515
620 2.0685125927409524
621 0.06547964808653378
622 1.3880049025625032
623 0.9053979311253051
624 4.7253006584725545
625 0.10467525032681654
626 3.427203391526756
627 0.25371617313197303
628 3.2218373352778156
629 5.073116891064731
630 4.760137557600052
631 0.9052770973091225
632 0.9097242611939622
633 1.1899793611029827
634 0.16093117292991926
635 3.248793710804559
636 0.13350938496777806
637 1.294261884854102
638 0.22911503084948057
639 18.673664657578332
640 2.0027371119901916
641 10.521465331923265
642 80.46899651445027
643 4.333480883521774
644 0.29097163481473265
645 1.830332647436214
646 2.4010842807304766
647 0.5148668947101485
648 0.5595826953140116
649 0.10890134604636413
650 0.03765098563328123
651 0.6118092087451885
652 0.6743303771144061
653 0.3322169063439997
654 0.2534503277660289
655 23.276662692183592
656 2.712456762202437
657 0.16007758899906957
658 1.1502529464878744
659 0.15779127687392328
660 3.4154551980218897
661 28.42059763348989
662 1.3095280670694334
663 1.7045273480214764
664 2.7679168415179025
665 1.3848503979090836
666 0.23215333740444344
667 0.21365223231123154
668 0.2122557043235049
669 3.625175032345545
670 0.46139256633338355
671 0.248669827758541
672 0.5599313537757293
673 0.6610633850768491
674 0.11399961073453295
675 0.6328257609843765
676 8.494933510895883
677 1.250388215466712
678 0.5076936107391797
679 1.155080677772688
680 0.34439743837789444
681 0.15895545792445243
682 0.36290903357542503
683 0.5210138036385318
684 0.1862150583336772
685 1.1749437485263903
686 0.9484153748999938
687 0.16356137885029823
688 6.00612584602019
689 0.29954083449883534
690 1.542200844574811
691 11.273788914881836
692 1.2233868419141554
693 0.00024146839063280881
694 3.7385848272130073
695 0.03857079722499532
696 1.96467969189946
697 0.2802129629564939
698 0.33831065868943394
699 2.667657017929947
700 381.24939453216064
701 8.28795365417397
702 0.2081565502892632
703 0.01814245347552221
704 22.05605188363212
705 2.602446645988317
706 0.04734958609302494
707 0.1107593280204178
708 1.3205957165381885
709 0.1063980129474189
710 3.6201129000123062
711 4.453022021874318
712 5.313356719212431
713 0.7353163971777952
714 0.5960581076203542
715 0.10797406794502307
716 0.1814645330823242
717 1.5872360426870422
718 0.24716737035151207
719 7.532835052926465
720 0.5960527755535185
721 0.4748738791504695
722 0.4184695742489411
723 0.20824574329909695
724 0.8065438191683655
725 4.188772503410131
726 6.01565749933587
727 0.11617011652430931
728 0.018134673814145474
729 0.7648007468237897
730 0.4268334789577732
731 0.4405032970442412
732 0.5434274563998172
733 0.15674260267976403
734 0.8096576687653789
735 1.8180021222487013
736 9.012292807994964
737 2.7044336261560993
738 2.2847246154726855
739 1.855036382947612
740 1.0940590050492398
741 0.005406281098816064
742 1.2148941284124604
743 0.2344584553538123
744 13.009107152394137
745 1.763078093543663
746 3.0099848139441456
747 7.0757094011858
748 0.06752737415945885
749 1.9502264675486893
750 5.686128415126974
751 3.7040314698176515
752 4.315169627764915
753 3.1975852455641642
754 0.4686754277379042
755 0.1760315598258112
756 1.173867656955439
757 0.7317373103811989
758 0.49838411313560393
759 1.2043848420578136
760 0.06439193406405369
761 7.730376536130688
762 2.4708804222103504
763 0.8429106202058844
764 0.10425187710043789
765 2.6494682887012364
766 0.9540496026234325
767 1.5084319217551512
768 1.124072873948807
769 0.2391826665445718
770 21.156385124149967
771 3.5317757536447996
772 2.433692611378859
773 0.6289738632909564
774 0.41222216555772584
775 0.09939379408966731
776 0.773313428083987
777 1.0385226613586316
778 2.174155003799678
779 5.780627226207403
780 0.8504506092917632
781 0.2657621845684878
782 6.4469140593770895
783 0.07446222478650069
784 2.554318929815101
785 1.7882566886499272
786 0.9928964215846618
787 0.9246233954499795
788 0.4604116397798219
789 0.0501974843739651
790 0.7756447239769961
791 4.299546364594972
792 1.3325318576363745
793 0.6880173932850195
794 0.9541081423847005
795 0.017525517978871627
796 1.915480726957401
797 0.047672838834639915
798 2.4866335227030016
799 0.08996659168497048
800 0.7116481297984133
801 1.0365866443756224
802 4.37251623984173
803 0.8658029581338406
804 0.33873457845925065
805 0.16142407948833573
806 1.409834158568015
807 5.0384551541735885
808 3.0396893554868862
809 0.28970651616871407
810 9.240148977577912
811 0.6584763372639311
812 0.12498815189819192
813 0.20107010579948045
814 0.03996399384015435
815 0.5472218953901119
816 22.83728457589009
817 0.0590108489512778
818 1.0273585661383369
819 2.9852933637244963
820 1.0334747478462893
821 1.902084689169235
822 0.6559629262247431
823 0.7680087814788609
824 4.091460558040054
825 0.8537703707304198
826 3.4930489717352393
827 1.1250827882723098
828 1.1886831513881027
829 0.05564457178068458
830 3.8041686360764495
831 1.7419854923598437
832 0.4546881173711407
833 0.048456800648230026
834 0.07760175803135935
835 0.23838356864440435
836 6.995917218889922
837 0.711725087539928
838 0.6203648321697559
839 0.42630967401268166
840 0.6702664652624752
841 102.0720023903707
842 0.03711443182567269
843 2.353917307006898
844 1.3036101855361222
845 0.16059104350373446
846 10.059790961403449
847 0.3708804273158398
848 0.013752250143002845
849 0.6115664713723115
850 0.5775891109760427
851 0.6107331345833519
852 0.7363331959954124
853 0.254226824582922
854 3.786507964048553
855 0.3242909751176785
856 0.2018508962675
857 0.36332388579972746
858 0.4985320118319736
859 0.058674895010357754
860 1.4184124750695584
861 0.09562951217598298
862 1.6079960864289002
863 0.18843408679136164
864 0.9278529151806356
865 5.398956110114065
866 1.9889444786086419
867 0.7677332632850279
868 35.90083512995677
869 0.3818365690701893
870 0.024927885019191267
871 0.40900553446725085
872 2.5806037091290164
873 0.5853338143612372
874 0.30810681128443296
875 0.3933705054124829
876 0.07009401820751347
877 0.03080735823605671
878 1.1243091653545287
879 1.0357797927809986
880 4.18984485079069
881 0.8899950576452624
882 0.5826004290737556
883 4.066062838986033
884 0.17862113913778463
885 0.127056103037783
886 1.420730375197783
887 0.44831443196533416
888 0.2836962984153665
889 0.4139252513226376
890 0.06314478870879073
891 2.2478052856847457
892 0.8806452070452079
893 9.931890783262768
894 4.434948134868718
895 7.110150871363456
896 0.44017884414416214
897 10.937523727381993
898 8.8596768301624
899 0.43414605853213534
900 0.1341982647009859
901 0.9001028474511007
902 0.9741805879862042
903 0.8978284324221728
904 7.670887669085169
905 0.20544777120883465
906 84.36013376082268
907 1.9072393136880725
908 4.840911340712061
909 4.085809867882061
910 1.2274981709801605
911 0.26141989075929867
912 8.686685277342496
913 7.262284565529273
914 1.1746402040993442
915 0.2615478270470723
916 1.0381583809795432
917 2.859314705299233
918 0.29104346643746043
919 0.82241819632883
920 0.2612703056585367
921 7.214886735871728
922 1.6605396062665871
923 2.4253809980052585
924 0.03741423291240096
925 0.5421572335871203
926 0.5158695356844493
927 0.2661133357854528
928 45.22097499298051
929 2.7532209023169596
930 0.3010588755652153
931 10.547642000899975
932 6.758374769648439
933 0.07410374080575473
934 0.5095252507831033
935 28.68736084883471
936 2.486739365685935
937 0.8298035402884747
938 0.08096541374158837
939 1.4259871582421135
940 1.7350251859587873
941 0.3421803477924284
942 1.5447708255623231
943 0.11557339794260457
944 0.5662254398408474
945 0.15652357673206888
946 0.16365877779987975
947 0.19152191964550694
948 0.719765699440363
949 0.46080162869657604
950 2.521071854063745
951 0.3313659729202892
952 0.8562723475265865
953 0.3712802720199256
954 5.353635280251841
955 0.041021597156234504
956 0.42212617289110316
957 2.3383758426170824
958 0.9657056749547848
959 0.03086658638087551
960 2.8440509461893413
961 23.33629828599916
962 0.7705498014915949
963 11.4796185853493
964 6.597637956007403
965 0.597392426377729
966 1.5363155205423216
967 1.8525183713510491
968 0.06736747745740786
969 0.18007987103481235
970 0.515450930192475
971 3.217109250989747
972 1.024008025249771
973 16.05935219533313
974 0.22355411266004335
975 4.149345453897585
976 4.740716875255888
977 0.3587422428820723
978 0.9180356163161354
979 10.269258323539445
980 3.0043639028418663
981 1.9223078698886775
982 0.4346032537074043
983 1.038837841286755
984 9.672906870174653
985 2.514753258811316
986 9.459961611854018
987 0.04162606346635861
988 91.08663938053641
989 24.24023969385789
990 1.0097477660317153
991 0.23218560603029076
992 0.31955255645867536
993 0.8253116660775927
994 1.3914300885392616
995 5.310827717435246
996 175.61322898877611
997 0.14558469773489635
998 6.406874628386038
999 5.218510758854614
1000 0.14455632705607638
