2 607 422
2 796 245
2 547 771
2 782 453
2 634 190
2 991 675
2 584 292
2 485 815
2 240 855
2 108 560
2 495 600
2 327 994
2 933 541
2 72 772
2 834 541
2 479 11
2 562 830
2 505 185
2 15 612
2 590 701
2 864 492
2 597 80
2 344 754
2 899 785
2 512 676
2 64 283
2 317 976
2 557 345
2 739 112
2 918 147
2 725 459
2 684 9
2 531 290
2 15 263
2 26 243
2 403 733
2 519 1
2 258 567
2 951 516
2 919 437
2 712 315
2 719 901
2 516 327
2 462 220
2 172 971
2 348 983
2 905 452
2 320 896
2 621 459
2 961 195
2 152 255
2 262 990
2 405 422
2 788 759
2 172 356
2 730 534
2 712 173
2 634 323
2 723 801
2 87 796
2 807 804
2 194 151
2 131 490
2 7 324
2 104 443
2 944 870
2 702 197
2 508 868
2 304 173
2 67 434
2 818 279
2 629 797
2 806 720
2 829 49
2 573 847
2 228 434
2 165 79
2 231 211
2 109 590
2 598 479
2 364 458
2 690 613
2 724 844
2 850 500
2 504 612
2 532 804
2 953 487
2 819 239
2 703 24
2 117 760
2 5 276
2 211 643
2 554 214
2 444 330
2 244 582
2 245 548
2 182 854
2 771 303
2 320 749
2 694 984
2 659 224
2 469 146
2 51 809
2 371 576
2 465 660
2 400 169
2 344 998
2 272 803
2 618 968
2 826 10
2 182 436
2 472 137
2 425 584
2 388 615
2 888 943
2 444 229
2 126 443
2 304 321
2 898 132
2 303 286
2 645 196
2 407 772
2 44 73
2 247 325
2 289 473
2 675 207
2 216 817
2 509 673
2 260 137
2 590 114
2 862 709
2 310 652
2 826 860
2 338 846
2 731 337
2 127 455
2 945 213
2 393 129
2 303 210
2 236 33
2 546 927
2 385 211
2 399 729
2 980 824
2 895 809
2 489 387
2 307 161
2 908 26
2 269 678
2 998 979
2 285 110
2 850 663
2 55 132
2 770 969
2 617 322
2 102 424
2 686 363
2 20 479
2 20 263
2 282 603
2 42 153
2 966 63
2 373 889
2 431 570
2 589 508
2 233 117
2 234 504
2 511 590
2 116 310
2 862 961
2 9 888
2 629 926
2 821 82
2 305 677
2 585 503
2 479 883
2 635 199
2 476 193
2 474 899
2 918 998
2 64 711
2 676 855
2 739 808
2 401 860
2 7 791
2 688 952
2 457 212
2 769 30
2 142 463
2 547 50
2 349 150
2 321 478
2 927 749
2 708 677
2 314 808
2 484 897
2 249 13
2 476 910
2 823 193
2 491 270
2 313 430
2 543 368
2 610 130
2 248 14
2 819 232
2 8 930
2 365 762
2 456 742
2 175 6
2 187 285
2 461 928
2 905 995
2 225 671
2 631 686
2 928 639
2 411 962
2 143 730
2 414 830
2 880 486
2 787 305
2 738 468
2 931 383
2 217 558
2 475 11
2 635 986
2 107 180
2 67 627
2 606 370
2 32 178
2 466 432
2 912 5
2 478 683
2 674 396
2 259 650
2 464 938
2 629 823
2 494 942
2 23 246
2 828 79
2 336 793
2 392 948
2 248 330
2 689 382
2 796 511
2 571 199
2 884 273
2 914 145
2 481 405
2 118 51
2 484 815
2 32 155
2 594 521
2 382 405
2 265 355
2 211 986
2 247 457
2 586 201
2 343 242
2 291 240
2 496 173
2 876 953
2 964 723
2 80 151
2 263 300
2 321 75
2 57 592
2 777 753
2 904 53
2 998 829
2 721 584
2 638 883
2 363 969
2 597 391
2 564 383
2 105 752
2 45 153
2 252 339
2 157 796
2 103 674
2 412 390
2 285 785
2 334 943
2 502 359
2 724 832
2 103 593
2 139 152
2 799 698
2 340 368
2 179 250
2 29 213
2 609 987
2 889 398
2 335 977
2 88 229
2 410 478
2 356 873
2 111 817
2 756 539
2 658 903
2 508 699
2 175 435
2 750 611
2 57 442
2 45 399
2 733 147
2 630 609
2 70 182
2 84 431
2 532 4
2 306 441
2 564 288
2 408 279
2 938 732
2 135 707
2 989 226
2 805 984
2 553 75
2 577 367
2 833 284
2 200 947
2 170 514
2 391 754
2 992 740
2 488 680
2 138 535
2 277 853
2 322 474
2 880 762
2 555 919
2 278 754
2 439 109
2 348 238
2 238 711
2 155 596
2 887 844
2 588 492
2 125 787
2 993 255
2 600 38
2 187 729
2 321 234
2 674 685
2 967 568
2 780 378
2 100 812
2 878 328
2 986 748
2 547 413
2 614 399
2 732 982
2 201 748
2 86 372
2 192 523
2 549 235
2 823 144
2 126 831
2 740 615
2 955 556
2 262 586
2 4 537
2 91 685
2 984 971
2 2 785
2 183 600
2 618 774
2 478 259
2 990 293
2 375 470
2 227 809
2 134 17
2 861 897
2 357 720
2 565 995
2 616 23
2 581 710
2 501 851
2 76 835
2 346 836
2 883 265
2 87 813
2 175 378
2 262 237
2 535 90
2 391 892
2 886 848
2 320 170
2 198 22
2 134 432
2 792 760
2 632 769
2 882 1000
2 232 244
2 650 872
2 140 954
2 203 562
2 961 27
2 756 186
2 367 284
2 559 837
2 958 184
2 706 676
2 746 88
2 237 174
2 94 147
2 221 248
2 225 779
2 104 253
2 1 265
2 561 991
2 16 416
2 838 751
2 781 952
2 794 803
2 29 95
2 361 748
2 193 457
2 820 384
2 32 435
2 428 813
2 214 980
2 302 979
2 489 394
2 118 552
2 344 730
2 887 552
2 593 437
2 861 517
2 294 341
2 991 13
2 527 783
2 210 812
2 607 714
2 532 23
2 20 605
2 275 488
2 818 19
2 196 264
2 713 356
2 376 387
2 297 318
2 469 250
2 429 211
2 304 140
2 985 672
2 502 642
2 410 841
2 281 476
2 531 687
2 15 742
2 493 639
2 553 432
2 726 977
2 966 86
2 294 540
2 112 185
2 7 907
2 735 849
2 152 213
2 485 41
2 770 444
2 574 283
2 461 545
2 980 985
2 484 279
2 131 223
2 632 281
2 156 437
2 791 613
2 380 114
2 497 101
2 645 756
2 282 909
2 59 883
2 314 933
2 947 552
2 290 971
2 736 238
2 154 349
2 800 290
2 988 465
2 88 499
2 855 658
2 264 229
2 581 648
2 228 869
2 903 599
2 861 501
2 8 184
2 849 296
2 590 822
2 806 193
2 493 291
2 690 132
2 467 620
2 307 87
2 304 481
2 581 244
2 254 165
2 451 139
2 996 297
2 445 64
2 37 457
2 999 838
2 363 166
2 866 823
2 233 250
2 239 211
2 775 449
2 641 538
2 155 508
2 418 261
2 698 954
2 435 809
2 155 785
2 887 784
2 501 596
2 248 101
2 414 985
2 914 911
2 882 985
2 905 458
2 240 274
2 940 652
2 875 768
2 642 368
2 84 242
2 741 220
2 334 204
2 679 16
2 57 671
2 467 723
2 43 486
2 839 367
2 191 278
2 576 381
2 746 316
2 61 762
2 839 755
2 693 533
2 293 17
2 83 394
2 840 663
2 509 67
2 391 463
2 929 614
2 282 301
2 80 39
2 122 918
2 733 870
2 733 868
2 354 563
2 111 878
2 244 492
2 509 74
2 126 444
2 686 611
2 31 693
2 485 809
2 833 534
2 665 976
2 138 437
2 833 593
2 936 312
2 103 153
2 61 941
2 299 983
2 311 543
2 875 515
2 596 51
2 429 690
2 116 698
2 191 359
2 812 879
2 523 886
2 655 802
2 11 616
2 871 355
2 649 63
2 61 340
2 528 644
2 47 336
2 660 636
2 969 730
2 57 682
2 208 847
2 501 446
2 734 783
2 116 529
2 39 650
2 94 929
2 437 654
2 293 457
2 695 749
2 363 290
2 854 767
2 829 435
2 380 890
2 923 460
2 276 127
2 615 343
2 216 646
2 884 995
2 613 432
2 109 214
2 572 517
2 201 587
2 481 117
2 23 662
2 141 224
2 955 921
2 205 840
2 924 182
2 216 413
2 381 160
2 535 501
2 361 539
2 127 989
2 730 550
2 496 663
2 397 728
2 359 279
2 512 364
2 761 554
2 955 971
2 984 716
2 554 987
2 646 572
2 44 444
2 958 927
2 224 429
2 840 661
2 567 444
2 319 800
2 266 774
2 15 490
2 57 801
2 212 38
2 206 956
2 48 542
2 719 747
2 44 193
2 344 370
2 560 169
2 170 700
2 686 97
2 799 367
2 293 928
2 882 690
2 439 840
2 6 590
2 719 155
2 32 651
2 353 373
2 25 841
2 24 678
2 919 830
2 885 43
2 172 232
2 922 775
2 456 510
2 338 162
2 462 685
2 408 305
2 631 441
2 929 239
2 753 411
2 106 734
2 792 385
2 933 83
2 456 638
2 867 302
2 557 487
2 491 506
2 209 588
2 517 71
2 254 729
2 165 637
2 777 776
2 956 458
2 895 747
2 391 387
2 659 521
2 316 799
2 528 945
2 183 865
2 349 141
2 474 999
2 443 54
2 713 373
2 564 428
2 777 916
2 492 612
2 771 881
2 232 943
2 304 174
2 894 243
2 525 90
2 726 341
2 173 336
2 128 239
2 589 95
2 535 704
2 245 377
2 375 523
2 703 668
2 565 684
2 503 685
2 649 244
2 58 747
2 618 493
2 516 941
2 74 505
2 918 291
2 775 995
2 445 449
2 744 321
2 502 863
2 595 679
2 512 518
2 701 44
2 965 413
2 38 947
2 977 738
2 594 589
2 357 114
2 388 765
2 689 795
2 240 556
2 373 722
2 325 223
2 108 805
2 934 748
2 305 911
2 796 619
2 373 299
2 505 817
2 703 341
2 303 228
2 498 105
2 483 214
2 209 997
2 20 752
2 879 809
2 796 531
2 106 786
2 14 814
2 511 602
2 83 634
2 485 979
2 465 510
2 729 91
2 594 959
2 939 430
2 482 327
2 715 816
2 522 371
2 198 42
2 308 213
2 10 319
2 727 80
2 551 549
2 481 110
2 201 73
2 85 260
2 521 404
2 181 203
2 716 798
2 58 302
2 275 549
2 94 336
2 634 137
2 696 71
2 323 261
2 765 318
2 925 264
2 307 333
2 718 851
2 452 471
2 928 808
2 218 324
2 613 611
2 56 368
2 567 762
2 712 910
2 718 667
2 681 913
2 270 710
2 757 980
2 900 294
2 783 886
2 472 795
2 806 223
2 323 968
2 518 43
2 952 707
2 456 683
2 874 997
2 333 47
2 905 678
2 817 412
2 462 298
2 701 665
2 565 971
2 198 4
2 546 379
2 308 50
2 808 696
2 568 213
2 934 519
2 907 59
2 65 206
2 677 435
2 743 984
2 123 617
2 679 797
2 253 241
2 308 724
2 945 803
2 703 913
2 283 781
2 773 824
2 877 854
2 977 328
2 894 633
2 163 302
2 675 525
2 295 572
2 215 128
2 233 707
2 950 743
2 527 692
2 783 955
2 478 803
2 703 273
2 919 996
2 651 17
2 149 766
2 145 518
2 666 264
2 375 959
2 777 428
2 398 240
2 406 689
2 266 183
2 987 669
2 951 350
2 251 941
2 251 480
2 758 724
2 813 303
2 856 811
2 447 654
2 139 828
2 638 861
2 310 454
2 967 337
2 161 296
2 381 406
2 509 245
2 513 781
2 57 372
2 502 229
2 424 955
2 915 240
2 662 193
2 618 947
2 442 834
2 758 447
2 878 849
2 861 762
2 888 450
2 632 399
2 338 864
2 77 898
2 420 447
2 501 196
2 470 523
2 899 369
2 888 460
2 979 241
2 757 223
2 539 196
2 275 725
2 311 401
2 946 624
2 846 537
2 502 111
2 285 171
2 216 933
2 2 112
2 65 434
2 204 907
2 861 298
2 956 620
2 404 377
2 772 749
2 439 856
2 469 114
2 608 748
2 395 485
2 911 615
2 965 310
2 790 831
2 230 526
2 623 324
2 644 193
2 943 199
2 914 750
2 994 301
2 183 18
2 134 544
2 93 7
2 265 811
2 585 932
2 248 554
2 427 441
2 888 131
2 494 910
2 715 8
2 661 68
2 50 25
2 523 507
2 578 35
2 299 916
2 305 96
2 440 381
2 890 67
2 111 387
2 244 276
2 28 472
2 608 54
2 991 692
2 57 654
2 373 756
2 777 378
2 216 684
2 773 725
2 828 295
2 359 616
2 467 273
2 460 812
2 437 968
2 449 130
2 346 799
2 36 971
2 774 486
2 294 342
2 750 523
2 637 61
2 568 15
2 545 66
2 185 953
2 622 318
2 819 605
2 252 178
2 903 218
2 333 731
2 966 915
2 16 454
2 452 714
2 170 629
2 233 842
2 818 421
2 915 437
2 239 459
2 844 846
2 537 610
2 655 103
2 108 627
2 714 79
2 895 151
2 258 283
2 869 209
2 823 674
2 383 10
2 957 406
2 211 943
2 121 420
2 67 160
2 145 690
2 154 459
2 890 874
2 178 911
2 967 779
2 5 711
2 951 988
2 89 354
2 309 657
2 715 340
2 795 167
2 124 86
2 439 990
2 725 164
2 771 978
2 588 847
2 77 364
2 764 966
2 589 533
2 400 324
2 522 804
2 60 721
2 994 443
2 998 279
2 451 916
2 825 992
2 255 314
2 311 901
2 196 455
2 170 748
2 198 719
2 265 951
2 470 766
2 547 732
2 595 647
2 75 263
2 290 51
2 12 416
2 134 568
2 417 243
2 46 382
2 143 714
2 961 402
2 885 43
2 183 110
2 92 49
2 101 242
2 663 978
2 425 164
2 83 728
2 173 872
2 924 368
2 229 803
2 232 977
2 258 169
2 682 680
2 154 97
2 551 926
2 564 427
2 339 520
2 623 777
2 69 257
2 351 135
2 806 461
2 270 960
2 967 947
2 14 682
2 6 783
2 247 633
2 488 267
2 498 577
2 21 670
2 913 947
2 447 915
2 490 618
2 665 260
2 913 873
2 364 50
2 321 515
2 866 985
2 381 368
2 476 977
2 535 732
2 544 868
2 592 298
2 755 997
2 978 412
2 287 600
2 12 833
2 267 139
2 114 213
2 493 780
2 277 834
2 827 795
2 753 930
2 41 369
2 315 794
2 374 5
2 381 394
2 883 313
2 595 802
2 620 786
2 422 515
2 856 803
2 414 355
2 221 580
2 773 899
2 26 51
2 852 412
2 323 677
2 875 138
2 826 425
2 655 754
2 826 45
2 145 864
2 817 995
2 415 310
2 543 939
2 269 584
2 138 769
2 335 185
2 401 12
2 769 869
2 144 238
2 398 918
2 410 608
2 8 467
2 135 396
2 75 406
2 392 785
2 779 438
2 945 863
2 662 289
2 266 188
2 966 270
2 981 303
2 361 363
2 745 478
2 891 181
2 93 242
2 198 38
2 500 978
2 242 192
2 895 784
2 267 603
2 325 760
2 42 418
2 383 923
2 962 279
2 840 215
2 245 773
2 438 570
2 711 50
2 329 660
2 766 428
2 21 762
2 317 569
2 26 933
2 256 467
2 825 455
2 770 506
2 974 192
2 728 403
2 661 149
2 655 414
2 607 325
2 820 895
2 364 841
2 725 164
2 221 90
2 161 239
2 509 458
2 217 949
2 129 185
2 432 485
2 851 473
2 362 831
2 750 239
2 914 259
2 645 848
2 333 228
2 661 593
2 934 445
2 832 238
2 580 823
2 937 783
2 438 322
2 627 926
2 602 338
2 298 449
2 966 201
2 15 685
2 796 326
2 256 503
2 322 425
2 722 150
2 17 654
2 14 226
2 389 958
2 415 852
2 86 414
2 583 808
2 221 724
2 999 334
2 140 64
2 835 525
2 896 15
2 451 676
2 497 25
2 650 113
2 395 851
2 108 708
2 219 63
2 941 855
2 737 43
2 25 7
2 598 81
2 82 565
2 69 256
2 967 234
2 84 442
2 630 522
2 628 596
2 12 993
2 721 276
2 136 583
2 581 919
2 11 673
2 553 332
2 608 296
2 668 611
2 422 811
2 289 490
2 846 530
2 946 435
2 85 111
2 112 710
2 268 172
2 814 563
2 393 272
2 94 771
2 606 523
2 999 973
2 518 91
2 217 929
2 941 455
2 833 952
2 527 418
2 703 544
2 432 149
2 133 566
2 263 368
2 981 768
2 679 996
2 591 768
2 389 996
2 91 425
2 425 510
2 618 460
2 364 566
2 427 147
2 329 562
2 372 740
2 594 882
2 272 261
2 751 289
2 108 49
2 560 299
2 162 590
2 472 698
2 365 824
2 346 33
2 489 455
2 464 602
2 382 256
2 107 871
2 601 843
2 409 843
2 476 846
2 1000 784
2 548 576
2 429 362
2 70 823
2 802 259
2 346 209
2 319 724
2 914 19
2 62 952
2 519 433
2 545 390
2 481 916
2 157 515
2 77 48
2 231 437
2 912 119
2 172 67
2 959 504
2 369 20
2 960 383
2 810 595
2 150 765
2 394 398
2 24 59
2 939 583
2 388 357
2 634 180
2 456 305
2 257 356
2 15 953
2 970 820
2 812 695
2 145 671
2 225 183
2 367 383
2 741 193
2 652 186
2 2 270
2 110 80
2 352 955
2 882 688
2 582 529
2 605 23
2 238 467
2 581 518
2 852 385
2 528 657
2 219 22
2 634 564
2 787 166
2 939 685
2 708 766
2 203 798
2 535 828
2 872 814
2 877 803
2 653 113
2 533 229
2 304 158
2 616 739
2 72 557
2 58 211
2 818 598
2 501 536
2 810 386
2 501 541
2 790 959
2 555 100
2 741 7
2 959 428
2 671 47
2 359 465
2 526 322
2 724 477
2 365 549
2 822 721
2 276 676
2 676 64
2 194 154
2 774 747
2 532 156
2 813 443
2 108 359
2 143 125
2 828 540
2 957 612
2 402 381
2 143 511
2 339 132
2 35 1000
2 796 989
2 57 970
2 334 784
2 782 420
2 44 263
2 36 673
2 929 500
2 625 872
2 207 159
2 203 991
2 816 162
2 209 350
2 706 422
2 314 50
2 876 197
2 877 345
2 271 699
2 36 563
2 219 608
2 319 378
2 617 421
2 649 488
2 900 391
2 478 2
2 6 794
2 885 17
2 155 885
2 105 341
2 84 105
2 649 605
2 428 669
2 417 498
2 42 525
2 782 30
2 130 930
2 896 212
2 477 64
2 56 707
2 272 658
2 573 492
2 751 220
2 308 63
2 971 299
2 96 916
2 631 514
2 49 482
2 165 990
2 767 210
2 121 831
2 791 609
2 741 630
2 789 909
2 600 935
2 76 206
2 308 197
2 725 811
2 203 840
2 433 963
2 409 899
2 308 590
2 558 718
2 874 771
2 638 50
2 991 76
2 689 355
2 529 242
2 388 160
2 607 983
2 746 670
2 360 997
2 655 195
2 694 903
2 173 445
2 640 337
2 227 381
2 833 322
2 894 447
2 180 120
2 532 986
2 539 403
2 778 326
2 806 904
2 464 202
2 65 278
2 138 194
2 1000 284
2 800 922
2 233 130
2 501 208
2 945 276
2 967 68
2 565 663
2 828 321
2 522 520
2 468 973
2 226 11
2 121 804
2 572 812
2 105 804
2 152 453
2 233 351
2 538 473
2 966 20
2 670 175
2 70 639
2 746 64
2 397 80
2 849 51
2 371 934
2 939 578
2 174 520
2 882 651
2 275 799
2 553 132
2 500 624
2 94 154
2 265 51
2 665 131
2 819 302
2 321 224
2 846 273
2 561 882
2 276 734
2 20 265
2 453 390
2 256 944
2 911 273
2 157 772
2 786 463
2 731 685
2 354 815
2 616 213
2 553 277
2 208 74
2 117 36
2 163 606
2 955 373
2 419 492
2 845 356
2 607 301
2 679 759
2 652 895
2 260 746
2 625 573
2 655 357
2 597 872
2 398 511
2 714 633
2 732 29
2 492 94
2 194 683
2 369 489
2 666 50
2 84 64
2 339 437
2 526 64
2 779 376
2 70 566
2 349 669
2 134 54
2 135 508
2 836 321
2 288 312
2 739 156
2 916 39
2 579 841
2 708 64
2 383 347
2 627 510
2 582 821
2 987 870
2 83 161
2 652 66
2 787 963
2 797 339
2 862 954
2 456 100
2 328 389
2 476 946
2 569 919
2 819 18
2 249 698
2 914 367
2 816 259
2 432 280
2 174 880
2 821 782
2 648 393
2 245 537
2 519 603
2 98 113
2 526 565
2 196 887
2 738 857
2 746 857
2 411 528
2 233 520
2 834 161
2 339 944
2 405 103
2 121 647
2 739 449
2 220 296
2 877 405
2 344 562
2 350 899
2 211 330
2 173 717
2 297 800
2 101 543
2 793 241
2 388 630
2 354 674
2 211 245
2 691 173
2 283 731
2 29 220
2 747 90
2 112 590
2 527 214
2 521 709
2 623 291
2 498 526
2 642 368
2 352 221
2 21 761
2 947 121
2 736 670
2 177 898
2 8 859
2 857 684
2 841 708
2 908 270
2 453 166
2 321 475
2 446 177
2 5 99
2 76 488
2 143 243
2 726 227
2 627 768
2 921 153
2 326 829
2 388 207
2 122 455
2 245 478
2 85 355
2 617 383
2 884 725
2 898 459
2 352 998
2 732 360
2 535 53
2 953 983
2 218 657
2 129 115
2 398 814
2 977 2
2 969 610
2 694 821
2 374 683
2 36 776
2 420 841
2 370 986
2 388 647
2 567 779
2 41 707
2 32 594
2 587 367
2 624 682
2 964 876
2 508 109
2 798 633
2 645 458
2 616 812
2 409 853
2 429 535
2 704 205
2 736 459
2 864 735
2 779 197
2 248 146
2 438 781
2 958 994
2 77 699
2 212 342
2 482 505
2 630 50
2 676 74
2 484 474
2 844 953
2 247 545
2 94 164
2 497 911
2 755 52
2 106 44
2 444 994
2 178 436
2 89 537
2 369 30
2 470 385
2 445 651
2 467 783
2 770 702
2 41 448
2 488 768
2 712 239
2 939 290
2 15 874
2 615 561
2 546 970
2 73 612
2 9 462
2 219 272
2 230 411
2 45 710
2 108 190
2 407 521
2 745 67
2 927 130
