1 1.4950872927145116
2 1.6425981173559248
3 0.012175855020086028
4 3.6351623857478788
5 0.19556406147866043
6 1.205811113844796
7 0.11918477752377139
8 1.48965337991859
9 7.445790488769742
10 0.7944350083807327
11 1.542187970828571
12 0.2707233427126248
13 0.9331185983917514
14 0.449181820633735
15 0.7706067183661808
16 4.659705756192343
17 1.4354586993808665
18 3.0716102888337233
19 2.0950075033166
20 1.6577046844523156
21 0.34413601938955757
22 0.9153004856247321
23 0.13067856031569558
24 0.5309178967566948
25 2.588708744678363
26 3.604097668674665
27 0.7443073653329944
28 0.09037120450900152
29 2.824928197935508
30 0.04293118392342829
31 0.1831790331632892
32 0.2881854071502258
33 9.078219459791226
34 0.2853449945346009
35 9.541501430482787
36 0.050018948108950134
37 0.15301962751056994
38 4.0011354232842145
39 1.0290471737056341
40 0.47864108445763054
41 1.2110779081566325
42 28.515623201070404
43 0.7596277461014866
44 6.153680268073224
45 0.7346347645788915
46 1.9535475442876378
47 2.776443355352098
48 1.9397427465437316
49 0.5636046187465544
50 0.24284098176997831
51 1.7331046979434468
52 0.0454246222615751
53 0.7770290853494874
54 1.7381426892735576
55 0.6927661421679125
56 0.3667564007946268
57 0.19605400811528884
58 0.7693518625502546
59 3.200125586177782
60 4.208717130290821
61 0.6116542401363217
62 1.363330621423843
63 0.1128601177652745
64 695.3883481099774
65 0.43719480264856475
66 1.2375674427710088
67 27.86664424803054
68 1.7828195571611927
69 9.164878556584947
70 0.10444535480527646
71 6.706999858408103
72 4.144153615676594
73 10.152731823238906
74 2.4305580608290325
75 7.349790274002331
76 0.20017180111619315
77 1.1122411738195925
78 155.02041840242848
79 0.31439826574071666
80 0.3706470604921152
81 3.780999123182346
82 2.410556368576676
83 0.1553200173983811
84 0.6063361087156478
85 0.04164981043020994
86 3.4688524912352428
87 0.0007619998227578756
88 0.15093085444841892
89 0.091343339885434
90 1.972129374065207
91 1.0721753904645892
92 0.12703337542903975
93 16.750377169185555
94 0.42250672541457884
95 0.2909394798724377
96 0.4834326384144299
97 0.7853659360472398
98 9.55602366276796
99 0.5863235958507462
100 0.2683120529083995
101 0.0035157920605249403
102 0.3344852536273258
103 0.31372544124903373
104 2.199406202338953
105 0.009547243080228793
106 14.580803281798707
107 0.10529973328142882
108 0.24817385054245247
109 0.8355901077665298
110 0.6111442194206261
111 0.44520609716972565
112 0.11331423702458909
113 0.11191030905877349
114 1.8673560642339933
115 0.024528783563966323
116 1.9505389523553474
117 0.1827224827517377
118 8.1769062026514
119 3.237667262549413
120 0.3205055070036457
121 26.101233868498547
122 85.14443795634557
123 0.01926785648794803
124 0.5879198072009936
125 0.5839544819203855
126 75.87615185846835
127 6.72620501847224
128 8.078829145959253
129 0.7567161424056428
130 0.3573683803065796
131 0.09227237157507147
132 9.033080581748447
133 0.09280127502812067
134 0.14080203080395998
135 10.13124013261149
136 1.3924761053065378
137 1.20259332896979
138 1.5989578444255357
139 0.055943740209008885
140 11.584931352470539
141 4.535963745991913
142 0.011697434956538822
143 1.2316701555438219
144 1.8878136913835675
145 1.5259233685718387
146 2.6986544013839544
147 0.0506358501547742
148 0.1835225469510611
149 0.06195953267909871
150 0.02428660766503196
151 0.33343622776306636
152 0.10766944690879814
153 0.8044720526960067
154 9.137790573041908
155 6.02081955265739
156 22.04934947068142
157 0.03656118987929494
158 14.644547312303649
159 4.465530103860866
160 0.23721879236975046
161 1.5883980850812351
162 0.05005959166270043
163 3.604167930800145
164 0.23998613722569465
165 5.171331954357754
166 0.12010739792737013
167 1.0744411589443952
168 1.372091710167086
169 0.7036436076004005
170 0.9828628813022865
171 9.573716203263992
172 0.1180506223734978
173 5.491852849965136
174 1.264149065311332
175 0.47882972207106517
176 4.100487354761784
177 0.9938058415444887
178 1.9214674731383543
179 8.698000026596956
180 0.9062831135705013
181 1.0406970239128943
182 0.19276236783280293
183 9.95333603912068
184 0.24686884825526928
185 8.80818828966828
186 1.9189776992517535
187 0.2377917557684867
188 17.0209981091061
189 0.6254935882940159
190 1.3423364645533247
191 0.4968668977873011
192 0.15072151576977094
193 1.097667690995331
194 1.0674819350325535
195 1.8492505865681368
196 0.8764770296265989
197 1.1097324408476583
198 23.35753554135687
199 16.615332694780182
200 0.885522027362236
201 2.8713529454468016
202 0.4262595561111895
203 0.47703659418250616
204 14.0509680826516
205 0.09074034594597137
206 0.24431816598067763
207 4.791415676874233
208 0.772195011558924
209 0.9330459532402395
210 22.71246925990065
211 3.905367061416682
212 0.7103650746509528
213 0.22347576056265508
214 1484.9542600978382
215 1.1539213181434735
216 15.085510776133278
217 0.009037828304516972
218 4.852647241490543
219 0.16096759699404062
220 0.509962512835479
221 1.2065597601833713
222 0.32948045332159326
223 0.24582086866682548
224 0.15842857774185068
225 3.9605421786998942
226 1.157324703189299
227 2.7098483111188743
228 0.3771928893752985
229 0.12838597624794656
230 8.933102774395163
231 0.37381121788253224
232 22.952854165017637
233 0.19904378035071732
234 2.1348646662369584
235 5.579883870244849
236 0.29120463690363824
237 0.5826127601984259
238 2.7401996735202303
239 0.4275704148657861
240 1.1024376676101506
241 4.280251014940525
242 1.3919680926483577
243 1.8198696945439259
244 19.95958792064516
245 0.003335220367608923
246 5.398809443049446
247 3.403480925168919
248 2.0314224379864925
249 28.975160250124958
250 1.464299280483112
251 0.1660279282408209
252 0.6369062068157625
253 0.2682380984307809
254 0.6982108475892924
255 0.24846167520903795
256 1.435961794127392
257 0.006322589130164952
258 1.94197310793094
259 11.464256026051352
260 0.18921025887382695
261 0.14583346813673348
262 0.17708609197185776
263 0.06448623931532055
264 0.7474554168242253
265 0.24608505197836983
266 0.13575327732603115
267 0.8272795866976442
268 0.513477685407154
269 0.26815079611954845
270 1.3443819847833665
271 0.2324135407992183
272 0.35230877011690415
273 0.5765126465411197
274 0.37345535336914065
275 1.584095234569491
276 27.006926505546613
277 4.648603186500117
278 0.17984742152658892
279 3.440106566688548
280 3.159957800353056
281 10.806865641970518
282 1.1908065578099556
283 1.7542311205527088
284 1.3576901520735352
285 0.12738942571489276
286 0.5678448279588089
287 0.7567780026144743
288 0.004545449684326374
289 0.9273615448270267
290 15.736736247625883
291 0.21054016815372067
292 1.4625054375418913
293 1.8649440728119906
294 0.6691860162773516
295 0.6563751812035843
296 0.029466311420956084
297 0.8022960617149619
298 0.22394551165109355
299 4.515400119298247
300 1.2476139142965708
301 16.770293889970176
302 0.683893065636086
303 0.24446943871554122
304 0.26735559660683766
305 0.9575975078175064
306 0.11876561148192871
307 10.467556719044962
308 1.9168678477593744
309 4.5853251029893585
310 10.255248155355286
311 1.5773958859709791
312 0.5770657460823835
313 0.4328825469306456
314 0.6423247030092601
315 1.55060465218982
316 0.33613522770441145
317 10.716087953021784
318 8.281581836572792
319 5.393983975556778
320 1.123919870868083
321 1.6516988617831112
322 13.884010013765346
323 0.08450281511559347
324 0.06603337589377715
325 8.297671485419619
326 0.7328442743490591
327 0.3563568164926873
328 22.821189386851408
329 0.6964430181810358
330 0.1716179541344109
331 0.03429626675191454
332 2.490727374069298
333 0.20077147064259898
334 0.09590023669550542
335 4.330364791073256
336 1.2109758943421385
337 4.4072776989497635
338 0.18362206736769715
339 0.6296887925967501
340 4.613675129807936
341 0.718918848896378
342 0.007424807161525828
343 2.7112511964005837
344 0.09165738860809919
345 0.054057675149917675
346 2.9572005467457667
347 0.06131211388788558
348 0.19736813819934684
349 4.960859511779375
350 1.5803230858741883
351 1.5181535775799955
352 10.794783066103781
353 1.0221494701352556
354 0.8188832116928777
355 1.321520469859436
356 0.3150302553254142
357 5.746427112160268
358 9.76118736245797
359 5.41132887658545
360 4.2988024092396495
361 0.21737145636047997
362 0.9253833879023695
363 16.764863421618852
364 0.7799621100735914
365 7.419117065018829
366 2.461044467339344
367 0.10331420603058677
368 1.9865654467507607
369 0.7430193359763392
370 1.030232337488866
371 0.8919617081305425
372 16.1828464779767
373 0.013679562742290102
374 3.619538332023051
375 0.083280471363212
376 2.4252305287201525
377 15.824461153313573
378 0.28557435328656644
379 2.158128658373776
380 0.5422196778707238
381 0.3999696294538359
382 0.5290866065009117
383 0.13664072113782003
384 0.5927146355399682
385 3.355093437077649
386 0.598814355918929
387 0.014505428283927898
388 0.4305385377991216
389 26.666281112516117
390 0.18041965524193693
391 1.188253391820865
392 11.636532351372148
393 0.8306571241606406
394 1.7559828773264288
395 1.8607880189511345
396 0.7943971502318199
397 1.2112253429959638
398 1.0773428413289332
399 0.9710249850830075
400 0.2914730068035358
401 0.513592445333288
402 0.7356168750660068
403 2.471404029243765
404 2.542221564100912
405 4.86417281344966
406 0.9353768912964855
407 0.024634118024005232
408 0.47868376081185254
409 5.666827164001313
410 0.4696061320621912
411 0.5280970624656798
412 0.2396108760396909
413 5.6684243058446135
414 1.6210226299569472
415 0.19540258018801948
416 1.836327391011426
417 8.952924612697887
418 1.484211678096549
419 0.026656549090337905
420 2.980167429880696
421 0.6503727189946387
422 2.595911183797642
423 0.9653774965052813
424 215.29259598721762
425 5.114576878486564
426 3.22698676466498
427 1.1395546900343103
428 1.0062117126521284
429 1.0180830411559103
430 0.039451216102564315
431 18.00766797699498
432 2.8863149890595943
433 2.138203681187025
434 6.028627207225829
435 1.1482701480628685
436 1.7126191519868865
437 0.39319602622227773
438 0.8253855557113255
439 0.15148474744010984
440 6.275996097156829
441 0.27941405709506245
442 0.0634206348816464
443 0.1137399701569256
444 0.16428181944878525
445 6.408672926086509
446 2.0304079114189033
447 0.31553407738001443
448 0.19356847509455682
449 4.4538979754049555
450 0.4506310538186529
451 0.42299301837751097
452 79.33677395358673
453 35.509036826163836
454 0.9540745772532279
455 1.0981204982165629
456 5.818752285656357
457 2.3859347075142563
458 7.5457055583023305
459 1.0011649216951466
460 36.643587442683135
461 0.34849746945138915
462 2.657269161135352
463 1.0618988209221705
464 3.0806174472609285
465 1.460929163149377
466 8.303234524636185
467 8.405315699971801
468 982.9204810419149
469 0.0674310379804028
470 2.746217775599891
471 5.917777447305004
472 1.1829633402688564
473 1.6497831907369527
474 1.1209557200268487
475 0.43058825647588933
476 1.5017228500196484
477 0.7911803413042487
478 2.742892132991529
479 11.85786948968686
480 1.8018045922681543
481 0.8176737358626
482 0.61339655268485
483 0.27266645749421636
484 0.1382555918338934
485 2.9117459089495394
486 2.4834375094782937
487 2.4799895092413253
488 4.934910626476107
489 1.9086418121900897
490 0.4878906318714138
491 0.2610963908966209
492 0.16662223201610682
493 7.004015963713421
494 0.018413334483644184
495 7.692411129797503
496 0.3484156270696788
497 0.06313640365204815
498 0.23983201399168502
499 4.523451074600504
500 1.077479416079275
501 26.942029629004004
502 1.4204943186088863
503 0.8269221794779554
504 6.9324476878787715
505 2.3357658139129858
506 2.2282574038555714
507 0.19305106926946325
508 0.22351128699754289
509 2.7872993037469684
510 0.13515239679665048
511 0.06824084299754299
512 3.038615663684458
513 25.71480453909447
514 1.7145518073045947
515 0.6877725019846455
516 1.9056682019599498
517 0.36308055318678495
518 0.2373422725235313
519 11.679423510241222
520 2.2299394825073064
521 0.5952853480688974
522 16.196240493663
523 13.028244613799675
524 5.717517582062342
525 1.374336466502275
526 0.09370921247985214
527 0.0034273924358921657
528 1.2682400415711046
529 0.12332986923662025
530 15.77932984289642
531 1.2005345338253248
532 0.43674546617807875
533 1.396631052532686
534 1.9442600276582072
535 3.485614816272804
536 0.10177584603605941
537 2.223858636406077
538 1.0459159126151079
539 2.36240443449393
540 0.07178639992440912
541 1.1146228596660497
542 0.6962365622056778
543 0.546416330252986
544 6.315931683037821
545 0.24541922013857803
546 5.440713598415846
547 0.03824571351840953
548 0.6653449914776264
549 0.27657307437471557
550 0.009395898703175068
551 0.42888502026400116
552 3.3108721427684187
553 1.200008886526354
554 0.7620770661574201
555 0.8779102528473
556 0.7643096067846646
557 0.02909498112662085
558 5.660398148688352
559 0.7863154066577782
560 0.26683818514022944
561 31.612135909305447
562 0.4118512860034772
563 0.026362997741806067
564 1.2308059894019057
565 0.3191912529114467
566 3.731603178877657
567 1.6878012965564309
568 0.9407137271103904
569 13.09815465733171
570 3.7987356096984484
571 0.29465503740293864
572 0.09267394243504737
573 1.2842043622353758
574 0.30980821999801433
575 4.00470110590826
576 0.7195100345339823
577 0.7828710432920248
578 0.4145354611872161
579 4.156560229144776
580 0.8834520621480645
581 1.896819192703109
582 4.010601584206739
583 11.555430002425812
584 4.414160040404406
585 11.38100607303606
586 0.5162497984380044
587 5.575820707544373
588 0.4710193434009072
589 1.7283811860711786
590 0.06640160097419791
591 0.7785499315328273
592 2.292051598565855
593 0.18693233985703564
594 0.6373448815518524
595 8.577159921436321
596 19.55895098650635
597 0.4891059774982282
598 1.4669367635570028
599 17.425044593075828
600 1.0668500963540168
601 0.6335294035137208
602 0.06753148466766212
603 26.47912661477746
604 0.2943537365243115
605 1.4684604130818588
606 1.0091300707719184
607 2.509232613749745
608 8.68255360527619
609 10.48279018864206
610 0.5475805130704426
611 1.9384773187975766
612 1.7177791471410393
613 8.14301621937132
614 1.004008777047808
615 11.314487540887061
616 0.07666564996463494
617 2.48927552391352
618 0.046476419007891207
619 0.10478794858321393
620 1.1124032364957446
621 0.043706871260685655
622 1.1543822582206802
623 0.14447269725789094
624 0.810113336149618
625 0.6373401492607876
626 13.060004564671248
627 324.37043017478686
628 1.4171399825362792
629 1.8659938423975173
630 2.1951981646065053
631 1.051939763829038
632 2.529859753573466
633 1.2743098583522667
634 0.23362478069094716
635 2.683090344264475
636 0.07502001846299357
637 0.08722323522476699
638 0.2674556425371879
639 1.1594494449976918
640 6.0304539304423415
641 3.720060351322537
642 0.3847242759271144
643 0.08348571345312149
644 0.9644443444144588
645 6.371223419478765
646 5.241291850958131
647 2.039402297562331
648 0.1160811719002467
649 0.9431218294566771
650 0.6577106567809439
651 32.989496515992506
652 4.809276245095646
653 0.7591965940187948
654 0.6883043997019521
655 35.77341915947571
656 1.6468140920306
657 62.95665889470918
658 7.593723236928431
659 2.5030915726083593
660 0.5609264697458358
661 0.8198907704972489
662 0.5794717150793848
663 0.5605285551730196
664 0.011887196476811272
665 0.7120865794263603
666 0.13443852002177942
667 0.5115360565731741
668 1.3369588586325016
669 0.7746996220465897
670 2.8947859968783285
671 0.555617313225373
672 0.78947521724672
673 0.6009019063110576
674 0.08596577359214239
675 1.7118293231922244
676 31.15723024868541
677 1.2253190948502628
678 0.564349364520138
679 2.3832914671145398
680 1.8279099943717767
681 0.2802211733608152
682 0.3103160578858764
683 1.4536392676181107
684 0.22291034848629343
685 0.18316642150967935
686 0.024476290232200857
687 1.4702589616774975
688 1.2050118969891759
689 0.35529666380357766
690 1.6510399230011252
691 0.15738940925537745
692 0.25337058919450406
693 0.9007597031156968
694 0.5802391384118715
695 0.1862897853199764
696 3.0513040196120627
697 8.419691562600121
698 0.3792752893603784
699 0.033318886903950684
700 4.454911098361072
701 0.48821779311322117
702 6.225684961273313
703 2.045658009113483
704 1.093595604938226
705 1.6015335747533745
706 0.8657359925214374
707 3.3246954315633857
708 1.4070488697764922
709 0.33926870561371153
710 0.33781051243944493
711 12.46869819403312
712 0.7742209647314551
713 0.03350638178104998
714 28.718003489121102
715 194.709976805589
716 1.2102296099906171
717 71.39375950051857
718 1.9940280386772347
719 0.7888167678628808
720 0.43928361782178155
721 1.8904434313002416
722 0.012478316533826321
723 0.31962425376339415
724 4.362178757110348
725 0.8396897372910166
726 0.7007730548252766
727 0.926500807651684
728 1.231562247083066
729 1.6139407570901454
730 79.58698331247335
731 6.807562114150645
732 0.6865701099980696
733 3.1297182065231444
734 2.310837149893197
735 0.353755200726959
736 0.7525660710950876
737 1.2471296311004691
738 0.1397621851575262
739 4.946677566447864
740 23.60486681921861
741 10.957498205896766
742 0.3758060591788787
743 0.8007833592221251
744 0.10453597002574931
745 0.7189663507932955
746 0.28242126394542716
747 1.1938266843378083
748 1.4849699829226661
749 0.5541883095778409
750 0.26432724076363534
751 3.315079423977549
752 9.109050211324229
753 0.7205188058953022
754 0.7916126858063257
755 1.920588006678704
756 1.1990694479927253
757 0.24767108222567988
758 0.8374886661439293
759 0.09093349097180177
760 0.9609356649241227
761 0.3488202597404127
762 0.8292184515898102
763 2.3043183948958865
764 0.14479467468088725
765 0.5798966557855177
766 3.9213131366720964
767 3.7951548303880456
768 0.6185229211401208
769 1.229173885398042
770 1.957090365524943
771 0.42967045458672826
772 1.8759718652977575
773 0.2097149524950185
774 0.28645363875289626
775 0.276265723237483
776 0.5388335447366087
777 0.04669587308116528
778 2.3267569126539236
779 110.12314722121857
780 3.126706885940767
781 0.20668541570401677
782 0.12866777930018614
783 0.8520234986768904
784 1.0931858399800365
785 0.21779696262599402
786 2.7185662988066612
787 0.3279917228356684
788 0.12497290929416265
789 1.1703572278194383
790 0.08433316800404848
791 0.8535255791067223
792 5.217475625544565
793 0.13643973254071404
794 1.1464770645619615
795 0.28651413361637534
796 7.205080647936349
797 0.20104778271912394
798 50.78019812521782
799 0.252452796722432
800 0.359501116509772
801 0.7647608992781918
802 0.13421100409875217
803 0.03380601513322637
804 0.6883351870778911
805 1.8644671176665897
806 2.1494303089452718
807 0.11396262218522686
808 4.389195736412499
809 1.6105318633472019
810 5.159010358971233
811 0.7851215162990028
812 0.013825157533229963
813 0.23929704137549487
814 0.24591625536583722
815 3.1896349999871254
816 0.8097694180569953
817 0.20446265457504215
818 3.354388502570059
819 10.999875578897642
820 0.6516943530259808
821 1.2010777800155878
822 0.7608178737934225
823 1.268076449616096
824 5.507525957601531
825 1.1861726241059851
826 8.253754268976415
827 2.5728143153565703
828 2.1077695200984894
829 0.44327797728921964
830 0.014450721728460177
831 11.658735335791622
832 3.6929956081974176
833 0.1577597726627889
834 1.2056874620215736
835 0.34173434614416237
836 0.0700203130900223
837 0.7761751432641519
838 1.3636823031680387
839 0.03599712969820575
840 0.14424027941668285
841 0.2050126596286191
842 1.7387366704058203
843 0.9199235257068119
844 77.65941042050994
845 17.30159292750499
846 3.2297836390313184
847 0.6236182111009058
848 0.07401527500817834
849 1.9821256537252232
850 0.1767005180336257
851 2.3019172895014717
852 0.17651671901946966
853 2.5077373918992443
854 0.7307046662575173
855 2.4162321544272563
856 14.773368974171715
857 4.483928778368335
858 1.4552300872631883
859 2.8924089950472305
860 1.2601043935381246
861 0.023234182867319313
862 0.9685462125505871
863 0.5931820107894071
864 0.03165213088242626
865 1.1902836509026673
866 0.07548566802681982
867 5.300891181449709
868 1.1758998058804861
869 0.29314752366277835
870 2.724852313030593
871 0.43753729612089637
872 0.23888671218899843
873 8.60608458230327
874 1.579948379348056
875 1.8800350685507417
876 2.009317803461706
877 1.2802585962677941
878 0.13848990491658783
879 2.7571317839314844
880 0.25915529894095685
881 2.2599142125738614
882 0.4307329166004545
883 1.385879976403866
884 1.0525996568588714
885 0.13793650810806835
886 0.36818565208192594
887 3.4959378805232517
888 1.7475693441129778
889 34.96842170164264
890 0.7069741729857988
891 0.2443793979692018
892 8.592357199146038
893 1.6400212733485389
894 0.024135404854842717
895 4.014556870349993
896 4.009403082054679
897 17.888701863714427
898 14.800005033013443
899 0.6848936615063559
900 0.5980239390599895
901 1.60010024064122
902 0.5452687423898893
903 1.0224058408370487
904 0.7070003976679636
905 0.09149892770637562
906 0.1034984931288967
907 0.26903414984457213
908 2.613811050045525
909 1.8230741521842069
910 0.11506349830588988
911 1.9088964970085436
912 0.024441102447144567
913 0.7925774063857831
914 6.919005698688502
915 0.6952944806885943
916 0.681851288095239
917 0.9367467017732857
918 2.345511946955411
919 0.9872983739616422
920 1.4278695652978046
921 0.5152331105036836
922 38.117441785197755
923 0.29202049231923183
924 1.850831601208084
925 0.22334444565217362
926 0.10634352316349291
927 0.28010645380172267
928 5.008092802508294
929 12.968711038866399
930 7.597811501254663
931 0.44394255275749805
932 0.09284161648966203
933 1.272256345341042
934 67.80344167890159
935 1.3242530777673187
936 3.283717491820194
937 5.88086226550696
938 0.7719931483525136
939 2.163626357049087
940 0.6939170617721785
941 0.5242645122045697
942 3.5321879964228504
943 0.38207598632999545
944 1.6610079970909069
945 0.5713261684177061
946 2.6851004526454623
947 0.18966969217624724
948 0.32385893160825685
949 5.3932364217017605
950 97.00965344341948
951 8.397803394408633
952 0.16569481790009885
953 0.44442096156800925
954 13.831407382949008
955 2.574448008273598
956 2.8118409146413983
957 3.1593991665823724
958 13.666173404930905
959 1.007286119426973
960 0.5043327116121465
961 0.5156324541789252
962 18.599005117529273
963 0.0009906833287162368
964 2.1225157299023008
965 1.6878180761988413
966 0.01659145822703277
967 12.805102919144295
968 0.37329982610042217
969 3.212851748901194
970 0.014601478181769977
971 66.85314006573721
972 0.07336036020260453
973 2.8151135522168422
974 0.8209748124563511
975 3.1979569169056634
976 0.9268247500228401
977 0.9960208719312688
978 12.130845687741157
979 11.9698571404545
980 1.6748142328670728
981 0.10567382611706924
982 0.9247203488645466
983 6.060435887525083
984 0.12139205509567881
985 0.20279581540499209
986 2.4106582507323684
987 0.21704114185569592
988 1.3152151816960942
989 0.29657637296486605
990 0.6865388398040683
991 3.115719165942051
992 4.111568821939616
993 0.42627349902846534
994 0.7188033445582411
995 0.11048876536273411
996 1.414089643279967
997 0.9568468198536483
998 0.3689128333141308
999 0.7433446482255599
1000 0.1664296597460959
