1 1.9486493329142713
2 0.2535346174412392
3 0.7506210879566181
4 1.3942241120495478
5 31.45445143957806
6 1.778516478938597
7 83.44980001353137
8 0.11538222947510557
9 0.09359225288299161
10 11.909196001469727
11 0.7013121261193895
12 0.4528331719330636
13 0.35381995969265534
14 1.5804106466973322
15 16.962888420254746
16 0.6688601293343682
17 0.6323489926584323
18 8.280097490625828
19 1.8966457707104272
20 0.9675329366296077
21 1.0930722418739225
22 4.786223422159204
23 0.8900363250755857
24 3.169786075597468
25 0.3377589363962689
26 0.528132235475514
27 4.248310814952544
28 0.21844062434565362
29 1.2195801558633852
30 3.062915342866942
31 0.80057997705963
32 4.504994758824572
33 9.994358416765277
34 1.114503793814644
35 0.006669150596313422
36 0.5287534560812303
37 1.135002889098189
38 5.0594376154645815
39 0.33847786620114256
40 0.6847825413973704
41 1.960510967397986
42 1.2999300176246722
43 0.14842418156501555
44 138.70741695922388
45 0.034332960390726086
46 6.972601794632039
47 1.9100630115578023
48 1.0570418236299353
49 0.9624580857739169
50 10.224854423926844
51 0.11072339523605985
52 0.7273779894462207
53 0.5872209588245692
54 4.202059227908762
55 0.21342796531394043
56 0.12237131855618695
57 1.789598727385023
58 1.4003632139941473
59 2.9417098840915408
60 1.8548415013509256
61 12.416727420485698
62 1.1840999375347254
63 1.6958351130848794
64 4.436548204718821
65 2.7821337297040714
66 5.256219290480755
67 4.909809192070152
68 1.482069723710761
69 3.265576080898528
70 4.585934597380478
71 0.08731626358300577
72 23.75791641232887
73 0.6337825062627844
74 0.12276081171721072
75 0.327124997079587
76 0.3716221140112997
77 1.2001542696486953
78 0.46098025946997695
79 0.9563903636636581
80 2.613208199895065
81 4.667552857036831
82 1.0288653407770154
83 0.8699558788448395
84 0.32450801869433715
85 0.8597960361148133
86 12.009993734192465
87 1.6198216078444643
88 3.7905864427241784
89 8.785094097029054
90 0.00477411152210894
91 0.19459384296610335
92 2.768776184746872
93 1.529832189369395
94 0.5956495608652377
95 2.1300985385836153
96 1.58746293330522
97 1.2368591064626573
98 0.9934227525745688
99 1.1987969089497468
100 0.08701055817688035
101 1.3297623791971105
102 1.1058743150015284
103 39.755890766461555
104 0.04388751975464713
105 1.4200504115161947
106 0.5855494450284525
107 0.6286686482314904
108 0.7840285031875945
109 0.38772859266849485
110 1.8845958478292064
111 1.1662453143908893
112 0.5647825079116345
113 4.622316303440606
114 0.03451174132147251
115 1.6374093606708477
116 0.6997300411385473
117 1.7697075548607561
118 0.014669985427251593
119 0.22756628371973667
120 2.918987307138126
121 1.6443969493712203
122 1.5681186357649617
123 0.5644572582425776
124 0.503854040850337
125 3.238756174242196
126 1.8975602920569483
127 1.1501579916610092
128 1.35338717704399
129 9.37903749303832
130 0.397813258425797
131 19.064640631696214
132 2.3696066663482513
133 2.253630449433167
134 1.0397846856496988
135 2.874378172011434
136 3.9767084084710733
137 0.7904251672646828
138 43.85733172485356
139 0.08844821760796076
140 0.06280559488732779
141 0.38812893153281075
142 8.30587325093327
143 3.7865988755313937
144 1.3176340769166937
145 0.4203477079611877
146 0.2895169849897647
147 0.20497252448243444
148 0.4937092322258364
149 0.31869234733449414
150 2.3883379380441254
151 0.28107389813048633
152 35.0789784108153
153 0.4972135250634576
154 8.31815435697915
155 0.22874622078593904
156 3.984133587064299
157 0.5368336854011743
158 0.28792925218476223
159 1.9067388204530544
160 14.321966087298568
161 5.726400050248039
162 2.4344750991095903
163 0.15145543950741466
164 1.5426533023655538
165 7.51867770554319
166 0.7781858317859097
167 2.163405973484268
168 0.8864196407097925
169 0.272828017471088
170 1.7766793338914997
171 0.10181860448876665
172 0.9655415421433935
173 0.25666812365964936
174 0.38095788935702357
175 16.649866853425383
176 7.493875734262232
177 0.4763642044357026
178 0.30715004162276704
179 0.7725679788484836
180 0.8045314764089415
181 0.2281184425853318
182 0.08977702604627767
183 94.98240792671983
184 7.3840182429782795
185 5.088763236940603
186 1.73720486436043
187 3.5004449181585984
188 2.8658097721723013
189 0.30918620392606305
190 0.4777847332259469
191 1.6064094656807177
192 0.11171567247415437
193 0.1365998028545985
194 0.03609583297528524
195 1.6089541615237508
196 0.9353420759158579
197 0.10999421963797844
198 0.13791700454094075
199 2.508088070310388
200 0.06417055372842806
201 1.3885372207779922
202 2.40926402426616
203 5.28710781874881
204 0.49732289690856646
205 0.6354268697463904
206 1.674605377484067
207 64.73977763377373
208 0.23393253020900576
209 4.679338493057407
210 16.15411519334156
211 7.20122903211313
212 2.486769034374651
213 0.011618220234402942
214 27.97869799771268
215 0.07765283115509015
216 3.342886975299633
217 8.378762507463632
218 0.4280599518892734
219 2.7231305246175483
220 1.1865467195026633
221 1471.8950186079824
222 2.8588971021339065
223 0.39140312597727556
224 53.921834103606756
225 2.670546165093202
226 5.769817063832903
227 0.5800808318238478
228 3.321793660566082
229 4.264022586220981
230 0.9479601586852311
231 0.6058252065986158
232 0.5346278726913343
233 0.06552579242260335
234 1.329247514495286
235 0.7535557148532098
236 0.6968800047601158
237 0.3098733616352495
238 0.2017421197079446
239 1.40066810931436
240 2.8288250194086726
241 0.8763935426711194
242 2.3719447177018878
243 14.040019035080563
244 0.8669718931666315
245 2.045833243918242
246 181.23924062649994
247 2.4037382634069577
248 1.9230658738080888
249 12.23773777994601
250 0.4954159248429484
251 0.20974939453041072
252 1.6335051500013316
253 2.0827613349790206
254 2.858635433447589
255 1.8924548770994605
256 0.13337480355808898
257 0.37359296955368987
258 1.6045170382872713
259 0.10657262760410346
260 4.30478391916089
261 4.1521348829125175
262 2.0096500881012487
263 0.6443689983083377
264 0.28262835431388056
265 0.2630634619312202
266 0.3594023098944223
267 0.927280554831682
268 20.105127796906892
269 0.7843091687833869
270 0.12606098200486912
271 1.6569362926223896
272 0.6625855711649471
273 0.4692462671333722
274 4.40745623240689
275 4.42937242299039
276 0.5077051558445526
277 0.16730114791450282
278 2.8944184244673705
279 1.1203199414980982
280 0.19729773465968228
281 0.6288251234939722
282 0.24811107593722304
283 11.32666579724035
284 0.7676283198462958
285 0.8052977807029003
286 2.98590957271401
287 7.615760980088451
288 0.19095641946663353
289 2.2621940782213836
290 0.42755601057648607
291 1.137890603168596
292 2.1399925906065667
293 5.514858370042615
294 0.1311487688264597
295 2.394792448438288
296 3.5620859735159587
297 1.6181270989294718
298 2.556778443672719
299 0.7478360980897578
300 0.8398771874509015
301 0.0001215300471181062
302 1.1768271511502864
303 0.4677335803068584
304 6.859860303157372
305 0.03237884313704459
306 10.625090047180056
307 1.4552279236600996
308 0.055340017240008074
309 2.199562027566228
310 1.9942032199154465
311 1.062598617035027
312 1.6416060631954075
313 0.16855546724118617
314 1.8882672199751924
315 13.459951809470871
316 8.456490484927691
317 1.6513621102806013
318 3.188911438410608
319 0.6050034269576022
320 2.143794344948642
321 1.4446240619435866
322 0.5749656417242828
323 1.2875889436285433
324 1.4123941350056624
325 0.2334844872657256
326 1.40511611403392
327 7.490963185416774
328 0.37628933982572293
329 2.2933355742832857
330 24.59508322635966
331 0.02928128610987889
332 0.43704938317562847
333 0.27367129693571624
334 3.338278046189109
335 0.11294638445325211
336 1.1704417279162844
337 4.353830475591281
338 1.1795138667470162
339 22.38157130003654
340 0.008083598996861108
341 0.22461442752816912
342 28.64881182308663
343 0.12962589257242857
344 2.8291726758465368
345 0.7031127964128648
346 0.6023573685184925
347 2.076106702668979
348 0.11922567267706555
349 0.1636867354664445
350 0.5952549248604013
351 0.6610349114145256
352 1.0986449340740294
353 0.8520309223565642
354 0.7014214797380569
355 0.3398132555192181
356 2.600117245965308
357 0.16149794122574873
358 9.532601870190119
359 0.14644784151472798
360 54.444794880531404
361 2.9334921553965634
362 0.8289484601145168
363 5.424817082072253
364 0.12147694524798093
365 5.187461763581741
366 0.3609888541810979
367 1.6824589419231535
368 0.35844615988359446
369 1.8730933291642828
370 0.20935791564297876
371 2.9894108328833213
372 1.243167505388477
373 3.701332597026274
374 7.045611165318415
375 0.6018793735292409
376 0.3164368148774767
377 1.4636553357979936
378 22.1818504485642
379 1.5762346344298195
380 0.826647146645979
381 0.17652822933667672
382 1.0425126176323924
383 0.7316515991976821
384 0.27770273874028334
385 21.241982965212618
386 0.019462650117494252
387 0.17862583435737395
388 0.09916199121385243
389 1.4238594992435967
390 3.011522245940989
391 0.03744101304917821
392 19.868803994375774
393 1.6628546278179948
394 0.13999281443797504
395 1.084331902820709
396 9.860858033036228
397 0.8713270476768955
398 1.3015036447414756
399 1.646501070342094
400 0.6475908210885657
401 11.72488773687122
402 5.310191143328513
403 9.562856010456331
404 3.087115960309348
405 0.35061197432376057
406 0.2132024710528557
407 0.20065260631756257
408 1.7479589561332969
409 0.15510837867182556
410 1.343798144203062
411 1.021480132094345
412 1.414586444474145
413 1.5596131270807845
414 1.1091876252504456
415 0.0559246951715207
416 1.0057142796131777
417 1.4753802499991673
418 22.24676224173558
419 0.34530155089020087
420 0.022360507623526694
421 0.25169357735772474
422 1.120641606560964
423 2.2413483072795817
424 57.530640628951524
425 36.2108079970711
426 3.908622845141849
427 1.146788470152065
428 2.2457287771136243
429 0.46812541187901097
430 13.851200256692108
431 0.6847524546610814
432 6.712630435797285
433 2.994239443639957
434 47.68881390572805
435 0.13173064377195082
436 2.987836144902147
437 1.1824292920885582
438 0.26010030170047693
439 0.6339200230946902
440 0.28204502396645387
441 1.390767983768563
442 0.12233547052091448
443 0.1327828106157475
444 2.467521201720193
445 0.30479097297642954
446 0.30691043724295464
447 2.900598553711071
448 0.22177490060398172
449 0.39050847375144726
450 1.9559808111081447
451 0.40402541827866933
452 5.1839130458354035
453 1.165119256649582
454 0.24528633666501323
455 3.134905428387825
456 0.7816917589968901
457 0.5412948055089305
458 0.8042663555806802
459 0.18748298087016899
460 3.123009832872742
461 2.375777789838682
462 0.16931956315344174
463 0.18912470535500545
464 2.7658626577202705
465 1.3626870563912916
466 0.02317630412213941
467 1.990568160406468
468 0.21619031385963727
469 0.44661714102034944
470 0.3105894495856183
471 0.9938970448115653
472 0.7404148502471706
473 3.2111470797348702
474 0.015914434765879594
475 0.048077704718441465
476 0.765816469706057
477 0.3423981314036412
478 0.7397627855824271
479 2.5334664242420457
480 0.009747858907794872
481 0.25624418719783987
482 3.418118274307239
483 0.009384312451933679
484 0.028738895650662812
485 9.731950705864357
486 0.08002840290011774
487 0.8400140716149548
488 0.2501234851025112
489 0.4914796360717959
490 0.7386714309750342
491 0.2780537539076756
492 1.023404051474392
493 0.09970192492321485
494 0.006594320742993065
495 0.21421017904760462
496 10.172679802906696
497 0.5052595049395654
498 0.9474281318783047
499 0.642452446401525
500 0.1678907360598039
501 0.30934004598271536
502 0.5784247549125161
503 0.2633023938264247
504 0.13705222298928654
505 0.0775039271756226
506 0.3054578799479003
507 0.10697111225268435
508 0.3406117061008433
509 1.6340885141876846
510 0.0008241567701023306
511 2.0419424578625303
512 0.3922757828563141
513 4.781569466003498
514 1.2383345968357873
515 0.3283898465492513
516 0.6957353369798901
517 2.9421403294192228
518 1.798596319694947
519 22.587599969190595
520 0.47230840320992007
521 0.24193550664010832
522 0.7388579541698523
523 0.16784342298496582
524 75.52478363636568
525 0.06432450631460442
526 0.31976610314850734
527 3.7840202797245865
528 1.078544537670634
529 0.24996895926535098
530 2.294350408169641
531 29.582537765039685
532 1.7580047745656264
533 2.91943556667402
534 0.11585948306891523
535 2.1797837858505993
536 0.8985830607045903
537 2.2255052613162163
538 0.6823989309545799
539 0.22444059258103677
540 0.34432173963716195
541 2.7104774976248645
542 0.8637357093354265
543 0.8792452051688957
544 1.8960152035063773
545 1.3410479977008813
546 0.1431214188244981
547 1.1847045386187656
548 0.5759830016852462
549 5.901722976224506
550 15.462367399585057
551 3.102916886808526
552 1.253535933559219
553 0.6615446634885621
554 0.8314472071037767
555 0.4387649576731217
556 0.9447086193413481
557 0.9173928601069945
558 0.5365346233606512
559 0.9970907723535516
560 0.8733941504020674
561 0.1613197384084907
562 0.12381235560633094
563 5.124736555124866
564 0.009383089785956754
565 1.1099197717555382
566 23.728133552299425
567 0.11938480791720718
568 0.10384830205767281
569 2.8184701471525653
570 12.34443158114566
571 0.5991763637504977
572 0.900841363213966
573 4.1326401128066825
574 38.28398373935665
575 0.022646243816799496
576 0.6259137466257934
577 0.60930491291372
578 1.5288826570419911
579 0.4610870421477462
580 0.2600259269859575
581 0.1662769330552331
582 1.604343828210431
583 0.1937381621062818
584 1.218840871646099
585 0.024678167450937358
586 0.6085665875366658
587 0.008624276996706405
588 0.32015134151597235
589 0.12940346752260534
590 0.25256025038326185
591 1.804384271641792
592 2.598954282362049
593 22.234387346655733
594 0.5390787004693688
595 0.16331873494608146
596 1.5048163041030613
597 0.18919548151971005
598 1.2691883213497004
599 3.431820554591921
600 1.2520946901054533
601 2.418103378296878
602 2.403930789671613
603 1519.8992474591778
604 1.3932434809819043
605 0.16793240430762169
606 1.707782325555601
607 0.22387128288944208
608 0.6992103973249698
609 2.3327836223231726
610 0.32017512759591216
611 1.5471621614357145
612 4.566559128829688
613 0.905616483545302
614 0.32154892723048806
615 4.6148818824848545
616 5.6691389363035345
617 0.027247673596963395
618 0.7262878884332404
619 1.129462546921484
620 1.6620338151562037
621 0.16883198603380323
622 0.7207810906271055
623 99.93146595347818
624 0.040238659666501864
625 1.583157444783698
626 0.054420696629343825
627 0.9708620867992533
628 0.32144183924036573
629 1.967005764415969
630 0.6112229816605577
631 1.569123790454493
632 10.85630776098274
633 1.4796162461298639
634 0.03300925144192309
635 0.24650054627468246
636 3.1063047233053513
637 15.662212334224268
638 0.6420865006536585
639 0.2673475731421577
640 1.9825229081810691
641 0.12140533151754196
642 1.3107367681377282
643 15.7241590807986
644 0.2834548670684729
645 2.185670505260182
646 1.0298658669019765
647 53.23746768807587
648 0.25414660338322215
649 0.08964778385512384
650 2.060311247788965
651 0.26831354644424826
652 0.9818542523745444
653 148.3538015035497
654 0.017121628500062925
655 4.277474504180631
656 0.05335778158762923
657 2.6455390217810866
658 2.298885173946357
659 0.09963819205808963
660 0.9676606514931522
661 1.9952713484391225
662 0.137400090407816
663 4.184672015729352
664 0.4701850160027909
665 0.2554089990968619
666 1.9169340942132838
667 0.7890238535737004
668 1.47479303154968
669 1.633849899376866
670 1.9480946402577242
671 2.6300861480370408
672 2.686231394595031
673 2.0255169117992846
674 0.018199708127795207
675 0.04946619188623211
676 0.13644939734483558
677 2.579927474704019
678 0.5672987071614929
679 1.925879829722354
680 0.013470822235521577
681 3.7865136866152986
682 0.6465834365325765
683 0.8011137222087527
684 0.17428662597446748
685 0.45311930431133274
686 4.370660230833445
687 0.6360595583889882
688 0.4707353399572776
689 49.94065154687481
690 0.11558316709589213
691 0.7987775496720196
692 0.07396612489404493
693 1.2160533292351055
694 0.23867132480086842
695 0.416005703949249
696 4.4498514245715235
697 0.3181080460076145
698 0.7976441070998997
699 0.03623703255422612
700 0.443002139440073
701 6.759968467855648
702 0.7163205764833739
703 0.094354844601668
704 2.688233697843175
705 0.021690287092577268
706 0.5540217281301587
707 0.17713402652851087
708 0.28741552373580814
709 0.8902632957229328
710 171.31360459503813
711 7.808504969671398
712 0.8908251713382047
713 1.3477139214687426
714 0.013364442748145456
715 0.046474378316180696
716 1.5552836346164527
717 0.856054009317651
718 135.16501304378494
719 0.08761587321179891
720 5.288236014707662
721 4.344376617507069
722 0.1623052303145701
723 1.645655008090704
724 0.6083051140514066
725 4.549981313918565
726 0.06287311477299162
727 1.0819223015109056
728 40.8999771211434
729 37.90533827048381
730 0.8344163302059981
731 1.0398229969372559
732 1.3766710416290184
733 1.0605566339194898
734 0.3749137878830638
735 0.18978390437035322
736 0.12608503323286416
737 1.8778008336867062
738 0.44717587517691426
739 67.06644104611657
740 2.9539589579578536
741 0.09467454584159302
742 9.313644843900011
743 4.057808834997943
744 0.7199231795308624
745 2.0729616060179796
746 0.6170875052138637
747 0.5922961166325205
748 0.9781949721563439
749 2.4513332677808215
750 0.7247686714567038
751 29.692361614757935
752 0.13142228089454608
753 6.166711686505423
754 1.2826325133715308
755 0.9060262425885065
756 1.7805336764649489
757 4.657263714238012
758 0.6519006812341557
759 1.7585926893792823
760 134.78070736753833
761 1.322403245716136
762 0.9306346493979398
763 0.497577977905142
764 0.7878920351729547
765 0.2069914088957796
766 10.749557562428224
767 1.8139427671188464
768 0.381213470797005
769 0.461100624059677
770 1.6025012654259287
771 5.331482439762496
772 0.3884215429013305
773 1.9412359543413247
774 0.18508261600562115
775 1.8667290846588134
776 1.3921523592405318
777 0.726554741544634
778 0.0966760404271724
779 0.10565336843660937
780 2.901512892682207
781 3.5409164373927333
782 0.946414017676157
783 1.4738601380622358
784 1.120992168590331
785 1.5863884493777676
786 2.5486816865270336
787 0.5938498036201975
788 1.037777637737999
789 1.0883861508621078
790 0.4178834009356501
791 2.070654853789549
792 0.42983013203714754
793 0.023273613008357414
794 0.3485816068205675
795 25.07257613859473
796 0.2035620844320677
797 1.8497554853246396
798 0.44707309743810675
799 1.765184726040404
800 7.884742457173444
801 2.040631425155744
802 0.5163147213530217
803 13.609254661826787
804 0.027900061353706998
805 0.7719127421693771
806 0.3519912427905192
807 0.8493864803657414
808 0.6635840563426353
809 11.314185547020408
810 10.358269572775434
811 0.07679379783552655
812 50.42930652582911
813 0.007976298392181539
814 3.303873341491187
815 0.6800707781878994
816 0.059658638488087584
817 10.771470272554668
818 1.6339146521041388
819 2.732260522043992
820 2.7214305659746714
821 1.0905348010310616
822 0.20120755074371513
823 0.008629942785675967
824 8.089474073150523
825 1.605119983308144
826 0.5521225574173652
827 7.09626291082589
828 4.470304407080427
829 0.9575795093397304
830 1.0868399970642733
831 0.062356959006465554
832 0.1195224615608657
833 7.8663498444252244
834 0.056474170236864234
835 3.654234371134443
836 5.14192118774613
837 0.6909864382743219
838 3.5564357982933945
839 0.13592506266662863
840 56.16381309046705
841 0.9844934340298963
842 8.057552749687039
843 2.462742795847524
844 0.6148856393577389
845 0.3523953540852622
846 0.482477500403319
847 7.366129235650461
848 2.229458559293927
849 1.5621049679116248
850 1.8966627960123537
851 1.0589045665014571
852 3.2213727402964447
853 1.2885041677473392
854 0.07095272144142392
855 2.4423579134808433
856 0.36786918995487633
857 0.06735230689615465
858 0.24696007292945396
859 4.426183966790625
860 1.9201030328141475
861 0.25994765350397386
862 0.05336567040457941
863 2.995257470862682
864 0.8799690137756816
865 11.534830091005372
866 10.171087814279772
867 5.993515910900265
868 0.6177762232213867
869 0.33796242473967947
870 1.2619841695298226
871 0.8212869348330528
872 1.4143003793645794
873 0.23633216979399177
874 2.241394104571151
875 3.6266027412623116
876 0.9792905721120149
877 0.11070333114459505
878 0.2555201039412231
879 1.4352109593498403
880 1.7436680659635935
881 0.0034907803641802816
882 0.062186545525817156
883 0.34670971794526023
884 0.22011551044090696
885 19.895668777659907
886 0.2252227983264175
887 1.2016697049447602
888 19.802967612074486
889 0.02991080974631195
890 10.930358829073825
891 0.28688144984528124
892 0.5420882599345785
893 10.757246678319651
894 0.021840151643943994
895 0.0945488968841273
896 9.37564273647075
897 0.35139408631987523
898 0.5546076277046837
899 0.878500321809081
900 0.986665194113698
901 48.58760182980556
902 1.6947857825547317
903 2.254380875142575
904 0.3724526125683751
905 1.419032031426007
906 0.6729806072239065
907 0.27001848873607576
908 3.320831036180769
909 10.523321772235562
910 0.42220283983696943
911 0.11508659322169895
912 0.8045337497354035
913 0.9996066586663829
914 0.0779424562727465
915 0.6698249790874641
916 0.8026818184694012
917 51.52483834589958
918 0.028987844347717014
919 1.0048893294742804
920 0.2526210068640112
921 0.20781379116117366
922 4.124957887217238
923 3.413324416462814
924 0.17070407453140585
925 1.9372368959319841
926 0.8481017443647748
927 5.510634678319084
928 1.1652293715775928
929 7.308892454827412
930 5.0667018266577495
931 2.4873127100175734
932 0.68955542556656
933 0.3749318723382642
934 0.017150501593670313
935 0.2977766510682119
936 30.636807020486273
937 1.2794541990100414
938 0.20174052317130906
939 0.09628992264116047
940 0.27465015358547784
941 0.7883937036173406
942 6.921834736414216
943 190.1335699369106
944 1.6887924677351278
945 4.4295994768603055
946 1.408571243227114
947 0.7843154040928265
948 0.39256480929535026
949 0.16039680046399657
950 4.827418061245322
951 0.11459030964127796
952 0.15853864272333362
953 0.7293395821055675
954 7.424748234852228
955 0.6396460018980425
956 5.358867497565844
957 5.238640944726706
958 0.5102218652449344
959 23.884519818097015
960 1.299523917951477
961 0.2226723184204237
962 1210.5307149202602
963 0.07508827420354042
964 0.19820560009579874
965 0.029975463847842207
966 8.05280993698939
967 0.07691038226893573
968 0.650241491720059
969 1.089820272491571
970 0.5137836126966785
971 3090.6948873691586
972 0.40937313917159324
973 3.6143933743111964
974 0.25386838827399094
975 2.8119056001975267
976 1.2938310535643436
977 2.385385219510605
978 27.08589148471428
979 0.40159534021354304
980 11.575335728137613
981 0.1582403580628302
982 0.581317105814541
983 1.3817164651189326
984 33.21730031697583
985 0.801035733210907
986 0.7123809402942898
987 0.26427616415092303
988 0.6986778283859258
989 6.554774177662011
990 1.911639427507242
991 4.800200803355949
992 1.9940093070272662
993 8.610572592693222
994 3.5690590867425582
995 2.710644308250325
996 1.2310757569691462
997 10.92689419449648
998 2.9762729268118204
999 1.5719899467076364
1000 15.766668685758065
