1 2.7717909038584776
2 0.9487172964585424
3 1.9171248929583125
4 0.13697707481411983
5 0.4848882699434967
6 7.052390378724541
7 0.47849959264534586
8 5.831209415482063
9 0.15353197129133334
10 1.6627558392580108
11 10.95120627482679
12 1.738324631159862
13 0.14884147623016183
14 4.895578050978369
15 0.5581716049997172
16 14.74206730589176
17 1.5580163846455195
18 0.6008271671368517
19 0.007976057818939225
20 893.1010234979556
21 0.9563503949398863
22 0.4161726428708733
23 0.5586645305414182
24 0.1204648946304789
25 0.6914502736620839
26 3.8399893215114766
27 0.7569180830836387
28 0.6816631445657358
29 9.989704066145226
30 5.144660235010389
31 4.691232645194579
32 6.89964373196599
33 4.993656120473489
34 0.10276096265284351
35 24.645024157403153
36 3.089093898277247
37 12.446460836264457
38 5.840967025472153
39 35.276239969273114
40 0.3400162726134749
41 0.5224526689213448
42 0.39313591304826107
43 0.10063697566097567
44 2.0863246311636825
45 1.9042657098047897
46 146.89719859279674
47 7.303063449361526
48 2.890360977349336
49 0.19315850672111048
50 0.23908088658622517
51 0.07727080733683714
52 0.5988201594206412
53 0.5332183765917555
54 1.4038781303958752
55 141.0914249917386
56 1.6871949726890003
57 1.1244484976939098
58 6.297757685151212
59 45.731399329508235
60 6.002891610385946
61 1.029769287492802
62 0.2119359425035474
63 0.3313352274037337
64 0.3559435690675435
65 7.230748499992229
66 2.024612394080164
67 7.702395840034955
68 19.320060372677258
69 0.057234858745607756
70 0.1473955678971887
71 0.6068446998580325
72 0.2606329324294971
73 2.1364300874287636
74 3.2699409438427196
75 0.15471983998186054
76 0.418225518540214
77 0.15193506954308053
78 1.7840842427636474
79 2.053569118046077
80 5.4262942794583795
81 1.271219626833601
82 0.41206414554955806
83 3.426658389621623
84 2.4670816435392298
85 3.12386888437596
86 1.715554969961294
87 5.4405064613275975
88 0.12314136229193483
89 3.171878989292038
90 0.05166154608825597
91 0.5362915095962548
92 3.5281715048961675
93 1.5133154448626187
94 0.19190467223988614
95 0.5868108654055221
96 0.9660303257058718
97 1.2092359268430608
98 3.848600605055852
99 21.60158152105295
100 6.054804384101349
101 0.21373799038725172
102 5.790574851235891
103 0.6214550646709633
104 0.2980422345354731
105 0.7552480392103769
106 0.01235552762503957
107 1.6423208533703268
108 0.3444147102670624
109 2.602611516361572
110 0.7735301849010793
111 0.0649823029630039
112 0.17657396734449646
113 0.046126442359524504
114 0.2608080457557146
115 0.46077156724934165
116 0.1490554593082497
117 5.780328706288053
118 0.4399628335472979
119 0.9901721358240511
120 55.41265019256828
121 2.628486169986727
122 0.7353860702140933
123 3.151586964274228
124 3.439936731315577
125 6.952546664478117
126 0.032908817690612005
127 2.8900267135891684
128 2.136484458386552
129 4.9663585894913025
130 0.019211841529188926
131 12.591774603096404
132 0.09079413344678311
133 0.1836443543474301
134 8.244016165089645
135 0.3431417302461663
136 1.2393476444744118
137 0.9014220819590619
138 0.3074473272432669
139 0.3148925161447154
140 0.5680873573888643
141 0.03962267883055855
142 0.9655996308513687
143 0.986855678836194
144 0.36037228795928883
145 134.3141143143195
146 0.08153377977925695
147 0.3009511598793254
148 0.22005537874767683
149 9.596614253266901
150 1.0385197175162952
151 0.48838434141873277
152 1.6698876932014435
153 1.1469415406655745
154 1.2608495339110444
155 8.10362326011687
156 0.8268484922899441
157 1.5142536770420445
158 1.1648085080270387
159 3.129277420757
160 2.443420585975869
161 0.16155727243247608
162 0.6429562964649173
163 1.215037398164982
164 6.028874024372935
165 0.16658156892278722
166 3.642778972413337
167 0.5511773303422245
168 33.8191224386073
169 0.21233917412641026
170 0.7783667284541509
171 1.019307529036819
172 10.280538952582818
173 0.25956503011707527
174 0.8744566908079447
175 5.750291604232626
176 25.817593652725257
177 0.861234854797951
178 26.961216049920164
179 0.1705129237471861
180 3.6393926194478
181 75.6634263839217
182 0.0989152051126802
183 1.1997957499079732
184 1.9270572032556283
185 2.542407400968633
186 1.1531627590907125
187 1.3329348281511555
188 0.4459707556407694
189 0.4586396658325241
190 2.853357930596825
191 0.005709653841898079
192 0.7269666757476604
193 0.2849577130218841
194 4.217500056630506
195 1.212627036652282
196 0.19611136092643322
197 0.0657556519717558
198 0.09088480716704107
199 0.9134620250944041
200 0.4290279201624691
201 7.333240725613832
202 0.24540468211733737
203 28.021337029553855
204 0.14579543654728394
205 0.2515913136311655
206 31.931447676182135
207 0.05143109440194305
208 1.0944203431254762
209 0.9242984414857974
210 2.409085683809686
211 0.4386931885553171
212 1.559974499759077
213 7.08479439808375
214 0.6077341481047412
215 0.0795819744330476
216 13.516579691097329
217 0.5641007505890353
218 3.036682080092579
219 72.11997586740208
220 0.8156293921671679
221 1.7066895804401403
222 0.13602252542481738
223 0.13605355917687292
224 6.3639998720112985
225 0.09944817851065778
226 1.9651361622354275
227 2.039442365898108
228 0.41089438061185635
229 0.2290407891611734
230 0.4527598806413374
231 0.36764012628693743
232 0.558022321475578
233 2.637414633767029
234 1.9619272333566706
235 4.913845742880077
236 0.03780940617019923
237 0.21344444007499372
238 0.647953860886223
239 1.7710197863862156
240 0.30156627091546634
241 0.06014255084926237
242 19.769232451778265
243 2.9179356459625994
244 4.1157016612463435
245 3.9448256413689546
246 11.242034178237107
247 0.6491767247681318
248 3.3094224234199574
249 4.723606254927061
250 0.4165865097086637
251 5.508642946451751
252 1.0927924631279533
253 1.4326611161031448
254 13.334450734312705
255 1.818314472592338
256 1.196705667572029
257 0.11465429532891959
258 0.30777259497366477
259 0.049891690216723746
260 2.5270675659182418
261 1.1187647057008212
262 0.25204372524957364
263 2.228846353023493
264 0.25440155892767335
265 1.0642131102633807
266 0.44854110181986856
267 1.2178704166709233
268 1.9724097147680015
269 0.4755329414550398
270 8.299971844394111
271 0.24773719053759985
272 0.08879489670042066
273 0.0374295925601228
274 1.108021696422234
275 0.7829609761506872
276 5.970868705552571
277 0.7881754897515941
278 0.5664281275353588
279 10.917800626215652
280 0.518040010515505
281 0.6153692772044357
282 0.11100710145226662
283 0.44946266629342835
284 2.5200949236456296
285 0.0705348248275531
286 2.355094687454909
287 0.10860553313834954
288 0.0018309884528397494
289 0.5838195781855453
290 15.285768728212446
291 30.25207335682251
292 0.832312528006999
293 0.6001929378903611
294 0.22529518803284668
295 0.5999485790177682
296 5.1085838419933145
297 67.39416064914342
298 1.188215517246893
299 0.39970748679214263
300 0.052087897492227676
301 0.6882043856188279
302 0.3919625494914602
303 0.796433628523879
304 7.1095490401902435
305 3.989275906407825
306 3.8553192175516466
307 0.15071819131316277
308 1.9261247620992934
309 1.7473330497735877
310 2.0784353786347523
311 57.55014025929994
312 2.5419415246975294
313 0.13421871558191684
314 0.37158391606310187
315 0.7001163386532305
316 8.328822310465991
317 1.162052482891729
318 1.758445504148127
319 2211.8335470951956
320 1.8293265045858749
321 46.133484546025
322 0.027656102632016722
323 3.5291736086579695
324 1.053163429801203
325 4.716545449715143
326 0.24401414510393862
327 0.3189674877290064
328 2.990555290904488
329 0.10522257674693579
330 0.7947080601264942
331 6.025510042535123
332 0.46888630975310513
333 5.389634614378409
334 0.47771463925438606
335 1.7761910086582693
336 0.5152921504015942
337 0.4066164096881355
338 1.8111027086125477
339 0.7812661674342708
340 0.9120802980708071
341 0.7235532356465928
342 0.22125416848219315
343 11.79447795712138
344 2.7253883168434303
345 3.343755753577059
346 8.590508015206703
347 1.7201077850254185
348 0.7178555400491816
349 1.8548154126794953
350 0.24525445541279012
351 7.183149106933537
352 3.345013969981634
353 7.464436435867128
354 8.269608851592615
355 0.19411228275704254
356 8.179817347708259
357 0.04012345110706497
358 0.3781383508207388
359 0.6848579730695297
360 48.8384017493357
361 0.27237258052367075
362 0.18064564911728206
363 1.032446697069912
364 0.2030041942157541
365 3.549173946902754
366 5.390299207878
367 1.126121238409362
368 1.3697195237035296
369 0.7029605555101103
370 0.670136242673833
371 6.1263698795251
372 0.06932591160497928
373 1.2530747596041465
374 1.697123726338512
375 14.09773964829174
376 2.2597422414425203
377 1.9395778943770674
378 1.1616636113643637
379 0.4686840022865804
380 0.07801519453334559
381 22.910970403423697
382 0.06596028640176523
383 4.61540258844697
384 0.047926179938215366
385 0.205654935279541
386 1.1238939255411355
387 30.095235599801313
388 1.7224706185019751
389 1.247045892108908
390 0.04751657076391891
391 2.443695972504499
392 0.1066901679672494
393 2.778605140400477
394 0.06251868981037652
395 0.39084911817136947
396 0.44257331982615894
397 0.21285316931077047
398 0.5210796009339377
399 12.560652788625799
400 0.6286012991919178
401 0.13636436888344236
402 5.641268591959162
403 2.0366222844954898
404 370.4041461741018
405 0.0003707574855776432
406 0.9713203469055316
407 0.6830212310410738
408 3.589840418210589
409 0.18600272950217883
410 2.808419026623745
411 0.9490126210520833
412 2.7327741420799603
413 2.7334323820717166
414 0.782201308145364
415 0.52238668241971
416 0.28837248113349717
417 2.2707041625475886
418 1.0049841626418112
419 1.2870348901995694
420 0.24751582291492058
421 0.37439688834555823
422 0.40890670647473715
423 0.35892552941167316
424 1.6215866531419552
425 0.4097835719252261
426 19.282924083853032
427 9.766416664661328
428 0.19419155866894577
429 0.739743125346445
430 0.05993672864598956
431 1.0786406949560325
432 1.6172975839312134
433 9.037137754677621
434 0.626978979221768
435 4.447675028898016
436 38.7645573248567
437 0.9878768913347337
438 0.11350447738226294
439 5.495817397770399
440 1.063476384397166
441 255.83445049125922
442 0.5761949265323434
443 2.4163094036900126
444 1.0678088983536311
445 0.6249467505096836
446 1.5174643680537547
447 1.796079696322636
448 1.6310977752388218
449 0.08663444257342702
450 7.381945217993551
451 3.4385781189964284
452 0.5818899020559622
453 9.141607556038108
454 0.01662701773668158
455 0.2756912347612395
456 0.7372621279243374
457 6.511935465394993
458 0.19398595851404932
459 2.2756937799967414
460 0.4090210775782006
461 0.17019030590145845
462 0.732613611246385
463 0.5505060897096944
464 8.41946074605874
465 0.7126425981861045
466 0.24088198715772424
467 1.7322500851823923
468 0.3178042534135534
469 0.4190043315129989
470 0.1455578351717531
471 0.34910953067220746
472 0.315757195966608
473 2.5892166850394114
474 0.8851624537423223
475 2.8652041913131012
476 1.6456008339750987
477 0.15357878151484347
478 0.7812522129025091
479 0.04014510133194745
480 0.046684446576137996
481 1.5927233757914145
482 0.5888135383577707
483 3.3305086432359245
484 11.182976412700755
485 0.007298008840811674
486 0.32674897346330833
487 0.10741186262642537
488 0.04187436950087651
489 1.0332706470449584
490 2.1786838717352017
491 2.2831860646936297
492 2.2209686343941515
493 14.01256992916438
494 0.04004008835337368
495 3.3853542108524235
496 0.06156255862446762
497 0.10040528390145625
498 15.533286724933376
499 0.6352863060906228
500 0.7507717025307153
501 0.5057559063167666
502 0.7131695415003454
503 0.6719388190145805
504 8.51087913699711
505 0.18892350324945126
506 0.8269687590015098
507 0.05128280769914295
508 3.929840548515571
509 13.198618564505606
510 0.4068116716014694
511 2.400034556101778
512 0.3624243573713569
513 0.9963726192027393
514 0.5864630081398534
515 0.06952802050455884
516 0.1285301785145963
517 3.8751773619956897
518 8.730974019161698
519 0.34390455888119303
520 11.415492546664943
521 1.881871784446974
522 1.0369775215287733
523 1.0365182141841853
524 1.4032618731573203
525 1.9267893901469877
526 5.666002569056203
527 1.380319737204637
528 1.8071334823084928
529 2.202803425349843
530 0.4637247893361853
531 1.4605926976112293
532 0.4181516959555686
533 0.0024874689222288467
534 0.3282814107987364
535 1.3043980720653878
536 0.12126014047418927
537 8.451672020089966
538 0.0269928359924637
539 1.887488553619951
540 2.6408182872075625
541 3.2585404715042796
542 0.05208175234728485
543 0.31608887994307094
544 0.6695165291637794
545 0.2818353752929233
546 0.4197807449329328
547 2.7946028600380886
548 1.8649761285491182
549 1.0210314634568094
550 0.07213593933176854
551 0.07602253367583763
552 2.490330137479698
553 0.7791996497886798
554 0.3450724647152398
555 0.4596334828435858
556 7.695313926038709
557 2.114148569500986
558 0.004010700197760947
559 0.22098273879947075
560 0.39585311869779355
561 1.1435430612729243
562 0.5963918597380068
563 2.802097471386827
564 4.715369079595912
565 0.7304062722090106
566 4.760490718799287
567 1.060201817223238
568 0.01253865500207335
569 0.3288627659183256
570 0.049374267075069644
571 0.3235263716324634
572 10.053900133359585
573 3.6702413794086386
574 0.3701542625140064
575 66.32754057516317
576 2.744536176495949
577 0.24660288547123188
578 0.09388655172932582
579 0.05416405202227375
580 0.9302730613937374
581 3.879694892872958
582 1.2113068100739592
583 0.08615911767532979
584 0.694080462729644
585 0.5254472180568087
586 2.8610447060610293
587 0.011810786855786931
588 0.4004195408535967
589 4.115806753118569
590 0.3205079200083318
591 0.26218505569423933
592 0.8454150295072587
593 1.5182169795235578
594 4.6284128894637835
595 0.0877747827319213
596 0.026020194405718563
597 3.134235084848832
598 4.1128143246545505
599 2.6930185389989987
600 3.5095407575105604
601 0.0911254793366945
602 0.1616974054848587
603 0.461375870684298
604 0.05176895406524688
605 1.8047531455500807
606 0.07291708522378695
607 1.4841053535240936
608 0.21279161485108078
609 0.16666245594787196
610 2.6520415022700194
611 2.5410330782397703
612 0.6019722805385137
613 0.7234247331324987
614 25.378664078830944
615 0.13767256292327867
616 2.7992990030306957
617 1.4479851979540448
618 2.349288026433659
619 3.8197241974643243
620 0.3671441118895897
621 0.7761297005123762
622 0.3372773297525085
623 0.31185698447422333
624 0.24802098818845936
625 1.1026530742550018
626 0.2204117601463408
627 4.446501413649053
628 0.08678931520766893
629 1.6835355130165452
630 0.21189229035469218
631 0.41878472433434955
632 2.2777015950553823
633 0.31212456462874777
634 0.10428699333166888
635 1.1290097409923474
636 256.4407461175963
637 1.9045008861115669
638 2.3699955334872738
639 1.0898134990706225
640 0.1166645061469663
641 0.911591423264101
642 0.3469911878867707
643 1.2779549925728804
644 1.8009264747674565
645 0.2904039345830553
646 1.1843559627463858
647 0.7241804145782472
648 0.3494802420532248
649 0.017032329314723912
650 0.4106458087713332
651 2.1986965590117173
652 0.14591614010535464
653 2.3844448865013437
654 5.226939089142616
655 1.142160864288096
656 0.8541088761608576
657 5.459681096138009
658 0.15695118798184526
659 0.01798770978545636
660 1.8225247641970763
661 36.342048705738044
662 0.5484676840183156
663 0.15044307879905539
664 0.23226190618748163
665 0.7447035668343294
666 0.19547500009038565
667 1.1202112445026857
668 0.34077215505983655
669 0.9298522941460013
670 15.94023539713351
671 1.4767586915123634
672 0.9269168601532513
673 0.3684421215581961
674 12.538149948655658
675 1.0188924078568808
676 0.529936333400041
677 4.877307865552098
678 0.16392810501095326
679 0.3868038764141326
680 0.15349136437146055
681 0.049867648789527666
682 0.07954406092951734
683 2.608949787367724
684 5.588037391153797
685 1.542479744630679
686 0.7224002785787051
687 0.45803489416411164
688 0.3230053889066751
689 3.5547918078342535
690 3.3844755547195855
691 0.21554323205419193
692 0.1342618701861019
693 1.0851196857728818
694 1.617394788132444
695 5.177941227887291
696 2.2826360837959094
697 7.00613652755383
698 1.0295603073839041
699 1.9482313472551425
700 1.656247672105868
701 1.12526464538927
702 16.785817963493006
703 0.40531837776414087
704 0.5874068178312629
705 0.5296635561599625
706 0.09461741945983039
707 0.33925475002443867
708 0.4889382435285787
709 1.126835108425499
710 0.17746356121151008
711 0.5636320003169223
712 6.273395836054054
713 1.9224212661775368
714 1.2918332390403124
715 2.575269963019528
716 1.5194764348344447
717 17.09167566408513
718 0.19603441144721612
719 1.4857760345641944
720 0.33980436682870657
721 0.4046375740571182
722 1.444152041664825
723 0.674016365469423
724 1.1985709354048728
725 20.118234816554523
726 0.16961257629649415
727 0.11290710596948797
728 1.451302703641345
729 1.4510935443166924
730 0.486172353677583
731 1.1444506172533995
732 4.49825349746748
733 8.342526541907962
734 0.7466149312393555
735 0.3576840459034678
736 0.45541150949776515
737 4.160613692737939
738 1.207080853574448
739 0.017929574007066254
740 5.07596892323716
741 0.6151276808321301
742 1.3935091616003445
743 0.0465696968781149
744 0.9410023118779512
745 12.274949889567596
746 1.4064490803650689
747 39.790642124965146
748 10.928888171597132
749 3.023157545654847
750 0.9744734106859486
751 0.4856627895439125
752 4.452130326132575
753 0.6240224970379658
754 0.822520901588896
755 0.4382036724505588
756 0.3701086366658174
757 0.19618990440267864
758 0.40785039961818753
759 1.9660899403051424
760 0.6034105007992155
761 0.06862178508178779
762 3.461940036130056
763 0.36249135801239024
764 1.6069650164168006
765 1.555695891514858
766 0.9249460397031294
767 1.289325914769935
768 0.13120795740583163
769 0.5797892917421057
770 0.6183362696205319
771 8.385101990372021
772 0.46840041084061035
773 6.473261593402995
774 3.577558044746586
775 2.5532630457272565
776 0.8343446593499867
777 0.4757501848326887
778 0.4588417974727627
779 0.2896246165512181
780 1.6081492813078575
781 1.3547438030909311
782 0.986135742217051
783 16.787827151234683
784 8.601138065604896
785 0.18099210989778994
786 1.5341659447583522
787 10.529187791941085
788 3.1055168929514276
789 0.01393326428800869
790 0.21259454993029483
791 2.6687762930802106
792 0.5087407529236977
793 0.22387626242848493
794 4.191646056440553
795 17.214241947697914
796 0.27048528030681873
797 0.18447084600813393
798 2.3410609062163554
799 0.7350787470238352
800 0.8569283017966126
801 2.9184958602372313
802 0.44262162237898167
803 17.484772560672553
804 1.4078039009127534
805 0.42086835895086994
806 7.730150248144545
807 5.2364710142065
808 0.14987869976009421
809 3.590041195311572
810 3.317187902207697
811 0.8242643623413155
812 2.3204247333576675
813 0.7994301598979406
814 0.35892349027900855
815 0.25781708800996245
816 0.4010453307988031
817 1.4075781130246805
818 1.0482184343090701
819 0.023250693244149037
820 0.08153184769956422
821 14.87248939897541
822 1.013401542301614
823 1.9175046781359237
824 3.165988279715842
825 13.046535535618709
826 0.5915283608280544
827 2.9065603352428706
828 0.406370266043721
829 0.452949541866736
830 0.49253293289782213
831 1.1700686187197273
832 12.794208197104142
833 51.236808866531014
834 1.7528078344444098
835 2.7466550534845373
836 1.5276763992068285
837 0.23691187545926062
838 0.2661282444441008
839 0.4135438923007288
840 2.8861872192444444
841 0.004582727879975197
842 1.5496529297271193
843 0.23249307381386938
844 0.6689186895546609
845 4.252131248344346
846 0.3203794046340674
847 0.20919328654449268
848 3.162803411278711
849 0.42330095628061576
850 35.06273891714027
851 0.32882032850556886
852 3.9910675842709002
853 1.3608202754476284
854 0.039469474908996834
855 0.054670176969506386
856 0.3315638150923234
857 7.063893865755883
858 0.7069168822296807
859 1.6920251116038543
860 11.308415665246837
861 0.31183594777015855
862 0.020372412389729234
863 0.43910608254360567
864 83.39498320383943
865 34.27187152956525
866 0.1688718623572786
867 2.2351383467496997
868 7.195261329345296
869 0.7196368161520418
870 3.0353195258576795
871 0.169968866847109
872 13.66908835736255
873 2.57882092535584
874 0.5430809352988935
875 1.2558548683828854
876 0.8035537201958171
877 5.935816738552934
878 0.3684240425602666
879 3.5920429492860584
880 0.47358019323355155
881 7.1550117435179175
882 1.3055122193227793
883 1.9832099928852458
884 2.786835113537159
885 0.6785430029091196
886 1.9050651734408004
887 0.15388655811334725
888 14.778938694754201
889 0.19870618203822393
890 5.044984082802821
891 1.5052491201342448
892 0.2156851597753101
893 0.5379112552548083
894 18.8999430560616
895 1.4976359101914685
896 1.0036820706548344
897 0.0910543154585209
898 1.1853350576091555
899 1.6408581307954766
900 15.178225697828871
901 8.573564954913754
902 2.4976906014965627
903 9.360887753580789
904 0.3518545255201596
905 1.3356465589250797
906 161.18476724627482
907 3.878880571494922
908 0.02639682280202381
909 1.6455206222424419
910 0.07729660203351846
911 12.218203290706859
912 2.697018031968727
913 2.775517449873902
914 2.4580098684037814
915 1.1689805611156436
916 0.2152637970402418
917 2.7611045015647138
918 7.147280235861606
919 0.0853758689728088
920 0.8286939283727621
921 0.3040360178163795
922 61.26372034156686
923 6.559837160834494
924 2.279520355372936
925 0.12638639749969574
926 1.993666697980059
927 0.14750872920072292
928 0.8563987143684474
929 0.5791715837329047
930 1.4596051901199925
931 0.06809526242902916
932 5.956170567287905
933 0.1845328356632022
934 0.3455158084407516
935 1.0143541155712117
936 2.2204320659929886
937 0.5133690520070283
938 0.056791644616082555
939 2.6080954076364504
940 0.5698215614684935
941 0.5608964469696722
942 0.5721899212934358
943 0.08621629025740536
944 517.411318397802
945 7.6313561263060645
946 3.788631080248711
947 2.609041072343529
948 0.4744228842480845
949 0.07273823481171572
950 0.5860589496421986
951 7.892385535363886
952 4.127062626018453
953 0.6260660356298394
954 1.5045443897748756
955 23.32389626595957
956 0.33217622811648495
957 0.578488918640346
958 0.6218612320760792
959 0.28342033674805445
960 0.16264464537463272
961 2.222797276768004
962 0.3666665143649133
963 0.4376032407840697
964 0.20648790768920175
965 4.453382115301844
966 0.6174057450774462
967 0.06608885337495585
968 0.019862670981405105
969 0.7389286289967213
970 4.0892739041631145
971 2.383186915877911
972 23.3302635012269
973 0.051851789565846705
974 0.4315994258915848
975 40.914131680884424
976 2.1505930422183415
977 0.12111967918723478
978 0.5867137139986703
979 1.0421144100200495
980 0.6678072089302846
981 2.6348744865576768
982 1.8917511020022826
983 2.627982900861413
984 12.684787595289535
985 0.2084305393563585
986 2.2924435650678685
987 0.40574045305662465
988 6.581481135530966
989 4.226018887524522
990 10.210402931705824
991 0.5540164287333863
992 4.347150684555122
993 13.647194858320502
994 3.7875611082448017
995 1.556946610102213
996 0.6847611372277762
997 0.166621250115023
998 0.23118493157506326
999 0.7963161654613363
1000 9.026362943786976
