2 210 944
2 308 259
2 47 448
2 666 682
2 642 448
2 69 519
2 233 518
2 261 662
2 394 261
2 777 482
2 203 832
2 959 424
2 241 63
2 80 976
2 886 742
2 771 490
2 541 712
2 585 871
2 171 40
2 405 905
2 791 183
2 775 868
2 876 911
2 529 998
2 744 535
2 419 3
2 916 362
2 630 995
2 635 623
2 278 797
2 105 476
2 648 900
2 331 88
2 407 618
2 791 806
2 545 103
2 365 574
2 705 240
2 834 256
2 571 301
2 508 500
2 845 978
2 792 363
2 824 665
2 121 46
2 391 500
2 525 14
2 252 522
2 235 515
2 463 879
2 784 148
2 682 31
2 97 9
2 276 184
2 770 263
2 549 676
2 999 780
2 118 719
2 65 293
2 572 451
2 122 831
2 601 533
2 307 546
2 731 409
2 602 615
2 162 106
2 661 553
2 287 725
2 784 223
2 25 320
2 744 394
2 424 635
2 188 719
2 890 32
2 812 810
2 940 360
2 117 240
2 271 482
2 913 968
2 746 246
2 125 108
2 857 108
2 775 790
2 891 164
2 850 272
2 413 790
2 160 546
2 96 87
2 327 290
2 24 135
2 513 969
2 566 196
2 317 477
2 348 514
2 953 607
2 665 621
2 516 48
2 192 684
2 939 422
2 490 880
2 689 167
2 664 359
2 203 285
2 237 359
2 590 682
2 87 810
2 90 290
2 949 156
2 103 710
2 355 523
2 630 780
2 644 508
2 628 625
2 156 994
2 360 686
2 315 426
2 114 466
2 701 556
2 331 25
2 171 138
2 577 490
2 171 868
2 556 742
2 707 799
2 92 198
2 468 972
2 235 780
2 514 683
2 260 617
2 718 588
2 751 339
2 494 95
2 649 715
2 979 135
2 487 584
2 481 104
2 969 368
2 544 916
2 486 697
2 567 916
2 521 766
2 736 934
2 529 903
2 974 11
2 909 861
2 109 777
2 76 393
2 415 76
2 812 253
2 498 385
2 634 649
2 1 49
2 663 377
2 105 8
2 28 915
2 680 990
2 450 504
2 292 205
2 360 290
2 295 136
2 400 158
2 243 374
2 501 557
2 931 475
2 737 188
2 409 189
2 133 507
2 136 591
2 725 474
2 764 237
2 555 596
2 926 580
2 255 820
2 96 314
2 157 299
2 759 599
2 220 519
2 891 729
2 865 62
2 930 692
2 430 403
2 128 56
2 540 183
2 664 882
2 89 502
2 420 797
2 584 752
2 521 188
2 701 738
2 852 353
2 474 433
2 573 181
2 989 296
2 867 702
2 714 717
2 33 52
2 967 518
2 789 686
2 906 369
2 100 65
2 765 164
2 660 932
2 136 622
2 43 761
2 419 732
2 46 831
2 345 493
2 626 296
2 583 878
2 523 914
2 483 407
2 191 918
2 664 202
2 118 443
2 440 379
2 134 624
2 898 289
2 795 404
2 317 816
2 787 362
2 346 484
2 268 245
2 137 473
2 718 494
2 398 900
2 269 782
2 322 342
2 628 421
2 659 868
2 818 964
2 646 14
2 57 975
2 744 773
2 624 74
2 718 296
2 942 311
2 779 439
2 100 879
2 531 159
2 316 679
2 423 320
2 566 439
2 457 965
2 602 282
2 715 611
2 802 220
2 402 812
2 476 341
2 888 950
2 242 971
2 620 366
2 889 380
2 242 496
2 241 934
2 286 453
2 122 273
2 523 908
2 436 175
2 16 552
2 685 631
2 538 994
2 158 738
2 531 84
2 591 514
2 907 233
2 312 379
2 546 293
2 385 218
2 149 734
2 200 614
2 82 211
2 764 513
2 275 148
2 529 156
2 132 237
2 509 252
2 632 661
2 334 615
2 952 110
2 999 257
2 574 878
2 808 33
2 735 640
2 834 737
2 196 923
2 541 60
2 149 28
2 639 796
2 316 652
2 773 833
2 932 234
2 571 871
2 6 991
2 4 426
2 22 306
2 275 309
2 536 387
2 228 520
2 680 132
2 265 205
2 39 247
2 671 778
2 969 643
2 241 959
2 862 803
2 725 938
2 942 78
2 279 475
2 229 285
2 467 748
2 328 572
2 589 794
2 756 322
2 992 656
2 706 51
2 121 29
2 316 229
2 802 786
2 896 879
2 588 25
2 661 321
2 424 575
2 308 230
2 42 782
2 4 539
2 953 379
2 684 879
2 548 205
2 503 914
2 45 957
2 307 494
2 196 177
2 863 556
2 12 578
2 718 290
2 155 944
2 811 763
2 884 586
2 289 36
2 877 836
2 530 495
2 480 121
2 3 511
2 630 677
2 316 895
2 32 836
2 919 686
2 499 235
2 420 490
2 900 524
2 47 952
2 801 942
2 735 360
2 294 213
2 634 362
2 788 253
2 219 599
2 826 228
2 156 599
2 470 7
2 383 798
2 200 179
2 510 116
2 904 721
2 851 453
2 762 793
2 372 103
2 226 637
2 65 712
2 160 376
2 103 663
2 238 518
2 645 507
2 192 687
2 842 213
2 272 959
2 906 541
2 105 831
2 502 232
2 893 367
2 792 982
2 664 373
2 375 866
2 117 662
2 943 495
2 113 17
2 96 585
2 60 682
2 660 328
2 395 974
2 910 92
2 461 892
2 212 704
2 159 810
2 238 486
2 276 751
2 664 809
2 802 901
2 109 147
2 509 538
2 11 594
2 330 735
2 447 208
2 197 456
2 991 341
2 747 873
2 870 262
2 386 327
2 869 41
2 127 702
2 608 220
2 13 251
2 651 948
2 309 839
2 929 712
2 439 234
2 241 70
2 26 789
2 269 245
2 708 90
2 569 403
2 621 797
2 970 852
2 893 270
2 680 11
2 560 797
2 998 763
2 584 60
2 334 964
2 943 223
2 970 995
2 171 859
2 545 742
2 635 965
2 381 965
2 720 683
2 445 111
2 465 93
2 595 341
2 36 330
2 306 502
2 915 490
2 631 954
2 153 227
2 157 185
2 144 485
2 449 648
2 452 413
2 900 859
2 93 817
2 353 11
2 174 223
2 118 73
2 868 487
2 166 819
2 455 330
2 928 209
2 182 758
2 343 750
2 523 780
2 315 559
2 942 23
2 764 839
2 254 25
2 916 218
2 978 83
2 876 515
2 577 32
2 549 127
2 136 853
2 423 46
2 115 48
2 196 783
2 3 721
2 100 85
2 264 950
2 996 349
2 739 580
2 919 284
2 561 810
2 80 799
2 921 926
2 351 978
2 128 362
2 802 297
2 683 448
2 39 659
2 119 127
2 480 410
2 935 761
2 805 287
2 856 213
2 349 218
2 281 302
2 477 314
2 484 993
2 172 567
2 801 377
2 135 23
2 571 201
2 902 713
2 708 738
2 344 360
2 745 306
2 843 989
2 810 968
2 822 208
2 99 950
2 546 312
2 963 135
2 487 30
2 371 657
2 699 182
2 544 977
2 642 626
2 761 253
2 953 360
2 589 227
2 723 843
2 523 459
2 86 920
2 80 87
2 519 106
2 431 98
2 130 700
2 908 267
2 826 971
2 231 945
2 836 910
2 196 953
2 801 517
2 470 431
2 168 782
2 639 203
2 826 937
2 718 589
2 956 449
2 668 866
2 519 681
2 452 54
2 138 1000
2 157 375
2 680 484
2 39 670
2 868 683
2 639 381
2 645 777
2 602 177
2 129 118
2 586 527
2 151 48
2 586 167
2 63 46
2 526 490
2 804 613
2 150 615
2 287 759
2 554 727
2 577 650
2 69 577
2 975 27
2 9 656
2 83 614
2 943 904
2 469 143
2 551 357
2 121 575
2 549 542
2 815 425
2 609 278
2 222 102
2 463 442
2 62 103
2 677 911
2 474 455
2 754 774
2 469 734
2 289 388
2 25 435
2 91 551
2 511 946
2 920 143
2 891 30
2 775 162
2 793 941
2 335 503
2 786 29
2 74 32
2 407 974
2 843 41
2 293 556
2 199 558
2 799 514
2 889 684
2 692 21
2 921 50
2 414 890
2 350 913
2 645 615
2 89 721
2 771 972
2 814 108
2 871 747
2 817 520
2 630 824
2 148 328
2 779 412
2 704 510
2 966 698
2 196 601
2 141 798
2 408 933
2 653 400
2 694 215
2 456 325
2 896 780
2 249 593
2 601 979
2 840 786
2 514 73
2 958 360
2 91 299
2 928 198
2 223 208
2 594 86
2 969 583
2 571 212
2 154 115
2 469 263
2 746 827
2 205 866
2 22 934
2 734 742
2 942 118
2 298 445
2 749 485
2 751 634
2 996 339
2 679 368
2 886 541
2 295 585
2 787 564
2 723 360
2 68 438
2 800 27
2 77 862
2 727 399
2 955 309
2 952 816
2 257 612
2 829 72
2 460 526
2 678 587
2 991 258
2 474 377
2 900 648
2 628 859
2 449 699
2 86 747
2 471 207
2 282 460
2 576 51
2 831 64
2 411 215
2 514 597
2 4 268
2 836 209
2 153 161
2 963 545
2 407 314
2 237 327
2 89 77
2 106 217
2 947 889
2 785 923
2 3 344
2 239 873
2 939 533
2 238 196
2 693 273
2 445 373
2 109 778
2 508 648
2 160 720
2 738 270
2 741 641
2 434 873
2 860 161
2 378 999
2 731 683
2 669 648
2 26 454
2 434 599
2 287 759
2 714 807
2 882 52
2 84 654
2 817 546
2 167 215
2 111 271
2 735 703
2 249 691
2 730 83
2 155 82
2 570 45
2 3 515
2 152 399
2 284 619
2 360 864
2 4 274
2 262 912
2 286 687
2 117 127
2 6 677
2 767 270
2 146 230
2 652 719
2 600 359
2 11 899
2 99 994
2 432 883
2 730 5
2 924 962
2 353 605
2 272 516
2 98 11
2 612 152
2 473 271
2 528 300
2 120 34
2 313 771
2 154 781
2 494 883
2 290 622
2 351 630
2 923 540
2 838 252
2 436 602
2 861 509
2 374 453
2 395 518
2 609 137
2 802 380
2 156 963
2 91 234
2 669 468
2 155 380
2 454 850
2 525 464
2 955 283
2 856 156
2 629 51
2 20 437
2 785 485
2 322 448
2 693 382
2 736 575
2 704 143
2 762 201
2 125 399
2 354 303
2 191 843
2 240 702
2 802 557
2 334 357
2 273 369
2 627 719
2 187 347
2 439 661
2 454 609
2 217 421
2 651 870
2 40 326
2 545 112
2 842 626
2 105 64
2 720 408
2 524 946
2 812 280
2 864 473
2 388 849
2 471 647
2 446 663
2 535 346
2 278 399
2 605 934
2 40 444
2 818 502
2 531 244
2 68 626
2 516 680
2 692 321
2 401 466
2 462 753
2 528 727
2 397 454
2 749 766
2 818 634
2 726 96
2 939 864
2 955 399
2 60 877
2 217 168
2 428 645
2 423 648
2 848 883
2 491 65
2 499 349
2 884 996
2 843 626
2 290 80
2 480 59
2 494 256
2 428 537
2 178 161
2 984 458
2 246 702
2 925 443
2 187 595
2 301 390
2 178 770
2 548 159
2 279 618
2 373 964
2 485 312
2 979 656
2 671 905
2 889 426
2 929 831
2 730 253
2 843 433
2 276 85
2 820 810
2 607 441
2 408 405
2 438 124
2 163 359
2 544 177
2 262 939
2 114 173
2 817 501
2 765 781
2 508 516
2 464 842
2 435 752
2 565 175
2 324 544
2 953 843
2 801 10
2 623 614
2 237 928
2 995 379
2 406 643
2 521 784
2 371 261
2 480 64
2 892 845
2 212 356
2 242 576
2 181 548
2 649 734
2 633 501
2 293 706
2 592 437
2 18 362
2 451 914
2 784 881
2 499 875
2 839 899
2 778 125
2 886 448
2 446 190
2 387 997
2 775 880
2 321 561
2 623 704
2 655 976
2 454 843
2 960 435
2 911 209
2 338 122
2 148 482
2 304 155
2 39 362
2 136 633
2 869 422
2 679 599
2 115 510
2 149 836
2 545 414
2 810 753
2 312 393
2 330 471
2 513 294
2 240 476
2 931 90
2 554 458
2 94 597
2 651 15
2 47 201
2 809 404
2 21 194
2 783 403
2 606 564
2 802 949
2 113 964
2 376 45
2 157 383
2 926 212
2 569 739
2 425 864
2 93 380
2 826 494
2 893 415
2 154 227
2 563 402
2 132 71
2 268 448
2 735 871
2 899 359
2 116 208
2 604 12
2 908 293
2 313 753
2 586 946
2 270 341
2 189 211
2 794 567
2 440 200
2 326 504
2 685 156
2 106 354
2 20 414
2 540 303
2 336 193
2 950 821
2 387 951
2 281 558
2 415 895
2 710 701
2 214 830
2 818 883
2 340 908
2 623 73
2 18 275
2 18 741
2 212 890
2 134 722
2 112 164
2 407 879
2 655 462
2 174 460
2 418 43
2 645 139
2 280 710
2 189 597
2 86 675
2 177 341
2 707 984
2 959 481
2 14 832
2 551 308
2 33 225
2 577 501
2 313 968
2 668 446
2 914 3
2 225 552
2 644 579
2 354 849
2 710 306
2 614 738
2 280 867
2 496 870
2 21 400
2 440 310
2 927 555
2 40 832
2 395 304
2 918 58
2 239 597
2 502 119
2 320 962
2 28 646
2 552 763
2 117 115
2 610 821
2 734 396
2 392 589
2 36 89
2 738 475
2 317 60
2 237 435
2 840 823
2 47 580
2 118 328
2 752 842
2 270 198
2 315 262
2 875 887
2 315 502
2 852 228
2 727 979
2 652 95
2 964 336
2 153 36
2 751 199
2 441 779
2 212 519
2 111 629
2 925 845
2 40 20
2 718 121
2 171 556
2 171 206
2 900 334
2 731 961
2 882 134
2 324 379
2 320 971
2 799 170
2 801 493
2 569 706
2 382 503
2 300 557
2 416 867
2 844 351
2 917 51
2 501 179
2 244 461
2 845 627
2 355 357
2 750 162
2 785 361
2 665 56
2 879 8
2 517 997
2 695 339
2 21 604
2 436 213
2 395 156
2 45 24
2 334 84
2 792 496
2 19 212
2 727 703
2 767 707
2 873 968
2 885 629
2 764 567
2 841 658
2 605 620
2 171 470
2 273 459
2 769 329
2 96 11
2 131 515
2 176 25
2 540 378
2 950 881
2 276 736
2 530 624
2 378 759
2 4 865
2 68 800
2 951 504
2 898 373
2 295 240
2 392 377
2 829 358
2 434 466
2 909 334
2 541 959
2 930 827
2 861 678
2 654 622
2 15 928
2 828 853
2 889 796
2 723 642
2 155 347
2 256 835
2 184 629
2 791 59
2 775 462
2 900 974
2 375 983
2 884 634
2 492 162
2 351 601
2 267 119
2 386 587
2 496 760
2 808 681
2 899 524
2 792 489
2 849 464
2 274 371
2 183 619
2 1000 533
2 3 790
2 677 519
2 961 972
2 896 990
2 200 695
2 589 959
2 388 168
2 237 520
2 568 699
2 817 55
2 797 803
2 455 712
2 854 950
2 455 115
2 976 931
2 495 48
2 958 485
2 664 542
2 234 618
2 313 265
2 866 785
2 209 1000
2 589 703
2 638 985
2 848 816
2 686 542
2 317 510
2 804 643
2 670 307
2 251 987
2 631 960
2 342 407
2 602 875
2 228 53
2 308 719
2 750 741
2 835 361
2 835 323
2 718 852
2 639 647
2 304 620
2 977 186
2 958 684
2 351 858
2 809 983
2 537 277
2 576 555
2 167 951
2 718 525
2 347 749
2 43 506
2 907 127
2 504 362
2 316 277
2 623 678
2 36 724
2 996 689
2 899 312
2 966 79
2 671 952
2 924 68
2 882 502
2 491 356
2 577 447
2 194 530
2 26 15
2 344 949
2 418 705
2 654 893
2 338 653
2 709 706
2 571 379
2 888 184
2 769 251
2 676 447
2 359 426
2 18 771
2 438 593
2 551 727
2 966 670
2 920 682
2 958 586
2 833 363
2 570 929
2 632 224
2 61 803
2 16 785
2 998 322
2 692 448
2 238 942
2 136 257
2 64 713
2 727 51
2 489 347
2 909 185
2 922 107
2 950 682
2 505 8
2 907 336
2 817 365
2 196 825
2 525 932
2 231 223
2 244 520
2 846 347
2 936 294
2 752 862
2 539 717
2 966 388
2 826 83
2 374 576
2 653 954
2 315 595
2 891 839
2 355 209
2 930 753
2 464 43
2 845 187
2 365 385
2 110 115
2 801 740
2 813 209
2 501 903
2 428 774
2 476 339
2 861 665
2 683 558
2 227 972
2 886 979
2 679 421
2 670 527
2 805 430
2 297 757
2 990 210
2 891 529
2 776 738
2 286 182
2 787 538
2 631 468
2 94 515
2 276 996
2 397 882
2 989 796
2 271 375
2 973 250
2 491 42
2 395 435
2 341 789
2 888 954
2 976 660
2 144 325
2 927 58
2 429 109
2 944 375
2 66 413
2 834 969
2 226 113
2 560 290
2 840 427
2 19 345
2 207 250
2 122 656
2 899 337
2 452 506
2 317 106
2 932 899
2 331 791
2 344 138
2 642 240
2 791 560
2 978 687
2 772 957
2 700 911
2 806 181
2 166 659
2 401 744
2 10 475
2 182 339
2 665 955
2 333 737
2 937 541
2 865 299
2 449 235
2 765 181
2 282 369
2 916 475
2 61 522
2 999 698
2 789 793
2 668 396
2 495 193
2 12 740
2 893 465
2 391 588
2 566 579
2 886 741
2 939 45
2 705 168
2 553 332
2 353 351
2 790 164
2 280 244
2 571 180
2 394 614
2 666 25
2 570 715
2 642 500
2 218 389
2 313 995
2 277 65
2 544 972
2 633 219
2 578 841
2 801 933
2 249 373
2 355 773
2 136 836
2 217 230
2 997 832
2 66 885
2 812 62
2 994 532
2 869 431
2 550 99
2 261 373
2 33 469
2 754 189
2 260 918
2 677 862
2 204 10
2 521 565
2 923 970
2 45 474
2 505 373
2 152 717
2 573 581
2 519 883
2 718 489
2 238 912
2 231 500
2 746 295
2 844 275
2 632 434
2 785 803
2 669 627
2 207 627
2 900 361
2 107 903
2 718 120
2 122 990
2 359 781
2 851 401
2 92 550
2 191 126
2 577 181
2 252 531
2 540 880
2 620 364
2 599 538
2 221 906
2 969 788
2 795 661
2 785 597
2 460 643
2 848 52
2 326 359
2 49 206
2 917 256
2 232 211
2 209 757
2 789 652
2 876 562
2 586 371
2 211 366
2 383 24
2 39 724
2 685 87
2 705 665
2 855 828
2 259 298
2 715 495
2 438 941
2 395 715
2 762 233
2 739 280
2 176 16
2 61 310
2 736 352
2 374 894
2 68 494
2 734 134
2 272 843
2 519 27
2 792 433
2 431 932
2 237 706
2 406 828
2 813 161
2 549 647
2 146 840
2 463 224
2 294 341
2 496 264
2 246 114
2 605 244
2 423 88
2 895 437
2 220 780
2 961 89
2 973 30
2 287 38
2 340 556
2 306 437
2 384 558
2 746 597
2 798 60
2 537 432
2 47 964
2 204 948
2 116 905
2 109 867
2 271 204
2 521 36
2 677 782
2 216 497
2 332 293
2 860 453
2 674 435
2 491 1
2 47 847
2 660 938
2 636 532
2 603 367
2 454 545
2 993 997
2 602 791
2 978 622
2 879 548
2 579 979
2 563 257
2 690 256
2 975 347
2 964 753
2 342 703
2 444 220
2 954 862
2 783 693
2 664 800
2 352 372
2 860 199
2 440 668
2 973 750
2 139 769
2 423 231
2 431 640
2 442 290
2 314 270
2 149 209
2 484 485
2 350 902
2 267 972
2 985 99
2 680 35
2 643 562
2 677 73
2 22 17
2 948 387
2 216 889
2 102 865
2 148 937
2 809 585
2 717 719
2 804 204
2 974 839
2 332 170
2 18 151
2 13 883
2 523 614
2 691 879
2 643 432
2 702 456
2 709 645
2 212 112
2 423 961
2 976 215
2 723 740
2 620 515
2 936 612
2 855 873
2 744 95
2 24 875
2 407 859
2 616 911
2 826 623
2 759 824
2 445 379
2 714 399
2 953 73
2 709 697
2 714 443
2 57 723
2 586 275
2 754 418
2 863 643
2 871 165
2 892 453
2 547 637
2 818 572
2 244 192
2 251 237
2 907 300
2 764 897
2 271 662
2 751 65
2 866 974
2 665 538
2 383 764
2 704 99
2 675 988
2 124 447
2 174 548
2 117 307
2 842 258
2 463 688
2 910 946
2 939 295
2 446 347
2 783 976
2 125 862
2 784 996
2 883 162
2 231 451
2 210 717
2 560 138
2 832 1000
2 928 797
2 501 638
2 222 96
2 590 17
2 801 318
2 888 307
2 83 136
2 948 186
2 254 99
2 93 912
2 813 775
2 876 536
2 932 25
2 980 467
2 813 893
2 68 587
2 279 716
2 692 9
2 183 793
2 3 848
2 840 782
2 991 249
2 22 744
2 278 385
2 804 633
2 354 507
2 297 223
2 324 959
2 355 858
2 116 506
2 428 952
2 940 674
2 40 515
2 619 129
2 225 874
2 568 723
2 378 232
2 955 432
2 857 655
2 151 519
2 998 905
2 221 853
2 249 507
2 242 749
2 974 363
2 645 51
2 474 874
2 72 376
2 114 73
2 688 296
2 722 271
2 26 136
2 755 974
2 355 450
2 993 63
2 955 527
2 479 948
2 215 354
2 75 684
2 525 740
2 247 90
2 573 85
2 14 999
2 252 77
2 153 53
2 428 990
2 728 436
2 316 248
2 612 340
2 444 12
2 369 787
2 571 202
2 625 76
2 204 862
2 663 156
2 743 433
2 948 697
2 567 421
2 886 278
2 357 652
2 89 363
2 88 227
2 266 899
2 113 218
2 659 30
2 155 786
2 549 981
2 867 258
2 259 677
2 739 290
2 935 524
2 61 301
2 411 673
2 676 99
2 525 297
2 522 422
2 135 403
2 791 600
2 153 573
2 94 376
2 912 136
2 642 502
2 779 147
2 772 887
2 281 89
2 659 929
2 33 175
2 567 701
2 716 778
2 174 4
2 25 379
2 966 847
2 727 717
2 261 234
2 883 638
2 315 787
2 584 354
2 887 11
2 869 840
2 788 803
2 295 212
2 900 897
2 66 102
2 837 271
2 791 771
2 271 520
2 19 512
2 751 596
2 119 1000
2 805 932
2 980 443
2 989 352
2 115 304
2 504 258
2 680 48
2 114 482
2 146 789
2 926 703
2 173 36
2 441 27
2 455 214
2 472 259
2 433 149
2 275 280
2 76 726
2 501 152
2 163 269
2 998 338
2 496 264
2 99 360
2 820 482
2 699 983
2 851 293
2 308 666
2 430 218
2 862 52
2 3 853
2 153 687
2 642 907
2 769 277
2 472 212
2 837 391
2 542 12
2 457 56
2 956 264
2 337 193
2 241 175
2 340 114
2 947 622
2 784 878
2 40 362
2 266 482
2 397 899
2 945 522
2 668 299
2 915 565
2 204 95
2 706 894
2 28 344
2 741 653
2 802 147
2 47 740
2 572 368
2 540 622
2 676 885
2 795 9
2 513 350
2 551 503
2 806 186
2 554 867
2 419 270
2 254 8
2 200 64
2 924 713
2 481 673
2 404 658
2 754 806
2 69 875
2 311 5
2 43 534
2 331 933
2 480 693
2 592 261
2 346 11
2 480 855
2 367 514
2 169 382
2 991 658
2 944 503
2 531 116
2 244 555
2 96 491
2 718 50
2 101 804
2 210 270
2 652 712
2 388 756
2 33 935
2 778 347
2 392 106
2 651 46
2 204 816
2 424 515
2 157 1000
2 537 17
2 441 103
2 77 388
2 101 232
2 248 468
2 536 583
2 897 698
2 565 534
2 355 744
2 977 402
2 833 757
2 20 445
2 625 78
2 423 399
2 809 800
2 963 90
2 944 262
2 989 529
2 737 419
2 932 988
2 200 310
2 959 245
2 764 904
2 224 482
2 434 618
2 727 961
2 829 875
2 646 456
2 764 789
2 704 723
2 444 767
2 67 403
2 46 54
2 931 307
2 944 559
2 802 176
2 840 873
2 319 721
2 274 709
2 912 418
2 107 862
2 64 804
2 114 468
2 596 497
2 60 933
2 39 130
2 628 556
2 628 965
2 392 36
2 214 670
2 276 785
2 257 248
2 543 417
2 111 921
2 327 52
2 460 593
2 221 723
2 563 627
2 223 737
2 50 170
2 39 965
2 542 830
2 606 494
2 555 902
2 178 499
2 274 781
2 980 443
2 435 509
2 928 727
2 238 257
2 735 928
2 413 362
2 246 127
2 216 99
2 200 62
2 636 157
2 898 404
2 810 664
2 840 745
2 204 534
2 725 468
2 795 279
2 573 674
2 268 456
2 452 282
2 3 229
2 240 505
2 973 716
2 13 755
2 813 200
2 66 574
2 584 43
2 312 687
2 226 423
2 297 188
2 610 506
2 784 120
2 454 399
2 117 109
2 574 419
2 523 252
2 875 253
2 948 621
2 396 329
2 557 816
2 312 776
2 168 312
2 648 277
2 315 913
2 718 661
2 386 272
2 793 794
2 983 151
2 986 839
2 740 852
2 621 137
2 174 141
2 864 51
2 549 637
2 826 272
2 263 975
2 419 960
2 81 224
2 973 533
2 225 848
2 826 367
2 800 599
2 767 497
2 461 846
2 560 832
2 602 23
2 318 280
2 751 464
2 140 333
2 793 399
2 102 683
2 61 385
2 491 410
2 205 426
2 109 693
2 750 438
2 727 278
2 185 643
2 271 44
2 571 990
2 218 17
2 927 566
2 912 118
2 150 361
2 952 951
2 272 500
2 785 828
2 991 434
2 164 637
2 768 623
2 730 889
2 66 752
2 391 484
2 398 800
2 424 761
2 86 598
2 812 522
2 81 84
2 131 240
2 667 357
2 319 906
2 96 156
2 827 734
2 714 136
2 543 211
2 762 50
2 116 697
2 109 401
2 81 407
2 321 831
2 9 79
2 3 329
2 407 674
2 384 29
2 866 281
2 175 329
2 420 835
2 519 748
2 888 707
2 392 786
2 765 215
2 991 946
2 283 285
2 688 220
2 642 844
2 768 672
2 997 85
2 267 336
2 936 126
2 86 403
2 979 599
2 283 770
2 201 162
2 449 599
2 244 962
2 16 702
2 717 303
2 963 125
2 459 638
2 667 479
2 809 878
2 938 464
2 19 676
2 304 295
2 408 109
2 741 438
2 731 95
2 126 321
2 29 336
2 262 402
2 827 811
2 26 557
2 823 816
2 151 613
2 49 447
2 485 71
2 624 908
2 125 373
2 624 303
2 177 805
2 412 964
2 215 180
2 765 320
2 622 624
2 764 267
2 551 932
2 388 645
2 554 283
2 239 673
2 480 40
2 549 475
2 375 310
2 804 932
2 76 375
2 563 250
2 26 595
2 891 938
2 579 223
2 909 846
2 521 32
2 813 522
2 928 926
2 955 76
2 84 653
2 485 959
2 100 715
2 665 759
2 924 865
2 439 803
2 607 285
2 110 614
2 341 539
2 571 182
2 707 708
2 75 936
2 295 487
2 632 462
2 126 229
2 663 678
2 13 109
2 10 514
2 927 596
2 210 833
2 158 520
2 767 623
2 39 333
2 809 941
2 109 544
2 413 683
2 655 483
2 567 420
2 321 356
2 122 734
2 159 781
2 834 156
2 831 774
2 242 272
2 59 466
2 260 601
2 731 80
2 510 845
2 49 925
2 940 724
2 4 107
2 184 666
2 263 862
2 335 877
2 168 964
2 40 851
2 849 833
2 567 510
2 33 821
2 92 382
2 919 518
2 906 567
2 981 268
2 801 68
2 579 44
2 761 467
2 220 988
2 366 843
2 283 620
2 805 505
2 16 345
2 936 768
2 614 669
2 925 35
2 110 253
2 814 29
2 901 818
2 402 654
2 501 829
2 786 281
2 855 858
2 802 36
2 252 510
2 100 401
2 735 776
2 716 173
2 806 709
2 924 286
2 655 883
2 718 125
2 838 934
2 43 394
2 452 205
2 823 619
2 802 511
2 571 158
2 838 451
2 735 998
2 20 409
2 823 641
2 133 167
2 102 962
2 343 102
2 857 807
2 987 254
2 323 885
2 25 967
2 436 161
2 913 674
2 162 621
2 6 376
2 249 537
2 586 896
2 70 372
2 287 385
2 306 803
2 352 957
2 801 418
2 572 517
2 902 259
2 224 881
2 316 43
2 171 420
2 128 186
2 980 228
2 679 168
2 512 102
2 886 782
2 255 479
2 891 183
2 98 206
2 927 708
2 955 239
2 959 839
2 383 970
2 142 615
2 866 17
2 444 60
2 875 75
2 832 220
2 568 612
2 388 376
2 271 833
2 875 839
2 90 468
2 157 283
2 912 700
2 61 742
2 152 650
2 359 686
2 353 887
2 195 8
2 573 847
2 243 819
2 373 397
2 127 441
2 544 327
2 786 583
2 352 299
2 394 76
2 823 928
2 138 290
2 146 427
2 239 618
2 450 167
2 98 848
2 391 216
2 866 408
2 890 27
2 407 682
2 557 892
2 113 703
2 129 987
2 907 890
2 807 504
2 509 54
2 933 638
2 965 712
2 725 782
2 615 618
2 545 188
2 163 139
2 517 50
2 594 674
2 800 524
2 889 299
2 449 82
2 130 574
2 998 100
2 95 182
2 3 182
2 282 831
2 390 368
2 786 14
2 138 30
2 636 866
2 360 821
2 467 354
2 645 892
2 151 187
2 607 540
2 472 538
2 271 545
2 78 820
2 80 697
2 454 919
2 686 789
2 628 367
2 976 376
2 651 608
2 167 442
2 131 287
2 262 713
2 316 556
2 301 693
2 370 878
2 194 920
2 800 866
2 143 780
2 722 385
2 163 487
2 346 615
2 856 889
2 145 996
2 860 50
2 930 781
2 387 825
2 889 393
2 477 515
2 766 326
2 100 532
2 117 365
2 791 587
2 71 687
2 33 803
2 976 625
2 777 41
2 371 188
2 998 768
2 400 957
2 174 517
2 718 184
2 485 972
2 199 753
2 693 743
2 512 900
2 151 35
2 71 51
2 367 347
2 19 215
2 709 848
2 737 971
2 98 619
2 544 149
2 857 667
2 930 715
2 237 232
2 574 29
2 993 438
2 187 385
2 22 797
2 244 278
2 918 20
2 551 889
2 665 122
2 935 772
2 127 607
2 57 228
2 818 410
2 657 738
2 136 946
2 463 26
2 649 548
2 203 413
2 734 187
2 318 301
2 610 743
2 837 71
2 5 989
2 854 780
2 203 634
2 787 841
2 382 654
2 236 850
2 953 416
2 945 255
2 785 906
2 919 429
2 323 986
2 650 942
2 247 970
2 749 947
2 202 270
2 611 794
2 567 756
2 544 988
2 811 379
2 452 930
2 754 127
2 770 123
2 623 973
2 208 51
2 663 608
2 756 560
2 349 560
2 97 447
2 631 956
2 94 228
2 458 990
2 143 51
2 480 305
2 282 818
2 685 488
2 492 142
2 537 52
2 141 935
2 383 151
2 963 580
2 254 812
2 854 186
2 767 428
2 382 20
2 296 43
2 335 576
2 628 511
2 308 291
2 873 74
2 178 585
2 579 825
2 592 996
2 989 525
2 916 354
2 175 285
2 812 669
2 578 375
2 632 580
2 251 653
2 961 889
2 76 645
2 71 429
2 761 152
2 668 401
2 184 437
2 566 862
2 489 410
2 343 654
2 62 741
2 83 874
2 517 819
2 786 312
2 86 209
2 966 410
2 635 867
2 319 532
2 143 576
2 686 41
2 144 105
2 650 576
2 774 54
2 409 596
2 966 341
2 154 447
2 136 14
2 459 50
2 581 878
2 471 908
2 892 897
2 331 985
2 1 726
2 330 312
2 467 507
2 604 888
2 339 363
2 432 625
2 67 754
2 332 214
2 639 949
2 664 667
2 388 472
2 195 350
2 620 451
2 893 337
2 566 775
2 148 225
2 313 357
2 164 682
2 386 413
2 175 487
2 332 763
2 101 264
2 798 757
2 679 874
2 151 481
2 915 449
2 178 261
2 399 800
2 335 522
2 235 679
2 573 702
2 254 288
2 169 708
2 136 725
2 987 667
2 131 473
2 996 641
2 483 314
2 822 557
2 237 780
2 183 129
2 523 243
2 735 941
2 160 599
2 818 492
2 992 656
2 906 576
2 21 643
2 897 780
2 70 757
2 38 781
2 659 654
2 242 187
2 469 597
2 299 385
2 18 997
2 369 105
2 282 960
2 764 671
2 724 995
2 994 738
2 355 788
2 731 115
2 450 513
2 987 286
2 204 673
2 260 575
2 577 334
2 657 883
2 308 65
2 302 354
2 922 734
2 472 117
2 849 999
2 502 550
2 335 337
2 193 702
2 863 103
2 244 278
2 462 841
2 834 77
2 412 872
2 420 427
2 776 805
2 541 259
2 747 698
2 540 618
2 450 946
2 133 531
2 81 836
2 236 74
2 39 164
2 557 886
2 890 538
2 639 492
2 289 615
2 724 816
2 138 480
2 66 225
2 856 258
2 381 694
2 308 833
2 823 625
2 527 34
2 862 711
2 269 915
2 801 546
2 283 365
2 469 368
2 452 28
2 728 675
2 484 420
2 67 98
2 232 293
2 67 774
2 195 396
2 462 458
2 472 134
2 572 82
2 576 264
2 99 9
2 801 89
2 244 382
2 925 44
2 171 154
2 655 593
2 629 615
2 644 430
2 692 438
2 860 673
2 693 469
2 445 623
2 149 845
2 410 71
2 120 396
2 804 219
2 203 412
2 301 649
2 402 283
2 139 852
2 759 874
2 524 627
2 239 724
2 817 867
2 355 997
2 620 502
2 67 322
2 718 657
2 295 447
2 331 325
2 830 483
2 316 493
2 446 20
2 470 34
2 372 988
2 914 526
2 15 329
2 96 849
2 517 17
2 461 50
2 511 368
2 870 1
2 532 240
2 194 922
2 390 916
2 546 303
2 21 172
2 869 26
2 931 600
2 413 781
2 75 519
2 391 780
2 413 831
2 510 107
2 242 310
2 112 327
2 643 276
2 802 181
2 287 715
2 150 8
2 929 209
2 758 375
2 770 797
2 835 247
2 194 165
2 675 961
2 138 697
2 558 213
2 355 23
2 602 26
2 130 776
2 416 597
2 928 854
2 104 586
2 498 310
2 792 263
2 707 448
2 634 457
2 883 172
2 528 137
2 900 850
2 205 120
2 581 923
2 487 712
2 695 652
2 226 382
2 174 819
2 415 797
2 498 887
2 621 618
2 516 515
2 760 483
2 398 15
2 828 693
2 378 187
2 472 664
2 510 12
2 414 805
2 73 606
2 726 373
2 246 834
2 586 280
2 433 324
2 610 304
2 939 875
2 959 120
2 266 781
2 440 420
2 310 274
2 561 831
2 545 320
2 30 232
2 956 494
2 157 228
2 716 475
2 892 841
2 96 708
2 413 258
2 998 713
2 829 640
2 432 599
2 762 689
2 412 682
2 696 533
2 243 533
2 5 929
2 235 662
2 888 530
2 341 961
2 896 585
2 314 520
2 937 17
2 632 597
2 308 792
2 746 893
2 430 133
2 318 165
2 310 1000
2 113 608
2 571 547
2 554 835
2 552 67
2 288 190
2 736 911
2 919 358
2 730 516
2 747 585
2 355 544
2 351 394
2 113 329
2 9 948
2 138 626
2 529 939
2 309 999
2 617 215
2 909 911
2 778 656
2 205 324
2 226 174
2 806 249
2 880 481
2 730 9
2 904 167
2 962 625
2 942 214
2 996 938
2 625 899
2 551 410
2 165 337
2 865 50
2 893 689
2 570 591
2 149 626
2 696 270
2 997 520
2 631 760
2 177 533
2 4 857
2 76 908
2 527 283
2 792 187
2 159 147
2 302 781
2 459 978
2 33 611
2 319 556
2 171 857
2 318 657
2 34 842
2 430 273
2 12 414
2 576 694
2 937 470
2 79 311
2 653 319
2 623 747
2 731 84
2 879 190
2 92 613
2 26 984
2 288 614
2 286 70
2 70 511
2 569 17
2 516 459
2 777 98
2 827 926
2 321 338
2 112 951
2 249 619
2 269 973
2 488 878
2 497 520
2 872 873
2 785 561
2 795 775
2 207 974
2 478 274
2 602 654
2 603 491
2 762 344
2 159 456
2 199 716
2 319 444
2 815 420
2 318 51
2 604 884
2 395 669
2 571 652
2 327 342
2 311 453
2 560 275
2 457 13
2 706 95
2 205 825
2 369 710
2 37 106
2 953 328
2 425 192
2 182 672
2 243 58
2 544 186
2 391 165
2 822 218
2 205 5
2 513 240
2 846 556
2 948 669
2 221 835
2 530 439
2 318 269
2 101 694
2 164 318
2 606 106
2 131 995
2 32 365
2 145 616
2 862 717
2 904 886
2 891 192
2 965 736
2 528 868
2 718 158
2 607 103
2 626 645
2 952 923
2 716 429
2 561 957
2 106 120
2 470 181
2 488 962
2 201 48
2 307 710
2 964 506
2 817 622
2 823 130
2 939 81
2 490 696
2 665 200
2 432 517
2 887 630
2 675 606
2 993 660
2 156 722
2 109 92
2 57 581
2 949 999
2 38 538
2 397 30
2 212 723
2 84 526
2 476 805
2 8 599
2 688 112
2 544 757
2 548 27
2 38 918
2 828 732
2 919 630
2 828 1
2 805 250
2 954 187
2 634 858
2 971 368
2 395 110
2 734 818
2 894 232
2 573 298
2 402 833
2 634 234
2 829 288
2 15 457
2 653 208
2 348 559
2 333 125
2 699 950
2 738 303
2 677 805
2 197 653
2 919 271
2 279 160
2 644 620
2 591 831
2 584 130
2 636 414
2 956 389
2 608 973
2 33 185
2 710 988
2 337 697
2 544 517
2 331 843
2 710 781
2 327 433
2 739 771
2 980 455
2 709 708
2 489 781
2 591 374
2 452 373
2 897 812
2 195 755
2 61 729
2 307 206
2 770 834
2 541 505
2 942 750
2 346 512
2 861 296
2 609 975
2 302 296
2 811 51
2 791 676
2 942 513
2 605 413
2 540 945
2 191 443
2 112 939
2 371 5
2 168 339
2 529 830
2 88 40
2 65 56
2 849 912
2 268 54
2 861 288
2 947 70
2 522 885
2 955 991
2 484 396
2 744 604
2 685 150
2 471 814
2 581 379
2 107 747
2 798 125
2 390 201
2 749 963
2 674 215
2 176 12
2 762 983
2 522 296
2 707 253
2 442 737
2 15 449
2 665 310
2 116 389
2 441 410
2 343 779
2 549 706
2 478 37
2 279 448
2 771 230
2 49 628
2 632 265
2 375 831
2 750 14
2 837 979
2 925 3
2 907 756
2 764 572
2 16 710
2 142 198
2 145 368
2 519 135
2 386 24
2 535 5
2 575 213
2 26 715
2 318 553
2 577 572
2 699 60
2 392 99
2 737 51
2 620 23
2 463 932
2 837 207
2 967 873
2 115 506
2 762 67
2 926 703
2 488 892
2 423 815
2 132 256
2 93 62
2 67 627
2 989 399
2 522 267
2 857 593
2 907 472
2 840 424
2 544 13
2 868 253
2 690 465
2 874 648
2 412 20
2 105 369
2 710 681
2 154 948
2 815 218
2 888 487
2 518 227
2 632 461
2 103 606
2 224 796
2 163 574
2 212 877
2 326 820
2 850 393
2 565 175
2 552 488
2 874 825
2 130 967
2 9 79
2 429 51
2 943 654
2 632 589
2 102 347
2 298 533
2 13 719
2 241 202
2 155 431
2 281 698
2 221 680
2 169 270
2 956 781
2 484 598
2 266 300
2 669 757
2 412 557
2 296 102
2 327 850
2 865 977
2 686 29
2 518 267
2 152 305
2 583 719
2 597 212
2 424 199
2 889 860
2 14 377
2 543 36
2 94 41
2 861 872
2 621 247
2 486 132
2 331 974
2 24 206
2 88 475
2 205 676
2 756 583
2 878 774
2 880 816
2 860 158
2 13 849
2 148 614
2 237 663
2 889 459
2 944 889
2 97 763
2 99 769
2 472 125
2 928 384
2 434 973
2 196 144
2 893 715
2 609 708
2 173 871
2 791 8
2 43 684
2 967 609
2 995 780
2 353 555
2 474 175
2 216 223
2 733 376
2 660 468
2 191 681
2 937 298
2 107 656
2 735 179
2 122 538
2 243 34
2 775 972
2 824 369
2 508 746
2 591 892
2 888 520
2 57 519
2 838 581
2 153 956
2 791 31
2 46 311
2 900 898
2 247 442
2 739 351
2 212 403
2 642 164
2 441 719
2 398 366
2 813 328
2 387 738
2 9 603
2 561 283
2 45 609
2 430 670
2 901 481
2 802 361
2 249 678
2 47 239
2 96 74
2 187 717
2 327 747
2 274 50
2 91 311
2 582 957
2 261 104
2 409 413
2 187 83
2 251 631
2 594 439
2 731 477
2 410 385
2 235 533
2 510 639
2 892 781
2 833 428
2 446 797
2 43 23
2 469 118
2 160 167
2 438 831
2 242 736
2 28 5
2 489 217
2 128 150
2 226 860
2 902 758
2 472 488
2 242 192
2 557 505
2 10 900
2 330 546
2 173 925
2 997 206
2 39 444
2 749 455
2 18 712
2 795 292
2 438 689
2 526 564
2 456 188
2 117 210
2 201 713
2 980 111
2 775 607
2 530 661
2 79 927
2 319 807
2 880 427
2 323 252
2 952 401
2 665 831
2 921 625
2 601 366
2 835 596
2 645 206
2 70 114
2 440 730
2 949 913
2 396 206
2 645 709
2 878 58
2 239 708
2 653 867
2 391 466
2 539 356
2 906 796
2 529 540
2 574 873
2 291 941
2 691 920
2 196 852
2 764 544
2 872 42
2 141 462
2 29 683
2 330 655
2 650 984
2 552 448
2 552 932
2 176 832
2 744 3
2 874 484
2 440 275
2 237 125
2 150 977
2 101 723
2 11 415
2 596 859
2 512 507
2 287 350
2 679 160
2 907 229
2 744 97
2 428 50
2 50 673
2 214 251
2 566 215
2 556 618
2 511 890
2 562 135
2 301 155
2 727 167
2 419 601
2 685 49
2 989 646
2 614 325
2 386 864
2 516 757
2 959 487
2 992 957
2 783 520
2 395 849
2 736 862
2 708 985
2 162 228
2 343 848
2 827 113
2 850 165
2 926 992
2 743 476
2 276 77
2 982 382
2 413 187
2 617 619
2 709 882
2 826 172
2 99 894
2 412 751
2 463 178
2 857 51
2 61 710
2 47 39
2 435 160
2 409 423
2 879 920
2 747 686
2 43 761
2 515 468
2 493 63
2 718 459
2 242 287
2 714 53
2 57 301
2 196 895
2 691 41
2 218 600
2 411 883
2 930 162
2 744 427
2 81 744
2 70 356
2 19 322
2 555 705
2 19 942
2 263 286
2 264 454
2 340 842
2 483 495
2 513 204
2 300 742
2 317 995
2 240 647
2 797 206
2 304 369
2 663 286
2 733 473
2 561 92
2 463 110
2 151 781
2 197 162
2 529 701
2 840 790
2 870 425
2 740 148
2 463 29
2 472 308
2 900 954
2 405 916
2 604 922
2 366 853
2 584 179
2 828 13
2 461 872
2 98 471
2 418 613
2 40 551
2 223 747
2 84 626
2 377 443
2 287 951
2 302 772
2 569 500
2 861 959
2 100 82
2 855 653
2 528 350
2 711 422
2 527 466
2 434 274
2 301 805
2 350 684
2 924 858
2 4 206
2 177 912
2 864 879
2 807 167
2 365 340
2 382 431
2 868 510
2 922 587
2 315 410
2 863 712
2 679 882
2 392 198
2 474 925
2 954 647
2 1000 988
2 729 29
2 876 484
2 91 466
2 924 725
2 19 763
2 77 314
2 795 868
2 678 230
2 109 456
2 924 973
2 658 790
2 439 179
2 386 444
2 560 447
2 242 750
2 425 993
2 884 826
2 198 693
2 122 601
2 675 437
2 470 895
2 377 379
2 549 108
2 740 517
2 383 29
2 822 714
2 470 885
2 32 322
2 691 384
2 676 246
2 734 284
2 884 264
2 559 838
2 351 45
2 435 999
2 74 796
2 682 32
2 635 181
2 867 491
2 43 88
2 10 64
2 3 72
2 277 179
2 485 65
2 865 14
2 531 14
2 992 51
2 171 661
2 178 50
2 808 540
2 837 310
2 676 103
2 438 693
2 321 742
2 931 199
2 243 287
2 786 896
2 15 366
2 71 825
2 883 90
2 43 14
2 740 146
2 876 507
2 535 662
2 787 332
2 235 73
2 61 976
2 707 149
2 244 250
2 412 73
2 263 941
2 144 210
2 43 556
2 617 51
2 331 261
2 778 825
2 765 994
2 666 27
2 113 32
2 650 603
2 918 264
2 654 947
2 238 560
2 989 129
2 128 991
2 869 403
2 13 218
2 320 363
2 605 343
2 231 251
2 419 850
2 671 152
2 412 981
2 98 874
2 917 283
2 355 470
2 763 825
2 334 863
2 711 520
2 146 223
2 956 248
2 944 147
2 178 696
2 767 599
2 302 782
2 324 838
2 770 167
2 645 553
2 518 422
2 727 508
2 375 365
2 685 370
2 384 767
2 986 593
2 36 964
2 394 500
2 159 306
2 169 916
2 242 772
2 386 988
2 57 505
2 522 68
2 811 648
2 643 312
2 602 918
2 979 9
2 479 850
2 177 626
2 612 719
2 961 164
2 511 459
2 943 915
2 609 448
2 954 539
2 893 88
2 549 607
2 882 842
2 681 854
2 57 160
2 785 489
2 460 986
2 113 847
2 723 988
2 946 429
2 702 410
2 271 437
2 643 562
2 57 849
2 174 336
2 183 765
2 812 672
2 133 728
2 660 219
2 821 306
2 930 396
2 242 298
2 661 120
2 263 648
2 758 707
2 9 500
2 607 60
2 731 707
2 627 135
2 629 905
2 625 707
2 745 275
2 915 679
2 256 819
2 720 519
2 71 841
2 240 609
2 391 504
2 205 946
2 302 93
2 204 707
2 33 259
2 845 108
2 919 695
2 754 486
2 177 344
2 480 881
2 652 290
2 609 121
2 733 280
2 909 893
2 47 780
2 815 796
2 589 31
2 276 473
2 668 744
2 427 887
2 582 684
2 824 385
2 759 578
2 523 127
2 870 303
2 906 642
2 666 306
2 485 278
2 207 524
2 183 565
2 987 490
2 433 524
2 186 698
2 785 584
2 436 97
2 602 58
2 615 856
2 642 816
2 567 645
2 805 558
2 857 328
2 77 823
2 160 379
2 193 361
2 906 300
2 676 154
2 233 530
2 888 243
2 311 17
2 853 254
2 786 281
2 431 988
2 432 903
2 540 350
2 835 325
2 790 597
2 126 950
2 145 397
2 89 972
2 669 206
2 398 69
2 981 951
2 6 434
2 925 340
2 34 73
2 184 373
2 44 245
2 222 350
2 59 82
2 770 732
2 247 609
2 860 599
2 990 422
2 87 957
2 773 914
2 192 667
2 298 823
2 636 456
2 112 600
2 664 702
2 97 308
2 927 516
2 925 906
2 302 996
2 392 840
2 365 229
2 424 838
2 38 208
2 417 670
2 982 570
2 610 662
2 113 471
2 994 485
2 685 410
2 237 361
2 212 530
2 644 117
2 61 216
2 157 461
2 498 552
2 744 671
2 829 996
2 966 588
2 11 277
2 994 850
2 565 87
2 372 401
2 565 662
2 410 389
2 636 965
2 536 921
2 701 833
2 219 363
2 776 1000
2 689 971
2 958 777
2 408 648
2 295 687
2 760 670
2 33 871
2 104 210
2 801 58
2 737 464
2 900 845
2 739 850
2 574 658
2 172 124
2 623 389
2 70 592
2 89 900
2 40 902
2 425 748
2 628 546
2 889 185
2 69 932
2 680 14
2 650 335
2 964 179
2 84 978
2 80 487
2 46 607
2 663 146
2 876 127
2 770 426
2 869 76
2 45 929
2 984 339
2 644 823
2 307 929
2 691 325
2 409 654
2 755 717
2 30 507
2 347 556
2 918 835
2 188 763
2 723 146
2 89 624
2 312 141
2 163 420
2 875 246
2 633 760
2 176 288
2 178 558
2 723 843
2 718 295
2 417 141
2 246 284
2 528 506
2 817 50
2 33 475
2 169 839
2 201 9
2 317 474
2 375 939
2 20 885
2 804 305
2 954 209
2 405 435
2 157 624
2 353 275
2 959 353
2 851 186
2 542 44
2 123 698
2 28 659
2 296 836
2 278 268
2 301 857
2 871 376
2 866 285
2 388 493
2 570 411
2 994 597
2 736 371
2 73 396
2 729 73
2 35 680
2 167 885
2 47 266
2 301 34
2 166 1000
2 102 592
2 812 995
2 592 732
2 854 329
2 833 763
2 993 490
2 498 413
2 25 321
2 679 614
2 91 738
2 973 492
2 721 195
2 698 662
2 299 774
2 760 473
2 337 949
2 549 344
2 749 375
2 936 114
2 194 468
2 701 715
2 139 780
2 91 908
2 46 442
2 829 245
2 884 858
2 92 715
2 99 372
2 488 362
2 744 790
2 111 993
2 502 799
2 86 623
2 315 301
2 956 437
2 835 841
2 893 575
2 948 314
2 881 713
2 221 220
2 975 298
2 956 291
2 459 232
2 392 291
2 262 76
2 210 397
2 401 849
2 939 367
2 440 682
2 608 438
2 998 274
2 144 706
2 769 285
2 987 399
2 570 326
2 587 680
2 394 428
2 653 72
2 727 896
2 389 599
2 178 475
2 765 106
2 309 995
2 282 958
2 844 512
2 218 102
2 677 935
2 713 275
2 617 186
2 132 784
2 848 31
2 237 524
2 424 35
2 713 950
2 628 947
2 326 285
2 243 446
2 850 819
2 706 710
2 121 112
2 55 402
2 483 329
2 699 623
2 147 31
2 152 972
2 519 418
2 191 249
2 600 862
2 605 46
2 348 591
2 633 261
2 4 67
2 692 88
2 122 400
2 489 382
2 939 965
2 829 362
2 978 696
2 374 339
2 959 638
2 916 373
2 992 164
2 501 507
2 844 648
2 874 285
2 762 460
2 810 877
2 295 867
2 172 848
2 365 918
2 963 326
2 654 158
2 150 77
2 371 339
2 168 17
2 630 576
2 25 90
2 467 310
2 694 742
2 610 412
2 568 990
2 700 553
2 967 87
2 514 328
2 842 389
2 677 819
2 235 908
2 620 74
2 338 43
2 696 672
2 48 45
2 798 385
2 930 489
2 144 105
2 529 616
2 903 916
2 233 187
2 335 585
2 312 656
2 547 760
2 562 479
2 623 847
2 579 139
2 611 278
2 905 198
2 120 867
2 952 741
2 852 741
2 346 873
2 95 507
2 633 251
2 323 186
2 240 459
2 815 149
2 29 493
2 292 965
2 96 286
2 274 133
2 759 859
2 594 88
2 701 464
2 707 9
2 677 548
2 21 743
2 889 850
2 228 981
2 111 84
2 297 963
2 973 96
2 67 881
2 955 621
2 187 892
2 894 694
2 760 999
2 242 249
2 504 223
2 80 350
2 453 356
2 39 549
2 214 704
2 169 662
2 151 574
2 301 435
2 73 515
2 22 476
2 70 939
2 442 658
2 542 466
2 204 200
2 770 107
2 875 190
2 897 831
2 678 776
2 342 145
2 907 830
2 200 712
2 724 431
2 489 659
2 248 89
2 720 954
2 61 218
2 375 124
2 263 337
2 80 740
2 626 244
2 560 865
2 489 145
2 40 438
2 914 624
2 553 198
2 6 383
2 607 990
2 177 247
2 470 812
2 690 787
2 242 105
2 884 309
2 135 593
2 106 520
2 148 125
2 20 574
2 432 846
2 39 529
2 989 310
2 544 664
2 320 623
2 93 682
2 115 360
2 513 304
2 852 988
2 199 830
2 217 857
2 818 629
2 372 245
2 391 594
2 341 336
2 137 796
2 711 352
2 880 859
2 743 169
2 317 880
2 99 439
2 855 71
2 704 490
2 181 818
2 747 103
2 753 624
2 54 364
2 578 426
2 344 627
2 182 614
2 740 294
2 746 929
2 502 638
2 18 296
2 668 825
2 287 788
2 850 372
2 893 110
2 875 421
2 838 218
2 130 72
2 264 213
2 472 276
2 160 854
2 447 475
2 339 49
2 138 798
2 229 479
2 844 846
2 60 707
2 345 941
2 807 797
2 80 988
2 221 580
2 603 52
2 560 866
2 452 659
2 216 952
2 461 172
2 298 845
2 829 142
2 576 211
2 550 622
2 905 509
2 490 965
2 243 481
2 761 103
2 73 120
2 117 929
2 720 308
2 544 419
2 406 684
2 35 672
2 242 815
2 398 353
2 943 724
2 365 810
2 700 958
2 974 493
2 471 17
2 769 920
2 223 608
2 608 482
2 171 306
2 964 389
2 242 402
2 498 900
2 28 124
2 535 152
2 861 85
2 566 782
2 570 132
2 375 253
2 547 505
2 486 550
2 279 750
2 283 112
2 42 145
2 243 477
2 123 899
2 26 218
2 865 2
2 813 539
2 441 921
2 960 648
2 417 200
2 140 803
2 554 431
2 388 585
2 26 366
2 564 721
2 643 11
2 731 937
2 930 12
2 726 295
2 215 361
2 408 618
2 230 216
2 183 168
2 646 892
2 837 281
2 956 913
2 772 861
2 70 684
2 504 559
2 240 833
2 321 74
2 817 156
2 316 212
2 651 187
2 465 359
2 459 96
2 857 903
2 651 652
2 671 634
2 728 143
2 754 45
2 193 328
2 94 186
2 516 965
2 905 981
2 967 475
2 133 393
2 989 611
2 163 617
2 384 362
2 77 619
2 281 351
2 636 51
2 754 927
2 434 797
2 942 408
2 487 846
2 915 357
2 38 710
2 539 573
2 501 892
2 447 707
2 766 393
2 104 700
2 433 536
2 901 234
2 257 232
2 576 819
2 924 66
2 410 912
2 954 75
2 917 3
2 110 811
2 657 342
2 838 434
2 209 87
2 655 214
2 440 161
2 296 624
2 874 192
2 348 364
2 355 713
2 843 58
2 80 165
2 171 340
2 271 233
2 886 306
2 881 684
2 109 587
2 505 720
2 718 777
2 983 623
2 64 647
2 966 312
2 971 781
2 399 879
2 672 232
2 861 886
2 540 609
2 388 628
2 996 671
2 989 456
2 860 84
2 694 454
2 726 589
2 332 693
2 289 836
2 533 883
2 200 118
2 645 274
2 31 307
2 282 661
2 980 30
2 412 699
2 353 539
2 99 291
2 861 791
2 15 374
2 128 123
2 600 303
2 279 142
2 738 339
2 323 145
2 419 601
2 406 484
2 446 374
2 844 514
2 581 984
2 424 298
2 97 147
2 518 825
2 64 862
2 269 641
2 232 564
2 152 626
2 995 697
2 365 71
2 367 231
2 373 186
2 434 742
2 308 300
2 936 337
2 848 468
2 539 44
2 298 256
2 530 350
2 130 277
2 717 356
2 697 44
2 911 846
2 792 334
2 685 478
2 522 921
2 352 903
2 535 846
2 83 82
2 909 818
2 870 360
2 908 115
2 617 502
2 721 119
2 301 464
2 68 872
2 557 71
2 437 11
2 476 664
2 964 780
2 223 648
2 996 613
2 710 879
2 4 939
2 238 342
2 88 769
2 569 823
2 441 851
2 955 640
2 174 225
2 905 259
2 446 768
2 739 107
2 471 923
2 126 218
2 772 469
2 408 972
2 903 698
2 161 608
2 645 813
2 772 773
2 701 779
2 292 658
2 752 367
2 644 938
2 772 983
2 376 903
2 867 628
2 70 790
2 752 125
2 892 694
2 720 599
2 221 595
2 195 333
2 653 71
2 802 182
2 635 147
2 319 444
2 376 361
2 33 641
2 496 249
2 480 578
2 947 782
2 600 881
2 932 409
2 766 49
2 967 516
2 617 738
2 282 606
2 924 752
2 18 329
2 873 638
2 6 380
2 441 487
2 321 695
2 724 291
2 918 789
2 469 259
2 668 426
2 813 989
2 89 294
2 221 932
2 937 375
2 727 477
2 430 158
2 159 600
2 898 368
2 770 366
2 334 130
2 216 782
2 916 213
2 238 140
2 201 599
2 643 340
2 287 969
2 190 751
2 651 969
2 515 247
2 440 175
2 698 50
2 315 468
2 414 938
2 869 407
2 885 652
2 692 206
2 67 114
2 433 804
2 886 768
2 47 422
2 616 694
2 235 816
2 397 374
2 467 583
2 251 771
2 172 612
2 671 217
2 24 89
2 46 262
2 651 446
2 369 204
2 381 473
2 688 247
2 744 401
2 335 963
2 926 65
2 330 167
2 190 459
2 552 471
2 346 793
2 209 529
2 371 115
2 466 821
2 201 227
2 603 832
2 309 9
2 396 534
2 739 32
2 241 574
2 584 845
2 378 113
2 711 142
2 574 234
2 351 693
2 830 120
2 513 130
2 372 64
2 579 831
2 474 200
2 66 677
2 457 846
2 88 831
2 4 234
2 709 595
2 239 595
2 668 167
2 405 229
2 464 539
2 838 809
2 700 751
2 871 179
2 229 715
2 720 984
2 161 206
2 246 2
2 149 52
2 938 158
2 86 316
2 578 497
2 18 446
2 470 245
2 433 323
2 852 399
2 677 550
2 33 479
2 160 556
2 259 798
2 884 481
2 849 225
2 22 94
2 888 197
2 869 258
2 47 482
2 405 639
2 291 903
2 69 179
2 1 825
2 963 682
2 225 756
2 238 289
2 139 935
2 879 741
2 189 615
2 861 231
2 966 808
2 113 728
2 825 115
2 352 707
2 579 334
2 138 679
2 222 655
2 886 517
2 605 127
2 675 995
2 525 259
2 689 572
2 68 414
2 93 848
2 942 231
2 806 281
2 856 902
2 826 961
2 74 161
2 267 621
2 718 122
2 706 202
2 875 796
2 59 329
2 262 899
2 796 325
2 48 789
2 953 187
2 674 164
2 592 641
2 18 194
2 982 365
2 196 233
2 150 647
2 571 795
2 82 364
2 235 963
2 617 79
2 176 99
2 89 209
2 873 461
2 826 208
2 224 305
2 489 359
2 886 120
2 943 757
2 998 852
2 269 831
2 728 755
2 728 410
2 420 928
2 63 373
2 4 628
2 399 482
2 163 206
2 181 815
2 116 230
2 301 940
2 785 378
2 790 774
2 928 468
2 274 949
2 220 578
2 254 239
2 769 965
2 424 161
2 818 3
2 548 597
2 567 52
2 998 384
2 488 381
2 462 363
2 879 724
2 792 883
2 399 587
2 203 13
2 388 162
2 376 858
2 848 451
2 241 488
2 980 213
2 909 238
2 235 219
2 559 56
2 291 290
2 346 897
2 925 652
2 279 198
2 939 25
2 570 920
2 671 535
2 313 593
2 224 677
2 411 822
2 297 76
2 195 233
2 714 715
2 751 385
2 103 968
2 663 821
2 2 622
2 759 122
2 319 437
2 738 259
2 876 75
2 837 744
2 934 533
2 986 503
2 436 526
2 49 825
2 568 662
2 549 892
2 292 53
2 16 839
2 891 65
2 293 249
2 434 596
2 439 823
2 462 849
2 985 274
2 372 709
2 176 387
2 411 375
2 87 879
2 77 471
2 491 957
2 105 53
2 83 621
2 196 7
2 21 418
2 502 479
2 989 878
2 133 397
2 66 564
2 408 893
2 743 924
2 313 149
2 928 34
2 7 104
2 772 371
2 991 993
2 752 993
2 405 977
2 768 453
2 770 294
2 930 419
2 335 91
2 942 492
2 525 538
2 386 920
2 423 359
2 541 497
2 224 911
2 280 435
2 499 343
2 590 646
2 742 662
2 910 711
2 241 367
2 456 556
2 567 228
2 733 651
2 693 8
2 59 218
2 343 558
2 729 390
2 655 565
2 755 295
2 854 808
2 943 685
2 363 611
2 135 90
2 823 790
2 392 248
2 127 358
2 971 389
2 372 84
2 804 249
2 970 919
2 331 417
2 46 470
2 702 293
2 562 950
2 898 267
2 269 721
2 450 224
2 991 453
2 274 936
2 205 243
2 840 204
2 445 829
2 352 121
2 467 803
2 386 657
2 262 459
2 889 937
2 699 137
2 156 76
2 915 631
2 566 503
2 610 317
2 244 800
2 315 277
2 53 638
2 953 123
2 967 419
2 221 134
2 394 271
2 989 796
2 297 701
2 750 672
2 792 981
2 874 847
2 228 559
2 948 403
2 282 384
2 24 779
2 918 969
2 997 784
2 676 10
2 701 589
2 647 505
2 288 768
2 478 556
2 178 658
2 441 659
2 627 420
2 389 985
2 965 742
2 603 103
2 81 541
2 5 118
2 919 414
2 46 755
2 835 975
2 202 162
2 166 59
2 735 709
2 257 774
2 811 206
2 521 343
2 462 838
2 691 153
2 894 373
2 882 993
2 906 992
2 771 972
2 76 16
2 84 107
2 807 131
2 925 132
2 444 553
2 172 846
2 535 485
2 462 294
2 653 719
2 838 12
2 481 94
2 84 816
2 664 553
2 203 55
2 271 365
2 913 613
2 986 212
2 806 996
2 444 106
2 902 870
2 335 232
2 499 54
2 665 717
2 13 285
2 908 859
2 772 278
2 31 689
2 936 770
2 7 258
2 342 490
2 795 825
2 802 948
2 906 590
2 150 292
2 853 548
2 665 489
2 802 406
2 763 959
2 46 682
2 435 860
2 474 348
2 91 484
2 915 579
2 924 929
2 2 672
2 923 432
2 795 388
2 28 433
2 168 357
2 439 686
2 940 820
2 931 880
2 624 857
2 578 153
2 64 227
2 216 410
2 663 975
2 235 658
2 430 824
2 869 985
2 283 481
2 794 832
2 280 843
2 224 346
2 60 206
2 455 373
2 953 32
2 960 435
2 411 261
2 822 596
2 388 536
2 488 719
2 599 997
2 652 339
2 632 838
2 191 146
2 275 820
2 193 368
2 946 103
2 871 627
2 396 805
2 758 997
2 984 908
2 411 240
2 343 361
2 238 35
2 1 393
2 418 334
2 308 822
2 7 931
2 669 878
2 301 748
2 351 461
2 222 999
2 891 988
2 162 672
2 224 871
2 801 165
2 458 539
2 918 905
2 81 738
2 554 964
2 449 310
2 190 223
2 398 404
2 374 173
2 326 30
2 394 30
2 63 839
2 795 638
2 166 368
2 868 502
2 842 451
2 311 694
2 409 36
2 555 63
2 148 819
2 483 212
2 85 916
2 415 956
2 229 648
2 792 716
2 273 352
2 430 434
2 522 849
2 847 717
2 80 390
2 183 524
2 378 171
2 936 648
2 124 43
2 166 819
2 233 379
2 626 756
2 362 273
2 490 180
2 791 82
2 571 854
2 664 326
2 264 774
2 205 783
2 589 712
2 224 70
2 976 345
2 99 799
2 153 422
2 792 856
2 146 645
2 592 448
2 554 430
2 457 369
2 334 465
2 749 760
2 921 932
2 721 475
2 725 206
2 884 91
2 567 341
2 530 723
2 40 745
2 535 351
2 869 12
2 589 389
2 983 248
2 476 693
2 363 27
2 376 638
2 909 437
2 557 483
2 942 824
2 815 130
2 771 533
2 634 247
2 524 920
2 68 724
2 586 235
2 233 911
2 651 605
2 436 800
2 837 456
2 295 709
2 718 806
2 759 764
2 370 480
2 76 462
2 495 839
2 162 156
2 453 115
2 936 721
2 473 356
2 501 580
2 865 491
2 594 54
2 228 323
2 978 84
2 144 130
2 906 832
2 224 897
2 396 368
2 315 822
2 765 939
2 358 494
2 804 12
2 968 328
2 663 838
2 506 277
2 258 878
2 956 50
2 614 363
2 133 100
2 827 949
2 700 676
2 326 35
2 249 506
2 675 695
2 309 476
2 201 241
2 320 995
2 54 678
2 775 510
2 544 730
2 271 396
2 348 848
2 173 62
2 423 14
2 528 364
2 204 326
2 454 512
2 659 870
2 743 752
2 888 199
2 441 263
2 493 693
2 505 978
2 718 910
2 899 941
2 524 356
2 690 576
2 696 774
2 411 893
2 538 326
2 367 712
2 617 235
2 406 553
2 37 10
2 516 220
2 514 910
2 582 90
2 635 272
2 21 829
2 524 85
2 402 930
2 814 513
2 256 780
2 223 564
2 600 537
2 571 189
2 838 359
2 975 689
2 862 412
2 904 95
2 995 797
2 663 961
2 651 429
2 80 506
2 111 42
2 414 816
2 653 48
2 387 352
2 854 997
2 666 13
2 411 534
2 471 688
2 175 292
2 13 382
2 535 550
2 903 497
2 57 657
2 731 932
2 10 17
2 447 681
2 472 350
2 123 352
2 428 956
2 772 862
2 109 145
2 954 256
2 633 756
2 246 525
2 397 988
2 316 924
2 191 337
2 517 705
2 261 970
2 276 17
2 394 687
2 193 325
2 508 158
2 83 871
2 199 294
2 263 534
2 59 619
2 473 180
2 728 624
2 149 201
2 828 409
2 735 906
2 930 49
2 130 780
2 475 816
2 740 635
2 937 295
2 405 250
2 736 17
2 191 27
2 642 782
2 61 968
2 772 208
2 706 902
2 563 428
2 740 451
2 97 85
2 330 339
2 771 533
2 571 121
2 436 614
2 4 505
2 687 253
2 316 776
2 575 58
2 242 562
2 327 3
2 778 457
2 181 202
2 995 341
2 156 384
2 877 409
2 417 759
2 259 821
2 14 405
2 242 105
2 322 763
2 564 200
2 590 198
2 395 943
2 67 401
2 488 494
2 389 400
2 523 885
2 720 371
2 813 182
2 590 652
2 423 612
2 690 619
2 184 871
2 720 782
2 736 950
2 205 83
2 930 99
2 358 148
2 151 268
2 706 608
2 321 911
2 195 893
2 371 784
2 222 514
2 489 410
2 260 321
2 683 455
2 455 946
2 817 129
2 183 790
2 141 210
2 381 213
2 645 556
2 278 271
2 77 558
2 751 643
2 553 853
2 875 819
2 435 999
2 778 941
2 267 847
2 474 584
2 716 597
2 991 225
2 445 206
2 949 515
2 668 979
2 567 985
2 723 104
2 989 228
2 743 879
2 592 325
2 715 80
2 528 965
2 737 62
2 661 13
2 84 341
2 709 177
2 102 776
2 238 356
2 347 381
2 66 486
2 338 892
2 1 833
2 817 593
2 181 849
2 32 804
2 248 578
2 242 808
2 842 760
2 813 964
2 733 620
2 958 459
2 653 272
2 943 286
2 106 421
2 883 414
2 296 601
2 446 167
2 509 844
2 395 223
2 33 252
2 806 229
2 194 948
2 293 587
2 423 288
2 685 962
2 729 105
2 714 223
2 410 836
2 734 742
2 462 21
2 236 697
2 483 525
2 759 894
2 679 766
2 718 176
2 889 703
2 736 347
2 577 549
2 81 978
2 651 794
2 159 112
2 405 603
2 346 614
2 346 612
2 317 564
2 488 787
2 862 990
2 317 67
2 701 810
2 862 659
2 797 129
2 745 385
2 92 225
2 610 293
2 191 591
2 61 646
2 876 380
2 463 945
2 788 723
2 857 814
2 560 548
2 361 108
2 45 439
2 510 835
2 227 30
2 335 857
2 795 628
2 105 50
2 769 75
2 177 763
2 649 947
2 719 515
2 139 456
2 848 858
2 169 921
2 221 430
2 121 940
2 745 120
2 837 384
2 954 451
2 89 235
2 890 624
2 937 519
2 892 333
2 947 550
2 296 336
2 601 101
2 463 383
2 935 977
2 566 679
2 153 951
2 391 346
2 853 780
2 587 838
2 346 866
2 563 138
2 871 170
2 571 702
2 297 717
2 746 224
2 984 445
2 806 387
2 39 864
2 563 858
2 951 536
2 609 565
2 594 852
2 750 196
2 650 689
2 586 65
2 386 176
2 752 954
2 458 1000
2 630 843
2 235 65
2 327 284
2 725 572
2 57 831
2 7 250
2 955 807
2 883 576
2 73 691
2 104 77
2 185 654
2 460 519
2 138 857
2 541 858
2 472 888
2 886 138
2 25 198
2 921 211
2 420 139
2 580 336
2 590 58
2 464 787
2 522 321
2 627 831
2 560 1
2 2 662
2 987 633
2 472 389
2 868 576
2 450 250
2 839 245
2 925 37
2 657 663
2 459 485
2 284 713
2 355 964
2 379 428
2 819 946
2 580 300
2 401 914
2 545 601
2 321 732
2 76 621
2 744 381
2 263 9
2 142 516
2 100 389
2 390 232
2 980 262
2 547 187
2 442 160
2 170 186
2 370 277
2 695 432
2 69 15
2 694 912
2 691 92
2 289 145
2 209 456
2 496 638
2 362 275
2 622 497
2 242 56
2 254 618
2 447 841
2 312 803
2 280 1
2 190 342
2 483 37
2 860 337
2 695 363
2 397 143
2 428 180
2 92 333
2 587 147
2 335 439
2 812 538
2 127 656
2 104 66
2 529 782
2 674 941
2 289 627
2 725 812
2 187 780
2 302 259
2 347 145
2 176 339
2 676 139
2 237 454
2 193 473
2 211 732
2 706 858
2 191 962
2 387 800
2 241 774
2 159 557
2 884 274
2 838 971
2 412 396
2 235 375
2 79 207
2 133 201
2 524 758
2 757 505
2 801 224
2 790 908
2 818 162
2 976 683
2 5 231
2 388 187
2 798 421
2 415 652
2 545 990
2 146 374
2 289 825
2 733 128
2 481 811
2 992 402
2 241 556
2 973 587
2 99 438
2 976 358
2 802 154
2 871 94
2 839 38
2 700 487
2 732 622
2 61 831
2 970 399
2 182 745
2 84 988
2 104 436
2 888 16
2 897 403
2 671 615
2 609 516
2 500 658
2 521 88
2 164 479
2 863 120
2 236 455
2 278 158
2 238 625
2 84 631
2 240 889
2 122 789
2 38 115
2 521 579
2 148 357
2 620 800
2 359 965
2 236 286
2 110 538
2 365 511
2 783 461
2 764 669
2 974 281
2 105 34
2 809 981
2 545 112
2 840 727
2 804 24
2 444 397
2 661 29
2 783 455
2 723 515
2 660 78
2 865 779
2 172 622
2 118 878
2 961 697
2 993 76
2 893 657
2 945 47
2 631 180
2 512 54
2 729 509
2 406 42
2 625 839
2 224 779
2 392 758
2 447 999
2 81 821
2 609 379
2 342 677
2 272 203
2 594 292
2 874 615
2 469 824
2 164 878
2 386 59
2 636 31
2 679 421
2 669 641
2 654 741
2 746 417
2 955 937
2 907 583
2 508 813
2 287 85
2 954 585
2 280 430
2 531 134
2 225 932
2 890 536
2 624 328
2 237 946
2 343 712
2 40 611
2 744 258
2 84 764
2 192 710
2 564 494
2 939 213
2 147 941
2 488 421
2 648 41
2 959 435
2 191 676
2 22 503
2 796 461
2 982 292
2 46 399
2 290 717
2 934 11
2 906 844
2 353 249
2 631 131
2 571 101
2 776 8
2 702 228
2 14 433
2 690 797
2 777 528
2 257 358
2 151 517
2 785 59
2 478 542
2 501 214
2 761 973
2 174 831
2 797 26
2 383 514
2 371 507
2 776 553
2 498 447
2 713 127
2 936 307
2 172 704
2 983 218
2 477 328
2 765 816
2 116 162
2 45 36
2 709 302
2 440 2
2 331 246
2 890 841
2 966 454
2 949 323
2 612 564
2 19 949
2 470 132
2 107 833
2 477 682
2 896 182
2 168 810
2 17 858
2 40 920
2 568 896
2 872 206
2 944 574
2 61 883
2 665 471
2 346 560
2 266 609
2 59 404
2 97 259
2 739 922
2 867 63
2 771 168
2 933 611
2 217 993
2 6 641
2 370 788
2 296 377
2 317 480
2 973 562
2 743 658
2 260 409
2 563 469
2 291 103
2 144 305
2 561 439
2 786 442
2 813 174
2 157 830
2 352 375
2 115 130
2 102 453
2 262 995
2 121 58
2 793 591
2 958 626
2 554 258
2 955 457
2 392 341
2 527 380
2 917 220
2 191 330
2 217 921
2 839 957
2 911 277
2 545 649
2 346 376
2 100 783
2 101 390
2 502 29
2 264 538
2 337 780
2 397 505
2 570 914
2 678 262
2 660 618
2 931 31
2 58 336
2 560 235
2 522 214
2 395 837
2 567 485
2 191 621
2 194 4
2 900 717
2 116 640
2 605 731
2 588 35
2 806 414
2 327 878
2 661 320
2 313 513
2 214 902
2 236 622
2 300 597
2 472 164
2 823 285
2 952 614
2 879 757
2 209 442
2 541 101
2 374 559
2 663 614
2 846 905
2 379 627
2 535 341
2 723 275
2 895 445
2 672 37
2 607 474
2 186 988
2 664 626
2 573 810
2 119 312
2 240 49
2 318 268
2 674 722
2 413 192
2 470 290
2 444 342
2 893 245
2 749 825
2 298 506
2 873 97
2 1 708
2 963 814
2 570 555
2 902 230
2 617 461
2 274 506
2 357 368
2 619 681
2 592 124
2 351 50
2 975 180
2 439 612
2 499 30
2 728 664
2 682 448
2 912 72
2 869 667
2 795 606
2 415 800
2 298 506
2 986 977
2 931 995
2 718 475
2 446 824
2 704 880
2 581 939
2 506 186
2 791 993
2 624 598
2 265 766
2 102 526
2 29 833
2 220 459
2 67 70
2 810 134
2 528 756
2 464 458
2 2 738
2 923 90
2 222 599
2 315 529
2 281 796
2 943 880
2 100 325
2 126 979
2 992 976
2 952 479
2 280 494
2 786 869
2 915 259
2 861 917
2 992 552
2 927 536
2 377 851
2 529 13
2 403 294
2 846 862
2 39 722
2 737 12
2 360 672
2 118 421
2 575 381
2 84 100
2 157 908
2 523 658
2 834 852
2 37 161
2 888 227
2 685 381
2 470 553
2 84 135
2 47 602
2 446 538
2 391 302
2 352 670
2 483 742
2 816 82
2 949 881
2 589 140
2 73 868
2 191 443
2 171 530
2 155 580
2 620 62
2 430 591
2 168 662
2 450 284
2 86 811
2 795 584
2 615 98
2 195 180
2 791 513
2 6 84
2 490 418
2 262 542
2 971 325
2 915 807
2 731 696
2 559 359
2 380 694
2 200 330
2 637 220
2 677 727
2 536 868
2 716 613
2 326 717
2 759 897
2 736 689
2 829 218
2 870 464
2 439 794
2 604 354
2 255 852
2 465 719
2 191 312
2 355 306
2 864 981
2 613 789
2 226 730
2 317 364
2 11 556
2 582 788
2 838 901
2 498 787
2 3 354
2 977 542
2 330 705
2 205 745
2 912 681
2 267 693
2 258 595
2 434 755
2 865 903
2 152 106
2 567 588
2 663 477
2 194 818
2 844 597
2 735 597
2 117 769
2 349 800
2 578 880
2 80 820
2 897 782
2 922 414
2 481 763
2 727 267
2 681 545
2 446 592
2 415 999
2 343 962
2 318 821
2 190 842
2 914 539
2 888 346
2 252 367
2 191 468
2 98 44
2 58 803
2 23 781
2 665 565
2 102 624
2 71 414
2 462 705
2 713 329
2 395 514
2 483 588
2 811 667
2 681 94
2 485 696
2 998 865
2 645 777
2 64 655
2 610 7
2 472 899
2 93 210
2 982 682
2 540 186
2 774 618
2 301 444
2 463 816
2 16 974
2 349 890
2 610 287
2 499 91
2 229 772
2 297 17
2 494 377
2 395 852
2 56 968
2 708 804
2 733 308
2 7 811
2 132 384
2 785 261
2 732 978
2 888 242
2 726 494
2 169 821
2 411 848
2 759 783
2 168 291
2 340 47
2 35 506
2 969 847
2 338 453
2 762 491
2 264 426
2 786 837
2 665 693
2 118 65
2 231 106
2 183 451
2 762 143
2 746 2
2 994 145
2 650 320
2 627 140
2 857 727
2 973 336
2 423 830
2 34 140
2 944 60
2 486 729
2 985 11
2 481 630
2 779 883
2 148 358
2 197 265
2 327 268
2 730 643
2 147 454
2 146 646
2 961 369
2 26 546
2 125 842
2 573 231
2 974 559
2 319 904
2 590 203
2 522 380
2 712 368
2 5 654
2 737 814
2 496 116
2 565 845
2 481 902
2 909 291
2 701 495
2 740 381
2 223 390
2 522 358
2 449 531
2 67 487
2 102 658
2 848 715
2 55 940
2 570 620
2 395 850
2 663 426
2 566 524
2 367 479
2 853 107
2 685 819
2 929 800
2 89 114
2 282 188
2 630 478
2 560 349
2 470 302
2 436 750
2 311 227
2 879 517
2 362 758
2 727 215
2 480 144
2 664 267
2 366 442
2 983 396
2 81 692
2 520 523
2 621 179
2 744 895
2 315 807
2 97 505
2 618 871
2 827 931
2 834 209
2 133 541
2 786 760
2 737 314
2 69 594
2 645 34
2 936 100
2 141 85
2 528 533
2 441 462
2 319 573
2 889 9
2 884 860
2 868 908
2 524 251
2 982 225
2 295 75
2 383 860
2 791 73
2 794 688
2 163 647
2 146 703
2 535 744
2 260 872
2 602 816
2 519 599
2 425 886
2 576 558
2 436 710
2 637 200
2 636 359
2 281 910
2 632 383
2 905 354
2 541 52
2 123 106
2 958 823
2 966 589
2 568 251
2 711 925
2 413 475
2 865 48
2 412 821
2 808 655
2 751 78
2 138 381
2 941 195
2 210 129
2 42 608
2 106 719
2 818 135
2 474 755
2 739 441
2 444 335
2 987 752
2 100 600
2 541 51
2 785 60
2 910 843
2 596 147
2 829 179
2 586 92
2 89 782
2 432 410
2 332 823
2 75 323
2 652 971
2 828 794
2 675 548
2 216 303
2 353 296
2 265 162
2 155 978
2 989 529
2 856 231
2 431 339
2 695 200
2 21 183
2 111 968
2 684 890
2 279 126
2 835 33
2 581 385
2 25 961
2 191 322
2 123 118
2 240 707
2 701 328
2 584 675
2 274 94
2 927 585
2 101 399
2 381 27
2 582 54
2 131 630
2 61 519
2 823 357
2 193 227
2 785 839
2 104 118
2 132 864
2 35 30
2 297 721
2 225 493
2 671 89
2 591 228
2 93 336
2 984 414
2 592 210
2 876 734
2 610 427
2 82 629
2 550 362
2 861 718
2 565 361
2 232 437
2 411 281
2 19 252
2 926 728
2 563 167
2 14 266
2 984 542
2 348 53
2 74 858
2 844 439
2 166 669
2 795 703
2 580 488
2 798 107
2 926 323
2 845 373
2 221 397
2 495 414
2 775 227
2 835 304
2 609 950
2 157 415
2 943 312
2 698 555
2 222 695
2 349 982
2 274 988
2 137 330
2 926 198
2 971 774
2 704 556
2 323 258
2 919 779
2 584 348
2 809 7
2 167 591
2 733 653
2 745 349
2 242 396
2 80 583
2 565 966
2 879 555
2 301 80
2 818 776
2 954 949
2 344 646
2 931 379
2 525 476
2 434 726
2 469 427
2 386 564
2 59 954
2 667 396
2 375 707
2 353 473
2 954 793
2 754 45
2 894 732
2 235 168
2 891 933
2 509 215
2 942 70
2 202 448
2 869 58
2 798 91
2 499 230
2 110 379
2 676 706
2 509 421
2 423 322
2 302 283
2 521 898
2 178 245
2 521 988
2 413 754
2 368 933
2 649 27
2 13 173
2 903 345
2 967 680
2 260 634
2 895 268
2 879 142
2 835 190
2 563 556
2 164 601
2 581 572
2 408 885
2 92 11
2 930 259
2 643 693
2 590 588
2 507 787
2 346 509
2 835 487
2 531 92
2 477 752
2 806 850
2 222 746
2 374 684
2 204 822
2 606 400
2 940 25
2 840 883
2 136 932
2 885 507
2 977 853
2 98 599
2 267 669
2 856 858
2 102 168
2 478 62
2 226 626
2 930 419
2 308 776
2 687 198
2 635 827
2 806 373
2 837 933
2 501 450
2 100 593
2 779 296
2 795 380
2 535 89
2 614 618
2 630 33
2 444 473
2 297 257
2 346 996
2 25 975
2 612 540
2 751 419
2 210 712
2 351 234
2 295 363
2 21 298
2 272 698
2 547 849
2 770 229
2 948 438
2 150 853
2 703 842
2 327 50
2 114 212
2 104 505
2 773 972
2 280 771
2 976 599
2 492 172
2 728 270
2 328 951
2 162 136
2 890 95
2 285 48
2 118 712
2 871 879
2 157 48
2 586 62
2 257 91
2 42 825
2 59 658
2 746 613
2 535 758
2 388 283
2 524 362
2 406 505
2 435 277
2 657 168
2 383 373
2 700 52
2 308 261
2 28 970
2 28 667
2 691 384
2 165 343
2 212 671
2 266 936
2 547 256
2 33 490
2 616 760
2 617 397
2 66 659
2 608 923
2 197 442
2 683 50
2 885 984
2 370 14
2 191 532
2 122 400
2 973 142
2 696 140
2 872 209
2 233 538
2 687 51
2 491 580
2 920 453
2 915 372
2 126 77
2 522 64
2 930 14
2 802 801
2 176 172
2 128 507
2 42 23
2 294 159
2 751 487
2 476 928
2 812 587
2 469 389
2 522 245
2 349 331
2 112 129
2 795 472
2 949 182
2 166 232
2 586 302
2 399 1
2 436 555
2 362 267
2 739 69
2 431 336
2 891 285
2 824 993
2 626 367
2 174 384
2 639 591
2 40 75
2 699 399
2 246 878
2 936 602
2 874 298
2 958 651
2 387 267
2 304 72
2 440 115
2 66 475
2 584 944
2 330 368
2 233 45
2 132 42
2 518 647
2 584 250
2 527 140
2 746 823
2 948 940
2 172 510
2 591 427
2 395 911
2 822 757
2 435 381
2 264 160
2 205 479
2 166 695
2 922 883
2 71 927
2 270 72
2 530 43
2 98 435
2 272 580
2 413 619
2 485 975
2 886 750
2 150 757
2 452 567
2 521 523
2 425 747
2 450 726
2 518 812
2 257 840
2 915 37
2 80 363
2 447 841
2 600 207
2 693 245
2 315 272
2 633 338
2 607 213
2 81 293
2 323 314
2 863 246
2 284 947
2 28 852
2 557 824
2 992 426
2 121 850
2 280 830
2 720 871
2 104 494
2 714 673
2 45 404
2 95 427
2 67 758
2 700 74
2 731 460
2 394 415
2 21 768
2 28 103
2 352 664
2 586 304
2 150 311
2 332 514
2 446 812
2 197 673
2 746 313
2 882 843
2 177 951
2 518 581
2 935 127
2 255 96
2 107 493
2 414 673
2 369 356
2 962 784
2 312 948
2 875 800
2 226 185
2 191 994
2 729 10
2 226 486
2 152 140
2 608 468
2 38 895
2 855 214
2 413 32
2 869 896
2 649 234
2 221 225
2 924 916
2 733 953
2 663 847
2 805 757
2 723 990
2 251 506
2 297 699
2 413 742
2 790 50
2 643 483
2 266 600
2 890 257
2 735 138
2 903 65
2 39 537
2 309 60
2 68 135
2 371 684
2 681 613
2 484 526
2 679 823
2 446 759
2 302 951
2 128 703
2 896 516
2 440 80
2 575 114
2 544 946
2 900 195
2 491 506
2 704 515
2 415 491
2 793 840
2 581 845
2 273 753
2 124 743
2 579 40
2 750 75
2 184 107
2 355 65
2 455 555
2 685 284
2 271 404
2 454 273
2 901 731
2 405 198
2 218 466
2 69 590
2 7 960
2 452 370
2 236 889
2 924 291
2 788 358
2 655 356
2 877 792
2 705 145
2 146 527
2 238 749
2 751 360
2 112 475
2 965 898
2 440 538
2 835 979
2 307 11
2 233 268
2 169 841
2 704 35
2 488 773
2 274 676
2 463 355
2 521 851
2 617 503
2 383 874
2 745 114
2 55 250
2 817 173
2 40 685
2 316 236
2 731 621
2 302 942
2 795 250
2 535 516
2 730 298
2 852 58
2 640 768
2 845 662
2 283 890
2 62 258
2 773 376
2 36 114
2 830 789
2 967 564
2 87 326
2 425 957
2 491 434
2 888 144
2 251 340
2 387 261
2 888 614
2 449 90
2 714 542
2 941 303
2 118 971
2 233 747
2 441 797
2 502 107
2 992 607
2 629 223
2 551 197
2 792 751
2 718 755
2 536 357
2 344 158
2 359 177
2 817 99
2 101 364
2 726 78
2 745 348
2 716 613
2 676 389
2 771 950
2 945 995
2 569 65
2 679 509
2 263 741
2 785 364
2 868 161
2 334 956
2 786 272
2 452 533
2 635 931
2 498 349
2 991 740
2 708 854
2 953 363
2 45 656
2 644 322
2 971 364
2 187 881
2 263 291
2 767 400
2 251 368
2 975 938
2 739 427
2 644 648
2 987 58
2 486 369
2 166 389
2 166 606
2 615 798
2 158 379
2 762 758
2 241 589
2 650 353
2 664 938
2 733 493
2 557 623
2 455 590
2 984 923
2 242 72
2 785 809
2 419 422
2 498 164
2 279 642
2 733 117
2 111 629
2 795 980
2 607 712
2 19 436
2 927 26
2 862 285
2 218 572
2 68 529
2 746 44
2 474 107
2 417 676
2 877 990
2 670 965
2 26 979
2 815 89
2 407 580
2 894 230
2 21 856
2 132 555
2 826 422
2 631 405
2 435 562
2 151 836
2 570 414
2 298 903
2 36 722
2 10 384
2 59 677
2 943 15
2 456 721
2 106 757
2 835 160
2 121 968
2 176 24
2 635 858
2 499 80
2 984 283
2 479 146
2 210 290
2 886 704
2 628 599
2 326 719
2 617 347
2 667 63
2 634 199
2 806 443
2 528 854
2 304 606
2 989 766
2 603 682
2 961 323
2 856 397
2 703 267
2 446 393
2 579 797
2 3 879
2 212 314
2 410 835
2 112 879
2 242 943
2 280 32
2 537 109
2 998 106
2 205 580
2 420 995
2 594 31
2 337 127
2 896 889
2 814 574
2 521 922
2 166 473
2 695 941
2 384 957
2 276 383
2 903 24
2 594 752
2 119 807
2 544 156
2 733 696
2 689 51
2 131 393
2 191 897
2 899 356
2 149 448
2 89 653
2 674 961
2 625 114
2 84 862
2 834 64
2 839 173
2 452 226
2 418 523
2 791 20
2 850 165
2 243 1000
2 327 396
2 469 323
2 301 706
2 355 356
2 554 393
2 355 720
2 615 564
2 750 146
2 428 960
2 693 890
2 442 911
2 137 880
2 98 925
2 774 555
2 900 983
2 261 672
2 489 992
2 276 453
2 704 493
2 151 55
2 636 230
2 392 163
2 581 436
2 651 899
2 586 47
2 196 794
2 943 482
2 428 164
2 350 647
2 174 32
2 875 658
2 521 502
2 449 689
2 4 432
2 551 878
2 524 253
2 368 55
2 929 108
2 6 696
2 325 268
2 953 592
2 294 125
2 821 911
2 499 676
2 444 336
2 10 414
2 447 90
2 661 877
2 545 530
2 565 823
2 415 931
2 175 687
2 638 47
2 36 310
2 807 292
2 420 491
2 77 27
2 349 129
2 717 179
2 930 905
2 189 489
2 294 833
2 863 299
2 107 366
2 268 457
2 133 624
2 312 898
2 256 328
2 54 376
2 894 180
2 909 358
2 748 866
2 936 896
2 930 417
2 648 657
2 888 608
2 178 84
2 773 825
2 452 215
2 66 882
2 435 285
2 985 147
2 64 769
2 806 37
2 523 466
2 805 479
2 218 213
2 383 96
2 561 277
2 884 786
2 722 30
2 29 470
2 571 42
2 488 27
2 196 475
2 433 210
2 772 643
2 427 20
2 511 441
2 571 546
2 771 464
2 397 640
2 799 972
2 139 557
2 517 146
2 79 623
2 942 881
2 845 914
2 406 904
2 558 896
2 287 285
2 484 190
2 177 694
2 688 477
2 870 546
2 660 961
2 842 135
2 767 894
2 86 713
2 148 158
2 945 328
2 632 243
2 997 293
2 335 64
2 899 995
2 79 643
2 837 602
2 32 787
2 33 275
2 523 757
2 761 169
2 139 322
2 2 626
2 648 125
2 808 437
2 197 337
2 969 906
2 309 988
2 22 362
2 411 329
2 733 864
2 463 603
2 904 7
2 928 67
2 653 769
2 571 226
2 878 662
2 87 365
2 248 145
2 86 247
2 485 766
2 564 555
2 791 108
2 794 710
2 733 709
2 577 486
2 722 712
2 223 905
2 437 881
2 470 507
2 610 646
2 891 473
2 205 415
2 683 880
2 939 291
2 733 999
2 48 507
2 679 663
2 933 776
2 891 781
2 709 969
2 553 803
2 1000 364
2 840 931
2 405 52
2 891 123
2 353 485
2 733 112
2 4 338
2 535 894
2 24 190
2 217 267
2 72 393
2 420 290
2 995 629
2 348 821
2 971 228
2 926 52
2 152 52
2 767 879
2 628 96
2 702 658
2 496 71
2 454 750
2 551 815
2 927 140
2 697 327
2 462 160
2 20 62
2 897 169
2 2 615
2 110 894
2 478 8
2 387 984
2 528 401
2 79 209
2 772 954
2 978 969
2 470 138
2 741 836
2 141 303
2 642 592
2 251 503
2 445 885
2 540 697
2 20 286
2 350 591
2 560 495
2 187 916
2 104 356
2 284 951
2 311 130
2 500 483
2 754 123
2 279 858
2 672 268
2 828 175
2 212 506
2 942 329
2 484 443
2 775 997
2 240 839
2 536 482
2 224 726
2 86 714
2 869 43
2 282 573
2 363 717
2 334 236
2 377 253
2 706 473
2 762 582
2 262 49
2 263 267
2 807 249
2 866 327
2 685 172
2 522 377
2 320 627
2 606 403
2 937 182
2 22 438
2 826 85
2 20 245
2 580 437
2 397 283
2 280 307
2 417 135
2 564 347
2 272 52
2 733 606
2 885 258
2 423 862
2 541 850
2 439 213
2 528 181
2 415 481
2 991 668
2 949 26
2 410 719
2 330 520
2 754 48
2 398 686
2 828 285
2 592 917
2 354 300
2 261 755
2 185 343
2 531 65
2 870 638
2 237 328
2 389 358
2 407 755
2 864 259
2 989 268
2 155 389
2 655 687
2 873 638
2 440 429
2 205 323
2 251 390
2 67 193
2 435 842
2 848 107
2 132 187
2 131 523
2 738 717
2 430 925
2 241 161
2 398 836
2 592 647
2 501 937
2 406 316
2 80 471
2 51 402
2 531 970
2 154 662
2 188 816
2 181 937
2 894 277
2 808 697
2 84 12
2 348 130
2 334 872
2 397 972
2 684 530
2 347 22
2 496 80
2 592 79
2 311 973
2 507 477
2 683 187
2 919 198
2 725 218
2 9 496
2 418 567
2 808 309
2 900 153
2 122 330
2 893 230
2 775 515
2 105 534
2 308 555
2 19 51
2 852 225
2 493 300
2 551 539
2 841 377
2 633 583
2 902 416
2 253 193
2 498 503
2 417 147
2 462 983
2 846 275
2 121 405
2 790 180
2 570 314
2 478 60
2 461 62
2 15 89
2 311 453
2 371 401
2 862 694
2 618 965
2 529 561
2 609 267
2 263 221
2 64 736
2 888 531
2 319 804
2 706 621
2 997 268
2 847 941
2 714 360
2 834 586
2 944 869
2 565 124
2 418 523
2 723 894
2 876 245
2 78 782
2 826 638
2 1 961
2 492 613
2 856 51
2 891 33
2 485 682
2 323 832
2 732 618
2 353 112
2 746 874
2 126 959
2 89 486
2 301 28
2 153 426
2 748 429
2 930 321
2 950 363
2 266 960
2 406 756
2 269 259
2 35 77
2 363 621
2 604 185
2 162 90
2 605 564
2 80 812
2 657 686
2 126 521
2 587 697
2 353 475
2 718 585
2 566 177
2 755 360
2 102 427
2 204 58
2 544 670
2 184 961
2 149 894
2 10 52
2 846 843
2 984 576
2 985 697
2 672 44
2 120 780
2 274 300
2 474 839
2 721 624
2 130 181
2 508 903
2 269 149
2 290 672
2 815 915
2 842 78
2 791 933
2 549 781
2 553 214
2 150 970
2 498 768
2 103 878
2 949 43
2 574 640
2 205 857
2 322 852
2 729 555
2 636 196
2 72 320
2 958 916
2 415 238
2 670 527
2 868 858
2 936 568
2 231 504
2 793 491
2 920 443
2 453 142
2 329 947
2 280 555
2 371 540
2 391 187
2 241 887
2 692 979
2 735 548
2 99 836
2 685 227
2 100 234
2 603 667
2 224 123
2 575 347
2 970 250
2 83 606
2 713 693
2 846 475
2 128 622
2 49 614
2 496 793
2 926 727
2 615 830
2 439 443
2 684 597
2 205 728
2 684 277
2 416 871
2 785 905
2 131 656
2 931 258
2 2 534
2 889 640
2 681 763
2 74 641
2 339 609
2 660 958
2 663 533
2 331 489
2 706 603
2 773 250
2 472 463
2 101 385
2 603 482
2 759 691
2 980 99
2 666 942
2 685 621
2 15 272
2 18 50
2 33 821
2 477 442
2 560 536
2 796 217
2 56 41
2 557 646
2 155 748
2 973 451
2 32 719
2 770 344
2 10 594
2 381 725
2 263 622
2 78 229
2 909 526
2 793 75
2 217 880
2 324 202
2 704 755
2 544 134
2 351 129
2 47 219
2 15 895
2 222 395
2 815 213
2 68 72
2 159 80
2 617 945
2 25 716
2 2 797
2 205 301
2 99 202
2 926 26
2 767 30
2 10 379
2 604 641
2 899 249
2 956 22
2 915 41
2 231 364
2 626 173
2 267 188
2 528 55
2 580 507
2 107 91
2 198 223
2 802 876
2 651 538
2 997 618
2 966 510
2 610 10
2 189 680
2 134 856
2 63 501
2 629 557
2 176 759
2 808 161
2 871 850
2 141 371
2 71 882
2 930 71
2 117 572
2 962 37
2 894 187
2 916 85
2 194 628
2 6 420
2 88 921
2 242 461
2 346 144
2 255 327
2 986 174
2 89 833
2 171 580
2 473 875
2 682 609
2 672 988
2 615 382
2 394 380
2 141 751
2 61 433
2 464 443
2 538 308
2 205 864
2 168 453
2 919 866
2 109 125
2 988 250
2 984 864
2 230 843
2 205 216
2 701 972
2 123 582
2 40 311
2 778 488
2 254 312
2 779 232
2 177 375
2 172 533
2 822 631
2 333 512
2 909 276
2 149 656
2 373 686
2 751 310
2 452 418
2 470 590
2 766 978
2 538 293
2 110 729
2 523 38
2 766 193
2 924 73
2 544 9
2 445 22
2 751 220
2 28 264
2 410 968
2 4 252
2 873 146
2 993 593
2 20 7
2 104 746
2 178 859
2 32 79
2 204 517
2 723 146
2 863 890
2 315 528
2 70 761
2 547 140
2 410 234
2 566 846
2 620 161
2 197 608
2 814 17
2 454 93
2 202 763
2 320 164
2 178 344
2 499 519
2 797 275
2 338 372
2 450 701
2 659 167
2 364 859
2 898 333
2 651 776
2 46 291
2 415 453
2 897 140
2 20 635
2 802 262
2 537 482
2 876 408
2 252 682
2 197 612
2 910 8
2 348 637
2 987 140
2 932 894
2 188 529
2 910 325
2 714 743
2 351 273
2 815 470
2 86 469
2 210 379
2 690 781
2 191 133
2 98 372
2 882 361
2 738 905
2 397 188
2 428 197
2 78 469
2 887 305
2 311 718
2 648 369
2 931 63
2 362 179
2 199 903
2 16 715
2 791 347
2 486 825
2 176 146
2 764 770
2 805 511
2 785 87
2 582 80
2 563 809
2 906 737
2 851 368
2 289 23
2 667 798
2 805 584
2 554 906
2 545 84
2 331 603
2 458 873
2 124 618
2 688 160
2 454 164
2 108 379
2 130 468
2 887 699
2 706 278
2 158 103
2 828 8
2 998 755
2 49 800
2 342 534
2 40 193
2 57 860
2 757 293
2 924 988
2 383 161
2 438 781
2 521 814
2 298 811
2 167 405
2 737 259
2 416 256
2 160 155
2 582 448
2 979 787
2 91 591
2 942 51
2 654 879
2 611 796
2 528 432
2 78 14
2 666 603
2 879 253
2 942 40
2 91 298
2 955 50
2 880 710
2 660 691
2 70 377
2 895 431
2 535 353
2 28 575
2 610 218
2 60 85
2 395 484
2 842 314
2 383 974
2 441 726
2 208 201
2 176 623
2 688 310
2 915 778
2 60 854
2 488 50
2 745 475
2 981 352
2 769 656
2 315 853
2 931 707
2 948 710
2 811 486
2 602 45
2 806 937
2 136 519
2 564 351
2 370 957
2 738 51
2 440 164
2 360 276
2 22 845
2 908 293
2 425 247
2 164 507
2 740 640
2 515 87
2 352 677
2 812 697
2 320 881
2 949 90
2 276 654
2 385 972
2 927 118
2 143 201
2 71 354
2 739 876
2 355 277
2 779 878
2 694 723
2 281 225
2 315 188
2 731 270
2 249 215
2 330 714
2 119 522
2 812 719
2 411 482
2 544 482
2 776 557
2 293 443
2 317 872
2 930 457
2 960 944
2 746 382
2 526 627
2 944 328
2 876 355
2 575 901
2 767 76
2 40 122
2 199 722
2 379 603
2 160 461
2 970 687
2 243 788
2 584 898
2 246 377
2 121 180
2 653 145
2 753 552
2 363 213
2 660 167
2 317 912
2 549 541
2 457 719
2 553 387
2 183 30
2 343 717
2 29 466
2 893 777
2 489 593
2 173 667
2 888 213
2 96 794
2 490 928
2 655 654
2 912 726
2 102 62
2 167 250
2 248 835
2 638 532
2 994 202
2 935 214
2 762 5
2 728 750
2 477 734
2 21 726
2 718 753
2 950 475
2 35 340
2 943 456
2 306 17
2 869 552
2 927 343
2 346 587
2 585 442
2 714 7
2 582 923
2 538 468
2 157 958
2 186 757
2 577 170
2 499 520
2 333 497
2 99 556
2 62 708
2 481 719
2 785 132
2 4 325
2 952 831
2 391 345
2 799 968
2 905 109
2 834 360
2 252 165
2 893 761
2 90 354
2 442 203
2 589 23
2 319 252
2 856 292
2 737 161
2 609 479
2 932 460
2 513 698
2 546 698
2 380 583
2 542 981
2 578 941
2 892 360
2 520 648
2 423 848
2 304 703
2 272 751
2 130 158
2 304 403
2 771 838
2 705 52
2 563 989
2 423 575
2 480 687
2 130 325
2 894 134
2 134 797
2 496 173
2 300 54
2 530 185
2 808 198
2 136 162
2 774 92
2 525 522
2 826 687
2 452 993
2 318 612
2 590 324
2 176 524
2 608 443
2 136 370
2 732 849
2 52 41
2 264 803
2 692 853
2 283 8
2 142 835
2 449 293
2 882 639
2 9 482
2 157 495
2 909 370
2 346 401
2 164 136
2 205 348
2 696 614
2 425 133
2 917 755
2 228 847
2 454 431
2 410 287
2 611 482
2 686 781
2 13 971
2 600 606
2 547 153
2 295 388
2 447 235
2 340 625
2 46 52
2 996 205
2 919 71
2 462 228
2 88 292
2 17 510
2 996 587
2 250 878
2 488 134
2 442 20
2 437 988
2 236 933
2 955 167
2 174 750
2 767 638
2 753 26
2 740 48
2 317 84
2 709 519
2 918 892
2 983 265
2 721 59
2 773 803
2 671 209
2 557 145
2 779 268
2 716 898
2 563 512
2 126 565
2 711 669
2 162 833
2 884 653
2 208 752
2 44 647
2 785 493
2 45 379
2 688 432
2 817 774
2 444 548
2 311 147
2 729 896
2 631 82
2 953 248
2 726 283
2 260 319
2 826 90
2 947 849
2 480 113
2 644 485
2 431 105
2 371 258
2 992 852
2 992 312
2 116 681
2 104 676
2 152 631
2 818 962
2 182 193
2 38 193
2 544 134
2 343 532
2 474 326
2 853 469
2 735 969
2 442 164
2 130 164
2 672 31
2 940 306
2 666 653
2 242 994
2 701 136
2 415 4
2 721 240
2 419 258
2 661 789
2 553 963
2 48 608
2 954 188
2 651 712
2 111 285
2 776 30
2 529 662
2 343 988
2 899 519
2 674 345
2 754 427
2 903 147
2 34 309
2 762 938
2 19 408
2 642 866
2 695 436
2 489 878
2 425 911
2 332 934
2 762 921
2 953 157
2 907 978
2 688 859
2 417 751
2 577 277
2 771 931
2 932 448
2 35 673
2 704 832
2 860 783
2 608 576
2 885 834
2 658 788
2 766 426
2 281 867
2 690 461
2 240 916
2 260 706
2 538 85
2 925 517
2 654 929
2 310 215
2 813 540
2 406 216
2 579 658
2 344 115
2 963 284
2 561 143
2 540 479
2 161 613
2 155 890
2 607 91
2 532 957
2 737 623
2 355 235
2 602 648
2 111 959
2 338 815
2 969 179
2 822 719
2 161 797
2 764 117
2 872 583
2 306 832
2 769 782
2 992 712
2 20 969
2 105 142
2 985 705
2 351 944
2 773 912
2 172 877
2 764 428
2 946 540
2 833 23
2 879 326
2 575 78
2 346 561
2 257 898
2 718 300
2 968 613
2 702 629
2 83 934
2 732 51
2 101 524
2 789 497
2 943 37
2 408 119
2 688 931
2 617 130
2 115 253
2 834 737
2 671 683
2 332 547
2 276 268
2 309 365
2 171 978
2 737 567
2 285 717
2 767 657
2 172 865
2 204 162
2 706 293
2 633 819
2 600 763
2 885 422
2 320 932
2 791 359
2 905 272
2 465 892
2 506 782
2 768 471
2 98 301
2 203 790
2 214 691
2 850 687
2 952 329
2 943 342
2 317 715
2 59 950
2 129 80
2 772 864
2 855 519
2 836 422
2 576 798
2 347 944
2 983 821
2 432 904
2 330 198
2 671 933
2 566 231
2 261 900
2 207 659
2 260 476
2 472 269
2 967 137
2 783 882
2 703 715
2 795 548
2 15 955
2 880 723
2 75 788
2 804 626
2 960 108
2 532 358
2 302 286
2 302 268
2 272 277
2 129 514
2 181 298
2 635 125
2 484 789
2 759 123
2 404 277
2 844 689
2 316 593
2 488 2
2 22 329
2 596 156
2 906 814
2 587 934
2 630 772
2 269 95
2 339 673
2 283 9
2 586 275
2 939 167
2 848 179
2 508 564
2 180 115
2 266 342
2 149 385
2 772 490
2 187 990
2 593 719
2 336 285
2 92 314
2 759 292
2 205 864
2 739 876
2 695 162
2 942 747
2 669 259
2 324 866
2 348 184
2 802 970
2 857 941
2 22 918
2 777 399
2 700 344
2 436 485
2 296 585
2 800 944
2 918 78
2 661 519
2 864 288
2 773 920
2 39 458
2 813 125
2 46 897
2 890 871
2 737 27
2 436 708
2 297 206
2 644 312
2 856 859
2 584 173
2 989 441
2 995 820
2 954 512
2 397 913
2 416 889
2 716 30
2 67 520
2 199 675
2 447 314
2 300 198
2 205 931
2 395 753
2 645 245
2 645 743
2 975 404
2 462 586
2 634 898
2 636 675
2 846 914
2 726 230
2 442 747
2 834 991
2 973 934
2 839 485
2 811 494
2 687 879
2 695 611
2 939 779
2 344 177
2 665 746
2 283 92
2 616 329
2 196 257
2 225 882
2 176 963
2 304 425
2 259 108
2 754 573
2 766 576
2 469 845
2 565 403
2 196 363
2 501 348
2 157 41
2 644 430
2 802 452
2 991 595
2 753 695
2 642 448
2 744 90
2 302 372
2 504 336
2 549 341
2 410 24
2 143 665
2 309 738
2 732 608
2 472 644
2 92 330
2 301 274
2 292 864
2 181 648
2 505 597
2 830 490
2 150 914
2 83 277
2 917 523
2 113 547
2 515 120
2 312 405
2 386 657
2 478 113
2 758 871
2 805 322
2 547 114
2 139 3
2 472 206
2 176 455
2 879 62
2 915 385
2 149 320
2 386 768
2 876 791
2 912 648
2 730 377
2 926 821
2 906 506
2 928 960
2 738 158
2 811 621
2 451 652
2 529 694
2 919 76
2 535 508
2 617 594
2 520 367
2 129 626
2 260 684
2 46 103
2 928 333
2 795 203
2 39 4
2 642 257
2 192 354
2 619 364
2 905 487
2 392 717
2 552 951
