2 70 58
2 70 58
2 70 58
2 70 58
2 70 58
2 70 58
2 68 70
2 68 70
2 68 70
2 68 70
2 31 99
2 31 99
2 31 99
2 31 99
2 31 89
2 31 89
2 31 89
2 31 89
2 70 73
2 70 73
2 70 73
2 70 73
2 70 109
2 70 109
2 70 109
2 70 109
2 68 36
2 68 36
2 68 36
2 70 68
2 70 68
2 70 68
2 70 49
2 70 49
2 70 49
2 58 49
2 58 49
2 58 49
2 58 70
2 58 70
2 58 70
2 58 89
2 58 89
2 58 89
2 31 11
2 31 11
2 31 11
2 31 49
2 31 49
2 31 49
2 31 57
2 31 57
2 31 57
2 57 31
2 57 31
2 68 61
2 68 61
2 49 23
2 49 23
2 70 81
2 70 81
2 70 69
2 70 69
2 49 85
2 49 85
2 58 23
2 58 23
2 70 51
2 70 51
2 68 31
2 68 31
2 11 85
2 11 85
2 99 31
2 99 31
2 11 49
2 11 49
2 85 23
2 85 23
2 99 58
2 99 58
2 109 99
2 109 99
2 11 58
2 11 58
2 89 122
2 89 122
2 99 23
2 99 23
2 109 31
2 109 31
2 49 107
2 49 107
2 109 85
2 109 85
2 99 109
2 99 109
2 49 99
2 49 99
2 31 102
2 31 102
2 31 58
2 31 58
2 58 102
2 58 102
2 85 58
2 85 58
2 59 130
2 59 130
2 58 68
2 58 68
2 58 31
2 58 31
2 31 146
2 31 146
2 70 111
2 70 111
2 73 31
2 73 31
2 57 99
2 57 99
2 73 81
2 73 81
2 146 57
2 146 57
2 70 146
2 70 146
2 109 23
2 109 23
2 70 57
2 70 57
2 146 70
2 146 70
2 58 57
2 58 57
2 70 99
2 70 99
2 1 2
2 3 4
2 5 6
2 7 8
2 9 10
2 11 12
2 13 14
2 15 16
2 17 18
2 19 20
2 21 22
2 23 24
2 25 26
2 27 28
2 29 30
2 31 32
2 1 3
2 5 7
2 11 9
2 15 13
2 17 19
2 23 21
2 27 25
2 29 31
4 15 5 17 29
4 11 1 23 27
2 15 11
2 23 33
2 34 35
2 36 25
2 37 38
2 39 5
2 40 41
2 42 43
2 11 44
2 45 46
2 47 48
2 49 50
2 51 52
2 3 53
2 54 4
2 31 55
2 19 56
2 23 34
2 36 37
2 40 39
2 11 42
2 47 45
2 51 49
2 54 3
2 31 19
4 31 36 54 51
4 11 23 40 47
2 11 36
2 31 23
2 11 31
4 1 31 49 51
4 57 58 54 55
4 59 60 37 47
4 61 11 62 25
2 58 1
2 61 60
2 11 59
2 61 58
2 11 57
2 61 11
4 63 64 23 65
4 54 66 56 67
4 68 69 37 5
4 61 70 10 71
2 61 69
2 63 66
2 64 54
2 61 63
2 68 64
4 72 61 71 5
4 73 69 74 37
4 68 49 75 76
4 23 56 11 1
2 69 72
2 61 73
2 68 56
2 69 49
2 69 68
4 69 77 45 51
4 49 68 34 78
4 55 27 79 31
4 70 56 80 23
4 58 57 2 1
4 36 81 82 83
2 69 58
2 68 55
2 36 49
4 80 38 23 61
4 68 51 56 84
4 85 70 54 86
4 58 49 31 87
4 55 88 89 63
4 90 59 27 48
2 55 70
2 68 80
2 58 90
2 49 68
2 58 55
2 49 58
4 91 55 81 92
4 31 93 89 46
4 56 34 69 94
4 49 15 86 38
4 70 23 80 95
4 96 58 5 27
4 45 97 54 98
4 99 100 51 11
4 31 23 45 100
4 49 96 93 97
4 58 70 55 56
4 91 99 34 15
2 96 91
2 96 31
2 70 96
4 70 54 81 82
4 89 91 101 45
4 96 102 80 103
4 86 51 5 36
4 104 63 105 68
4 58 57 56 106
4 47 49 27 55
4 11 7 31 2
4 96 49 86 63
4 104 51 11 57
4 58 89 102 54
4 70 7 47 91
2 7 104
2 96 89
2 96 7
2 58 96
4 70 107 108 47
4 109 94 69 55
4 63 89 110 111
4 64 51 27 91
4 68 23 112 56
4 31 81 102 75
4 104 49 113 80
4 58 45 34 54
4 49 58 94 64
4 31 109 107 51
4 70 63 45 23
4 81 104 89 68
2 31 63
2 49 104
2 81 109
2 70 31
2 81 49
4 89 69 72 27
4 96 114 109 54
4 70 107 25 115
4 85 61 102 56
4 68 79 55 34
4 49 81 116 80
4 11 104 88 58
4 31 108 17 51
4 31 85 79 81
4 96 61 89 107
4 11 70 69 108
4 49 68 114 104
2 11 61
2 85 96
2 11 68
4 102 58 112 47
4 89 108 85 55
4 36 104 27 25
4 68 117 51 80
4 49 8 63 5
4 70 23 15 118
4 99 45 2 91
4 11 119 17 61
2 89 119
2 104 68
2 36 108
2 23 49
2 102 117
2 11 45
2 99 8
2 99 89
2 104 11
2 23 102
2 36 70
2 36 99
2 23 104
2 23 36
4 36 109 80 104
4 81 70 55 107
4 68 58 61 18
4 102 49 75 45
4 89 27 63 56
4 11 31 101 112
4 85 40 96 47
4 99 23 29 57
2 109 81
2 27 36
2 102 40
2 109 68
2 27 102
2 11 27
2 109 11
4 68 58 17 76
4 89 61 120 45
4 31 40 121 63
4 122 59 113 49
4 11 27 111 75
4 102 70 56 80
4 109 99 123 47
4 85 5 124 23
2 89 70
2 68 40
2 102 27
2 85 61
2 59 109
2 122 5
2 89 68
2 11 102
2 122 85
2 31 59
4 99 31 40 39
4 58 85 54 82
4 109 27 97 51
4 96 107 101 80
4 102 70 37 55
4 49 112 59 42
4 89 23 29 105
4 11 113 25 47
2 11 112
2 27 89
2 49 113
2 107 102
2 96 85
2 109 27
2 99 96
2 11 109
4 23 109 15 2
4 99 111 56 96
4 70 80 40 91
4 11 112 59 101
4 31 102 5 8
4 49 107 82 55
4 85 75 27 29
4 125 89 126 37
2 31 112
2 49 102
2 111 23
2 107 70
2 89 11
2 99 80
2 75 125
2 109 89
2 31 111
2 99 75
2 49 31
4 107 99 97 127
4 63 85 40 128
4 31 82 101 114
4 109 73 15 27
4 49 122 129 112
4 58 102 93 37
4 23 89 55 75
4 68 70 130 131
2 99 68
2 122 63
2 58 82
2 23 73
2 109 70
2 89 107
2 49 89
4 97 58 68 116
4 49 29 132 2
4 70 11 15 133
4 99 23 73 26
4 93 102 109 134
4 31 85 135 55
4 125 8 136 5
4 89 80 137 138
2 31 8
2 97 80
2 85 99
2 58 93
2 29 125
2 102 70
2 89 23
2 49 11
2 102 97
2 85 29
2 85 31
4 139 85 140 40
4 111 102 59 141
4 49 96 5 142
4 31 42 135 63
4 58 107 114 127
4 99 15 54 143
4 70 11 61 72
4 101 89 144 118
2 101 107
2 139 11
2 111 96
2 70 102
2 49 15
2 99 42
2 70 139
2 31 101
2 111 85
2 49 111
2 31 70
4 58 145 146 122
4 85 29 147 113
4 59 114 49 148
4 70 102 61 149
4 99 81 96 115
4 89 15 80 69
4 26 130 23 101
4 31 11 150 131
2 26 102
2 99 145
2 11 89
2 58 114
2 31 81
2 70 29
2 15 85
2 70 26
2 58 15
2 99 59
4 57 23 55 149
4 111 89 80 151
4 152 11 130 47
4 69 70 61 146
4 68 101 99 153
4 58 96 131 113
4 31 112 59 54
4 49 51 127 144
2 51 111
2 68 112
2 89 58
2 69 101
2 57 96
2 152 23
2 69 152
2 69 70
2 58 69
4 49 81 101 117
4 70 51 68 42
4 57 80 59 47
4 58 146 150 29
4 99 111 114 37
4 69 89 145 15
4 73 130 23 19
4 31 11 61 112
2 49 80
2 73 11
2 57 81
2 99 51
2 69 130
2 99 57
2 73 99
4 73 68 80 154
4 70 114 109 155
4 36 81 130 59
4 69 89 47 51
4 58 146 107 29
4 31 57 61 26
4 99 111 82 92
4 23 101 84 131
2 68 69
2 58 101
2 36 89
2 23 114
2 31 68
4 70 57 101 154
4 132 27 49 29
4 73 59 51 156
4 146 68 125 157
4 31 107 81 131
4 58 89 80 149
4 99 55 23 18
4 130 158 96 102
2 132 158
2 70 107
2 73 27
2 146 55
2 70 132
2 58 59
2 73 58
4 89 57 155 114
4 145 59 2 55
4 31 146 157 112
4 73 58 159 27
4 36 81 139 29
4 69 70 66 82
4 160 23 42 17
4 68 125 102 149
2 36 146
2 70 145
2 69 59
2 68 23
2 160 125
2 73 160
2 36 69
4 49 114 29 59
4 57 58 112 47
4 107 99 73 161
4 31 68 82 80
4 109 125 54 92
4 146 101 145 34
4 2 23 162 36
4 139 70 69 26
2 68 139
2 146 114
2 125 49
2 107 101
2 58 2
2 107 31
2 58 125
2 109 146
2 109 107
4 69 73 17 36
4 31 139 85 27
4 57 109 145 163
4 23 111 51 108
4 58 61 59 25
4 146 102 101 164
4 70 107 150 29
4 68 49 96 165
2 146 111
2 68 73
2 49 57
2 139 69
2 23 107
2 61 70
2 109 58
2 61 68
2 139 146
2 139 61
2 109 139
4 57 70 17 51
4 58 139 80 163
4 146 166 101 149
4 68 73 81 108
4 109 145 167 115
4 31 69 85 126
4 162 102 59 130
4 96 99 61 113
2 57 69
2 166 96
2 73 109
2 58 99
2 102 68
2 162 139
2 31 145
2 102 146
2 162 73
2 57 166
2 57 162
4 58 73 167 108
4 70 157 101 85
4 146 23 80 15
4 109 166 61 168
4 99 125 169 170
4 69 91 17 130
4 68 31 55 10
4 57 162 49 171
2 146 157
2 58 91
2 99 73
2 109 162
2 23 68
2 69 125
2 70 166
2 146 69
2 57 58
2 99 70
2 99 146
4 146 57 162 17
4 109 73 23 11
4 61 82 69 2
4 70 85 172 101
4 58 59 31 55
4 49 122 166 165
4 113 167 125 132
4 68 99 130 154
2 58 167
2 146 82
2 59 61
2 99 113
2 73 49
2 122 68
2 146 73
2 122 58
2 109 59
2 109 122
4 145 109 61 5
4 23 17 81 73
4 58 85 31 150
4 139 173 82 15
4 99 11 167 149
4 70 162 101 112
4 146 69 125 42
4 59 57 68 116
2 146 162
2 59 17
2 11 139
2 145 173
2 99 69
2 85 59
2 146 58
2 11 145
2 85 11
2 146 85
