1 5073099395
2 5070910211
3 5049272357
4 5061543340
5 5061204243
6 5007362138
7 5005979522
8 5035646089
9 5065845915
10 5051162653
11 5048251375
12 5036910885
13 5059490353
14 5064791458
15 5036037034
16 5011672584
17 5041457930
18 5023067075
19 5008074295
20 5067142016
21 5038907218
22 5025323154
23 5012905268
24 5010495671
25 5089752831
26 5073298043
27 5064544103
28 5072883577
29 5080928105
30 5022602734
31 5076048358
32 5023294219
33 5023473252
34 5002517974
35 5062969234
36 5090303125
37 5070881949
38 5019803252
39 5055751248
40 5091165259
41 5041250586
42 5049466613
43 5086076479
44 5015098676
45 5085173493
46 5022969857
47 5003101415
48 5036257885
49 5040487936
50 5062003260
51 5043988338
52 5003496971
53 5062457490
54 5085973221
55 5052320865
56 5073345920
57 5007031065
58 5019990487
59 5025099143
60 5036336594
61 5073544378
62 5052305622
63 5046546654
64 5079596102
65 5031799782
66 5035273559
67 5022001835
68 5036395430
69 5034374556
70 5036596371
71 5001164919
72 5038976962
73 5059383477
74 5018193153
75 5038697749
76 5069767266
77 5085207296
78 5029297296
79 5080007912
80 5028697698
81 5085453092
82 5083957809
83 5003534953
84 5009853778
85 5058645318
86 5081994751
87 5004223965
88 5070417933
89 5063183844
90 5028186024
91 5010696091
92 5072448062
93 5025967818
94 5082779935
95 5028249744
96 5021300666
97 5059221195
98 5042710641
99 5013040624
100 5033298144
101 5011680071
102 5052003147
103 5050377174
104 5069916197
105 5027386873
106 5007789955
107 5033241898
108 5007821074
109 5018571414
110 5062837485
111 5010711427
112 5069858596
113 5031712155
114 5008307849
115 5058978462
116 5042150866
117 5088023300
118 5000110965
119 5069225752
120 5079005571
121 5000376962
122 5060753814
123 5063316259
124 5050406872
125 5046036796
126 5011893060
127 5076621655
128 5007407500
129 5074855536
130 5001877366
131 5061309772
132 5048049454
133 5041365203
134 5076693439
135 5034671235
136 5009508070
137 5046878875
138 5032026610
139 5013311767
140 5042886213
141 5027108467
142 5014605473
143 5039608229
144 5091671977
145 5035124540
146 5013954074
147 5034827139
148 5035868994
149 5047727568
150 5033881627
151 5037363430
152 5016243774
153 5031999697
154 5057060580
155 5041138083
156 5026573989
157 5054735885
158 5034186728
159 5090492924
160 5090244975
161 5010836192
162 5077137639
163 5087126302
164 5084411434
165 5089136921
166 5024204562
167 5089088705
168 5007034049
169 5065251044
170 5042875079
171 5004157456
172 5019601645
173 5026650969
174 5081142594
175 5090686234
176 5015642017
177 5070147321
178 5019550583
179 5074973043
180 5085024439
181 5011733571
182 5014439401
183 5069834858
184 5008216287
185 5080792075
186 5032965112
187 5032831894
188 5056928963
189 5005438899
190 5088116014
191 5084251510
192 5043837125
193 5029187587
194 5038662431
195 5007082382
196 5035398709
197 5032294826
198 5006225383
199 5075125669
200 5068424062
201 5041020727
202 5085737537
203 5048096741
204 5037975948
205 5014627584
206 5070139134
207 5079950430
208 5025510459
209 5090046099
210 5022100881
211 5086514721
212 5035082420
213 5031482845
214 5018738469
215 5031550518
216 5046878011
217 5078140696
218 5025590875
219 5036229691
220 5041807449
221 5050433251
222 5035054562
223 5004588687
224 5083649171
225 5081847205
226 5021838252
227 5008809576
228 5011317474
229 5018842930
230 5017073972
231 5072751484
232 5061698921
233 5023487560
234 5084661514
235 5090217494
236 5015141521
237 5084869322
238 5072262870
239 5039974485
240 5028044562
241 5020196441
242 5007140414
243 5040597705
244 5023323282
245 5061287527
246 5045684737
247 5048225486
248 5061160911
249 5091068467
250 5041729360
251 5037941555
252 5016146759
253 5016371653
254 5026205409
255 5045962448
256 5073606848
257 5071881971
258 5074929175
259 5007961707
260 5019083787
261 5078279388
262 5068949813
263 5050985966
264 5019952797
265 5052826065
266 5027326281
267 5039177932
268 5085676329
269 5077712228
270 5087275461
271 5053428885
272 5075496148
273 5041685522
274 5026698378
275 5067371775
276 5091599934
277 5004500567
278 5027881535
279 5075512077
280 5005760050
281 5035771024
282 5075548536
283 5072717593
284 5026774143
285 5084297396
286 5019765656
287 5067812040
288 5018859873
289 5077182970
290 5059657244
291 5085031854
292 5015328710
293 5015184122
294 5007202231
295 5004771502
296 5064086976
297 5070815266
298 5044618645
299 5022565034
300 5037608057
301 5041273626
302 5036421485
303 5005333977
304 5075444455
305 5007210792
306 5024605926
307 5004460622
308 5072783446
309 5012664020
310 5040845006
311 5062762496
312 5052692974
313 5070765320
314 5012479314
315 5003202779
316 5000249421
317 5017704967
318 5020932555
319 5009768638
320 5002078826
321 5070757468
322 5038880573
323 5056896668
324 5006620409
325 5058024103
326 5075558091
327 5034018815
328 5052427268
329 5030346752
330 5064971466
331 5020667150
332 5011616011
333 5068212961
334 5013741080
335 5074063711
336 5017300427
337 5033732758
338 5066728847
339 5067889485
340 5035349918
341 5023950359
342 5018066582
343 5043350716
344 5022625151
345 5012113516
346 5003047037
347 5051257652
348 5029730907
349 5076478183
350 5084507913
351 5071444590
352 5057008878
353 5084321543
354 5009787730
355 5039324448
356 5058716946
357 5070371713
358 5041886096
359 5043337835
360 5078773176
361 5022449356
362 5034730478
363 5021851184
364 5025440991
365 5016936938
366 5005639179
367 5068119155
368 5089142551
369 5008291667
370 5047301239
371 5041680508
372 5076143079
373 5036384310
374 5003903037
375 5071815837
376 5003305954
377 5031110017
378 5042493047
379 5074029052
380 5044065796
381 5000282798
382 5009455403
383 5089866395
384 5085933261
385 5009266404
386 5029749525
387 5072780271
388 5018620356
389 5044097673
390 5056305769
391 5005142053
392 5039373945
393 5015087094
394 5029515716
395 5027329189
396 5090559371
397 5056602646
398 5072569667
399 5057002364
400 5067118505
401 5080550894
402 5088286793
403 5079464744
404 5036922268
405 5030006028
406 5034152102
407 5075730103
408 5058214144
409 5008120275
410 5090936599
411 5023165801
412 5009049114
413 5033568530
414 5040546953
415 5057379379
416 5085529697
417 5091405758
418 5060449251
419 5016265229
420 5017819807
421 5088504315
422 5056464653
423 5006096731
424 5055659156
425 5041493435
426 5035430688
427 5078174873
428 5048357211
429 5080004413
430 5002411596
431 5071516844
432 5045850608
433 5083819212
434 5028779762
435 5006373210
436 5020182196
437 5066538735
438 5090192896
439 5037913256
440 5045329304
441 5045781811
442 5047927017
443 5079796683
444 5039266544
445 5043458676
446 5059799380
447 5021632929
448 5090686249
449 5043409394
450 5027835055
451 5044168802
452 5071656343
453 5023293408
454 5000429333
455 5090077335
456 5003106323
457 5091280059
458 5064079084
459 5040382316
460 5082024795
461 5075992947
462 5034908463
463 5059129860
464 5073403497
465 5091756384
466 5084793824
467 5027588100
468 5013813259
469 5053938061
470 5048471401
471 5013229566
472 5072853454
473 5073634142
474 5075360079
475 5089995626
476 5014662127
477 5002919496
478 5056459691
479 5072536284
480 5083958966
481 5039354723
482 5030358110
483 5064959609
484 5068283502
485 5010273563
486 5031236554
487 5007669976
488 5079256324
489 5019387364
490 5076493939
491 5041169962
492 5000251403
493 5013747794
494 5055648393
495 5028347915
496 5000679279
497 5008033989
498 5031928873
499 5029658264
500 5032215497
501 5071561412
502 5066312599
503 5083030282
504 5058957215
505 5031779833
506 5076985100
507 5072735370
508 5053885667
509 5047655338
510 5041513167
511 5087525845
512 5001814682
513 5069008310
514 5010309328
515 5091022473
516 5026655461
517 5030379604
518 5089421237
519 5017591427
520 5050586219
521 5014647140
522 5037860291
523 5065260816
524 5086363084
525 5069368952
526 5057375807
527 5054960213
528 5005823022
529 5021894004
530 5010209966
531 5062874541
532 5021790559
533 5042875880
534 5063176243
535 5024451873
536 5031562431
537 5041928974
538 5086031723
539 5052367065
540 5086542761
541 5002496858
542 5052920399
543 5033643258
544 5064138009
545 5058569734
546 5046857123
547 5017990808
548 5047241543
549 5052965447
550 5022372948
551 5016455866
552 5049078253
553 5015894777
554 5034663047
555 5051225789
556 5020744800
557 5038060570
558 5071186882
559 5031220186
560 5074431546
561 5018493716
562 5020186212
563 5020388926
564 5069425435
565 5071905177
566 5041859166
567 5039747459
568 5068178893
569 5003551603
570 5018048484
571 5057686337
572 5064053881
573 5020293284
574 5073693965
575 5034891791
576 5079309664
577 5087402200
578 5044848288
579 5025769957
580 5065071611
581 5026685515
582 5017401263
583 5049086349
584 5051144850
585 5063917581
586 5088919583
587 5065040028
588 5069043072
589 5071263366
590 5034300460
591 5001882074
592 5084364969
593 5075135277
594 5004263988
595 5036030375
596 5085114152
597 5046651352
598 5025311999
599 5065384967
600 5085153518
601 5024647065
602 5049888293
603 5044485966
604 5030543816
605 5027791567
606 5084075594
607 5038901933
608 5032749729
609 5052400301
610 5073632111
611 5073371703
612 5008389022
613 5005409439
614 5054976458
615 5035054017
616 5065675756
617 5025142420
618 5057418603
619 5063532702
620 5015128681
621 5019515592
622 5074315429
623 5057851757
624 5073800371
625 5026949484
626 5046927655
627 5059018625
628 5058254421
629 5043074873
630 5044868467
631 5054890347
632 5050973347
633 5027592252
634 5067724611
635 5075409948
636 5022695787
637 5000526448
638 5024890130
639 5015286590
640 5026339713
641 5085408118
642 5027706684
643 5038624724
644 5091827614
645 5059033705
646 5029144285
647 5061012923
648 5040904281
649 5086446130
650 5029254834
651 5051848798
652 5032635587
653 5067808436
654 5005990674
655 5065519647
656 5078965047
657 5079890590
658 5055329626
659 5089268172
660 5076570918
661 5051938489
662 5069069702
663 5068236230
664 5088400335
665 5040997517
666 5084972098
667 5047200660
668 5051515473
669 5019944216
670 5054397603
671 5033508527
672 5066135083
673 5054518832
674 5029483412
675 5068542997
676 5053919001
677 5029127277
678 5035464114
679 5023247876
680 5082560876
681 5018240520
682 5075372352
683 5075126719
684 5063432831
685 5006983623
686 5090360853
687 5025748256
688 5037693685
689 5034173322
690 5053161169
691 5005894917
692 5025711177
693 5015783398
694 5030313909
695 5005234637
696 5082204641
697 5048344653
698 5083372458
699 5074269816
700 5019040355
701 5067714445
702 5019762150
703 5090925242
704 5062615929
705 5000969982
706 5086901708
707 5036294807
708 5006705660
709 5087676403
710 5042321575
711 5067174340
712 5000393220
713 5079272367
714 5026152928
715 5027725609
716 5043746667
717 5053508163
718 5033466669
719 5008669095
720 5069721973
721 5065609062
722 5076622946
723 5073783624
724 5057965623
725 5008272176
726 5053895833
727 5034615181
728 5075866067
729 5089371996
730 5078840209
731 5059095080
732 5070405591
733 5059590788
734 5043895547
735 5049801650
736 5008936826
737 5074875493
738 5052825834
739 5032456571
740 5058031113
741 5076560599
742 5066244228
743 5027892876
744 5062730683
745 5050527976
746 5059198564
747 5025621521
748 5048188412
749 5017513172
750 5089503234
751 5010599965
752 5047565816
753 5018730647
754 5048397372
755 5091493914
756 5087739573
757 5062277000
758 5030313952
759 5085088187
760 5012746112
761 5082923475
762 5022368086
763 5040529929
764 5002219113
765 5060108446
766 5042326103
767 5082255432
768 5081110829
769 5091766722
770 5053232539
771 5020270010
772 5035814482
773 5028615903
774 5091804814
775 5063624820
776 5053664657
777 5033332525
778 5044525992
779 5009547049
780 5009154893
781 5066696247
782 5061995455
783 5048286409
784 5028596003
785 5033955453
786 5016912041
787 5020382415
788 5059658943
789 5035092278
790 5068624445
791 5075151494
792 5030951161
793 5020130354
794 5042408300
795 5088917401
796 5030524626
797 5033169092
798 5006700143
799 5071778778
800 5080265907
801 5079025527
802 5033600335
803 5037020807
804 5081956768
805 5038981063
806 5032194419
807 5051097609
808 5014118791
809 5039199276
810 5022843136
811 5074725115
812 5031218218
813 5037382955
814 5009040681
815 5082335410
816 5030844232
817 5040511603
818 5049885707
819 5074036292
820 5058056897
821 5008715939
822 5060665833
823 5005484579
824 5045325306
825 5060783476
826 5088702916
827 5075151889
828 5086513807
829 5033843421
830 5077004852
831 5015296013
832 5073954393
833 5057898803
834 5074473194
835 5047786826
836 5043906650
837 5018254854
838 5037036640
839 5041069947
840 5036240949
841 5063909753
842 5013336788
843 5049650069
844 5034065247
845 5011405723
846 5002550790
847 5067742024
848 5019881360
849 5070322703
850 5091176226
851 5060221249
852 5075113884
853 5005171960
854 5008200989
855 5034120026
856 5077296628
857 5038398105
858 5044078921
859 5019398608
860 5081688191
861 5082878434
862 5006044868
863 5067494330
864 5020760956
865 5068826928
866 5017991749
867 5068955023
868 5054154582
869 5018510946
870 5083586844
871 5029142300
872 5065689538
873 5047179180
874 5090604333
875 5086099553
876 5069937075
877 5038980069
878 5066577130
879 5007056691
880 5021780574
881 5059989970
882 5006968389
883 5022079679
884 5048104138
885 5082358375
886 5032212634
887 5065209470
888 5082427927
889 5052945096
890 5005103749
891 5055116527
892 5072737130
893 5049482326
894 5088082821
895 5073142937
896 5053140118
897 5012510621
898 5023083320
899 5006528228
900 5013927853
901 5070808813
902 5060800944
903 5067285971
904 5023063524
905 5049415924
906 5066403110
907 5020091882
908 5060048434
909 5056256429
910 5000432967
911 5051587395
912 5026022017
913 5047456908
914 5041768065
915 5003989320
916 5011999109
917 5004745888
918 5033546572
919 5008713578
920 5017534073
921 5000594503
922 5012345613
923 5026438718
924 5007525822
925 5034816457
926 5050747998
927 5038250577
928 5048664794
929 5055214765
930 5077096142
931 5060302736
932 5071689628
933 5027757403
934 5087315606
935 5089505331
936 5044026747
937 5003581663
938 5036972388
939 5068753451
940 5090676285
941 5063664464
942 5058302068
943 5003070798
944 5041833968
945 5019821396
946 5037337156
947 5057650206
948 5020270223
949 5038078162
950 5082884831
951 5088776221
952 5061980190
953 5083108695
954 5085988625
955 5084402271
956 5004713612
957 5027699287
958 5052717630
959 5015276254
960 5052018927
961 5054869562
962 5055506356
963 5038806020
964 5032235572
965 5046958549
966 5083312685
967 5013633267
968 5022581666
969 5001105113
970 5020915137
971 5077202610
972 5025218537
973 5022889155
974 5066062951
975 5046499549
976 5044454353
977 5002263442
978 5020766836
979 5031168379
980 5001474328
981 5031806795
982 5015614123
983 5015055144
984 5073501391
985 5087448806
986 5002034958
987 5060223489
988 5040821463
989 5072363876
990 5052553537
991 5027937806
992 5017357771
993 5005577673
994 5001812859
995 5057866050
996 5055873619
997 5017097104
998 5079517520
999 5019886336
1000 5065964368
1001 5015761687
1002 5036368865
1003 5029418921
1004 5066926540
1005 5061649532
1006 5072360374
1007 5059835240
1008 5085312107
1009 5022499603
1010 5003650283
1011 5022021114
1012 5039615104
1013 5037671858
1014 5045979015
1015 5073703343
1016 5046140996
1017 5030626361
1018 5029323326
1019 5083689532
1020 5088663086
1021 5061460061
1022 5026230936
1023 5046641062
1024 5004113275
1025 5031297912
1026 5063194021
1027 5082358191
1028 5044033087
1029 5065692438
1030 5044312957
1031 5032860394
1032 5018565597
1033 5078098553
1034 5057008460
1035 5082953212
1036 5029959450
1037 5019938790
1038 5074613722
1039 5071303279
1040 5021541475
1041 5049780617
1042 5036034260
1043 5016865358
1044 5011296492
1045 5031150435
1046 5091547800
1047 5068500349
1048 5025338734
1049 5091301888
1050 5015080044
1051 5062403203
1052 5059236838
1053 5074320818
1054 5089236254
1055 5007854287
1056 5066219206
1057 5021281308
1058 5010102188
1059 5031631926
1060 5038201962
1061 5058103671
1062 5074302936
1063 5003615109
1064 5048185237
1065 5075976880
1066 5008935489
1067 5020134520
1068 5071248765
1069 5022475642
1070 5081828054
1071 5053306246
1072 5009307539
1073 5035232958
1074 5032185847
1075 5002615146
1076 5023112790
1077 5055038032
1078 5061427049
1079 5064234628
1080 5020490780
1081 5081365826
1082 5031050042
1083 5010346903
1084 5075715761
1085 5039799314
1086 5011788533
1087 5012709965
1088 5050515341
1089 5045665461
1090 5021907138
1091 5047792973
1092 5071010612
1093 5028191957
1094 5066732295
1095 5000533982
1096 5006939924
1097 5071892166
1098 5046565506
1099 5023201158
1100 5071155350
1101 5011256345
1102 5006822609
1103 5021516635
1104 5067229807
1105 5062479318
1106 5005126104
1107 5008761681
1108 5049954115
1109 5073847953
1110 5056243627
1111 5067277228
1112 5086726856
1113 5020069255
1114 5035958229
1115 5056141397
1116 5017906200
1117 5060284901
1118 5079623812
1119 5042757974
1120 5029999003
1121 5002343323
1122 5063100167
1123 5065482200
1124 5077453382
1125 5054592606
1126 5050004769
1127 5085604268
1128 5000065699
1129 5065778793
1130 5042395232
1131 5045068271
1132 5065396462
1133 5032951414
1134 5050424748
1135 5035252549
1136 5040052580
1137 5055506939
1138 5065102785
1139 5025187446
1140 5064164103
1141 5038085502
1142 5080479523
1143 5045518550
1144 5001848905
1145 5006114011
1146 5068238985
1147 5011279096
1148 5049692788
1149 5009499865
1150 5024007701
1151 5048983044
1152 5029308836
1153 5006628990
1154 5089070767
1155 5034737632
1156 5054921743
1157 5005461836
1158 5049359232
1159 5035455593
1160 5064933026
1161 5081601906
1162 5013737776
1163 5058629427
1164 5039180673
1165 5057969496
1166 5071473963
1167 5061018546
1168 5008225248
1169 5087457626
1170 5072246313
1171 5065588007
1172 5091240867
1173 5026914880
1174 5047996039
1175 5027478779
1176 5011122234
1177 5056653696
1178 5039493983
1179 5064327495
1180 5061315342
1181 5080574783
1182 5081237251
1183 5082881483
1184 5076745658
1185 5016253883
1186 5072514630
1187 5016360507
1188 5082123937
1189 5004857121
1190 5041684359
1191 5008049177
1192 5005706505
1193 5045659246
1194 5053956022
1195 5069238833
1196 5077624039
1197 5085965894
1198 5088827087
1199 5061128855
1200 5036258705
1201 5057977875
1202 5003046078
1203 5026919199
1204 5064247797
1205 5045667142
1206 5065043481
1207 5061981657
1208 5040255898
1209 5028376373
1210 5029236410
1211 5010465278
1212 5005118312
1213 5035909718
1214 5001513313
1215 5030954130
1216 5038329591
1217 5021570390
1218 5067294479
1219 5011228873
1220 5078699564
1221 5016767305
1222 5082519689
1223 5018441926
1224 5079886500
1225 5072513001
1226 5010661076
1227 5051806594
1228 5046188773
1229 5084222809
1230 5082217167
1231 5086345793
1232 5073146968
1233 5071908293
1234 5075498364
1235 5066626519
1236 5005425034
1237 5020706311
1238 5073002116
1239 5055359361
1240 5044734485
1241 5019696985
1242 5030457085
1243 5033779766
1244 5091239810
1245 5072884903
1246 5073781544
1247 5085280034
1248 5014074388
1249 5037214957
1250 5051143676
1251 5062226737
1252 5015565298
1253 5009370910
1254 5081794584
1255 5063934076
1256 5084818943
1257 5070931010
1258 5040601958
1259 5057768736
1260 5005659262
1261 5041032012
1262 5036322121
1263 5055652750
1264 5004139501
1265 5046805836
1266 5001962917
1267 5088453666
1268 5083509292
1269 5066098469
1270 5067941440
1271 5046790968
1272 5080218242
1273 5036996826
1274 5085232359
1275 5067299116
1276 5089996499
1277 5075765425
1278 5008789930
1279 5041045348
1280 5018596412
1281 5085247766
1282 5051011998
1283 5020919264
1284 5014314066
1285 5006128566
1286 5004246635
1287 5001294898
1288 5042555979
1289 5043733219
1290 5033919482
1291 5071634649
1292 5091272738
1293 5084102378
1294 5009319874
1295 5073729334
1296 5037574289
1297 5076436751
1298 5010600696
1299 5015065189
1300 5070719134
1301 5054599909
1302 5086937293
1303 5037842129
1304 5026853338
1305 5062009154
1306 5021211585
1307 5007861284
1308 5044417741
1309 5011836855
1310 5071899551
1311 5062688064
1312 5008458736
1313 5056168112
1314 5071063740
1315 5084618104
1316 5053964476
1317 5080477784
1318 5022067945
1319 5012146818
1320 5068957185
1321 5088272346
1322 5061657903
1323 5030934220
1324 5005034643
1325 5014866425
1326 5034373255
1327 5053327113
1328 5024077369
1329 5035405562
1330 5075432112
1331 5045703333
1332 5067809524
1333 5031620320
1334 5078984146
1335 5067400866
1336 5038018301
1337 5047259721
1338 5051471901
1339 5076891379
1340 5071083794
1341 5048563533
1342 5031473691
1343 5025902765
1344 5051587915
1345 5054177658
1346 5010812171
1347 5067999469
1348 5061560783
1349 5086166846
1350 5029357452
1351 5062734796
1352 5007342254
1353 5058177812
1354 5063125820
1355 5058684689
1356 5027080386
1357 5018738292
1358 5042253260
1359 5029337511
1360 5035511232
1361 5011045679
1362 5073531557
1363 5067549447
1364 5040713757
1365 5068614736
1366 5042185860
1367 5047021980
1368 5020193881
1369 5032240945
1370 5073043446
1371 5017315554
1372 5005651927
1373 5033229001
1374 5084080816
1375 5057065683
1376 5014209622
1377 5010460940
1378 5002649408
1379 5053468857
1380 5036604316
1381 5041099730
1382 5028683893
1383 5048266570
1384 5003678652
1385 5058063836
1386 5086501001
1387 5021769351
1388 5035240489
1389 5052554493
1390 5012792532
1391 5051182859
1392 5079303837
1393 5007550546
1394 5004315011
1395 5075011195
1396 5035589814
1397 5091769643
1398 5000972803
1399 5047236763
1400 5040894517
1401 5018760908
1402 5089570363
1403 5009248521
1404 5082927374
1405 5018485369
1406 5022754114
1407 5028708367
1408 5031146559
1409 5072967282
1410 5008131338
1411 5076699095
1412 5071299600
1413 5010097254
1414 5049442192
1415 5069473323
1416 5054151020
1417 5049610777
1418 5034298577
1419 5040120385
1420 5005831238
1421 5071577345
1422 5002294203
1423 5053379558
1424 5037919963
1425 5077848176
1426 5068161656
1427 5043964956
1428 5035052603
1429 5003920711
1430 5060724128
1431 5060850775
1432 5004023107
1433 5086464825
1434 5032350326
1435 5062318856
1436 5044737729
1437 5070310053
1438 5000765124
1439 5037946945
1440 5039245566
1441 5010678427
1442 5006709359
1443 5088401051
1444 5050759731
1445 5073492643
1446 5014704347
1447 5051952709
1448 5000805822
1449 5030319840
1450 5025398584
1451 5023140257
1452 5061603084
1453 5059091723
1454 5027512307
1455 5037087050
1456 5065058975
1457 5002112650
1458 5018745403
1459 5058003632
1460 5067224890
1461 5000149298
1462 5046448622
1463 5039842081
1464 5002202464
1465 5026803966
1466 5077038503
1467 5018244700
1468 5016751632
1469 5016038041
1470 5043166229
1471 5069154641
1472 5034211616
1473 5084552503
1474 5015710627
1475 5077055433
1476 5038669899
1477 5087862180
1478 5032700756
1479 5045568369
1480 5047976044
1481 5083897996
1482 5019398448
1483 5073855965
1484 5022028438
1485 5029108612
1486 5017406892
1487 5086725918
1488 5060183257
1489 5045726954
1490 5052599603
1491 5087714116
1492 5038851202
1493 5054883780
1494 5068865569
1495 5032969907
1496 5068556798
1497 5052575737
1498 5084928583
1499 5049134079
1500 5073672034
1501 5043211393
1502 5071117473
1503 5082913931
1504 5077039909
1505 5090466692
1506 5017332136
1507 5027754254
1508 5048136336
1509 5065452923
1510 5091334095
1511 5077276570
1512 5074878708
1513 5089852717
1514 5000602206
1515 5003087402
1516 5052932406
1517 5060484206
1518 5072046805
1519 5072013741
1520 5062468463
1521 5027673966
1522 5034039087
1523 5073282203
1524 5051902854
1525 5012498159
1526 5019002025
1527 5006299972
1528 5061292951
1529 5014649758
1530 5044138533
1531 5002455634
1532 5052912476
1533 5028407052
1534 5032058269
1535 5024845093
1536 5049128033
1537 5077695491
1538 5021923917
1539 5031723819
1540 5088333030
1541 5013432869
1542 5079978503
1543 5042061810
1544 5053394325
1545 5006218803
1546 5065565260
1547 5009409208
1548 5020888241
1549 5070657345
1550 5057999999
1551 5066532084
1552 5007007395
1553 5065854639
1554 5077085997
1555 5069972369
1556 5030256799
1557 5086063649
1558 5071169102
1559 5033272403
1560 5033941123
1561 5070740163
1562 5034372799
1563 5073875709
1564 5017807232
1565 5050966346
1566 5004186637
1567 5065682719
1568 5007348590
1569 5056777216
1570 5047198701
1571 5085091009
1572 5021152616
1573 5055841597
1574 5011900642
1575 5083332854
1576 5067081068
1577 5024774772
1578 5090466777
1579 5068052684
1580 5039138807
1581 5029135224
1582 5086595191
1583 5082233513
1584 5034553663
1585 5015711710
1586 5016845349
1587 5068033873
1588 5073011466
1589 5062318797
1590 5057908133
1591 5048953880
1592 5038398506
1593 5089701687
1594 5068353454
1595 5068974029
1596 5091434894
1597 5010616841
1598 5062925938
1599 5017393131
1600 5047363080
1601 5082338399
1602 5076424703
1603 5020962719
1604 5073789094
1605 5049687205
1606 5011280307
1607 5051434566
1608 5076695242
1609 5085270922
1610 5038186210
1611 5088690007
1612 5078861805
1613 5001380940
1614 5015396803
1615 5070920982
1616 5031364854
1617 5022414084
1618 5034510214
1619 5031207578
1620 5083607747
1621 5082640536
1622 5049797871
1623 5077130902
1624 5017648135
1625 5039679659
1626 5082765817
1627 5026993924
1628 5033698066
1629 5025801291
1630 5087720189
1631 5001695414
1632 5050175985
1633 5015051704
1634 5048449823
1635 5016514282
1636 5010403096
1637 5063284411
1638 5041772080
1639 5085649470
1640 5011808796
1641 5016850339
1642 5042241464
1643 5020836845
1644 5052985577
1645 5024925085
1646 5025894735
1647 5066791342
1648 5072710852
1649 5014360161
1650 5001358762
1651 5079925942
1652 5077194163
1653 5067697796
1654 5078904263
1655 5018973439
1656 5000385798
1657 5014961111
1658 5068179799
1659 5026824407
1660 5048624755
1661 5060232398
1662 5056559023
1663 5073459923
1664 5077079991
1665 5013262618
1666 5011368152
1667 5061483794
1668 5023775697
1669 5023997241
1670 5029288246
1671 5029874719
1672 5046597133
1673 5058796234
1674 5031600732
1675 5058986420
1676 5010201442
1677 5038858136
1678 5065413792
1679 5086604615
1680 5024464346
1681 5023461254
1682 5084321380
1683 5081768707
1684 5059191786
1685 5045471214
1686 5011016913
1687 5033588134
1688 5086073834
1689 5021423914
1690 5084438761
1691 5051942308
1692 5026490818
1693 5005434384
1694 5089848606
1695 5009715973
1696 5027079032
1697 5053417186
1698 5057571649
1699 5047847314
1700 5069884896
1701 5044193587
1702 5050563694
1703 5071854504
1704 5004372996
1705 5001457441
1706 5064613222
1707 5057670202
1708 5001994994
1709 5077291146
1710 5066858212
1711 5033425080
1712 5040214920
1713 5047997904
1714 5084308483
1715 5069681436
1716 5090319741
1717 5064223365
1718 5033002944
1719 5016760218
1720 5034541570
1721 5090982551
1722 5069410726
1723 5020648609
1724 5027239573
1725 5052831097
1726 5036913590
1727 5009164900
1728 5006279779
1729 5006779914
1730 5090297369
1731 5058010593
1732 5030113789
1733 5008707556
1734 5063955327
1735 5050426677
1736 5005301806
1737 5064532054
1738 5080707502
1739 5074995400
1740 5048176602
1741 5002721807
1742 5060215075
1743 5045427029
1744 5073910473
1745 5049544123
1746 5081551197
1747 5079617036
1748 5002007070
1749 5032518872
1750 5091428197
1751 5069803426
1752 5027918227
1753 5082240058
1754 5051507672
1755 5050692319
1756 5035458800
1757 5029925799
1758 5060442892
1759 5023510326
1760 5074185256
1761 5067266817
1762 5063992481
1763 5027140387
1764 5016751033
1765 5027033026
1766 5072295740
1767 5006738371
1768 5061970522
1769 5050648982
1770 5068195118
1771 5059134356
1772 5007615397
1773 5069143323
1774 5018173056
1775 5081866316
1776 5010411401
1777 5082024129
1778 5005867218
1779 5087258779
1780 5066245772
1781 5059690645
1782 5090970386
1783 5020137286
1784 5056107519
1785 5003818762
1786 5012033205
1787 5089447414
1788 5034202444
1789 5042428387
1790 5013789253
1791 5056188388
1792 5041549449
1793 5077836239
1794 5087569260
1795 5033813219
1796 5089934056
1797 5043029559
1798 5087079614
1799 5045054843
1800 5014942392
1801 5058317211
1802 5010240307
1803 5027039200
1804 5061616669
1805 5054795994
1806 5018669443
1807 5082996781
1808 5018019822
1809 5065478102
1810 5049422738
1811 5030864798
1812 5041757605
1813 5060874168
1814 5003624937
1815 5052027939
1816 5010904023
1817 5033081182
1818 5044153684
1819 5075298587
1820 5055710645
1821 5072263832
1822 5043960963
1823 5001035442
1824 5036939761
1825 5074511334
1826 5019955505
1827 5019170728
1828 5018555355
1829 5017541508
1830 5080897586
1831 5056235079
1832 5048385616
1833 5038153212
1834 5002793121
1835 5022031032
1836 5043442778
1837 5029222386
1838 5030787824
1839 5068784452
1840 5017413266
1841 5011588658
1842 5066159634
1843 5068312877
1844 5000767480
1845 5088557956
1846 5073674820
1847 5045388427
1848 5048046634
1849 5016957787
1850 5020127161
1851 5042789303
1852 5058209508
1853 5036493879
1854 5029619181
1855 5078072446
1856 5073024577
1857 5045669197
1858 5021556884
1859 5029879868
1860 5075272515
1861 5066281414
1862 5057781986
1863 5002490000
1864 5049240799
1865 5006354562
1866 5008584000
1867 5064939409
1868 5089425432
1869 5032295417
1870 5090535783
1871 5021231886
1872 5037300947
1873 5023812700
1874 5028293181
1875 5037566210
1876 5064234844
1877 5037991388
1878 5090271782
1879 5004169135
1880 5002236438
1881 5039481707
1882 5027858623
1883 5067151233
1884 5006547531
1885 5041274004
1886 5015877702
1887 5015978035
1888 5037899572
1889 5030765907
1890 5077212476
1891 5056287697
1892 5060224736
1893 5008740887
1894 5071710409
1895 5080643048
1896 5089505843
1897 5006670706
1898 5047514569
1899 5060106170
1900 5012905461
1901 5072756190
1902 5091076829
1903 5028396638
1904 5012751505
1905 5025090907
1906 5012493900
1907 5070922104
1908 5057217842
1909 5087515404
1910 5077223066
1911 5046022160
1912 5066498083
1913 5070545398
1914 5075783409
1915 5069972534
1916 5082992426
1917 5028533498
1918 5009434750
1919 5081870439
1920 5007158257
1921 5057697784
1922 5086396945
1923 5006492396
1924 5004664210
1925 5048454976
1926 5090298086
1927 5056345444
1928 5083283029
1929 5019531261
1930 5033655586
1931 5044711319
1932 5087547134
1933 5028610854
1934 5042329125
1935 5068922252
1936 5028011279
1937 5052235294
1938 5032602392
1939 5072560560
1940 5062315069
1941 5042369935
1942 5067535792
1943 5072266097
1944 5020884951
1945 5030960362
1946 5082648063
1947 5064143240
1948 5077476842
1949 5033203853
1950 5081449151
1951 5024031732
1952 5004502095
1953 5002281587
1954 5067450588
1955 5090760611
1956 5083121960
1957 5056360545
1958 5091699368
1959 5077922429
1960 5059808221
1961 5005529953
1962 5030778108
1963 5016081500
1964 5065820808
1965 5065844862
1966 5043271534
1967 5073768295
1968 5045565551
1969 5019906371
1970 5033660158
1971 5035223546
1972 5033477011
1973 5010296277
1974 5082332955
1975 5046638391
1976 5006395126
1977 5019708820
1978 5067398286
1979 5050183326
1980 5029121256
1981 5042185020
1982 5007872613
1983 5044225623
1984 5072455364
1985 5078170104
1986 5004569272
1987 5091737589
1988 5054296598
1989 5016957024
1990 5043344418
1991 5085041770
1992 5011435835
1993 5011282941
1994 5067140318
1995 5065384282
1996 5011892455
1997 5013217302
1998 5043262709
1999 5022956498
2000 5034855273
2001 5002129891
2002 5019914713
2003 5091293840
2004 5022485637
2005 5081807832
2006 5003679985
2007 5083720232
2008 5058628051
2009 5039245418
2010 5065873501
2011 5016431033
2012 5033584819
2013 5042312889
2014 5043685633
2015 5078003685
2016 5072532042
2017 5023554073
2018 5030022002
2019 5006322883
2020 5025128490
2021 5054824197
2022 5063367289
2023 5004611996
2024 5061851539
2025 5038823244
2026 5002933889
2027 5079326373
2028 5022255550
2029 5077716269
2030 5000803372
2031 5011702824
2032 5083316408
2033 5047100816
2034 5044268114
2035 5042098658
2036 5043479061
2037 5037586820
2038 5053537520
2039 5016844968
2040 5076750708
2041 5007847950
2042 5045411384
2043 5019554559
2044 5003378348
2045 5003822957
2046 5045892894
2047 5014074585
2048 5018461350
2049 5070551631
2050 5016001264
2051 5069455858
2052 5062908646
2053 5007466464
2054 5021346979
2055 5075774125
2056 5032100324
2057 5076190433
2058 5034369995
2059 5064589174
2060 5063551418
2061 5004103488
2062 5010016067
2063 5015583825
2064 5009912854
2065 5039266820
2066 5014847770
2067 5050214964
2068 5045756039
2069 5068653875
2070 5042775184
2071 5005002059
2072 5084525009
2073 5051330273
2074 5084385844
2075 5079779062
2076 5057140338
2077 5020288677
2078 5070779516
2079 5043692408
2080 5072140128
2081 5013324905
2082 5067777615
2083 5067155034
2084 5002078238
2085 5078651528
2086 5071259425
2087 5052271280
2088 5073733957
2089 5022774532
2090 5011107893
2091 5078144938
2092 5037371099
2093 5024538833
2094 5083724783
2095 5010863408
2096 5056624387
2097 5019400118
2098 5006681132
2099 5079000862
2100 5064449982
2101 5027903946
2102 5056499434
2103 5086715188
2104 5060661751
2105 5087844608
2106 5076024637
2107 5070103712
2108 5084860184
2109 5038687804
2110 5062113881
2111 5073364691
2112 5070493763
2113 5066096589
2114 5027136376
2115 5062737173
2116 5089977648
2117 5014076497
2118 5015580086
2119 5088030110
2120 5079156406
2121 5071535087
2122 5006375665
2123 5046458155
2124 5027977819
2125 5000749395
2126 5062493663
2127 5018161907
2128 5003288277
2129 5051195268
2130 5019560977
2131 5015348278
2132 5068668120
2133 5048965399
2134 5051842696
2135 5042679647
2136 5042656326
2137 5086651355
2138 5020643109
2139 5008622179
2140 5088714049
2141 5027512257
2142 5013637667
2143 5018496859
2144 5022390632
2145 5070913945
2146 5002134055
2147 5058735228
2148 5018639039
2149 5007996041
2150 5053178517
2151 5071245512
2152 5041882348
2153 5069397289
2154 5000468754
2155 5073714647
2156 5031703617
2157 5071543649
2158 5077637811
2159 5082911363
2160 5038412005
2161 5042284738
2162 5044634171
2163 5054609598
2164 5037216771
2165 5091057740
2166 5003790553
2167 5088184727
2168 5073384154
2169 5089762957
2170 5074932834
2171 5018438162
2172 5019813807
2173 5047701741
2174 5087935902
2175 5001276084
2176 5054586972
