2 25 41
2 25 41
2 25 41
2 25 41
2 19 9
2 19 9
2 19 9
2 19 9
2 9 1
2 9 1
2 9 1
2 13 23
2 13 23
2 13 23
2 19 13
2 19 13
2 19 13
2 19 5
2 19 5
2 19 5
2 19 31
2 19 31
2 19 31
2 13 25
2 13 25
2 13 25
2 44 19
2 44 19
2 44 19
2 25 38
2 25 38
2 25 38
2 25 44
2 25 44
2 25 44
2 13 22
2 13 22
2 9 23
2 9 23
2 1 25
2 1 25
2 9 11
2 9 11
2 19 38
2 19 38
2 44 13
2 44 13
2 25 5
2 25 5
2 44 63
2 44 63
2 19 11
2 19 11
2 9 5
2 9 5
2 13 44
2 13 44
2 25 1
2 25 1
2 19 23
2 19 23
2 44 18
2 44 18
2 19 1
2 19 1
2 25 10
2 25 10
2 25 71
2 25 71
2 19 67
2 19 67
2 19 65
2 19 65
4 1 2 3 4
4 5 6 7 8
4 9 10 11 12
4 13 14 15 16
4 17 18 19 20
4 21 22 23 24
4 25 26 27 28
4 29 30 31 32
2 1 6
2 9 14
2 13 10
2 5 2
2 22 17
2 21 18
2 29 26
2 22 25
2 21 29
2 13 5
2 9 22
2 13 21
2 22 21
2 9 13
4 31 33 12 34
4 18 29 7 21
4 13 16 35 14
4 22 9 36 37
4 25 26 28 20
4 38 11 30 19
4 23 5 15 39
4 40 17 2 10
2 13 9
2 31 29
2 33 18
2 22 16
2 25 11
2 23 17
2 38 26
2 5 40
2 13 31
2 23 25
2 5 38
2 22 33
2 22 5
2 23 5
4 25 11 22 27
4 1 41 18 14
4 40 42 43 17
4 20 31 44 5
4 13 26 3 45
4 9 36 46 7
4 19 6 29 32
4 23 47 33 30
2 40 31
2 1 11
2 20 42
2 13 36
2 19 47
2 9 26
2 23 6
2 25 40
2 1 20
2 19 25
4 31 11 48 13
4 9 30 42 36
4 6 5 49 47
4 19 32 14 28
4 1 17 16 27
4 50 51 52 44
4 25 29 43 53
4 18 41 26 45
2 31 30
2 32 6
2 1 51
2 50 17
2 18 29
2 31 32
2 18 50
2 1 31
2 18 19
2 18 1
4 19 3 10 20
4 5 38 50 54
4 9 1 43 55
4 29 11 56 7
4 44 32 57 6
4 25 14 22 17
4 26 13 30 58
4 18 59 15 12
2 5 3
2 29 1
2 44 14
2 59 26
2 25 32
2 13 18
2 44 59
2 29 5
2 13 29
2 19 29
4 16 2 31 13
4 18 50 48 49
4 25 60 20 61
4 30 6 29 10
4 19 62 27 12
4 38 5 9 36
4 11 44 22 3
4 17 23 33 15
2 19 50
2 5 16
2 2 38
2 18 62
2 6 11
2 25 23
2 30 44
2 19 6
2 30 18
2 60 2
2 19 30
2 25 60
2 60 30
2 25 19
4 25 63 21 64
4 44 41 65 27
4 13 16 48 12
4 36 50 18 66
4 1 11 23 30
4 19 67 7 6
4 68 5 40 15
4 9 22 69 17
2 13 50
2 16 36
2 1 67
2 22 68
2 25 16
2 1 9
2 22 19
2 22 1
4 68 26 6 40
4 25 38 33 27
4 19 18 30 70
4 36 66 9 42
4 11 62 44 63
4 1 12 23 21
2 18 26
2 38 12
2 68 9
2 1 62
2 44 36
2 66 11
2 66 19
2 38 68
2 44 66
2 38 66
4 44 71 65 6
4 27 68 9 72
4 25 20 64 38
4 19 67 40 73
4 18 23 31 30
4 5 62 1 34
2 27 40
2 71 20
2 9 25
2 62 68
2 44 31
2 67 18
2 5 23
2 9 67
2 44 62
2 19 71
2 5 27
2 9 44
2 44 5
4 9 44 66 30
4 11 50 23 74
4 72 13 75 24
4 25 18 76 47
4 16 19 31 64
4 21 5 10 29
2 11 66
2 23 72
2 19 21
2 5 50
2 18 16
2 23 18
2 9 19
4 10 44 27 35
4 19 65 47 41
4 23 9 75 77
4 5 13 71 78
4 76 18 67 45
4 25 72 64 52
3 10 72 23
3 19 5 18
3 44 25 9
3 13 65 76
2 44 10
2 10 13
4 44 9 13 75
4 10 19 15 11
4 65 25 18 38
4 35 1 64 7
4 1 44 19 65
4 9 25 10 35
4 19 19 41 14
4 67 25 64 79
4 1 38 66 31
4 10 9 44 80
4 1 25 19 9
4 19 10 38 67
2 10 25
4 72 11 23 77
4 44 31 38 81
4 25 5 68 71
4 19 35 66 21
2 31 72
2 44 11
2 25 35
2 25 31
4 5 31 11 13
4 19 9 18 26
4 29 75 25 66
4 72 53 44 41
2 5 9
2 72 75
2 29 53
2 19 72
2 5 29
2 29 72
2 5 19
4 72 67 31 40
4 19 41 44 26
4 25 71 11 18
4 75 5 9 66
2 41 72
2 71 75
2 67 19
2 71 67
2 41 67
4 19 76 71 9
4 13 67 50 64
4 38 8 75 11
4 25 72 5 65
2 25 8
2 13 76
2 38 72
2 25 13
2 38 19
2 13 19
4 25 67 13 11
4 75 19 60 30
4 31 65 71 64
4 5 26 44 23
2 65 26
2 31 5
2 75 25
2 75 31
2 65 31
2 19 75
4 25 67 26 11
4 18 5 41 6
3 38 44 50
2 31 70
4 31 25 38 18
2 26 19
2 75 82
2 38 65
2 83 68
2 71 1
2 75 26
2 38 83
2 75 38
2 44 25
2 44 75
2 18 25
2 75 34
2 26 1
2 44 6
2 71 68
2 38 9
2 65 13
2 65 75
2 71 26
2 44 65
2 71 19
2 44 71
4 9 41 13 11
3 67 25 70
3 31 68 35
3 6 50 23
2 9 6
2 31 67
2 31 9
