3 3 2 1
3 6 5 4
3 9 8 7
4 13 12 11 10
7 20 19 18 17 16 15 14
3 23 22 21
3 26 25 24
5 30 22 29 28 27
2 32 31
2 23 33
2 35 34
3 38 37 36
5 43 42 41 40 39
3 46 45 44
3 48 7 47
4 51 50 49 47
3 54 53 52
6 60 59 58 57 56 55
4 64 63 62 61
6 70 69 68 67 66 65
2 72 71
4 76 75 74 73
3 79 78 77
2 81 80
3 54 83 82
3 86 85 84
6 92 91 90 89 88 87
2 5 59
5 76 94 93 73 74
4 98 97 96 95
2 100 99
3 34 96 97
2 102 101
7 109 108 107 106 105 104 103
2 111 110
4 115 114 113 112
3 118 117 116
4 121 120 117 119
5 124 123 48 47 122
2 126 125
2 128 127
3 131 130 129
4 135 134 133 132
5 139 138 32 137 136
2 141 140
2 59 142
3 145 144 143
3 148 147 146
6 50 153 152 151 150 149
6 159 158 157 156 155 154
3 162 161 160
3 165 164 163
4 97 98 96 95
3 168 167 166
2 170 169
3 173 172 171
4 177 176 175 174
4 181 180 179 178
4 185 184 183 182
3 188 187 186
2 190 189
2 126 125
4 50 193 192 191
2 195 194
2 197 196
4 188 197 199 198
2 201 200
4 204 176 203 202
2 188 205
4 209 208 207 206
5 76 74 93 210 94
2 212 211
3 215 214 213
4 219 218 217 216
3 222 221 220
4 226 225 224 223
3 170 228 227
2 111 110
3 231 230 229
3 111 233 232
2 235 234
4 76 236 73 93
4 239 238 237 204
2 241 240
3 242 118 116
3 245 244 243
4 249 248 247 246
4 135 203 251 250
5 203 254 253 252 250
12 18 30 176 263 262 261 260 259 258 257 256 255
3 265 139 264
3 267 79 266
3 270 269 268
5 18 274 273 272 271
4 6 277 276 275
2 59 22
3 267 278 79
2 23 279
3 282 281 280
6 30 22 286 285 284 283
5 288 76 210 287 74
2 250 289
5 23 133 292 291 290
3 22 294 293
4 298 297 296 295
5 64 302 301 300 299
4 306 305 304 303
3 6 308 307
4 124 310 47 309
4 314 313 312 311
5 319 318 317 316 315
2 321 320
2 323 322
2 325 324
2 327 326
4 298 297 296 295
5 329 328 92 91 87
4 333 332 331 330
4 298 297 296 295
2 335 334
2 250 336
2 338 337
3 18 340 339
4 344 343 342 341
5 158 43 159 345 39
2 347 346
5 298 348 297 296 295
3 332 333 349
2 23 350
3 353 352 351
4 357 356 355 354
6 363 362 361 360 359 358
3 54 364 83
3 98 366 365
2 368 367
3 192 370 369
3 308 371 342
3 374 373 372
2 376 375
3 59 5 377
2 379 378
4 54 381 380 83
2 382 332
2 384 383
2 386 385
4 298 297 296 295
2 388 387
6 394 393 392 391 390 389
3 397 396 395
2 399 398
3 401 400 200
3 404 403 402
5 409 408 407 406 405
7 176 414 413 412 411 204 410
2 416 415
4 420 419 418 417
3 50 422 421
4 426 425 424 423
4 429 50 428 427
7 436 435 434 433 432 431 430
5 263 439 113 438 437
3 442 441 440
4 446 445 444 443
5 451 450 449 448 447
3 453 452 279
4 456 133 455 454
3 458 2 457
4 416 460 459 415
6 465 162 464 463 462 461
3 162 467 466
2 469 468
5 266 473 472 471 470
6 465 162 464 463 462 461
2 445 245
3 475 474 445
2 477 476
2 479 478
3 267 148 480
5 485 484 483 482 481
5 488 188 148 487 486
2 490 489
5 495 494 493 492 491
5 102 50 497 496 92
3 26 499 498
5 503 102 502 501 500
3 505 504 465
2 23 33
2 332 506
2 507 23
3 23 381 508
5 50 512 511 510 509
5 516 267 515 514 513
5 54 381 380 23 82
3 517 236 183
2 59 22
5 188 197 196 518 199
4 102 50 520 519
3 445 522 521
3 54 381 83
2 23 508
2 59 22
5 416 525 524 459 523
4 528 139 527 526
3 126 530 529
2 532 531
4 536 535 534 533
3 445 537 333
3 25 539 538
3 5 540 38
4 54 381 380 541
4 545 544 543 542
3 38 546 540
5 551 550 549 548 547
4 555 554 553 552
2 557 556
2 559 558
2 22 23
3 560 38 36
3 126 530 125
4 51 50 92 561
6 567 566 565 564 563 562
4 96 98 97 568
5 571 197 200 570 569
2 555 572
2 574 573
3 92 91 575
2 576 195
3 480 578 577
2 580 579
4 584 583 582 581
3 378 585 379
4 148 147 587 586
2 589 588
4 76 210 288 73
2 591 590
3 188 187 186
2 593 592
3 5 594 4
3 34 596 595
5 162 600 599 598 597
2 602 601
2 604 603
4 608 607 606 605
2 610 609
3 111 612 611
5 9 50 614 519 613
3 199 616 615
3 619 618 617
4 54 381 508 82
6 625 624 623 622 621 620
4 517 257 236 626
4 76 73 210 288
3 629 628 627
2 631 630
3 634 633 632
5 639 638 637 636 635
3 332 641 640
4 30 644 643 642
2 646 645
4 650 649 648 647
2 652 651
2 22 653
2 128 654
2 199 655
4 51 50 92 561
2 657 656
2 659 658
3 188 187 186
3 662 661 660
3 665 664 663
3 666 263 439
2 668 667
2 12 13
5 503 502 102 92 501
3 670 669 23
3 555 203 553
3 327 6 671
5 674 673 672 6 277
4 666 677 676 675
3 666 263 439
4 54 53 381 82
4 54 678 381 53
2 445 679
5 102 50 92 681 680
2 327 682
6 666 5 684 683 302 64
3 188 199 685
4 513 332 686 79
2 687 11
3 690 689 688
3 693 692 691
2 695 694
3 698 697 696
3 468 700 699
6 706 705 704 703 702 701
2 452 384
3 657 708 707
2 710 709
3 177 712 711
3 574 573 713
4 148 147 714 587
8 203 254 368 555 715 572 252 250
2 716 499
3 719 718 717
4 722 721 720 219
5 725 724 723 473 500
5 728 727 726 589 511
4 731 730 729 25
2 537 409
4 50 102 92 732
4 736 735 734 733
3 170 738 737
3 148 313 739
3 742 741 740
3 381 744 743
3 731 25 729
3 745 263 439
3 748 747 746
7 754 753 357 752 751 750 749
4 756 755 357 750
4 758 757 54 381
3 761 760 759
2 762 740
2 465 516
3 445 537 409
2 666 5
3 666 763 5
4 102 765 764 473
3 766 188 486
2 267 23
2 768 767
4 769 267 148 480
3 13 745 203
3 528 770 527
2 772 771
2 54 381
3 773 477 476
3 775 474 774
7 503 50 664 502 102 500 14
3 203 254 252
3 778 777 776
2 780 779
4 782 701 533 781
5 468 786 785 784 783
4 790 789 788 787
5 792 308 791 371 342
4 528 526 527 139
4 188 551 794 793
2 164 163
3 797 796 795
4 801 800 799 798
3 803 516 802
4 397 806 805 804
4 809 550 808 807
9 815 50 102 514 814 813 812 811 810
2 445 816
3 819 818 817
8 819 825 79 824 823 822 821 820
3 525 368 826
3 674 828 827
2 830 829
4 831 50 102 500
5 834 368 833 832 790
2 135 251
3 445 521 835
6 836 565 566 562 563 564
5 838 790 368 837 28
2 840 839
3 264 842 841
3 845 844 843
3 537 847 846
5 254 30 203 849 848
4 102 50 850 519
3 54 381 23
2 25 127
2 445 851
3 23 852 556
3 852 507 23
3 442 35 453
4 855 854 853 303
4 239 238 237 204
3 858 857 856
2 468 783
4 84 860 139 859
6 102 298 863 862 861 788
2 38 37
4 867 866 865 864
6 394 871 393 870 869 868
3 873 872 140
3 589 875 874
4 188 199 518 685
3 517 236 626
5 880 879 878 877 876
2 881 111
8 886 885 705 879 884 880 883 882
2 831 500
2 131 630
4 54 53 381 380
2 645 887
3 890 889 888
3 111 325 891
3 176 893 892
2 128 127
3 124 49 894
3 897 896 895
2 899 898
2 900 898
4 76 73 288 210
4 904 903 902 901
3 176 905 224
2 576 906
3 909 908 907
2 911 910
3 914 913 912
3 917 916 915
2 111 881
3 702 701 918
3 111 920 919
5 925 924 923 922 921
3 928 927 926
2 930 929
4 933 932 931 261
2 934 658
6 938 937 49 936 47 935
3 710 939 709
2 940 99
2 130 308
2 840 839
3 499 942 941
3 745 944 943
3 946 945 552
2 23 947
2 949 948
5 76 73 210 93 288
2 951 950
4 54 53 381 380
2 953 952
3 956 955 954
4 5 59 263 37
5 961 960 959 958 957
3 964 963 962
3 967 966 965
2 956 955
2 969 968
2 971 970
2 590 591
2 973 972
2 975 974
2 99 976
6 245 981 980 979 978 977
4 985 984 983 982
3 988 987 986
3 991 990 989
4 190 994 993 992
5 102 473 723 996 995
3 693 692 997
2 999 998
4 666 439 29 677
3 503 102 1000
3 397 12 13
2 13 397
3 445 774 474
3 22 30 539
2 1001 552
4 1005 1004 1003 1002
5 925 1006 923 922 921
3 445 1008 1007
2 158 511
4 1012 1011 1010 1009
2 164 165
4 1015 1014 901 1013
4 1017 571 715 1016
2 135 1018
2 1019 239
2 1020 684
2 1022 1021
2 30 64
3 54 381 53
3 111 1024 1023
3 54 381 758
3 1026 1025 26
5 512 1029 1028 1027 9
2 1031 1030
6 1029 512 1027 1028 1032 9
3 944 1033 23
3 1036 1035 1034
3 5 1037 302
5 1040 124 1039 123 1038
3 1043 1042 1041
6 1048 1047 1046 1045 1044 926
5 139 1052 1051 1050 1049
4 1053 758 54 381
2 1022 1021
3 745 203 1054
5 162 712 1055 177 115
3 1058 1057 1056
3 158 124 1059
4 1063 1062 1061 1060
4 1066 47 1065 1064
3 5 1037 302
5 47 1065 1066 1067 1064
3 124 1059 1038
2 1069 1068
3 1072 1071 1070
2 1073 896
6 1078 1077 1076 1075 1074 901
4 1082 1081 1080 1079
2 1083 1020
2 1085 1084
4 1089 1088 1087 1086
3 1001 1090 552
4 188 148 1091 401
2 18 527
6 1097 1096 1095 1094 1093 1092
4 219 720 1099 1098
2 1101 1100
3 1104 1103 1102
2 1106 1105
4 705 1108 879 1107
2 99 1109
2 964 962
3 577 52 1110
3 1113 1112 1111
3 1116 1115 1114
2 23 1117
4 1121 1120 1119 1118
2 889 1122
4 170 834 1124 1123
5 860 1128 1127 1126 1125
2 131 1129
3 765 527 1130
3 1133 1132 1131
2 1135 1134
2 1137 1136
3 1140 1139 1138
2 1142 1141
3 1143 124 1059
3 1146 1145 1144
3 577 1147 1110
5 723 102 765 1130 1148
4 1151 54 1150 1149
2 1153 1152
2 1155 1154
2 914 1156
2 18 527
4 1160 1159 1158 1157
3 1163 1162 1161
2 917 516
3 1164 18 263
3 991 11 1165
3 32 139 31
3 1168 1167 1166
3 254 203 1169
2 445 537
2 54 381
2 445 537
2 1171 1170
3 1171 118 1170
3 1174 1173 1172
3 1177 1176 1175
2 1179 1178
7 1184 262 1183 1182 1181 1180 984
2 261 262
3 3 1185 2
3 442 779 1007
4 498 29 1187 1186
5 1192 1191 1190 1189 1188
4 666 1194 64 1193
4 1198 1197 1196 1195
4 219 1099 1200 1199
4 498 29 1187 1186
3 1132 1131 1201
3 1085 1203 1202
2 445 1204
4 1020 1206 677 1205
2 1208 1207
3 263 18 439
5 50 502 102 497 1209
5 550 687 1212 1211 1210
2 1214 1213
3 690 1215 23
4 555 135 1018 553
4 1219 1218 1217 1216
7 1226 1225 1224 1223 1222 1221 1220
2 1227 445
3 503 1000 500
4 30 6 1020 22
2 752 1228
3 1230 981 1229
2 5 59
3 263 18 439
3 557 1232 1231
2 1234 1233
2 740 1235
5 1239 1238 1237 1236 2
5 1244 1243 1242 1241 1240
4 1248 1247 1246 1245
7 102 50 1252 1251 1250 814 1249
9 102 50 1255 310 1254 788 101 461 1253
6 102 50 1258 1257 1256 9
3 139 264 1259
2 1261 1260
2 1263 1262
2 25 1264
5 1192 1265 1190 1189 1188
4 197 571 224 200
2 263 257
5 1270 1269 1268 1267 1266
4 765 1273 1272 1271
3 133 1275 1274
4 23 162 22 279
4 555 229 1277 1276
4 439 263 210 1278
6 1283 745 1282 1281 1280 1279
7 422 1287 1286 1285 1284 308 421
8 20 1290 19 16 1289 1288 15 14
4 267 1293 1292 1291
4 6 1277 1295 1294
5 1300 1299 1298 1297 1296
4 1017 197 1302 1301
2 1303 663
6 1283 1282 1281 745 1280 1279
5 1307 23 1306 1305 1304
2 266 471
2 25 11
4 79 1308 681 78
3 22 626 1309
7 1316 1315 1314 1313 1312 1311 1310
4 263 438 439 210
5 503 1320 1319 1318 1317
2 1322 1321
2 1323 517
2 1325 1324
4 474 475 445 1326
4 102 765 764 473
2 267 1327
3 758 54 381
3 1328 528 527
3 474 537 1329
2 479 478
2 478 479
5 1334 1333 1332 1331 1330
4 1338 1337 1336 1335
2 474 1339
3 1342 1341 1340
4 512 511 509 1343
5 1347 1346 1345 1344 809
3 5 594 4
3 1349 1348 896
2 11 445
3 1352 1351 1350
4 991 11 1354 1353
2 1356 1355
5 1361 1360 1359 1358 1357
3 135 251 133
3 203 254 848
4 442 1362 35 453
3 445 851 521
4 30 556 849 23
4 486 1364 1363 374
2 325 891
3 30 849 1365
3 1367 409 1366
2 381 23
4 1371 1370 1369 1368
6 705 555 879 229 1372 1276
6 1374 937 1373 1015 49 47
3 797 1375 796
6 102 1377 1376 473 681 8
3 486 1378 1364
4 1380 857 1379 856
3 381 1018 1381
3 23 1122 1382
4 439 1384 1383 263
2 30 539
4 508 54 381 82
2 1018 552
3 135 251 1385
2 1387 1386
4 102 50 1388 850
4 327 135 23 251
4 239 1390 237 1389
2 1391 552
3 6 275 276
2 486 374
3 1393 1392 1327
2 5 594
5 197 571 200 569 570
3 102 1395 1394
3 368 1396 312
4 54 53 381 380
3 442 537 333
4 102 1397 1376 101
5 886 705 883 1398 882
4 1402 1401 1400 1399
2 128 1403
2 111 232
3 1405 1404 131
2 165 1406
4 1409 118 1408 1407
3 1412 1411 1410
3 54 381 1381
5 148 147 714 587 1413
3 23 18 1414
4 1417 901 1416 1415
2 498 1418
2 1420 1419
5 111 1424 1423 1422 1421
4 92 91 575 87
2 1426 1425
3 23 1428 1427
3 792 371 342
4 1429 118 1408 1407
3 1430 573 130
4 860 1433 1432 1431
7 1438 50 1437 1436 1435 1434 153
2 1440 1439
2 1441 200
3 102 724 1442
4 1446 1445 1444 1443
2 99 976
2 521 445
3 30 1082 849
3 1449 1448 1447
5 1454 1453 1452 1451 1450
3 927 928 926
3 1457 1456 1455
2 1459 1458
2 1460 1277
4 1462 135 251 1461
3 896 1464 1463
3 111 1465 881
6 1471 1470 1469 1468 1467 1466
2 962 1472
4 1148 1475 1474 1473
2 1477 1476
4 1480 1479 1119 1478
3 1482 401 1481
3 1485 1484 1483
3 516 1378 1486
2 933 1487
3 1489 687 1488
2 770 1490
4 1478 1479 1480 1119
4 666 302 64 1491
2 1493 1492
3 577 480 1494
5 1497 1496 650 647 1495
4 76 73 288 210
3 873 1498 140
3 1501 1500 1499
3 1503 1502 384
3 751 753 1504
3 740 1506 1505
3 188 199 685
3 188 199 685
3 720 1508 1507
2 1510 1509
2 1512 1511
3 765 1272 1513
5 188 1515 1514 685 794
2 409 1516
7 498 1521 1520 1186 1519 1518 1517
4 135 6 1277 1295
4 26 1524 1523 1522
4 514 50 1526 1525
2 1528 1527
4 124 49 48 1529
8 102 50 1532 512 1029 1531 509 1530
3 6 130 1533
3 1536 1535 1534
4 124 49 48 1529
3 263 517 594
4 54 381 53 83
3 690 1537 688
5 439 263 340 1211 1538
3 84 517 1539
2 1541 1540
4 75 76 1542 93
6 75 288 94 93 74 73
4 1524 517 1544 1543
2 288 210
2 203 1545
3 102 92 496
2 5 59
4 54 53 381 380
5 666 1547 29 30 1546
3 102 1130 496
6 219 50 102 1099 217 1548
4 560 59 1550 1549
3 503 1000 1273
4 1549 1552 1551 235
2 262 1553
4 23 1190 1555 1554
3 135 1557 1556
3 731 25 1558
3 267 266 514
2 445 30
3 6 1560 1559
2 1561 740
4 666 5 6 327
2 687 1228
3 666 327 6
2 1019 239
2 1019 239
2 267 1562
4 731 730 771 729
3 1565 1564 1563
3 1568 1567 1566
2 723 500
4 1569 411 414 677
2 474 445
2 1571 1570
4 134 132 133 32
2 445 1572
3 73 816 445
4 54 381 380 82
2 1366 1573
3 102 51 1574
6 1577 879 555 431 1576 1575
4 58 677 60 1294
3 874 1579 1578
4 514 821 1580 822
2 81 80
7 74 1585 1584 1583 1582 1581 816
4 1589 1588 1587 1586
4 264 1591 1259 1590
6 50 1595 49 1594 1593 1592
4 439 1597 1596 438
5 1600 318 1599 1598 317
3 224 226 225
2 38 546
4 102 101 1602 1601
3 1605 1604 1603
3 347 1606 346
6 1609 1594 1593 49 1608 1607
3 38 879 1610
4 1187 1612 1186 1611
2 1614 1613
4 1618 1617 1616 1615
3 25 1620 1619
3 59 1381 1621
3 22 1623 1622
4 1624 347 1606 346
6 162 813 1628 1627 1626 1625
2 347 346
3 765 1630 1629
3 1632 121 1631
2 1633 480
3 43 39 40
4 1637 1636 1635 1634
3 23 967 279
2 630 573
5 619 618 1640 1639 1638
4 111 1643 1642 1641
2 681 8
3 126 1645 1644
4 51 1647 561 1646
5 1651 1650 745 1649 1648
2 386 385
3 1653 1652 1431
3 84 1298 1654
3 368 1656 1655
2 275 1533
3 1659 1658 1657
3 1662 1661 1660
2 25 1663
5 1667 470 1666 1665 1664
2 1669 1668
3 92 1601 1397
3 51 1574 1670
2 131 129
2 589 588
2 1671 111
3 97 96 95
4 97 98 96 1672
2 1674 1673
2 1676 1675
3 204 238 1677
3 245 981 1678
2 368 1679
5 102 473 1681 1602 1680
3 1684 1683 1682
2 1686 1685
4 1690 1689 1688 1687
3 355 357 356
2 1692 1691
2 371 342
3 1695 1694 1693
2 34 1696
3 1699 1698 1697
2 11 1700
6 203 555 1701 1018 745 254
3 203 254 848
4 327 135 23 251
3 5 59 263
2 881 111
2 486 1702
5 126 905 530 1704 1703
3 5 302 594
3 118 1705 1544
2 1018 557
5 1710 1709 1708 1707 1706
3 516 1378 1486
4 930 1712 1711 6
4 1715 1714 1713 288
3 102 681 1376
3 1716 533 187
3 690 1717 688
3 1508 1718 720
5 102 1532 512 1029 1530
7 1182 819 1723 1722 1721 1720 1719
2 111 1724
3 1727 1726 1725
2 1729 1728
7 9 555 1732 1731 1258 611 1730
8 1182 819 1737 1736 1735 1734 1720 1733
3 474 475 445
2 666 5
4 1741 1740 1739 1738
2 528 527
2 1743 1742
3 445 245 1744
4 719 267 717 1745
5 475 445 458 1746 1326
3 758 54 381
3 758 54 381
2 54 381
3 1009 1748 1747
3 1749 188 486
2 54 381
3 1751 1750 1682
2 1753 1752
3 758 54 381
2 1754 687
2 1756 1755
2 1171 1757
2 1571 1570
3 571 197 1758
2 1760 1759
2 197 1761
2 1171 1757
2 1763 1762
4 1766 1765 176 1764
2 768 767
2 203 1767
4 571 197 1017 834
3 5 263 1037
4 1770 1769 124 1768
2 1133 1771
2 1772 135
2 1630 499
3 1198 1773 1197
3 589 727 123
2 1774 971
2 763 1775
2 1776 552
3 720 1778 1777
5 50 102 473 1779 631
3 745 1781 1780
2 528 527
2 1783 1782
2 439 263
2 1782 1783
2 263 439
2 1009 1012
3 1786 1785 1784
4 1770 124 1769 1768
2 1788 1787
3 5 263 1037
2 445 1789
2 5 6
3 1208 1791 1790
2 1793 1792
3 1795 1794 84
4 731 730 1796 25
2 1798 1797
2 451 448
2 527 1799
4 766 188 486 1800
5 1801 1131 1132 1771 1133
5 1802 589 123 726 511
2 889 1803
3 1770 124 1769
2 197 1804
3 50 1805 497
2 1807 1806
2 1017 1808
3 1811 1810 1809
2 1813 1812
3 1764 176 23
4 1770 1768 124 1769
2 527 1814
3 1816 1327 1815
4 763 555 1018 1817
4 1820 102 1819 1818
3 766 188 486
4 766 188 770 1821
4 1825 1824 1823 1822
2 1826 111
3 1829 1828 1827
4 1830 188 740 486
3 1832 1224 1831
2 723 500
2 1834 1833
2 1836 1835
2 1837 111
4 148 498 1838 740
3 1841 1840 1839
5 1845 1844 1843 1797 1842
2 1847 1846
3 1810 1848 1809
4 1208 1791 1849 1790
5 666 763 6 1850 1190
3 1134 357 756
3 731 730 25
2 1851 139
4 1855 1854 1853 1852
4 1858 1857 1856 1759
2 381 1332
4 1862 1861 1860 1859
2 1864 1863
3 589 1087 1865
3 267 678 763
2 1867 1866
2 1146 1144
3 1870 1869 1868
2 1872 1871
3 528 527 1173
4 170 938 1874 1873
3 1151 1150 371
2 1876 1875
5 901 1878 1877 1380 857
3 479 478 1879
2 1881 1880
2 1883 1882
2 577 1884
3 188 486 84
3 479 478 1885
3 1887 1480 1886
3 54 53 381
4 1891 1890 1889 1888
3 1798 1892 1797
5 50 102 92 51 1819
2 1894 1893
2 1896 1895
3 1898 30 1897
3 1899 756 750
2 177 712
2 1901 1900
5 1146 1144 1063 1061 1902
3 1810 1848 1809
3 1872 1904 1903
4 1907 1332 1906 1905
2 1909 1908
2 1911 1910
2 1913 1912
3 1916 1915 1914
2 1918 1917
2 1920 1919
2 1922 1921
4 819 1182 818 1923
3 235 1925 1924
3 1928 1927 1926
7 498 1933 1932 1931 85 1930 1929
7 1938 1699 1937 1936 1698 1935 1934
2 1189 1939
3 557 1018 552
3 13 1940 12
2 1942 1941
4 695 1945 1944 1943
4 50 1947 123 1946
2 409 445
5 102 473 1602 814 1948
5 720 465 1508 1950 1949
7 333 442 1954 1953 1952 537 1951
2 1956 1955
4 1958 1009 1957 1011
4 1017 197 571 1959
3 327 1961 1960
3 1502 452 384
3 1964 1963 1962
4 69 1966 1965 70
2 327 30
4 666 327 6 677
4 666 1547 29 30
6 270 1971 1970 1969 1968 1967
5 1307 1974 1304 1973 1972
7 124 938 936 1374 49 1529 1975
6 9 1978 1977 1730 1258 1976
3 267 148 1327
4 442 1979 1190 1189
3 514 50 1980
3 1983 1982 1981
7 1986 162 813 1985 1593 1595 1984
3 458 1988 1987
3 1055 123 1989
8 267 197 571 1993 1992 1991 1017 1990
2 1994 25
5 1945 1944 1995 102 1130
2 1741 1996
2 1204 445
4 397 1099 13 12
3 1766 674 277
2 267 1789
5 2000 1999 1998 1997 516
4 719 1745 717 718
3 503 102 1000
2 267 678
4 102 50 92 514
4 102 724 1474 814
2 666 1919
3 468 1589 465
2 6 1277
3 135 1933 1295
4 677 2002 2001 1545
3 2005 2004 2003
3 135 2007 2006
3 22 1309 626
5 2009 134 2008 32 31
2 59 22
4 783 468 465 469
3 468 469 2010
2 2012 2011
3 716 2014 2013
5 517 203 254 508 2015
4 12 13 2016 10
3 30 11 1365
5 1259 537 409 333 405
3 2019 2018 2017
3 177 1397 175
5 124 2022 512 2021 2020
5 661 2025 2024 1227 2023
3 79 332 1731
2 1327 267
3 102 2026 1601
4 1549 1786 1764 176
5 203 2028 2027 745 13
2 759 760
3 687 1754 2029
4 397 50 327 2030
4 102 765 473 2031
2 2033 2032
3 2034 188 486
3 2035 245 445
2 528 527
3 1174 1172 1173
3 397 219 1099
3 2038 2037 2036
3 54 53 381
2 2040 2039
3 1230 981 1229
4 766 188 2041 486
2 263 439
4 50 102 51 2042
2 5 59
3 720 1777 1778
3 1547 29 30
2 203 1767
5 2047 2046 2045 2044 2043
4 58 2049 2048 60
3 2052 2051 2050
6 13 12 2055 2054 2053 2016
2 503 1318
2 267 2056
2 503 1318
3 263 439 2057
2 2059 2058
3 50 2061 2060
4 5 6 302 594
3 5 59 38
3 2063 2062 417
4 50 102 92 514
2 555 2064
4 2067 2066 50 2065
3 486 1364 1378
2 2069 2068
2 2070 1530
3 1374 49 2071
5 790 368 2072 236 517
5 2073 1254 310 514 1253
2 2075 2074
4 162 545 2076 543
7 2080 2079 790 368 2078 2077 834
3 555 2081 2064
3 50 102 631
2 111 232
3 533 1716 2082
3 111 881 2083
2 25 139
2 123 2084
2 232 111
3 139 368 2085
2 204 1530
4 2088 2087 593 2086
3 2089 139 1237
3 2091 2090 1574
3 124 511 2092
2 2094 2093
3 896 2096 2095
2 2098 2097
4 720 219 2100 2099
4 1040 124 511 2101
7 2108 2107 2106 2105 2104 2103 2102
2 2109 962
5 1006 2112 2111 2110 839
3 2115 2114 2113
3 188 199 685
4 262 2052 2116 1553
2 1041 2117
2 1131 1132
2 2119 2118
4 1549 59 560 1550
3 1571 2121 2120
4 2124 2123 2122 461
3 1082 2126 2125
3 2128 2127 919
3 927 2129 926
3 145 144 143
2 2131 2130
3 2134 2133 2132
3 705 2135 704
2 263 257
3 118 1705 1544
3 2138 2137 2136
3 2141 2140 2139
3 2139 2141 2142
2 2143 1990
6 1716 533 2146 2082 2145 2144
4 2150 2149 2148 2147
2 1659 2151
2 34 2152
2 5 560
4 1121 1119 1118 2153
3 2156 2155 2154
2 473 2157
3 924 2158 922
2 2159 842
2 298 788
5 1446 670 1444 2160 1443
2 2162 2161
2 1428 2163
3 1489 2165 2164
5 76 2166 288 210 1486
4 2169 2168 557 2167
5 23 2172 2171 2170 1117
2 1211 2173
2 1682 2174
3 745 555 1650
4 239 2177 2176 2175
3 102 724 1442
5 76 1486 2166 210 288
2 889 2178
5 2183 2182 2181 2180 2179
3 2185 2181 2184
4 1716 533 2145 187
4 2188 2187 2186 593
2 226 224
3 1082 2126 2125
2 1366 787
4 2192 2191 2190 2189
3 533 1716 2193
2 2195 2194
3 2198 2197 2196
5 2203 2202 2201 2200 2199
3 981 245 2204
3 2207 2206 2205
2 2209 2208
4 1925 2212 2211 2210
2 308 312
3 740 1505 1506
3 2215 2214 2213
2 2217 2216
3 574 2218 573
3 2220 1816 2219
2 2221 911
2 687 1228
3 445 308 1204
3 2223 135 2222
5 589 2224 726 123 727
3 148 2225 312
5 123 1802 1088 589 511
7 176 2230 2229 2228 2227 2226 1764
5 589 158 2232 2231 123
6 267 2236 2235 2234 1173 2233
4 261 2239 2238 2237
4 589 727 1088 511
3 54 381 53
3 445 1227 537
2 2241 2240
2 263 439
2 555 1018
2 263 439
2 2243 2242
3 2246 2245 2244
3 5 263 439
3 670 23 1115
3 2248 1252 2247
3 2250 555 2249
2 2252 2251
2 1840 1020
3 124 1769 1059
7 50 2257 2256 2255 92 2254 2253
6 50 102 473 677 51 2042
3 2260 2259 2258
2 1786 2261
3 2263 1322 2262
6 261 262 2239 2264 2238 2237
3 327 2266 2265
2 473 1819
4 740 84 148 498
2 1171 1352
4 2269 1480 2268 2267
3 2270 1550 1194
5 2034 188 148 401 486
2 674 302
3 1593 1374 49
2 1019 239
4 727 589 726 511
3 2272 2271 1059
2 765 2273
4 170 2079 737 738
2 2275 2274
2 2277 2276
3 678 54 381
3 2279 2278 721
2 1807 1806
3 2281 2280 864
2 770 2282
4 50 102 497 631
2 670 23
2 1847 2283
2 2285 2284
2 1104 1103
2 731 25
3 2286 480 1884
2 1781 1780
3 1133 1131 1132
2 2287 11
6 102 1944 2289 2288 473 1819
3 2291 2290 1110
3 1853 2292 1852
2 1356 1444
2 2293 759
4 2295 2294 1751 1682
2 1131 1132
5 123 2298 1308 2297 2296
6 50 102 92 51 1805 1819
2 1137 2299
3 2302 2301 2300
3 756 2304 2303
2 730 2305
3 2308 2307 2306
3 1659 2215 2214
3 1916 1914 2309
3 2311 124 2310
2 1832 2312
2 386 2313
5 729 731 25 2305 2314
2 2227 1764
3 740 148 312
3 2317 2316 2315
3 2319 2318 1137
2 723 500
4 825 1769 124 1059
2 1896 2320
4 2324 2323 2322 2321
4 2303 2325 756 2304
5 2047 2045 2044 2046 2043
2 148 739
4 1158 1157 1160 1159
3 589 727 123
5 1830 188 2327 2326 793
2 30 22
2 2329 2328
2 1019 239
4 751 720 219 1099
2 18 263
4 722 721 720 219
2 1786 2330
5 2333 2332 2331 226 224
2 445 1007
4 1793 2335 1792 2334
4 2339 2338 2337 2336
3 1259 2340 1237
3 486 199 2341
3 83 59 2342
5 1609 2344 49 2343 1607
3 51 2345 1574
2 2346 11
3 22 2346 816
3 2349 2348 2347
10 470 2358 2357 2356 2355 2354 2353 2352 2351 2350
3 6 275 2359
2 2361 2360
4 185 184 2363 2362
3 203 254 2364
3 2367 2366 2365
6 2372 2371 541 2370 2369 2368
2 445 2373
3 22 2375 2374
6 2378 1087 727 901 2377 2376
2 298 295
2 2380 2379
3 465 2382 2381
2 99 2383
3 30 22 2375
2 127 2384
2 2386 2385
2 199 2387
3 2390 2389 2388
3 54 381 83
3 60 2391 58
3 1498 2393 2392
2 889 2394
2 2396 2395
2 131 2397
3 97 96 2398
3 2401 2400 2399
4 2403 18 948 2402
3 2405 2404 1189
2 2407 2406
3 250 11 1259
3 456 133 455
7 2414 2413 2412 2411 2410 2409 2408
6 2417 162 467 466 2416 2415
5 22 1623 29 59 2418
3 439 263 2419
4 135 290 557 2420
3 397 396 2421
3 2089 2423 2422
3 203 1661 202
5 783 135 2426 2425 2424
2 267 2427
5 203 2428 745 1054 13
2 1789 445
2 263 439
6 1807 1806 2430 1444 2429 1356
2 5 263
4 2431 188 487 486
4 758 54 53 381
2 555 763
4 761 1384 760 759
3 2433 2432 555
5 451 2434 449 447 448
2 445 1789
4 2437 984 2436 2435
3 2438 124 1374
3 2440 2439 26
3 54 381 53
4 313 2441 502 308
3 1916 2443 2442
3 690 124 2275
3 197 1332 1992
2 1751 1682
5 666 5 555 263 763
4 938 2445 1113 2444
3 2447 327 2446
3 1133 1131 1132
2 2449 2448
2 2450 2138
3 1174 1172 1173
2 2451 763
4 1751 2452 1682 1068
3 124 1537 690
2 1807 2453
2 2215 2454
5 2459 2458 2457 2456 2455
2 2461 2460
3 1448 690 2275
4 2464 2463 2301 2462
2 1807 1356
2 2466 2465
4 759 2467 854 760
4 2470 313 2469 2468
4 2474 2473 2472 2471
3 118 2476 2475
2 2217 2477
2 2479 2478
2 1501 2480
2 889 1803
2 2442 1916
2 164 2481
3 1786 176 1764
3 2483 2482 1921
2 1807 1806
7 2490 2489 2488 2487 2486 2485 2484
2 2492 2491
2 2494 2493
5 2474 2495 2473 2472 2471
2 758 381
2 770 2496
2 2498 2497
2 5 59
4 2502 2501 2500 2499
4 102 50 9 519
2 452 453
2 2080 235
4 458 2504 2503 1988
3 1204 516 1378
3 2505 503 500
4 397 2507 2506 13
2 1833 1834
2 2509 2508
4 666 5 327 6
5 2511 674 2510 59 22
6 267 2515 2514 2513 2512 763
3 2518 2517 2516
4 2521 2520 2519 1746
3 2524 2523 2522
2 1892 1798
4 2527 458 2526 2525
2 267 266
2 203 22
6 50 102 861 92 153 1434
4 102 92 1376 681
2 267 266
3 1704 25 139
5 266 473 472 471 470
5 23 288 210 279 74
5 288 76 210 287 74
2 2528 355
4 2049 2531 2530 2529
3 73 74 816
3 264 1237 1266
3 666 5 677
3 176 1764 239
2 267 1778
2 1742 1743
2 483 458
2 445 1007
4 442 537 1951 2532
5 50 102 92 514 1388
2 30 539
4 50 102 92 2533
4 2537 2536 2535 2534
3 445 1007 522
2 1017 2538
3 2540 2539 841
3 91 2541 92
2 445 1007
4 2543 2103 2542 2106
4 102 473 2544 9
4 552 1090 2546 2545
2 705 883
4 2550 2549 2548 2547
2 2552 2551
7 1023 2554 881 2083 1465 2553 111
4 2557 1412 2556 2555
2 2559 2558
5 76 210 288 1486 2166
3 102 496 681
3 2168 23 1414
4 2563 2562 2561 2560
5 517 790 368 2015 236
3 239 1390 237
3 239 1390 237
3 517 236 2015
2 2565 2564
5 135 251 139 1018 1556
3 763 486 374
4 203 555 1018 254
4 54 53 381 82
2 308 371
6 135 2089 1808 264 1556 139
3 30 1020 22
2 2566 642
2 148 2567
8 123 2574 2573 2572 2571 2570 2569 2568
3 762 313 1505
8 2577 102 2576 2090 2091 1577 2060 2575
2 2578 264
4 2582 2581 2580 2579
2 123 49
3 2585 2584 2583
4 1048 2587 2586 926
3 2590 2589 2588
4 54 381 53 52
4 1716 533 2591 2146
2 131 2592
2 185 2593
4 5 59 541 38
5 1040 1039 124 2594 894
5 1040 124 1039 511 894
5 197 571 1017 715 2538
3 5 541 38
3 2185 2181 2179
2 905 2595
3 2088 2087 2596
2 2170 1117
3 1659 2151 2597
3 2600 2599 2598
6 1017 197 571 1194 1959 2601
4 1045 1047 926 2602
5 2605 2604 2603 1217 1216
2 1798 1797
6 1699 2608 203 2064 2607 2606
2 2610 2609
3 2613 2612 2611
5 2618 2617 2616 2615 2614
2 18 14
2 2619 1459
2 753 1504
3 2622 2621 2620
3 2624 2623 593
4 860 1431 1321 2625
2 2627 2626
4 203 2064 2628 760
3 2631 2630 2629
2 1405 131
2 2138 2137
3 774 2633 2632
4 2637 2636 2635 2634
3 2639 2638 552
4 23 2168 1382 2640
3 2642 384 2641
3 516 1204 2643
3 634 999 2644
5 158 2647 2646 2645 864
4 533 1716 2648 2082
3 2650 2247 2649
3 2632 2633 774
2 1030 1031
2 1356 2651
2 2653 2652
3 54 2654 947
3 720 2656 2655
3 1716 533 2082
5 2660 433 2659 2658 2657
4 2450 2138 2136 2137
2 2181 2183
2 2662 2661
3 2665 2664 2663
2 2666 1110
2 577 1110
2 190 189
4 2670 2669 2668 2667
2 889 2178
2 1994 25
5 2673 2672 2671 1231 557
2 1217 2674
2 1239 2675
4 397 690 805 804
2 2677 2676
3 2680 2679 2678
4 2681 555 135 1018
3 2506 2683 2682
3 1872 1871 2684
2 2686 2685
4 537 1366 2687 456
5 118 1524 716 1543 116
2 716 1582
3 64 2689 2688
2 695 694
2 23 33
2 84 85
4 445 780 816 1572
2 2690 140
4 197 1600 1381 2691
4 64 302 2689 2692
4 938 937 49 2344
3 2695 2694 2693
4 545 162 543 542
2 59 22
2 203 250
5 124 123 49 47 2696
4 54 381 380 83
4 2138 1015 2697 2137
4 514 50 2698 1980
5 124 1448 511 509 2699
3 59 2227 122
3 308 84 265
3 54 83 53
2 2701 2700
2 1747 2702
3 18 340 14
4 379 378 2703 585
3 905 224 2704
3 2707 2706 2705
2 59 5
3 97 96 2708
4 555 879 1276 876
4 99 976 940 100
2 164 163
2 2710 2709
6 567 2715 2714 2713 2712 2711
4 378 2703 585 379
3 475 2717 2716
4 589 2101 874 2718
5 102 50 519 514 1681
5 97 98 96 2719 1672
4 2723 2722 2721 2720
2 574 573
4 2727 2726 2725 2724
4 325 2728 1690 1687
3 721 1018 2729
3 2731 1771 2730
3 124 2733 2732
8 942 2739 2738 2737 2736 2735 2734 774
3 188 199 198
6 1452 1041 2742 2741 2117 2740
4 102 814 473 2743
5 123 2746 2084 2745 2744
4 503 374 1318 2747
3 70 1960 2748
3 288 846 526
4 139 130 2749 1460
2 953 952
5 511 2020 2750 1530 2021
5 76 93 288 75 73
4 465 1217 1508 469
2 195 576
2 2752 2751
2 2283 2753
3 2755 516 2754
2 969 968
3 2757 143 2756
4 1615 1618 1617 1616
3 2760 2759 2758
2 2752 2761
2 645 887
6 1553 2766 2765 2764 2763 2762
4 2311 2768 1258 2767
5 102 50 519 514 1681
6 2774 2773 2772 2771 2770 2769
2 604 2775
4 2779 2778 2777 2776
4 2080 139 1259 2085
2 30 539
2 30 539
3 123 2780 1946
2 139 1808
2 2781 841
2 1155 2267
2 23 1414
3 2783 2782 1390
4 666 2784 30 22
4 2788 2787 2786 2785
3 203 1961 254
2 1082 2126
4 445 176 177 1227
3 2088 2087 2596
2 1131 1132
4 670 23 1190 2160
4 158 124 511 1038
3 981 245 2204
5 50 102 51 92 2533
4 263 2789 340 18
5 1047 2791 1045 2790 926
2 890 256
3 475 458 2792
3 5 59 263
4 2793 76 1486 210
6 2797 2796 2795 2794 1211 1105
3 176 1227 177
6 1047 927 1044 2791 1045 926
3 368 790 832
4 938 2798 1374 49
2 60 593
4 2802 2801 2800 2799
4 2806 2805 2804 2803
6 589 2808 2101 2231 123 2807
2 445 1007
2 2809 1067
5 2793 76 2811 2810 1486
3 1374 2812 49
6 2817 2816 2815 2814 1579 2813
2 2632 774
2 96 266
3 1133 2818 2730
2 308 371
3 261 2819 2237
3 2821 2820 407
2 124 511
6 2823 1047 1045 2822 927 926
3 720 2825 2824
3 190 992 189
2 2827 2826
5 1047 2828 1045 2791 926
5 762 740 148 147 312
3 720 219 721
3 2829 486 374
2 762 740
3 2678 2830 2679
2 236 517
2 2281 864
2 712 177
2 1133 1801
3 2831 2240 2241
5 1047 1044 1048 1045 926
4 1020 30 6 22
3 188 2326 84
4 901 1077 1076 1074
2 2833 2832
3 577 480 1884
2 2835 2834
3 1552 1551 235
2 999 2644
2 2837 2836
2 54 947
3 2090 51 1647
2 2215 2214
5 2817 2838 2814 2813 1579
2 2839 981
3 2080 1990 1123
4 1013 2841 901 2840
5 2846 2845 2844 2843 2842
2 560 1550
4 2847 1630 499 1272
2 176 238
2 1502 384
4 2850 2849 1637 2848
2 740 1235
3 313 2852 2851
2 574 573
3 2291 1147 1110
3 766 188 2326
3 124 1059 1038
3 942 2854 2853
3 730 371 308
2 2281 864
3 411 1569 2855
2 723 996
2 2857 2856
4 1798 2859 2858 473
3 2861 748 2860
2 2863 2862
2 1741 1738
3 2 457 2864
3 2866 73 2865
3 409 1366 1259
4 2869 2868 2867 2712
2 1988 2870
10 102 50 2872 2231 1254 461 1397 101 2871 1253
4 474 2875 2874 2873
4 439 263 438 2876
2 2878 2877
2 416 415
5 1194 2882 2881 2880 2879
3 667 2884 2883
2 2886 2885
7 550 267 2890 2889 2888 1000 2887
3 1327 2892 2891
14 1277 2897 11 2896 555 135 2895 1295 2894 1276 23 6 2893 133
5 262 2901 2900 2899 2898
4 555 553 2902 572
5 23 517 1593 732 508
6 102 50 310 1254 514 1253
6 111 50 102 2066 2903 1023
6 102 2906 2905 2904 8 9
4 102 50 514 2065
5 102 2907 50 92 514
4 445 1007 522 521
3 158 2908 926
4 51 50 2090 1574
2 585 949
3 498 2110 2909
3 64 302 2910
5 111 1023 881 919 920
3 740 1506 1505
2 926 927
4 123 1013 1150 2911
2 111 232
2 5 594
2 2913 2912
3 111 881 232
4 1192 1190 1189 1188
3 111 1023 2083
2 2915 2914
3 589 371 894
5 814 2916 102 724 1442
4 2103 2918 2106 2917
4 517 2920 2919 508
3 245 981 2921
3 720 1508 2099
2 956 955
3 2922 1132 1131
4 2925 2924 2923 163
4 158 2647 2645 864
3 5 38 37
3 984 982 2926
4 76 73 210 288
2 2927 2749
6 893 2932 2931 2930 2929 2928
3 745 944 943
3 2934 2094 2933
5 2939 2938 2937 2936 2935
2 298 788
2 1510 1509
6 2942 2271 124 1059 2941 2940
5 2593 184 2944 185 2943
2 2131 2130
3 188 199 685
6 245 981 980 2946 2945 979
2 633 2947
2 1323 2948
3 2539 1049 1396
2 947 18
4 2256 2949 893 176
2 2950 645
3 54 381 1381
5 102 473 723 996 995
2 131 630
3 770 1490 2951
2 1049 265
5 124 1059 2952 2941 343
3 148 147 587
3 2121 2953 2120
2 574 573
2 2954 1110
2 2956 2955
3 5 38 540
4 516 2754 1486 2957
2 1793 2958
6 2962 2846 2961 2960 2372 2959
3 528 527 2963
2 713 573
4 2967 2966 2965 2964
2 2969 2968
3 188 199 2970
2 118 2971
5 249 1943 664 2973 2972
6 2978 2977 2976 2975 6 2974
2 2980 2979
4 1786 29 2982 2981
3 368 139 2085
4 577 480 1494 2983
4 2986 716 2985 2984
2 2987 1110
2 1119 1478
6 1130 102 765 723 1148 1473
4 2991 2990 2989 2988
4 238 176 2993 2992
6 102 2996 2995 2994 1601 2026
3 263 439 210
2 2998 2997
2 3000 2999
3 3002 250 3001
4 1793 3004 1412 3003
3 783 135 2424
4 1194 517 1301 3005
2 2423 3006
2 250 3007
7 2064 413 3010 553 3009 252 3008
4 3014 3013 3012 3011
2 397 327
2 397 327
5 663 3018 3017 3016 3015
3 1832 139 3019
6 3025 3024 3023 3022 3021 3020
3 2089 3026 264
2 3028 3027
3 102 92 496
5 1986 162 3030 1055 3029
4 1716 533 2146 2591
4 633 3032 1054 3031
3 1964 3034 3033
3 719 2882 718
2 1261 3035
4 662 661 409 660
2 901 3036
3 1191 3038 3037
6 2627 3043 3042 3041 3040 3039
3 3045 517 3044
2 3047 3046
2 327 326
4 3051 3050 3049 3048
4 715 1194 3053 3052
4 3057 3056 3055 3054
2 11 3058
3 379 949 3059
4 3063 3062 3061 3060
3 3066 3065 3064
4 38 879 1610 3067
2 320 3068
3 445 2346 73
2 82 3069
2 139 3070
4 3074 3073 3072 3071
5 30 286 285 284 884
4 298 297 296 295
2 3076 3075
3 573 3077 630
3 319 317 3078
2 34 3079
4 3083 3082 3081 3080
3 3086 3085 3084
3 111 1641 1724
2 2121 3087
3 111 1724 1641
4 59 5 204 2342
5 3092 3091 3090 3089 3088
3 38 3093 546
5 18 948 3095 339 3094
3 3007 250 3096
5 270 3099 1971 3098 3097
2 347 346
3 99 3100 2383
2 92 91
3 97 96 2398
2 3102 3101
2 1489 3103
2 111 1641
3 139 2700 3104
2 2760 3105
2 1699 3106
3 3107 325 324
6 199 187 312 486 3109 3108
3 340 339 3110
3 379 378 3111
2 3113 3112
5 319 3117 3116 3115 3114
2 374 373
3 442 3119 3118
4 298 297 296 295
3 2539 3121 3120
3 3123 163 3122
4 3124 1597 1596 438
4 267 2234 2235 763
2 666 677
3 3126 3125 120
5 197 571 1017 1990 1016
3 762 147 2469
2 1786 1784
3 1380 1014 901
2 690 739
2 533 2648
5 102 1130 473 496 732
2 2088 2087
2 5 59
3 3126 3125 120
5 50 102 1805 473 497
5 197 571 1017 3127 1016
5 3129 1078 901 1075 3128
5 1832 1831 3132 3131 3130
6 170 3136 3135 3134 3133 169
2 580 3137
4 79 332 77 3138
3 468 783 785
5 135 674 57 3139 1295
2 267 1227
5 50 120 123 309 1946
4 29 22 1187 1418
4 50 102 92 514
4 555 203 254 1018
4 442 537 1951 2532
3 1229 3140 1366
3 261 2036 2947
3 3141 204 121
3 1716 533 187
3 1571 2121 2120
4 517 2920 2919 508
5 512 102 814 1532 9
2 188 793
3 263 18 439
5 76 1486 2166 210 288
2 3143 3142
4 267 516 79 514
5 139 3144 539 1264 25
6 126 905 530 1703 3145 1704
5 124 512 1029 511 509
4 3149 3148 3147 3146
3 18 340 263
7 503 2505 3151 219 3150 9 217
5 18 263 439 14 340
4 50 327 2067 397
4 25 203 539 250
4 677 2002 1450 1545
6 397 3155 3154 3153 3152 539
5 53 54 3156 381 82
2 23 22
5 555 879 11 572 1276
2 5 59
3 790 3157 787
2 23 22
5 263 2789 14 340 18
2 445 1007
5 135 3160 3159 2127 3158
3 239 1390 3161
3 1659 3163 3162
2 1082 2126
4 54 53 381 82
4 2817 2814 1579 2813
3 148 187 2567
2 3165 3164
2 445 1007
3 3167 3166 1948
6 2185 2182 2181 2180 2179 3168
3 2015 236 517
2 30 22
3 1020 22 539
3 516 917 3169
3 1830 188 793
2 23 1414
3 1537 1272 3170
3 901 600 1074
2 5 302
6 3172 1047 1045 3171 2587 926
4 124 511 3174 3173
2 3176 3175
2 1131 1132
4 54 53 2654 381
3 2621 2622 2620
5 1047 2822 1045 2790 926
3 1855 3178 3177
2 1018 3179
5 1515 188 199 3180 685
4 3181 188 486 199
5 3184 919 3183 3182 111
5 76 210 2166 1486 288
5 219 3186 217 3185 1099
3 3187 2584 2583
3 176 238 177
3 2185 2181 2179
4 1089 2215 3188 99
6 751 720 219 1099 753 1504
2 3190 3189
3 1482 3192 3191
2 1018 553
6 512 1029 3195 3194 3193 9
4 533 1716 2591 2146
2 131 3196
4 901 1074 1055 600
5 50 2256 102 2257 14
3 2631 3197 1303
2 128 3198
3 1217 126 2674
3 3200 2173 3199
3 2185 2181 2179
3 555 3202 3201
5 3207 3206 3205 3204 3203
2 3208 84
3 574 2218 573
3 1020 539 22
4 1459 732 3209 1020
2 3210 118
3 2987 2983 1110
5 433 2659 2658 2657 2660
3 111 3184 3211
3 947 54 2654
3 480 3213 3212
4 3215 486 374 3214
4 1958 1009 1011 1957
2 574 573
4 3216 2450 2138 2137
5 123 1055 3218 589 3217
3 731 697 698
2 1058 1056
2 705 879
3 723 996 3219
4 1119 3222 3221 3220
2 765 1272
2 3224 3223
2 84 3225
2 3226 2173
3 1829 3227 1827
2 1031 3228
2 1069 1068
5 412 3231 411 3230 3229
3 1806 889 1122
4 135 468 783 3232
3 3 3234 3233
5 3239 3238 3237 3236 3235
3 3242 3241 3240
3 719 267 718
4 397 3243 2030 13
5 3247 3246 3245 3244 2675
3 1742 1788 1787
8 491 3252 3251 3250 3249 3248 19 479
4 3256 3255 3254 3253
2 2665 332
3 765 102 473
2 102 473
3 666 5 263
4 766 188 199 486
4 731 771 1210 1762
5 50 102 473 92 51
4 1798 1892 3258 3257
2 1764 23
5 1332 1334 1330 1331 3259
2 731 25
4 766 188 3260 486
4 2034 188 486 3261
2 3263 3262
2 3265 3264
5 766 188 3260 486 327
4 690 3267 1537 3266
3 139 264 3268
5 251 25 3271 3270 3269
3 267 148 1327
4 3273 3272 313 308
2 124 690
2 666 5
2 313 308
3 687 3274 1754
3 443 444 445
3 666 5 763
2 666 5
2 267 2233
2 5 263
3 54 53 381
2 3276 3275
2 760 759
2 760 759
3 54 53 381
4 3277 124 2275 690
3 102 765 473
2 313 308
5 102 267 765 473 2958
4 2428 745 203 13
3 188 2670 3278
4 148 3273 3272 313
4 528 188 527 3279
3 967 3280 445
3 118 3282 3281
2 1356 1807
2 3284 3283
2 118 2475
3 124 1537 690
3 197 1332 1992
2 3286 3285
3 1886 3288 3287
4 3291 3290 2797 3289
3 3293 3292 1356
2 1561 740
3 3295 3294 327
3 1770 124 3296
4 3297 124 690 1537
2 3298 1824
3 148 3299 188
2 2482 1921
2 1332 3300
3 981 1230 2497
3 3303 3302 3301
2 3304 2482
2 3306 3305
3 445 816 2346
6 879 555 1577 431 1575 3307
3 679 851 445
3 381 1309 1381
5 25 3311 3310 3309 3308
3 319 3313 3312
2 332 3314
4 2089 139 264 1237
5 516 3315 784 2363 2803
4 51 102 561 3316
4 123 48 47 309
4 124 2344 49 3317
5 30 286 285 284 283
3 3320 3319 3318
4 12 13 3322 3321
3 967 1661 23
4 514 50 2698 1980
3 124 3323 2101
4 204 176 1389 238
2 445 816
4 790 3326 3325 3324
2 3328 3327
2 872 3329
3 442 3331 3330
2 790 3332
5 51 92 50 1574 561
2 110 111
3 3334 176 3333
2 1538 340
2 312 314
2 3335 340
3 545 3337 3336
4 1194 197 1301 3005
3 59 2227 122
3 991 3339 3338
3 3341 3340 320
4 50 3344 3343 3342
4 3347 722 3346 3345
2 951 3348
2 23 1661
3 879 876 3349
2 128 127
5 790 3351 3350 3332 400
5 796 797 795 2720 3352
4 204 176 203 202
5 571 197 569 200 570
2 357 355
3 43 3353 39
3 3356 3355 3354
2 199 3357
4 602 3359 3358 192
4 64 555 3361 3360
4 555 879 1276 572
3 97 96 95
4 98 97 96 95
5 714 148 147 1413 587
3 38 3362 3093
3 3364 1778 3363
3 3367 3366 3365
7 199 655 3371 3370 3369 3357 3368
4 111 555 612 611
4 3375 3374 3373 3372
3 3378 3377 3376
3 3381 3380 3379
3 267 148 1327
3 3384 3383 3382
4 203 368 848 250
4 340 439 263 1538
2 245 1329
3 537 445 409
3 3386 3385 1327
3 1772 135 2222
3 2433 2600 555
3 397 12 13
2 445 1789
2 3388 3387
3 124 1769 1768
3 3389 1009 1747
3 1133 1131 1132
3 1772 135 30
3 666 327 6
3 5 381 1020
3 770 1832 890
2 118 2475
2 3391 3390
2 3393 3392
2 445 1789
2 3395 3394
2 1793 3396
3 3397 176 2226
3 666 2600 555
2 1798 3176
2 2050 3398
3 1766 176 1037
3 148 740 739
3 3400 3399 3189
2 3402 3401
3 1751 2452 1682
3 1770 3403 1769
2 3405 3404
2 3376 3406
3 981 1230 3407
2 1058 1056
2 3395 3394
3 2285 3408 2284
4 719 1745 717 718
3 3411 3410 3409
2 1786 2261
3 860 1795 84
2 670 23
2 3413 3412
2 1795 84
3 1795 1794 84
4 1384 3416 3415 3414
2 3418 3417
2 555 1018
3 1786 3419 176
2 1356 3420
6 50 102 92 51 1819 1805
2 1941 3421
2 3422 2442
2 2449 3423
3 1751 2452 1682
5 451 445 449 447 448
2 2324 3424
3 1131 1132 1133
2 765 1273
3 2271 1059 2272
3 1171 2657 1757
3 1356 1806 1807
3 938 170 3425
2 3427 3426
5 719 267 717 1745 718
3 3429 3428 1827
5 720 102 219 1099 1718
3 3432 3431 3430
3 2134 2133 3433
2 474 3434
3 3436 1008 3435
3 1723 3438 3437
4 203 254 252 250
7 102 50 1376 3441 3440 3439 814
6 432 2683 3442 732 1204 1017
2 537 333
2 3443 335
2 3445 3444
2 3447 3446
2 79 278
4 102 815 2026 1397
3 439 263 438
3 1816 1327 3448
4 120 121 3449 123
5 197 571 1990 715 1017
3 397 12 13
2 3451 3450
5 3453 589 123 3452 728
5 2817 511 2814 1579 3454
3 3455 2787 1387
5 102 724 723 502 500
6 766 188 487 2041 486 2326
4 3457 3456 1009 1012
3 924 923 922
2 3458 831
2 2821 407
5 550 3460 3459 1212 1211
2 1108 705
2 1009 1012
3 3461 2040 2039
2 687 1228
2 765 1273
6 50 2256 2257 497 102 14
4 176 1085 239 1084
2 99 3462
4 577 480 1884 52
3 3465 3464 3463
2 3462 99
3 2741 2618 3466
4 3469 3468 1252 3467
5 2838 2817 2814 511 1579
2 3470 1808
6 3473 1842 3472 3471 1562 1842
4 3474 1051 1050 1049
2 1104 1103
2 3475 19
3 589 511 1802
2 2283 2538
7 50 502 798 102 473 497 3476
4 3478 52 3477 22
2 684 1020
3 54 3479 1150
6 589 3480 158 2232 123 1802
5 639 3482 1190 6 3481
3 770 1133 3483
4 1163 1682 1162 1161
5 3485 176 1786 3484 1784
5 50 102 92 51 2916
6 50 102 473 51 2575 2042
9 123 589 3490 3489 3488 3487 3486 3449 3480
2 118 2475
2 1786 439
2 118 1161
3 51 2090 3491
3 1233 1979 1234
2 3492 1106
4 1716 533 2146 2591
2 574 573
3 2271 2272 1059
2 332 3493
3 1133 1131 1132
4 3497 3496 3495 3494
2 527 1799
3 3500 3499 3498
3 1108 879 705
3 2270 3501 1194
3 3504 3503 3502
2 3506 3505
2 3507 38
2 3508 1734
3 1883 1882 3509
3 1133 1131 1771
3 98 3511 3510
3 3513 3512 1272
4 102 1397 1601 2026
3 690 1537 688
5 3517 1843 3516 3515 3514
