4 74 78 32 25
4 19 81 65 17
4 28 22 40 70
4 9 45 53 21
4 51 75 68 60
4 5 69 31 57
4 38 13 36 58
4 35 27 43 18
2 74 81
2 28 45
2 9 22
2 19 78
2 69 51
2 5 75
2 35 13
2 69 38
2 28 74
2 5 35
2 9 19
2 28 69
2 9 5
2 69 5
2 28 9
4 43 83 70 39
4 75 35 65 5
4 9 21 82 45
4 69 28 49 47
4 38 13 58 60
4 26 40 27 68
4 31 19 53 16
4 14 51 78 22
2 9 28
2 43 35
2 83 75
2 69 21
2 38 40
2 31 51
2 26 13
2 19 14
2 9 43
2 31 38
2 19 26
2 69 83
2 9 31
2 69 19
2 31 19
2 9 69
4 38 40 69 36
4 74 54 75 45
4 14 4 44 51
4 60 43 56 19
4 9 13 32 73
4 28 49 77 65
4 68 81 35 18
4 31 48 83 27
2 38 54
2 14 43
2 74 40
2 60 4
2 9 49
2 68 48
2 28 13
2 31 81
2 68 9
2 38 14
2 28 31
2 74 60
2 68 38
2 28 74
2 74 38
2 68 28
4 43 40 59 9
4 28 27 4 49
4 81 19 61 48
4 68 18 45 58
4 74 51 21 36
4 1 23 80 56
4 38 35 44 72
4 75 54 13 73
2 43 27
2 18 81
2 68 19
2 28 40
2 74 23
2 38 54
2 1 51
2 75 35
2 74 38
2 43 18
2 68 28
2 75 1
2 74 43
2 75 68
2 68 43
2 75 74
4 68 32 22 60
4 19 26 1 71
4 28 74 44 41
4 35 40 66 65
4 56 18 55 81
4 38 45 69 51
4 13 9 27 20
4 75 15 53 70
2 68 26
2 28 40
2 19 32
2 35 74
2 56 45
2 15 13
2 38 18
2 9 75
2 68 28
2 56 15
2 35 19
2 9 38
2 56 68
2 9 35
2 68 35
2 56 9
4 21 78 43 9
4 75 1 59 61
4 38 50 60 8
4 27 81 35 22
4 68 7 36 70
4 26 19 28 49
4 40 56 69 32
4 51 31 83 53
2 68 1
2 19 21
2 78 26
2 75 7
2 81 40
2 38 31
2 27 56
2 38 19
2 68 81
2 27 75
2 50 78
2 68 27
2 38 50
2 50 27
2 38 68
4 38 62 5 24
4 56 54 30 36
4 9 21 59 70
4 49 1 75 34
4 74 40 31 27
4 68 29 65 81
4 52 19 14 53
4 28 69 12 51
2 56 62
2 38 54
2 9 1
2 21 49
2 68 40
2 74 29
2 69 52
2 28 19
2 9 56
2 38 21
2 74 28
2 69 68
2 38 74
2 9 69
2 69 74
2 9 38
4 52 13 81 14
4 38 26 83 36
4 68 75 27 67
4 49 34 28 4
4 40 7 56 62
4 74 70 31 5
2 68 31
2 75 13
2 26 70
2 52 28
2 74 7
2 56 49
2 34 40
2 56 75
2 38 74
2 34 68
2 26 52
2 56 34
2 38 26
2 26 34
2 38 56
4 56 33 30 81
4 36 52 28 46
4 38 60 24 26
4 68 29 14 11
4 75 31 43 27
4 19 7 74 39
2 36 14
2 33 60
2 28 38
2 68 74
2 7 52
2 56 43
2 29 75
2 19 31
2 28 29
2 56 7
2 68 33
2 19 36
2 28 56
2 68 19
2 56 19
2 68 28
4 28 56 34 27
4 40 1 31 37
4 46 9 10 57
4 38 75 76 48
4 21 68 43 24
4 5 19 22 35
2 40 34
2 31 46
2 38 22
2 9 56
2 68 5
2 19 1
2 75 21
2 9 38
2 68 40
2 28 19
2 31 75
2 68 9
2 28 31
2 9 31
2 28 68
4 22 56 36 82
4 68 30 48 54
4 31 28 10 6
4 19 9 33 42
4 76 75 29 73
4 38 46 24 80
3 22 46 31
3 68 19 75
3 56 38 28
3 9 30 76
2 56 22
2 68 9
2 22 9
2 56 68
4 56 28 9 10
4 22 68 53 40
4 30 38 75 26
4 82 74 24 65
4 74 56 68 30
4 28 38 22 82
2 38 56
2 28 74
4 68 68 54 45
4 29 38 24 3
4 74 26 34 43
4 22 28 56 63
4 74 38 68 28
4 68 22 26 29
2 22 38
2 68 74
4 46 40 31 6
4 56 43 26 64
4 38 19 52 33
4 68 82 34 5
2 43 46
2 56 40
2 38 82
2 68 19
2 38 43
2 56 68
2 68 43
2 38 56
4 19 43 40 9
4 68 28 75 13
4 35 10 38 34
4 46 72 56 54
2 19 28
2 68 43
2 46 10
2 35 72
2 68 46
2 19 35
2 35 46
2 19 68
4 46 29 43 14
4 68 54 56 13
4 38 33 40 75
4 10 19 28 34
2 54 46
2 33 10
2 38 19
2 29 68
2 33 29
2 38 54
2 54 29
2 38 33
4 68 76 33 28
4 9 29 1 24
4 26 17 10 40
4 38 46 19 30
2 38 17
2 9 76
2 26 46
2 68 29
2 38 9
2 26 68
2 9 68
2 38 26
4 38 29 9 40
4 10 68 50 27
4 43 30 33 24
4 19 13 56 31
2 30 13
2 43 19
2 68 29
2 10 38
2 68 30
2 10 43
2 30 43
2 68 10
4 38 29 13 40
4 75 19 54 81
3 26 56 1
2 43 67
4 43 38 26 75
2 13 68
2 10 79
2 26 30
2 2 52
2 9 31
2 56 62
2 38 22
2 33 74
2 10 13
2 26 2
2 56 9
2 38 33
2 10 26
2 56 38
2 38 26
2 56 10
2 75 38
2 10 39
2 13 74
2 56 81
2 33 52
2 26 28
2 30 9
2 68 31
2 30 10
2 56 75
2 68 26
2 33 13
2 56 30
2 33 68
2 68 30
2 56 33
4 28 54 9 40
3 29 38 67
3 43 52 82
3 81 1 31
2 28 81
2 43 29
2 43 28
