1 0.20908909448038282
2 0.2630876686088824
3 1.27836735114653
4 2.280876758819166
5 1.195604552168811
6 3.39334459902734
7 1.989095473480477
8 13.759475307829755
9 0.9826468928604584
10 0.16132706391334767
11 71.08720783105392
12 0.6442969370556
13 2.018284537139983
14 0.3475161166099589
15 0.5665167627036133
16 3.7921364465419938
17 16.408494438284546
18 0.3319183934455799
19 216.13509682202684
20 4.440731192178555
21 0.18162061938415788
22 0.23946224980118355
23 24.284110049282894
24 0.12407463583421269
25 0.6534776969050986
26 1.2123373299285638
27 0.2063000949660039
28 0.2264547501935796
29 0.4396850057462644
30 0.4462556765531986
31 2.344431590388119
32 0.15803854735637832
33 6.597918272218014
34 0.7306853095437233
35 13.406949525289775
36 905.4596860560332
37 1.6874823266856231
38 0.9664633832760373
39 0.4814027176483913
40 1.5115765916660004
41 0.029122191494623244
42 0.5891924526751086
43 0.07356594418340952
44 29.758674851937315
45 0.7753671793621276
46 0.25411561546768713
47 0.027200537283566684
48 5.191139116077121
49 9.140025893624692
50 0.9694083343164961
51 0.6107300369590016
52 2.4518202435169822
53 0.16106130269768862
54 1.2573274286504672
55 0.45105542817706606
56 0.6650480371585774
57 3.5786697398541407
58 0.9877204200106033
59 0.8428011029040527
60 2.302499238199014
61 1.5693818093996585
62 0.09814676742258882
63 1.7702996777739903
64 0.575055051995976
65 0.05351936515335113
66 0.8063851638672398
67 1.3104209293004483
68 0.3437018048650758
69 0.8228189273290789
70 9.656865793148413
71 0.04586031247675903
72 0.5356154642760018
73 4.547297470566111
74 0.4701880677645678
75 1.0843732920943079
76 563.3635576128785
77 0.38385058830470914
78 0.5748996670098228
79 0.6323748213735575
80 0.6890564531184745
81 15.538441874971642
82 15.543512471692702
83 29.829830190337148
84 0.42204450523782955
85 0.5331994501876839
86 30.489875856926098
87 0.6692792775454611
88 0.22794040266803764
89 5.831244604256378
90 64.68076816815093
91 11.257547542480067
92 0.8283072052832184
93 30.32759524465226
94 0.1879569725810241
95 0.7456622132591474
96 6.820368790929251
97 4.0042242209451775
98 0.33832815911714664
99 0.5893117705949714
100 0.5777182371655174
101 3.796826501795407
102 0.033188564123145456
103 0.361719407014824
104 0.48646690161474493
105 0.21786086155880074
106 1.5914802989486272
107 0.4014065996306753
108 1.2573849182222743
109 0.6032673523920944
110 2.362511953341972
111 0.11626644713731585
112 4.759345191582059
113 1.7323303979978582
114 0.579840565112078
115 4.136699367379223
116 0.7323287310590825
117 0.5473795542795237
118 0.5043383664322584
119 3.2855128452523816
120 1.169917546530549
121 20.700099191287464
122 3.4912087402864245
123 2.7658136017208803
124 30.98270209743308
125 0.690131075947476
126 1.1958436693505168
127 0.3288539778189144
128 0.050709417699093984
129 0.11917210399731602
130 0.3654912585384349
131 0.7228681289353175
132 0.2578485604006911
133 1.2047286948224236
134 0.7497742273793248
135 0.37461455532767957
136 0.5774577376786144
137 0.021152249784147203
138 1.3053375483482386
139 0.2174211390587572
140 4.3523773863567286
141 0.6421610886609519
142 0.5357996885381665
143 1.6089642518891834
144 0.24136076614726418
145 6.5110851732038375
146 2.3961489597863523
147 1.3278409155500899
148 1.444519903981189
149 0.2869240139948515
150 26.78830086027508
151 3.5806356343362946
152 0.5808936485007344
153 1.1764071247783008
154 0.5599689137433734
155 2.5563883376742162
156 0.4157890259723476
157 0.9307683925076873
158 27.47657978019307
159 1.1500213609062928
160 1.9131625269288135
161 0.7830637084199507
162 0.14530781518662156
163 1.1267089090803917
164 0.20692145938330916
165 1.1156096411616425
166 8.805691093426812
167 0.7754500906526018
168 1.3456648661798787
169 0.6464986705740325
170 3.3034940518407656
171 0.2106477071948628
172 34.9718969558396
173 2.27116702203865
174 0.5962384600964186
175 0.4564849079579456
176 1.67217993928503
177 2.112236086041972
178 0.1966346202092481
179 0.22070693940572164
180 4.026956190010268
181 9.730999518987007
182 0.41738712194748756
183 0.16997547466798388
184 8.67784422685309
185 1.8228887983807684
186 0.7426397332559467
187 0.6119238820858657
188 5.970998283148109
189 2.9033911236372454
190 0.17677066401040925
191 1.3322601778351084
192 1.9470163764330684
193 0.3746526990827886
194 201.50257727124088
195 1.0692553624415135
196 5.206473785705653
197 3.3683514256306846
198 0.8335687849234212
199 1.275706163351842
200 0.38292533233140286
201 2.4367931532642735
202 6.112418116281012
203 0.2205060141793667
204 0.308239822672096
205 10.533809171709313
206 1.0750935389876326
207 0.1665128214861407
208 1.1949848482176328
209 1.8721362021601347
210 0.4027749849130777
211 4.224453375023033
212 0.37472678789151515
213 0.9655532664641446
214 0.2766184319452325
215 0.5149693820850164
216 0.6840383747864326
217 0.39117963095272
218 0.9720205099625409
219 7.1711435209468535
220 1.048327139211225
221 19.52338766286021
222 40.24379077343233
223 4.606029862664861
224 6.5919944349947
225 0.24485434008145424
226 1.700822821302712
227 1.4914001437301274
228 1.6994329170402471
229 30.204334086743213
230 1.117415774177061
231 0.2656497257186176
232 1.6413912834922981
233 23.43164546265932
234 1.380181731242431
235 2.127449353648427
236 2.0087617678842506
237 10.538163390394066
238 0.07757048408050188
239 5.366663264801186
240 0.8543910858372488
241 8.52996719320048
242 0.27405813141335217
243 0.5575028350390911
244 0.5989288783659217
245 0.3889680293414849
246 0.07458398433636244
247 3.1863068392367264
248 2.238040871189975
249 2.2786269102491783
250 0.0021502290119679536
251 3.330622006374843
252 1.5624642781613416
253 0.1287858239865221
254 20.013221742596127
255 0.10705816675799631
256 1.304096991170066
257 0.05150095802266362
258 0.23653695796414845
259 6.496917918620136
260 1.3134485196641137
261 0.11046488085693057
262 0.0011939745593899176
263 2.306089669984046
264 3.0519685445554408
265 3.264833296013369
266 0.010419228890181794
267 8.813727684675904
268 1.145132052044009
269 0.2543714478880224
270 0.8922390858839925
271 0.3176840629843694
272 0.5252050573053612
273 0.2170911037501537
274 8.920912670369194
275 2.883728546894125
276 0.6458947593697658
277 29.010505627706006
278 0.9203426465522863
279 0.8456156277114498
280 7.531650846564804
281 5.683102002645858
282 2.688718712542631
283 0.3347471973673136
284 38.079955170669216
285 0.7340428061279375
286 0.31576617042608324
287 25.52261391401593
288 1.5838273195217303
289 0.3424970276877258
290 1.3630517335840835
291 0.34641587037125177
292 2.5712662552302037
293 0.9179177350118903
294 2.8976474621032526
295 0.4166606763649808
296 0.08281434023052157
297 0.5257428005935518
298 0.07315373035530032
299 0.9833585006101672
300 1.2036135071799798
301 4.668136046216083
302 0.36417220855393717
303 1.30922515790065
304 0.3274675862138616
305 5.427355858640557
306 0.32292546301958064
307 2.4482862580251252
308 15.233359037325153
309 0.6946130819124733
310 0.5377020137641497
311 0.5847139132999101
312 0.1530424111260569
313 0.27675435413981947
314 0.21880457894279975
315 355.64102817730986
316 13.570454070361377
317 0.20074580817703122
318 6.742497158857525
319 5.361073545405182
320 1.5900064832709695
321 0.044982813524649765
322 3.81351629356448
323 0.0821269062001039
324 2.8475763150370157
325 5.421784334763649
326 1.154085841914065
327 7.847963409190286
328 0.5709234564606737
329 0.3440375663194519
330 8.669101800302398
331 0.22149192212279892
332 0.2114758486124024
333 0.08810829204301443
334 4.069929405921493
335 0.08858527034484123
336 0.36307441066420565
337 1.244594680484767
338 6.710391041436136
339 0.20238819336334127
340 2.115307179792801
341 0.03608261600475631
342 0.4046693796414705
343 2.2624577337409866
344 0.08232616195082279
345 0.6175627862483146
346 1.2473436558732929
347 0.995521474413724
348 0.2746741968028992
349 0.354103506613561
350 1.451870719481939
351 0.05877997157847633
352 35.32600512810981
353 0.28192755940404074
354 0.47185799372892173
355 46.15352686781223
356 0.5316710457537537
357 39.941521943929494
358 2.0608385233911743
359 0.050762482218191664
360 0.2537327967190475
361 0.18059117000522798
362 0.12039591487487264
363 0.26136727521013287
364 0.037749169603919504
365 0.5351048256110201
366 1.5238250506301023
367 2.542152264010699
368 3.0952773913416403
369 2.4714690483942503
370 0.08522988973545505
371 0.9341988688225925
372 0.007250247467834232
373 3.5667591229214657
374 0.7981388942854535
375 4.388904974403321
376 0.8525329020337561
377 3.960624482564747
378 0.6595694126428326
379 50.840477974807236
380 0.5278599094429203
381 0.023779421801104737
382 2.0907412707578623
383 0.251337307578092
384 3.3800440091375825
385 0.9210423573873253
386 1.839120464436361
387 0.6621809445363211
388 1.3272122472530763
389 1.041404624615259
390 3.114753999882766
391 0.4170099927076298
392 12.250832658908209
393 11.586097877239997
394 0.13550810896853657
395 4.644081458914166
396 0.4277713513302809
397 1.7370621701616962
398 0.30090763365628537
399 2.832649165689663
400 1.22238425011975
401 4.905690117454202
402 8.716014342241165
403 0.6393739651704157
404 3.8861369988571757
405 0.284464359863664
406 11.664691299053468
407 15.238272245578127
408 0.10054946367656097
409 3.0494416895395733
410 14.402803028573278
411 2.283477510706265
412 24.113047841460833
413 2.162901069372457
414 1.68119268385248
415 3.4308167869743027
416 1.8903501598489576
417 1.291548328310132
418 2.7466373683267844
419 1.892986012708755
420 24.932597448525687
421 0.9427530018578643
422 2.3935516852826177
423 1.1851084410674948
424 3.6557748672151904
425 58.186206318648075
426 0.4781303242256441
427 0.2699220283969789
428 0.055525547010429215
429 0.4661317313910258
430 2.4860817142702203
431 1.8539345801199378
432 6.651905000196485
433 0.606090328311485
434 2.0614249804515983
435 45.03853579343648
436 0.17757636644678582
437 0.5317423710727501
438 0.1875307833220261
439 18.276436649931075
440 0.07538851492897906
441 1.0813386680108568
442 12.769521350558154
443 0.7124886015192214
444 2.6814874870478707
445 1.200032513991638
446 0.5578060993457306
447 0.9198977928800598
448 8.87046752660486
449 1.9765225091736771
450 1.1814830291833749
451 0.29302602323773524
452 36.62013274767754
453 0.5447714706359409
454 0.13432995937751854
455 0.010871531544151507
456 0.4484655513031133
457 0.2139033378134204
458 0.8948411120935192
459 0.1863016997706152
460 1.7471106122861437
461 2.538627951387664
462 100.02435125736953
463 0.07393755380478934
464 0.08349197968068084
465 0.43791374049363646
466 3.0243049545643905
467 1.8992206246186694
468 2.0092026689953695
469 0.43211475244278613
470 0.9217366374006929
471 2.9883638308863745
472 1.7383016210005562
473 2.176266692209751
474 0.17888246174751357
475 1.599557003718179
476 0.614719316726443
477 2.2679607406429296
478 2.9024927200317125
479 2.2889063586439926
480 0.29245675076826533
481 7.307143811545346
482 0.062349827478928595
483 1.4120821532457688
484 16.105350325006565
485 0.979661249576266
486 0.8725733582255951
487 0.3327855523160832
488 1.9230298126383625
489 1.5434260659628063
490 0.9909446639533226
491 10.090830784693333
492 3.1936242852461865
493 0.6562388188404958
494 0.020093331457068497
495 0.3729013746917303
496 0.2851661400232559
497 4.779413261190185
498 0.8176089444587433
499 0.4594574580130462
500 12.296433983353838
501 0.9624441317210612
502 10.560097465643528
503 0.3093316239433884
504 0.6325807850757033
505 0.26579934616292455
506 1.2558410933481239
507 2.8906125247034735
508 1.4577463181100008
509 0.10997393668251612
510 2.537944517437094
511 0.510638635899976
512 5.402983238368559
513 11.584580771855268
514 0.09906867078231535
515 14.171514741119463
516 0.9645886459063518
517 1.0948449140775935
518 4.848433041993225
519 0.1580181343231212
520 1.2505531846535178
521 0.04017798736449402
522 0.8640222238476887
523 0.40381678233100105
524 0.2664960736832262
525 0.00491802600538222
526 0.38353009316181674
527 17.77708716676309
528 5.928408056325067
529 0.251776967277958
530 38.81495360094418
531 90.2088214155493
532 1.1355179105832465
533 0.4428853404968061
534 1.0038155559406134
535 2.048196249622471
536 0.520200271874153
537 33.649989452639296
538 25.71109692443826
539 0.11262489375750603
540 1.8823243197730437
541 2.320921564303846
542 0.804619435399033
543 5.269867391253973
544 2.086605134294163
545 21.06204520100159
546 27.16486439469322
547 0.21207535718692505
548 551.4622031345375
549 4.8131529688031005
550 0.7078554084905202
551 1.693134813161826
552 3.6335048461268067
553 0.9882829139636519
554 4.996205487663064
555 0.04250479704593137
556 0.8153607956809668
557 1.9380828506561745
558 0.8550894484588087
559 2.2960849662477503
560 0.1362332201403931
561 0.28854881785068554
562 3.740240381507635
563 0.9654912708410777
564 3.1979394778345487
565 0.256643760355824
566 15.580514575900489
567 0.15063506655950387
568 0.5724742411347359
569 0.09689006252545966
570 3.9168915975707326
571 0.6874300419683522
572 5.775498184566757
573 11.757950237947744
574 0.6877690582722161
575 0.07994664165207163
576 3.843274265655499
577 22.755004118789795
578 11.017858625657373
579 2.8017888117106846
580 1.1301618507950801
581 2.075686336689532
582 0.6128930049614828
583 2.480484267180185
584 0.06309763326823281
585 0.2581161267794497
586 1.5240806152719828
587 11.228211769283835
588 1.7811923552327893
589 0.3607887974230194
590 0.4374692426896457
591 0.1871610518630207
592 19.926177381742267
593 0.614751554769062
594 0.3486105160309559
595 0.8613882639635928
596 0.2741729887317719
597 0.9210680753130586
598 1.877900371806267
599 0.5858294787849481
600 0.6112808059960497
601 0.24893942272548983
602 3.3161945665033468
603 2.853399810113695
604 0.8196363704573146
605 0.6216935959758324
606 0.06519861519851025
607 180.30129436706494
608 0.46973068925910966
609 1.4948112780208378
610 4.7215826216480545
611 4.596730834254051
612 0.9527238854430418
613 0.48929637168902385
614 5.277707737687964
615 0.4016414951557067
616 1.2588000089064209
617 11.80999642047009
618 17.11911700347611
619 0.7385725994596815
620 2.171789162946722
621 0.5819731666074549
622 2.85725942408355
623 2.9165632985851717
624 0.2871171603785493
625 5.062994112784989
626 0.03841947696556963
627 38.254684387898266
628 1.7323787774413009
629 0.44484808634842876
630 5.01857295974788
631 0.01949568198006755
632 17.36987263723278
633 1.085619468529913
634 3.169604534759528
635 0.16467195135654017
636 23.533153450379906
637 1.8628464988071107
638 4.464214660346172
639 1.507612138135338
640 0.34934745969700226
641 1.8867573085545253
642 0.3300755659341864
643 4.667667912130907
644 0.4512776776383654
645 2.862148486843543
646 1.2293159382561354
647 2.872437967150955
648 0.24323391565503044
649 6.859645816824603
650 0.6467898959169908
651 0.07585626812603294
652 0.3167345577410992
653 9.013687626799621
654 1.2105008510042539
655 1.4823264198358397
656 0.2537338759438769
657 0.6414853523215832
658 5.024778375668841
659 2.9948599863910674
660 1.5123360229214873
661 1.0135390474513295
662 0.04665761601557702
663 0.5418367699035256
664 0.540904772051776
665 0.19038043296328228
666 1.2180520358631723
667 1.050484388713467
668 1.7097325725724541
669 8.98946060546504
670 10.052106691801857
671 0.882334256757967
672 1.85140493235025
673 0.1852415724136786
674 2.4336769783186334
675 1.1134855004464825
676 0.6587682855353661
677 13.826752631347311
678 0.16623972670519044
679 1.1744940628929257
680 0.06268406751495756
681 22.671609309313066
682 29.576182150831947
683 0.06294332782800771
684 0.14781423527639295
685 39.31615836129739
686 0.32849270397598285
687 0.02207995822759981
688 0.11311033924533624
689 1.3149648850371405
690 2.14699791453813
691 0.4549722367983416
692 0.8554635944912202
693 6.03582663361303
694 18.640734729834595
695 0.021913463806641713
696 1.6328151210109145
697 0.10955344732828608
698 0.709826940395916
699 0.20602407731262998
700 1.5908308291677051
701 0.9872178040017354
702 3.831598464018995
703 2.468988129441763
704 3.3269578403626654
705 11.976191110732536
706 0.20631248204726801
707 0.4120413236453639
708 1.960217487066264
709 1.6068100347996903
710 3.6358741041457665
711 1.897318037461843
712 1.6825854788625205
713 2.9069038455627716
714 3.016654407794456
715 0.9416963086444003
716 0.2209811658309706
717 2.2177438554269564
718 4.7254238556161985
719 0.6987479290734996
720 0.3295376287565975
721 0.07571468511430342
722 0.40864591038414394
723 0.3666201007511985
724 0.8039709767013374
725 1.86679088220176
726 2.9954982185034034
727 0.5232887387192955
728 0.2139993222457459
729 3.3264808980165848
730 0.010294874356180983
731 0.28840407442315036
732 1.048196732756276
733 2.2364619099157577
734 1.8250696094999113
735 2.2205577444384073
736 0.026557786121893568
737 0.11667184441770617
738 0.028592096539693933
739 3.15235724087047
740 0.4168033932064405
741 0.5079864673380771
742 5.486701190308541
743 2.7039870007374933
744 2.1380029744801
745 1.005302023238593
746 0.6601258729122589
747 0.20073403938532577
748 6.194630477114079
749 0.055305145782656155
750 1.378254666641014
751 0.23682734316070095
752 0.13779808627402937
753 1.3483546479036557
754 3.1748741697403013
755 2.302985512215176
756 349.5335172540285
757 0.9942599102548183
758 0.14421201343623588
759 0.7194749890497085
760 0.6040142977357841
761 0.13037496700174211
762 0.19070880874178237
763 2.6093103525889707
764 34.18924993336958
765 0.906975353143874
766 3.934332789423045
767 0.5731758676124906
768 0.3059107050253161
769 0.16709241855269785
770 1.664686366223497
771 1.0691186042714709
772 1.8664517740470332
773 3.085177491649359
774 15.126766450486578
775 2.9599535040983613
776 0.9170516899282015
777 4.148471701872269
778 0.00209152226459437
779 0.4930738363560802
780 0.14337033205472186
781 8.985342161859643
782 0.018407188034951418
783 0.5639729944321998
784 0.045346599397765884
785 0.20874620297268645
786 0.4102485143741055
787 3.632857759048819
788 0.3564466902209247
789 0.28962423047387265
790 0.2924959215821327
791 0.9611511558937055
792 40.57536057302654
793 1.2151196715406494
794 0.618711202028037
795 2.9585012304839777
796 0.5073263906307772
797 27.539120896628177
798 0.3804335949340754
799 0.5086860474843107
800 105.61224525014295
801 0.2157525586793107
802 7.43451170678287
803 0.1500429630256276
804 4.437765287845907
805 1.4520529633844905
806 0.13343953282530463
807 1.3686815587654166
808 0.9474755245873288
809 0.7562693121512232
810 0.4962870716417384
811 1.1189275927201279
812 0.86877988691499
813 0.3868673217030608
814 1.050277431018766
815 6.6576083253901865
816 0.4034591634912165
817 0.3241532115095542
818 3.2330871195140527
819 0.6292656295906007
820 5.886976031009678
821 0.6439923279923531
822 2.1674813373410724
823 0.7214248419851542
824 1.7119149945273975
825 0.11740912853271362
826 0.46265610516962186
827 0.3270135973961417
828 0.012001205952521165
829 0.8796378061066625
830 0.9413246838993562
831 0.26076899864508385
832 2.392928250237906
833 0.41477552193263406
834 0.29880139995926797
835 0.080660259517547
836 15.1173736121673
837 0.05059418709908578
838 0.1999539531661752
839 6.070949238506486
840 0.05822106135679992
841 2.6325165705728457
842 2.266687861471949
843 0.15493101609054483
844 1.0658933077152244
845 16.736807814018132
846 0.1942105373174044
847 0.19643034471116425
848 1.4969761408023723
849 0.4494660505285642
850 0.6875523412286882
851 0.1886193664405494
852 0.6632397366660212
853 0.03988625633310564
854 24.667547418545436
855 0.15763645383922087
856 1.0205224508899495
857 0.06744058840321844
858 7.181227685033587
859 15.648178173126041
860 3.636254624620079
861 0.37009939096320715
862 0.21144647719906265
863 0.20159527511768538
864 0.057817537360880036
865 0.43884380218266555
866 10.052287376453757
867 0.5642790942312423
868 0.526045356620009
869 8.1334038509929
870 2.097860628059536
871 0.37026490281125296
872 5.161170717464436
873 0.0672149517895126
874 1.6796529070891755
875 1.0059952808233508
876 2.384019336482559
877 3.0719052509090132
878 1.7013366910374361
879 0.5221241186300063
880 1.0791764530399588
881 1.264072346537922
882 0.10679755986974486
883 1.8498650426618015
884 0.4649018969159617
885 3.444754484312087
886 2.3117496705202485
887 0.04485546159702899
888 8.566055984002222
889 0.8365834182328515
890 5.874410577301339e-06
891 0.7745427503616027
892 2.764800373457857
893 0.5748699533392403
894 0.6933944233270588
895 0.8489869156257532
896 2.7568324266176405
897 0.07282911229953656
898 0.34958279073822784
899 0.2781139309234257
900 0.062178521196048255
901 10.595311249464622
902 0.676799609171468
903 0.03772413085417233
904 0.8374244731941997
905 0.16760117746883163
906 0.08787318893973274
907 7.081126921445816
908 0.09741002896723179
909 1.06563427148201
910 1.4323191912331472
911 0.9297898755779744
912 0.2775672498160364
913 0.27016976972749823
914 0.7827626228689891
915 4.753939758145682
916 0.11601953101416128
917 0.001337688526514874
918 0.2870192552909969
919 0.6935406612745327
920 0.3858964301293871
921 0.5271534580438118
922 0.13154020383824466
923 1.0726997118468518
924 0.13248795722391596
925 0.14477214193635116
926 9.683458751069583
927 8.49132331600335
928 0.09020107032029916
929 0.4707025570214775
930 7.201725213910769
931 0.004052433190973659
932 0.6016436385249839
933 0.2913906577600413
934 0.1936968666233318
935 7.115566371579696
936 0.6291639430611983
937 0.2355914408397489
938 3.0117954852455733
939 0.4810292341444763
940 15.579422701666532
941 0.08849189409586496
942 0.01681222865397305
943 0.34840867058379443
944 0.011915773065024468
945 6.5330595568377205
946 0.8410079987339887
947 0.016701058349432328
948 0.7039244322587783
949 0.2797636169086238
950 1.296521735364998
951 0.3603266708657528
952 0.7702147971891224
953 8.944976057905723
954 4.860410926923018
955 0.6925016475156884
956 0.05515819466826421
957 0.07452963170120404
958 0.7366922932564771
959 0.622764158192824
960 3.43767014024135
961 5.556853708510806
962 0.07203313535994553
963 7.312791830766246
964 0.1537497481234707
965 0.3267331629124565
966 14.234706459978025
967 0.3007349874811987
968 0.6504329578497144
969 0.9056151804809427
970 5.0689534068355595
971 0.28548269419900674
972 48.1626805459989
973 0.11103333049685664
974 3.5559133908421865
975 1.050942439811119
976 0.46027411520833755
977 0.0986899811170296
978 0.1128726141354052
979 0.031818657327344325
980 0.008210273958494427
981 0.06943479944501944
982 0.01141531701444688
983 3.8019122368173344
984 0.7217462510045611
985 2.614334232692536
986 1.029846321961544
987 5.236854468532637
988 8.100418498009379
989 0.31470678346910863
990 0.19027460172535127
991 0.10146200453390802
992 3.598454288740372
993 1.3101668942696982
994 8.326539429350637
995 0.6719796198800296
996 83.37441220514631
997 3.15552010224444
998 0.1993119449229067
999 1.198402200758542
1000 2.3035602840054388
