21 1 21 6 8 12 15 7 17 3 11 18 16 13 2 10 20 5 9 4 14 19
21 21 13 15 1 8 7 11 6 16 12 19 5 2 17 3 10 18 20 4 9 14
21 15 21 13 10 1 7 17 12 8 11 6 3 20 16 14 2 19 5 18 9 4
21 13 15 21 1 6 17 3 7 11 10 16 5 12 2 8 19 20 14 18 9 4
21 1 13 7 15 6 17 9 11 18 12 8 16 2 21 19 3 4 20 5 10 14
21 13 12 15 1 6 8 7 20 17 5 21 2 11 18 14 3 16 10 9 19 4
21 15 13 6 1 10 21 7 17 11 20 12 16 5 2 14 19 8 3 18 9 4
21 21 15 1 13 6 10 7 11 5 16 12 8 2 3 19 17 20 18 14 9 4
21 6 1 17 7 15 3 9 8 12 18 21 11 13 10 16 20 5 14 4 2 19
21 1 6 13 15 17 7 8 12 5 16 11 18 2 20 9 14 19 10 21 4 3
21 1 6 13 15 17 12 16 7 11 18 8 2 20 5 21 4 19 3 14 9 10
21 13 15 1 21 7 19 8 11 10 3 5 12 6 2 16 17 20 4 18 14 9
21 21 15 13 1 6 8 7 16 11 12 5 2 18 19 3 10 17 20 4 14 9
21 1 13 15 6 17 11 12 7 16 8 9 20 10 2 19 18 5 3 14 21 4
21 1 6 13 15 7 17 8 9 3 18 12 11 16 5 21 2 19 20 10 14 4
21 21 17 1 15 13 7 11 6 12 3 8 19 20 5 16 9 2 10 18 4 14
21 21 15 1 10 13 7 16 19 17 12 20 11 6 2 5 8 18 9 14 3 4
21 6 15 17 8 1 21 18 4 10 19 7 5 13 3 12 11 2 14 9 16 20
21 21 15 13 6 7 17 12 10 1 20 3 14 8 16 2 11 19 5 18 9 4
21 15 13 1 21 6 17 7 10 12 11 20 3 16 2 8 19 5 18 14 9 4
21 1 13 15 6 7 11 8 17 12 16 18 9 20 21 2 19 4 5 14 3 10
21 13 15 1 7 17 9 10 2 21 16 12 11 6 3 5 14 20 19 18 8 4
21 13 1 15 6 17 7 12 18 11 16 8 20 4 5 9 19 3 2 14 21 10
21 21 15 13 1 7 19 5 11 2 8 6 10 16 12 17 3 20 18 9 14 4
21 13 1 7 15 21 17 20 11 12 10 2 16 9 19 8 5 3 4 18 6 14
21 21 15 13 7 6 17 10 1 12 20 3 8 11 16 2 14 18 19 5 9 4
21 21 13 1 7 15 16 11 8 12 6 2 17 5 9 10 19 18 3 20 14 4
21 13 10 1 17 7 15 12 20 21 11 16 3 6 9 2 8 5 19 18 14 4
21 13 15 1 17 7 21 10 20 8 9 6 11 12 19 18 3 4 14 5 16 2
21 13 15 1 7 12 21 20 11 17 2 9 10 16 19 5 6 3 18 14 8 4
21 21 15 1 13 17 10 6 7 11 3 12 2 8 16 5 20 18 14 19 9 4
21 21 10 15 13 1 7 17 20 6 12 3 11 8 5 19 16 18 2 14 9 4
21 21 15 13 17 7 10 1 12 11 6 8 20 3 16 19 14 5 2 18 4 9
21 1 6 13 15 17 12 7 11 21 16 8 3 18 2 5 20 10 9 19 14 4
21 1 17 6 15 13 7 9 12 11 8 21 3 18 16 20 4 2 19 5 14 10
21 13 7 17 1 15 12 11 20 2 21 9 16 3 10 6 14 18 5 19 8 4
21 1 15 13 21 2 6 7 19 11 10 5 8 3 12 16 20 17 18 9 14 4
21 15 1 17 6 13 21 10 7 11 12 8 3 20 2 19 18 5 16 9 14 4
21 1 13 6 7 15 12 8 11 16 17 18 4 21 2 19 5 20 3 9 14 10
21 21 10 15 1 13 3 6 7 12 17 18 11 20 16 2 5 19 8 9 14 4
21 13 15 1 7 21 17 12 11 2 9 16 10 20 6 3 14 5 18 19 8 4
21 13 1 15 6 11 17 7 16 18 12 8 20 19 4 5 9 3 2 21 14 10
21 15 21 1 13 19 6 20 5 7 16 11 10 17 9 12 2 8 14 18 3 4
21 15 13 6 1 10 17 7 16 20 2 11 3 19 14 5 12 21 4 18 9 8
21 1 21 8 12 6 7 15 17 18 11 13 16 2 3 20 5 9 10 4 19 14
