21 7 12 4 18 17 6 9 15 16 13 20 19 8 14 11 2 21 1 3 10 5
21 12 8 6 7 18 9 13 4 19 17 5 21 14 15 16 11 20 2 3 1 10
21 6 12 8 11 7 9 15 17 18 13 4 16 2 19 10 14 5 21 20 1 3
21 8 6 12 7 4 15 16 9 13 11 19 21 17 14 18 5 2 10 20 1 3
21 7 8 9 6 4 15 1 13 20 17 18 19 14 12 5 16 3 2 21 11 10
21 8 17 6 7 4 18 9 2 15 21 12 14 13 20 10 16 19 11 1 5 3
21 6 8 4 7 11 12 9 15 13 2 17 19 21 14 10 5 18 16 20 1 3
21 12 6 7 8 4 11 9 13 21 19 17 18 14 16 5 15 2 20 10 1 3
21 4 7 15 9 6 16 1 18 17 20 12 13 8 11 19 2 21 10 3 14 5
21 7 4 8 6 15 9 18 17 21 19 13 20 14 2 1 10 5 11 12 3 16
21 7 4 8 6 15 17 19 9 13 20 18 14 2 21 12 3 5 16 10 1 11
21 8 6 7 12 9 5 18 13 11 16 21 17 4 14 19 15 2 3 20 10 1
21 12 6 8 7 4 18 9 19 13 17 21 14 20 5 16 11 15 2 3 10 1
21 7 8 6 4 15 13 17 9 19 18 1 2 11 14 5 20 21 16 10 12 3
21 7 4 8 6 9 15 18 1 16 20 17 13 19 21 12 14 5 2 11 10 3
21 12 15 7 6 8 9 13 4 17 16 18 5 2 21 19 1 14 11 20 3 10
21 12 6 7 11 8 9 19 5 15 17 2 13 4 14 21 18 20 1 10 16 3
21 4 6 15 18 7 12 20 3 11 5 9 21 8 16 17 13 14 10 1 19 2
21 12 6 8 4 9 15 17 11 7 2 16 10 18 19 14 13 5 21 20 1 3
21 6 8 7 12 4 15 9 11 17 13 2 16 19 14 18 5 21 20 10 1 3
21 7 8 6 4 9 13 18 15 17 19 20 1 2 12 14 5 3 21 10 16 11
21 8 6 7 9 15 1 11 14 12 19 17 13 4 16 21 10 2 5 20 18 3
21 8 7 6 4 15 9 17 20 13 19 18 2 3 21 1 5 16 14 10 12 11
21 12 6 8 7 9 5 21 13 14 18 4 11 19 17 15 16 2 20 1 10 3
21 8 7 9 6 12 15 2 13 17 11 14 19 1 5 18 21 16 3 20 4 10
21 12 6 8 9 4 15 11 7 17 2 16 18 13 19 14 10 20 5 21 1 3
21 12 8 7 9 6 19 13 18 17 4 14 15 21 1 11 5 20 16 2 10 3
21 8 11 7 15 9 6 17 2 12 13 19 16 4 1 14 18 21 5 20 10 3
21 8 6 7 15 9 12 11 2 18 1 4 13 17 5 20 16 3 10 21 19 14
21 8 6 7 9 17 12 2 13 15 14 1 11 19 5 21 4 16 20 10 18 3
21 12 6 7 8 15 11 4 9 13 16 17 14 18 19 21 2 20 10 5 1 3
21 12 11 6 8 7 9 15 2 4 17 16 13 18 21 5 19 20 14 10 1 3
21 12 6 8 15 9 11 7 17 13 4 18 2 16 19 5 10 21 14 20 3 1
21 7 4 8 6 15 17 9 13 12 19 18 16 20 14 21 2 11 1 5 10 3
21 7 15 4 6 8 9 1 17 13 18 12 16 20 19 2 3 14 5 21 10 11
21 8 9 15 7 6 17 13 2 14 12 1 19 16 11 4 10 20 21 5 18 3
21 7 6 8 12 14 4 9 5 13 11 21 18 16 17 19 2 15 20 1 10 3
21 6 7 15 4 8 12 11 9 13 17 18 16 2 14 5 20 21 19 1 10 3
21 7 8 4 9 6 17 18 13 19 15 20 3 12 14 5 21 2 16 1 10 11
21 12 11 6 7 8 16 4 9 17 15 20 13 2 19 14 21 5 18 1 10 3
21 8 6 7 9 12 15 17 13 14 1 19 11 2 4 16 10 21 20 5 18 3
21 8 7 6 4 13 15 9 19 20 17 18 2 5 3 21 1 16 14 12 10 11
21 6 12 7 8 5 4 2 21 9 19 13 11 15 1 17 14 18 10 20 16 3
21 6 8 4 7 11 15 9 19 2 14 13 16 5 10 21 17 12 3 20 1 18
21 7 12 18 17 4 9 6 15 20 13 8 19 14 16 2 21 1 11 3 5 10
