2 1262 266
4 2142 703 1055 763
2 1994 914
3 530 390 1043
6 1305 159 212 1894 1488 1918
2 510 754
2 468 1441
2 1484 1727
4 235 904 373 2121
3 1116 1063 2068
4 1127 2005 1635 1169
4 864 125 380 1760
2 1491 570
2 1892 975
2 487 920
4 1087 1981 332 815
2 2077 320
4 436 1134 313 481
2 474 367
2 344 700
2 579 270
2 132 1961
4 694 2154 1159 1565
3 316 311 315
2 1042 1690
2 1434 910
3 1995 523 964
2 1536 82
13 2045 607 1610 314 456 679 1047 1698 1185 396 60 1700 254
2 1257 614
3 2144 1557 1848
2 949 2111
10 628 1362 1813 1519 1609 1681 117 1730 1616 981
3 812 494 237
7 107 488 1291 707 1695 359 96
3 1828 671 877
3 643 614 1257
5 1327 283 2137 473 2019
2 484 1277
2 1737 980
7 1082 1267 2081 1370 341 1715 1709
3 1727 258 214
2 132 1823
4 23 1793 1962 324
2 335 524
2 1486 1023
25 1685 1297 1752 10 869 252 1913 796 2064 1390 971 851 2016 1973 1013 331 392 1225 1507 1118 601 1060 803 996 1298
5 1320 19 1149 397 1374
2 1114 1910
3 1948 1261 1208
5 1574 1707 365 496 176
4 126 1739 502 1113
4 81 2129 533 2159
4 1604 440 2126 1938
2 1546 1089
9 125 1621 18 631 599 2107 1927 1474 878
4 739 1727 250 127
4 2057 1304 1115 2080
6 1183 318 1335 187 553 1996
3 666 720 830
2 1642 1097
3 768 789 441
3 2025 548 1872
7 2040 2060 2106 267 861 600 1485
2 532 965
3 27 945 1371
2 2104 1091
2 2171 1254
3 520 886 154
3 272 422 2074
4 648 19 1701 1033
7 837 842 1928 1630 1177 2170 1844
3 1751 1001 1096
2 375 835
6 137 1131 81 1054 2129 781
3 1580 692 990
2 1369 1719
2 864 2115
4 2101 155 1493 1614
5 557 157 1128 271 828
5 547 35 1602 1777 417
3 1675 42 873
2 1450 1326
12 376 1359 1045 1504 1479 460 1913 957 1662 1337 276 1782
2 1693 1680
5 218 292 1523 161 802
4 1494 704 1456 1088
5 1874 1316 1372 361 939
2 775 962
4 2017 1900 919 1974
4 749 754 2052 1879
3 2036 1562 2043
5 1621 125 1970 699 162
2 518 478
3 1428 158 2145
2 641 175
4 1014 834 2158 1190
9 1273 950 1934 1424 256 883 1684 178 2143
2 867 783
3 134 634 595
5 886 1613 1170 1902 1301
10 1575 1521 211 1561 937 1473 2046 135 2120 1588
8 1649 229 204 160 936 2173 2084 123
8 1526 1459 865 997 1993 690 454 740
3 223 1350 884
8 1133 1856 1919 1942 1411 1272 195 1924
12 93 1077 1186 413 168 1655 1419 1673 1983 401 26 91
7 92 732 312 138 1917 2037 1368
2 1353 805
2 677 1601
7 823 125 2015 322 1098 840 1151
4 1116 767 1239 790
14 1188 318 1553 1762 1533 1810 6 1223 1378 84 577 1095 629 724
2 1180 1248
3 307 164 549
4 273 1496 49 816
2 697 1815
3 1876 1841 1266
2 1725 88
2 1535 1884
4 1271 1621 21 356
3 694 27 745
5 22 181 1135 917 1323
4 482 119 1733 243
2 520 83
2 70 428
3 136 1036 659
4 2036 2047 810 2043
3 1992 2152 1841
3 1522 1104 468
3 872 1621 2027
5 1742 63 1679 1164 2176
5 1363 1800 710 1451 933
2 1354 452
2 1484 1727
3 499 121 1029
2 960 1051
2 979 2100
2 506 1384
3 468 1104 2114
8 635 1194 1682 1550 179 144 249 534
6 1527 1468 2096 1547 669 1017
2 230 2034
4 1505 2075 259 46
3 1600 1222 231
4 1542 95 918 2166
2 590 468
4 1619 1873 1110 622
2 686 835
4 1953 1452 1330 1991
4 924 1318 165 430
2 205 1295
3 2065 305 1480
2 835 375
2 665 715
3 372 1388 1851
8 953 1874 308 1940 2007 1475 345 573
3 1015 242 922
8 44 1166 1923 897 1284 1654 723 435
11 168 93 545 1784 1628 26 855 1673 900 1868 974
3 527 210 1182
2 1882 317
5 1352 1034 1067 966 1985
4 145 236 192 1847
5 1336 1048 1770 526 1162
7 1763 1741 538 1966 110 912 1453
4 886 1809 1228 1968
8 166 447 1059 201 402 241 1099 407
7 1172 860 578 2135 1231 1677 399
5 1778 2152 300 349 1558
7 1373 879 1811 540 967 1640 1247
5 881 1997 1699 1471 894
7 352 2050 89 550 583 1104 1041
10 823 1078 99 1876 1841 2072 322 2015 921 840
2 858 717
2 703 2095
3 125 1189 1005
4 1897 786 1883 827
3 592 1943 638
4 1074 183 1175 2138
3 941 45 2058
2 508 151
4 642 1984 1505 259
4 948 1068 443 302
2 204 431
2 1104 2114
3 13 568 673
2 1727 1484
5 44 1929 1599 213 1284
5 1621 2013 2139 1756 1342
4 114 1860 1399 1358
2 1901 2029
4 333 1781 1791 268
13 1660 1107 1260 1611 116 1637 362 2022 1123 1389 1544 1356 1427
4 1723 728 348 603
5 450 1600 785 1627 1268
6 1541 1439 1377 1415 1392 1821
8 766 1527 726 1017 1547 2096 1754 1387
5 711 514 2087 2069 1224
3 1840 1010 705
5 1420 1139 167 1596 2063
3 1987 1199 1326
2 1434 2066
5 7 2010 1761 1845 1445
4 1146 1437 1069 1487
4 752 296 37 2155
3 2150 1837 51
2 736 1590
2 1522 916
2 1969 86
6 1901 1849 1245 2029 1021 1167
4 2009 410 687 354
4 923 689 244 1963
2 832 1978
3 1477 427 278
4 402 1425 1018 1525
3 257 251 412
8 1645 973 814 101 465 1732 1466 555
15 1667 1557 1569 1840 778 1061 749 2038 309 2138 1242 1197 1509 1529 1869
2 1286 1995
4 125 72 180 699
3 1434 882 872
5 1647 491 1136 1351 794
2 700 657
2 1944 972
2 1163 1129
5 784 1524 809 125 351
2 1036 1563
2 1935 826
4 132 1625 1246 1277
2 2050 1041
3 1481 1084 801
6 1322 757 1652 193 2163 386
3 277 1391 1209
3 924 1361 2066
7 125 1621 1912 1656 985 202 969
11 836 1232 1906 630 1422 702 1201 1109 633 628 737
10 32 2039 477 1101 1251 811 509 1750 1176 1551
3 471 2168 1706
7 959 1463 942 901 576 391 1757
3 1241 744 448
3 152 196 1002
2 289 1376
3 1998 289 585
2 182 274
5 125 1621 1189 2093 2097
2 1988 927
2 708 1576
2 525 490
5 400 872 1184 1980 1338
2 93 1673
5 90 1598 1790 24 1607
2 1401 1861
5 1403 378 1124 1792 888
5 1703 689 923 501 1977
3 1484 611 1879
3 1274 697 1815
5 1936 1009 859 817 1294
2 657 700
5 2104 551 1092 2123 718
5 764 73 1898 265 1686
3 1621 685 1922
2 1255 1887
3 1514 1154 657
4 524 335 2090 1925
5 823 963 199 537 300
4 1947 762 103 2165
3 27 745 284
4 1218 566 1506 173
4 694 27 745 846
5 1312 8 1269 1830 1334
3 864 125 380
5 1587 469 1187 1871 2041
3 1653 141 2112
3 1683 156 33
3 1778 226 660
3 1557 560 1155
4 1333 1165 1112 1856
2 2125 389
2 353 1290
3 864 380 1760
3 978 791 649
4 1522 934 468 1032
7 1217 1648 148 955 453 999 1516
3 2102 369 1138
6 1749 2103 2147 1582 1022 97
7 1016 621 1856 760 1787 542 1100
4 1623 2018 680 1058
4 694 520 27 745
2 1839 2
3 1643 1039 531
3 235 1678 904
5 1818 944 163 437 818
4 1001 697 1815 2042
4 1658 765 681 1386
2 570 871
2 1546 1089
2 411 652
3 799 2082 1960
3 1244 2098 426
2 924 1743
3 694 520 689
8 105 857 1950 1052 1549 719 565 833
2 113 523
2 468 414
2 321 1744
2 183 1325
4 439 1120 924 1743
6 864 1760 295 1080 1911 991
2 1527 2096
8 1527 16 2140 669 1011 2096 1547 1017
4 1621 27 1192 132
3 1230 1229 1668
4 995 462 1406 1250
2 414 468
3 1461 1442 667
6 1728 1721 1038 908 470 993
3 808 1794 183
4 1895 945 1956 1824
2 1385 2095
4 257 412 251 299
4 961 190 1409 1064
2 1244 1357
2 2118 468
3 1285 98 458
2 1460 2148
4 2050 525 1530 1054
5 2050 525 149 490 1041
2 468 1454
10 1822 1854 1891 892 1735 1771 952 615 1513 408
3 694 1603 520
6 36 74 425 2001 2014 770
4 471 1706 325 627
5 1804 1789 81 2129 1557
2 1104 352
3 1328 612 774
4 1595 848 617 1144
2 2142 940
2 132 27
3 2095 1385 1375
3 924 987 492
2 1296 539
6 1930 1355 515 1071 706 57
4 2130 1015 1823 1961
2 329 343
3 1365 1889 1713
4 247 1975 1600 875
4 1094 1454 1036 1065
2 2072 2176
2 1858 2119
3 1380 1446 293
8 50 672 1807 1498 1714 930 2073 898
2 1527 233
6 1666 1137 1319 1548 1862 1469
3 625 1082 341
2 1276 2122
2 1354 452
3 183 701 1592
5 1536 215 368 1062 82
4 338 1843 1303 716
2 1988 1768
4 1800 1617 2086 1070
3 23 682 420
5 2151 12 674 512 224
2 590 353
7 1026 1962 663 953 1345 2116 1497
4 363 1759 344 529
4 1621 125 1189 872
4 1960 1708 684 2079
2 932 1281
4 694 520 745 27
2 1631 1412
5 626 709 1661 82 1738
4 924 1139 1003 165
3 831 404 594
9 693 563 1555 750 326 2157 616 847 567
3 2036 1434 2043
4 183 442 1626 310
3 1075 823 946
3 1914 2003 423
3 1522 158 824
4 42 559 1193 741
3 1001 2092 1780
7 626 1536 1435 2156 1431 1436 1121
4 1557 1204 821 1037
6 1566 731 1306 1663 2028 1145
3 2066 1530 1220
4 1179 1111 1945 1749
7 174 253 1774 1383 457 128 819
3 1256 1285 2149
5 2020 1731 806 699 1760
5 691 100 40 1724 1150
3 593 1000 906
3 1174 294 1235
2 2070 222
6 1393 1817 1641 931 1132 2056
4 398 1283 756 1692
13 504 360 2002 1933 1195 1986 429 1339 1859 1292 275 297 52
2 1546 1745
11 1878 2114 364 854 2167 862 1108 1990 729 1482 935
3 1148 2032 1079
4 137 149 1538 39
2 1653 733
11 1434 645 1879 1624 87 383 56 668 644 1702 1734
3 1841 99 479
5 410 1903 1653 1957 1946
4 132 1961 1277 484
2 1751 797
5 654 1670 1462 129 402
8 269 1214 1814 2008 656 2049 1270 1490
3 2176 2072 1309
3 1510 1542 406
4 876 355 109 755
2 1745 1546
4 503 1449 695 745
4 1903 1585 823 1348
5 1687 19 1604 480 1839
2 217 1202
3 194 1405 1302
3 1423 1171 1317
3 405 1237 1594
3 790 1418 1102
3 1027 580 1293
5 1252 2085 1961 2152 132
4 1729 1583 147 1746
4 823 199 300 537
3 153 30 761
2 712 747
7 823 1982 2015 528 68 322 2083
5 28 449 1589 485 1016
4 1467 1772 62 1568
2 140 587
3 2025 66 1710
3 2036 2043 810
6 574 2000 1518 2062 1300 734
3 88 1157 1875
5 125 1621 162 1005 1189
2 1559 1920
6 2142 447 1165 1864 703 1057
2 238 1557
2 1148 1028
3 183 442 1168
4 1773 998 497 1528
3 379 125 1855
7 608 521 800 200 387 889 1140
2 623 976
5 2015 68 2024 921 896
4 1621 125 1189 1414
9 823 1621 125 872 969 500 1736 655 1426
3 924 1743 1577
3 1540 1440 511
3 1874 1316 361
3 1141 1275 813
3 384 393 1578
3 520 83 689
3 65 1346 2146
4 1443 782 493 1030
3 1030 2145 546
2 1226 2164
13 1608 2160 596 947 868 1458 1310 184 1615 1066 1397 1006 1758
2 866 150
3 516 2076 1932
4 696 290 1676 1776
2 468 1119
6 1454 505 721 1086 1455 371
2 1644 1778
6 823 1778 2072 956 199 2024
16 1805 2174 661 41 122 203 297 758 146 1210 1117 285 1888 606 968 280
2 688 246
3 1416 2088 239
2 1434 910
3 235 2089 1915
3 909 19 1839
3 1160 1379 1429
4 125 2107 1143 381
3 1838 347 1653
6 1484 80 841 69 1343 1603
5 1122 977 1049 228 14
5 1778 678 1717 1421 660
3 1381 640 591
4 1287 771 1865 1438
3 533 759 1402
2 2025 1753
4 1632 1976 1056 2134
4 2040 292 108 1523
4 1747 1571 899 902
2 1748 1766
4 632 1500 1347 1885
4 1908 1233 880 1024
3 414 1557 560
2 1790 1081
3 727 1085 245
4 1600 1025 1206 1222
6 125 1621 1695 445 1495 107
6 730 1962 1819 34 2132 1219
3 298 1798 519
3 1581 1198 2067
9 43 1831 2035 263 1520 1234 1139 1142 938
2 1858 513
6 970 1394 1147 989 185 522
4 1876 1841 99 2072
2 992 588
2 572 468
8 172 1931 849 1802 20 1156 753 2172
3 619 94 1130
3 1007 1464 336
2 1995 506
2 483 1137
2 564 776
4 286 536 206 1832
3 1367 17 1332
4 909 19 29 1839
3 125 351 1005
3 586 1866 1848
4 1995 2141 506 964
2 2061 1835
2 954 1349
3 589 1413 2094
9 843 444 2108 1827 366 1046 1788 1258 279
8 1905 306 2012 1324 2006 1299 929 636
3 1457 451 415
4 219 357 769 1315
5 1395 498 1191 1366 346
2 806 1760
2 551 1257
5 1532 2019 1307 112 1583
3 1344 1321 2127
3 614 1257 2051
6 1621 2015 1583 1785 604 838
3 1880 1926 1958
5 659 1563 1036 911 986
2 115 169
2 1995 523
3 2175 928 1477
3 106 207 340
2 1877 1396
2 132 1277
4 1876 1778 2072 1266
5 1786 219 328 926 541
3 74 2023 234
4 125 1545 890 1012
2 1489 1850
4 1916 943 54 1650
3 2061 1 1591
4 221 1080 1015 295
8 377 410 915 1939 1139 281 1999 61
2 1044 1612
3 174 1716 1215
4 132 1340 27 1246
5 220 374 1430 1633 1916
3 799 738 1035
4 1178 83 662 1116
3 694 689 923
4 11 1152 793 1593
3 1278 1620 1153
3 2026 1618 71
4 820 55 1629 1050
4 1367 2117 248 17
4 875 191 247 1600
2 1600 2044
3 1221 1722 301
3 709 924 82
4 909 19 1573 1839
8 1874 1755 1314 543 1341 1579 1826 1331
4 988 466 1803 223
3 1235 823 1503
6 1930 1355 515 1071 171 57
3 118 2030 1907
7 124 1432 1105 1965 1478 1795 1691
4 1311 609 1801 1492
3 1264 2109 2078
6 421 1404 614 779 1560 1072
6 1833 925 67 1597 554 714
4 189 468 402 1670
3 142 1042 1690
3 666 720 830
9 125 1621 891 1949 631 1018 1927 599 878
2 1205 2105
4 507 1621 125 1760
3 472 795 330
5 104 678 2054 83 88
4 459 31 846 2091
3 689 1703 923
3 240 1606 664
2 1053 490
3 1483 1570 1712
2 113 523
4 1841 99 479 1657
4 1505 46 259 5
3 72 125 699
2 27 1725
2 520 83
3 1434 611 1879
2 1557 1289
4 852 1921 613 1808
4 1074 183 618 442
2 2162 1863
3 1672 208 1407
2 1767 751
2 1967 1753
2 792 624
2 689 923
2 424 1696
3 1793 1235 575
3 136 1036 659
4 1310 982 2011 1586
3 742 1203 327
2 1450 1326
5 183 676 658 2138 1074
4 170 1852 1329 1959
2 924 1825
5 978 2136 951 1559 1957
2 646 467
3 461 620 1697
4 125 72 180 699
4 1028 334 1181 1073
2 1499 772
2 1962 2132
2 1148 1028
3 1841 1876 2072
4 2113 572 260 984
3 1227 1161 75
5 1527 1011 2096 1547 1017
5 1308 571 1711 650 1836
8 1205 176 1103 1829 1705 1659 1639 337
2 74 2023
2 486 1408
3 934 1522 468
3 2142 703 1938
4 1265 895 822 517
3 1841 197 1364
5 1886 1360 1796 209 1890
7 1434 476 168 581 501 1624 1517
4 125 1621 107 139
2 1434 1149
2 1137 2153
4 1775 2104 804 983
3 1893 582 535
4 856 388 1971 1857
3 39 1675 2066
2 223 2169
2 2055 395
4 27 1778 2066 1558
4 2050 1104 1041 47
4 1765 1955 2131 1126
2 694 520
3 1638 177 1202
2 1969 86
3 1447 1020 1816
6 131 133 143 1196 698 780
3 1385 1280 1605
4 2066 1530 1904 9
4 255 870 1416 2088
3 1632 461 905
2 227 871
2 651 2066
5 1833 67 78 606 1564
4 188 1240 725 64
3 416 1525 317
11 1664 1539 556 1200 773 58 358 887 446 787 1238
5 569 1125 2137 1799 342
5 1740 1534 647 1106 2110
5 844 25 1636 825 958
3 1743 924 1556
2 2125 389
2 2031 1781
3 1025 1173 1222
5 2018 680 1623 874 1704
4 1444 1779 845 1476
2 1465 409
2 551 572
3 198 798 1651
4 137 1719 1207 1538
2 1853 38
3 1574 1417 742
4 1901 1726 1076 1881
4 722 1634 1019 1665
3 1483 1570 1712
3 551 1083 1481
4 597 1279 489 1313
7 1896 48 913 1783 610 2059 1870
5 1501 4 743 1051 960
4 1031 1954 2161 2021
2 745 464
2 713 551
5 1536 1694 1720 1288 1951
4 76 1834 1646 1964
3 670 262 1263
2 653 1343
6 1093 788 1531 1236 287 111
5 15 463 2137 186 339
5 1340 1400 125 1820 132
8 1445 544 475 1515 1972 829 1253 1546
3 225 1708 1725
4 1689 1472 120 350
3 1537 79 2033
6 2071 264 1090 323 3 561
5 370 495 2014 219 614
4 994 1669 304 1433
2 183 1168
2 558 2004
7 1199 1617 1070 261 1800 568 637
2 551 1512
5 808 1794 455 183 1846
4 1382 1216 893 1842
2 1522 1812
2 1369 1719
3 1612 1584 461
3 1243 903 1806
8 2133 1511 385 282 102 1867 2124 2128
2 675 1899
4 484 1104 1277 1909
3 235 853 1259
7 2053 216 344 319 2130 529 1937
4 390 598 602 382
3 2036 1674 1718
5 291 1155 1158 584 343
4 1004 1508 1688 130
3 125 1189 1005
5 1448 1764 1282 85 1211
7 318 1989 605 2048 438 1502 562
2 520 83
2 735 1671
2 1398 683
4 1116 2125 651 1199
2 83 88
3 808 1794 183
4 807 1941 288 1470
4 748 303 777 839
6 394 863 907 432 1622 1552
2 1841 1769
5 1901 746 433 232 1040
4 170 552 1329 1959
12 1250 77 639 1554 1543 403 1249 418 419 434 1212 2099
4 1979 1952 1567 885
4 1410 59 850 1008
3 1572 1797 53
3 1740 1632 1213
