2 1 38
2 110 135
2 51 127
2 70 67
2 168 36
2 71 113
2 158 18
2 118 24
2 101 29
2 17 83
2 80 172
2 90 48
2 141 22
2 109 86
2 136 28
2 161 124
2 1 110
2 51 70
2 71 168
2 118 158
2 101 17
2 90 80
2 109 141
2 136 161
4 118 51 101 136
4 71 1 90 109
2 118 71
2 90 105
2 30 103
2 62 141
2 114 119
2 111 51
2 139 58
2 9 107
2 71 171
2 91 35
2 133 144
2 163 164
2 53 44
2 110 64
2 26 135
2 161 129
2 17 155
2 90 30
2 62 114
2 139 111
2 71 9
2 133 91
2 53 163
2 26 110
2 161 17
4 161 62 26 53
4 71 90 139 133
2 71 62
2 161 90
2 71 161
4 1 161 163 53
4 39 115 26 129
4 154 11 114 133
4 142 71 61 141
2 115 1
2 142 11
2 39 161
2 71 154
2 142 115
2 71 39
2 142 71
4 100 81 90 75
4 26 165 155 33
4 89 97 114 51
4 142 93 36 31
2 142 97
2 100 165
2 89 93
2 81 26
2 142 100
2 89 81
2 89 142
4 121 142 31 51
4 41 97 102 114
4 89 163 104 157
4 90 155 71 1
2 97 121
2 163 90
2 142 41
2 89 155
2 97 163
2 89 142
2 97 89
4 97 173 91 53
4 163 89 30 96
4 129 109 84 161
4 93 155 147 90
4 115 39 38 1
4 62 46 126 122
2 93 46
2 97 115
2 89 129
2 62 163
2 93 97
2 89 62
2 93 89
4 147 119 90 142
4 89 53 155 153
4 27 93 26 167
4 115 163 161 140
4 129 117 156 100
4 45 154 109 144
2 129 93
2 163 27
2 89 147
2 115 45
2 163 89
2 115 129
2 163 115
4 54 129 46 159
4 161 32 156 35
4 155 30 97 79
4 163 118 167 119
4 93 90 147 151
4 125 115 51 109
4 91 88 26 49
4 21 130 53 71
4 161 90 91 130
4 163 125 32 88
4 115 93 129 155
4 54 21 30 118
2 93 163
2 115 90
2 161 21
2 125 54
2 125 161
2 93 115
2 93 125
4 93 26 46 126
4 156 54 19 91
4 125 149 147 68
4 167 53 51 62
4 25 100 66 89
4 115 39 155 76
4 133 163 109 129
4 71 70 161 38
4 125 163 167 100
4 25 53 71 39
4 115 156 149 26
4 93 70 133 54
2 70 25
2 125 156
2 93 53
2 115 163
2 125 70
2 115 93
2 115 125
4 93 160 137 133
4 99 79 97 129
4 100 156 73 134
4 81 53 109 54
4 89 90 12 155
4 161 46 149 104
4 25 163 43 147
4 115 91 30 26
4 163 115 79 81
4 161 99 160 53
4 93 100 91 90
4 46 25 156 89
2 161 100
2 93 115
2 163 25
2 46 99
2 93 161
2 46 163
2 93 46
4 156 97 121 109
4 125 65 99 26
4 93 160 141 82
4 27 142 149 155
4 89 84 129 30
4 163 46 87 147
4 71 25 117 115
4 161 137 101 53
4 161 27 84 46
4 125 142 156 160
4 71 93 97 137
4 163 89 65 25
2 93 163
2 71 142
2 27 125
2 89 161
2 89 93
2 71 27
2 71 89
4 149 115 12 133
4 156 137 27 129
4 62 25 109 141
4 89 63 53 147
4 163 67 100 51
4 93 90 118 14
4 21 91 38 54
4 71 98 101 142
2 93 115
2 156 98
2 25 89
2 62 137
2 90 163
2 149 63
2 71 91
2 21 67
2 21 156
2 25 71
2 90 149
2 62 93
2 62 21
2 90 25
2 90 62
4 62 99 147 25
4 46 93 129 160
4 89 115 142 29
4 149 163 104 91
4 156 109 100 155
4 71 161 19 12
4 27 139 125 133
4 21 90 136 39
2 89 93
2 99 46
2 109 62
2 115 156
2 21 161
2 71 163
2 149 139
2 27 90
2 99 89
2 109 149
2 21 115
2 71 27
2 99 21
2 71 109
2 99 71
4 89 115 101 157
4 156 142 50 91
4 161 139 120 100
4 85 154 43 163
4 71 109 134 104
4 149 93 155 147
4 99 21 150 133
4 27 51 16 90
2 161 21
2 156 93
2 89 139
2 71 115
2 149 109
2 27 142
2 154 99
2 85 51
2 156 89
2 71 149
2 85 27
2 161 154
2 156 85
2 161 71
2 161 156
4 21 161 139 111
4 115 27 26 126
4 99 109 88 53
4 125 160 19 147
4 149 93 114 129
4 163 12 154 9
4 156 90 136 66
4 71 43 141 133
2 21 90
2 71 12
2 109 156
2 163 43
2 160 149
2 99 161
2 115 93
2 125 27
2 71 115
2 99 109
2 163 160
2 21 125
2 99 21
2 71 163
2 71 99
4 90 99 118 38
4 21 134 155 125
4 93 147 139 54
4 71 12 154 19
4 161 149 51 67
4 163 160 126 129
4 27 104 109 136
4 6 156 146 114
2 161 12
2 163 149
2 134 90
2 99 27
2 160 93
2 156 71
2 21 147
2 104 6
2 99 156
2 163 160
2 161 134
2 21 104
2 21 99
2 163 161
2 163 21
4 160 21 88 72
4 100 27 139 34
4 161 126 19 65
4 99 41 118 109
4 163 85 132 12
4 115 149 32 114
4 90 156 129 104
4 89 93 77 20
2 21 89
2 85 100
2 115 126
2 90 41
2 161 149
2 99 93
2 156 160
2 163 27
2 156 85
2 163 90
2 21 99
2 161 115
2 163 156
2 161 21
2 161 163
4 88 115 89 87
4 163 136 74 38
4 93 71 118 148
4 21 90 41 22
4 32 149 99 94
4 161 27 108 129
4 6 67 7 51
4 156 147 170 162
2 161 67
2 88 147
2 27 21
2 115 32
2 136 6
2 149 93
2 156 90
2 163 71
2 149 88
2 115 163
2 161 156
2 27 136
2 115 149
2 27 161
2 27 115
4 95 27 143 139
4 134 149 154 59
4 163 125 51 8
4 161 9 108 100
4 115 160 65 72
4 21 118 26 2
4 93 71 142 121
4 19 156 112 14
2 19 160
2 95 71
2 134 125
2 27 115
2 93 149
2 161 156
2 163 118
2 21 9
2 93 95
2 163 21
2 161 19
2 134 27
2 163 134
2 161 93
2 161 163
4 115 166 3 85
4 27 136 23 43
4 154 65 163 52
4 93 149 142 106
4 21 46 125 82
4 156 118 147 97
4 22 77 90 19
4 161 71 5 20
2 22 149
2 21 166
2 71 156
2 115 65
2 161 46
2 93 136
2 154 77
2 118 27
2 93 22
2 115 118
2 21 154
2 161 71
2 115 93
2 21 161
2 21 115
4 39 90 129 106
4 134 156 147 60
4 128 71 77 133
4 97 93 142 3
4 89 19 21 152
4 115 125 20 43
4 161 12 154 26
4 163 53 72 112
2 53 134
2 89 12
2 156 115
2 97 19
2 161 71
2 93 163
2 39 125
2 128 90
2 97 128
2 93 53
2 161 39
2 115 89
2 115 161
2 97 93
2 115 97
4 163 46 19 63
4 93 53 89 9
4 39 147 154 133
4 115 3 5 136
4 21 134 65 114
4 97 156 166 118
4 41 77 90 17
4 161 71 142 12
2 161 3
2 163 147
2 41 71
2 39 46
2 21 53
2 93 134
2 97 77
2 115 156
2 41 161
2 93 97
2 21 39
2 115 163
2 93 115
2 41 21
2 93 41
4 41 89 147 92
4 93 65 99 40
4 62 46 77 154
4 97 156 133 53
4 115 3 160 136
4 161 39 142 22
4 21 134 126 159
4 90 19 153 20
2 39 21
2 161 3
2 41 46
2 89 97
2 93 134
2 115 19
2 62 156
2 90 65
2 161 39
2 93 41
2 115 90
2 89 62
2 161 115
2 89 93
2 161 89
4 93 39 19 92
4 74 109 163 136
4 41 154 53 37
4 3 89 6 10
4 161 160 46 20
4 115 156 147 106
4 21 129 90 29
4 77 78 125 149
2 74 78
2 93 160
2 39 21
2 161 156
2 115 89
2 41 109
2 154 77
2 3 129
2 93 74
2 115 154
2 41 161
2 3 39
2 93 3
2 41 115
2 93 41
4 156 39 40 65
4 166 154 38 129
4 161 3 10 12
4 41 115 13 109
4 62 46 95 136
4 97 93 165 126
4 55 90 9 101
4 89 6 149 106
2 62 3
2 93 166
2 97 154
2 115 156
2 89 90
2 41 46
2 161 39
2 55 6
2 41 55
2 62 97
2 93 115
2 89 161
2 93 41
2 89 62
2 93 89
4 163 65 136 154
4 39 115 12 133
4 160 21 41 145
4 161 89 126 147
4 99 6 26 159
4 3 19 166 30
4 38 90 169 62
4 95 93 97 22
2 89 95
2 3 65
2 99 90
2 6 163
2 93 39
2 160 19
2 161 21
2 115 38
2 160 161
2 115 6
2 93 89
2 99 3
2 93 115
2 99 160
2 93 99
4 97 41 101 62
4 161 95 27 109
4 39 99 166 57
4 90 134 53 137
4 115 142 154 141
4 3 149 19 69
4 93 160 5 136
4 89 163 125 131
2 3 134
2 89 41
2 163 39
2 95 97
2 161 149
2 90 160
2 142 93
2 99 115
2 142 89
2 99 90
2 95 3
2 161 163
2 95 142
2 99 161
2 99 95
4 39 93 101 53
4 115 95 147 57
4 3 4 19 106
4 89 41 46 137
4 99 166 56 82
4 161 97 27 146
4 169 149 154 77
4 125 21 142 43
2 39 97
2 3 93
2 4 125
2 41 99
2 115 21
2 149 89
2 169 95
2 161 166
2 149 3
2 169 41
2 115 161
2 39 4
2 115 149
2 39 169
2 115 39
4 115 41 56 137
4 93 10 19 27
4 3 90 147 118
4 99 4 142 116
4 21 6 138 47
4 97 54 101 77
4 89 161 129 36
4 39 169 163 42
2 3 10
2 115 54
2 21 41
2 99 169
2 90 89
2 39 161
2 97 6
2 93 4
2 3 97
2 21 90
2 39 115
2 93 99
2 3 39
2 21 93
2 21 3
4 3 39 169 101
4 99 41 90 71
4 142 126 97 38
4 93 27 15 19
4 115 154 161 129
4 163 85 4 131
4 43 56 6 74
4 89 21 77 92
2 115 56
2 3 126
2 154 142
2 21 43
2 41 163
2 85 89
2 99 27
2 93 39
2 93 21
2 3 41
2 85 115
2 99 154
2 93 3
2 99 85
2 93 99
4 166 99 142 51
4 90 101 46 41
4 115 27 161 5
4 95 123 126 118
4 21 71 56 106
4 93 169 19 12
4 3 97 6 9
4 154 39 89 87
2 3 169
2 154 101
2 93 99
2 71 95
2 166 123
2 21 97
2 27 90
2 115 39
2 93 21
2 27 154
2 3 115
2 71 166
2 27 71
2 3 93
2 3 27
