0 5073099395
1 5070910211
2 5049272357
3 5061543340
4 5061204243
5 5007362138
6 5005979522
7 5035646089
8 5065845915
9 5051162653
10 5048251375
11 5036910885
12 5059490353
13 5064791458
14 5036037034
15 5011672584
16 5041457930
17 5023067075
18 5008074295
19 5067142016
20 5038907218
21 5025323154
22 5012905268
23 5010495671
24 5089752831
25 5073298043
26 5064544103
27 5072883577
28 5080928105
29 5022602734
30 5076048358
31 5023294219
32 5023473252
33 5002517974
34 5062969234
35 5090303125
36 5070881949
37 5019803252
38 5055751248
39 5091165259
40 5041250586
41 5049466613
42 5086076479
43 5015098676
44 5085173493
45 5022969857
46 5003101415
47 5036257885
48 5040487936
49 5062003260
50 5043988338
51 5003496971
52 5062457490
53 5085973221
54 5052320865
55 5073345920
56 5007031065
57 5019990487
58 5025099143
59 5036336594
60 5073544378
61 5052305622
62 5046546654
63 5079596102
64 5031799782
65 5035273559
66 5022001835
67 5036395430
68 5034374556
69 5036596371
70 5001164919
71 5038976962
72 5059383477
73 5018193153
74 5038697749
75 5069767266
76 5085207296
77 5029297296
78 5080007912
79 5028697698
80 5085453092
81 5083957809
82 5003534953
83 5009853778
84 5058645318
85 5081994751
86 5004223965
87 5070417933
88 5063183844
89 5028186024
90 5010696091
91 5072448062
92 5025967818
93 5082779935
94 5028249744
95 5021300666
96 5059221195
97 5042710641
98 5013040624
99 5033298144
100 5011680071
101 5052003147
102 5050377174
103 5069916197
104 5027386873
105 5007789955
106 5033241898
107 5007821074
108 5018571414
109 5062837485
110 5010711427
111 5069858596
112 5031712155
113 5008307849
114 5058978462
115 5042150866
116 5088023300
117 5000110965
118 5069225752
119 5079005571
120 5000376962
121 5060753814
122 5063316259
123 5050406872
124 5046036796
125 5011893060
126 5076621655
127 5007407500
128 5074855536
129 5001877366
130 5061309772
131 5048049454
132 5041365203
133 5076693439
134 5034671235
135 5009508070
136 5046878875
137 5032026610
138 5013311767
139 5042886213
140 5027108467
141 5014605473
142 5039608229
143 5091671977
144 5035124540
145 5013954074
146 5034827139
147 5035868994
148 5047727568
149 5033881627
150 5037363430
151 5016243774
152 5031999697
153 5057060580
154 5041138083
155 5026573989
156 5054735885
157 5034186728
158 5090492924
159 5090244975
160 5010836192
161 5077137639
162 5087126302
163 5084411434
164 5089136921
165 5024204562
166 5089088705
167 5007034049
168 5065251044
169 5042875079
170 5004157456
171 5019601645
172 5026650969
173 5081142594
174 5090686234
175 5015642017
176 5070147321
177 5019550583
178 5074973043
179 5085024439
180 5011733571
181 5014439401
182 5069834858
183 5008216287
184 5080792075
185 5032965112
186 5032831894
187 5056928963
188 5005438899
189 5088116014
190 5084251510
191 5043837125
192 5029187587
193 5038662431
194 5007082382
195 5035398709
196 5032294826
197 5006225383
198 5075125669
199 5068424062
200 5041020727
201 5085737537
202 5048096741
203 5037975948
204 5014627584
205 5070139134
206 5079950430
207 5025510459
208 5090046099
209 5022100881
210 5086514721
211 5035082420
212 5031482845
213 5018738469
214 5031550518
215 5046878011
216 5078140696
217 5025590875
218 5036229691
219 5041807449
220 5050433251
221 5035054562
222 5004588687
223 5083649171
224 5081847205
225 5021838252
226 5008809576
227 5011317474
228 5018842930
229 5017073972
230 5072751484
231 5061698921
232 5023487560
233 5084661514
234 5090217494
235 5015141521
236 5084869322
237 5072262870
238 5039974485
239 5028044562
240 5020196441
241 5007140414
242 5040597705
243 5023323282
244 5061287527
245 5045684737
246 5048225486
247 5061160911
248 5091068467
249 5041729360
250 5037941555
251 5016146759
252 5016371653
253 5026205409
254 5045962448
255 5073606848
256 5071881971
257 5074929175
258 5007961707
259 5019083787
260 5078279388
261 5068949813
262 5050985966
263 5019952797
264 5052826065
265 5027326281
266 5039177932
267 5085676329
268 5077712228
269 5087275461
270 5053428885
271 5075496148
272 5041685522
273 5026698378
274 5067371775
275 5091599934
276 5004500567
277 5027881535
278 5075512077
279 5005760050
280 5035771024
281 5075548536
282 5072717593
283 5026774143
284 5084297396
285 5019765656
286 5067812040
287 5018859873
288 5077182970
289 5059657244
290 5085031854
291 5015328710
292 5015184122
293 5007202231
294 5004771502
295 5064086976
296 5070815266
297 5044618645
298 5022565034
299 5037608057
300 5041273626
301 5036421485
302 5005333977
303 5075444455
304 5007210792
305 5024605926
306 5004460622
307 5072783446
308 5012664020
309 5040845006
310 5062762496
311 5052692974
312 5070765320
313 5012479314
314 5003202779
315 5000249421
316 5017704967
317 5020932555
318 5009768638
319 5002078826
320 5070757468
321 5038880573
322 5056896668
323 5006620409
324 5058024103
325 5075558091
326 5034018815
327 5052427268
328 5030346752
329 5064971466
330 5020667150
331 5011616011
332 5068212961
333 5013741080
334 5074063711
335 5017300427
336 5033732758
337 5066728847
338 5067889485
339 5035349918
340 5023950359
341 5018066582
342 5043350716
343 5022625151
344 5012113516
345 5003047037
346 5051257652
347 5029730907
348 5076478183
349 5084507913
350 5071444590
351 5057008878
352 5084321543
353 5009787730
354 5039324448
355 5058716946
356 5070371713
357 5041886096
358 5043337835
359 5078773176
360 5022449356
361 5034730478
362 5021851184
363 5025440991
364 5016936938
365 5005639179
366 5068119155
367 5089142551
368 5008291667
369 5047301239
370 5041680508
371 5076143079
372 5036384310
373 5003903037
374 5071815837
375 5003305954
376 5031110017
377 5042493047
378 5074029052
379 5044065796
380 5000282798
381 5009455403
382 5089866395
383 5085933261
384 5009266404
385 5029749525
386 5072780271
387 5018620356
388 5044097673
389 5056305769
390 5005142053
391 5039373945
392 5015087094
393 5029515716
394 5027329189
395 5090559371
396 5056602646
397 5072569667
398 5057002364
399 5067118505
400 5080550894
401 5088286793
402 5079464744
403 5036922268
404 5030006028
405 5034152102
406 5075730103
407 5058214144
408 5008120275
409 5090936599
410 5023165801
411 5009049114
412 5033568530
413 5040546953
414 5057379379
415 5085529697
416 5091405758
417 5060449251
418 5016265229
419 5017819807
420 5088504315
421 5056464653
422 5006096731
423 5055659156
424 5041493435
425 5035430688
426 5078174873
427 5048357211
428 5080004413
429 5002411596
430 5071516844
431 5045850608
432 5083819212
433 5028779762
434 5006373210
435 5020182196
436 5066538735
437 5090192896
438 5037913256
439 5045329304
440 5045781811
441 5047927017
442 5079796683
443 5039266544
444 5043458676
445 5059799380
446 5021632929
447 5090686249
448 5043409394
449 5027835055
450 5044168802
451 5071656343
452 5023293408
453 5000429333
454 5090077335
455 5003106323
456 5091280059
457 5064079084
458 5040382316
459 5082024795
460 5075992947
461 5034908463
462 5059129860
463 5073403497
464 5091756384
465 5084793824
466 5027588100
467 5013813259
468 5053938061
469 5048471401
470 5013229566
471 5072853454
472 5073634142
473 5075360079
474 5089995626
475 5014662127
476 5002919496
477 5056459691
478 5072536284
479 5083958966
480 5039354723
481 5030358110
482 5064959609
483 5068283502
484 5010273563
485 5031236554
486 5007669976
487 5079256324
488 5019387364
489 5076493939
490 5041169962
491 5000251403
492 5013747794
493 5055648393
494 5028347915
495 5000679279
496 5008033989
497 5031928873
498 5029658264
499 5032215497
500 5071561412
501 5066312599
502 5083030282
503 5058957215
504 5031779833
505 5076985100
506 5072735370
507 5053885667
508 5047655338
509 5041513167
510 5087525845
511 5001814682
512 5069008310
513 5010309328
514 5091022473
515 5026655461
516 5030379604
517 5089421237
518 5017591427
519 5050586219
520 5014647140
521 5037860291
522 5065260816
523 5086363084
524 5069368952
525 5057375807
526 5054960213
527 5005823022
528 5021894004
529 5010209966
530 5062874541
531 5021790559
532 5042875880
533 5063176243
534 5024451873
535 5031562431
536 5041928974
537 5086031723
538 5052367065
539 5086542761
540 5002496858
541 5052920399
542 5033643258
543 5064138009
544 5058569734
545 5046857123
546 5017990808
547 5047241543
548 5052965447
549 5022372948
550 5016455866
551 5049078253
552 5015894777
553 5034663047
554 5051225789
555 5020744800
556 5038060570
557 5071186882
558 5031220186
559 5074431546
560 5018493716
561 5020186212
562 5020388926
563 5069425435
564 5071905177
565 5041859166
566 5039747459
567 5068178893
568 5003551603
569 5018048484
570 5057686337
571 5064053881
572 5020293284
573 5073693965
574 5034891791
575 5079309664
576 5087402200
577 5044848288
578 5025769957
579 5065071611
580 5026685515
581 5017401263
582 5049086349
583 5051144850
584 5063917581
585 5088919583
586 5065040028
587 5069043072
588 5071263366
589 5034300460
590 5001882074
591 5084364969
592 5075135277
593 5004263988
594 5036030375
595 5085114152
596 5046651352
597 5025311999
598 5065384967
599 5085153518
600 5024647065
601 5049888293
602 5044485966
603 5030543816
604 5027791567
605 5084075594
606 5038901933
607 5032749729
608 5052400301
609 5073632111
610 5073371703
611 5008389022
612 5005409439
613 5054976458
614 5035054017
615 5065675756
616 5025142420
617 5057418603
618 5063532702
619 5015128681
620 5019515592
621 5074315429
622 5057851757
623 5073800371
624 5026949484
625 5046927655
626 5059018625
627 5058254421
628 5043074873
629 5044868467
630 5054890347
631 5050973347
632 5027592252
633 5067724611
634 5075409948
635 5022695787
636 5000526448
637 5024890130
638 5015286590
639 5026339713
640 5085408118
641 5027706684
642 5038624724
643 5091827614
644 5059033705
645 5029144285
646 5061012923
647 5040904281
648 5086446130
649 5029254834
650 5051848798
651 5032635587
652 5067808436
653 5005990674
654 5065519647
655 5078965047
656 5079890590
657 5055329626
658 5089268172
659 5076570918
660 5051938489
661 5069069702
662 5068236230
663 5088400335
664 5040997517
665 5084972098
666 5047200660
667 5051515473
668 5019944216
669 5054397603
670 5033508527
671 5066135083
672 5054518832
673 5029483412
674 5068542997
675 5053919001
676 5029127277
677 5035464114
678 5023247876
679 5082560876
680 5018240520
681 5075372352
682 5075126719
683 5063432831
684 5006983623
685 5090360853
686 5025748256
687 5037693685
688 5034173322
689 5053161169
690 5005894917
691 5025711177
692 5015783398
693 5030313909
694 5005234637
695 5082204641
696 5048344653
697 5083372458
698 5074269816
699 5019040355
700 5067714445
701 5019762150
702 5090925242
703 5062615929
704 5000969982
705 5086901708
706 5036294807
707 5006705660
708 5087676403
709 5042321575
710 5067174340
711 5000393220
712 5079272367
713 5026152928
714 5027725609
715 5043746667
716 5053508163
717 5033466669
718 5008669095
719 5069721973
720 5065609062
721 5076622946
722 5073783624
723 5057965623
724 5008272176
725 5053895833
726 5034615181
727 5075866067
728 5089371996
729 5078840209
730 5059095080
731 5070405591
732 5059590788
733 5043895547
734 5049801650
735 5008936826
736 5074875493
737 5052825834
738 5032456571
739 5058031113
740 5076560599
741 5066244228
742 5027892876
743 5062730683
744 5050527976
745 5059198564
746 5025621521
747 5048188412
748 5017513172
749 5089503234
750 5010599965
751 5047565816
752 5018730647
753 5048397372
754 5091493914
755 5087739573
756 5062277000
757 5030313952
758 5085088187
759 5012746112
760 5082923475
761 5022368086
762 5040529929
763 5002219113
764 5060108446
765 5042326103
766 5082255432
767 5081110829
768 5091766722
769 5053232539
770 5020270010
771 5035814482
772 5028615903
773 5091804814
774 5063624820
775 5053664657
776 5033332525
777 5044525992
778 5009547049
779 5009154893
780 5066696247
781 5061995455
782 5048286409
783 5028596003
784 5033955453
785 5016912041
786 5020382415
787 5059658943
788 5035092278
789 5068624445
790 5075151494
791 5030951161
792 5020130354
793 5042408300
794 5088917401
795 5030524626
796 5033169092
797 5006700143
798 5071778778
799 5080265907
800 5079025527
801 5033600335
802 5037020807
803 5081956768
804 5038981063
805 5032194419
806 5051097609
807 5014118791
808 5039199276
809 5022843136
810 5074725115
811 5031218218
812 5037382955
813 5009040681
814 5082335410
815 5030844232
816 5040511603
817 5049885707
818 5074036292
819 5058056897
820 5008715939
821 5060665833
822 5005484579
823 5045325306
824 5060783476
825 5088702916
826 5075151889
827 5086513807
828 5033843421
829 5077004852
830 5015296013
831 5073954393
832 5057898803
833 5074473194
834 5047786826
835 5043906650
836 5018254854
837 5037036640
838 5041069947
839 5036240949
840 5063909753
841 5013336788
842 5049650069
843 5034065247
844 5011405723
845 5002550790
846 5067742024
847 5019881360
848 5070322703
849 5091176226
850 5060221249
851 5075113884
852 5005171960
853 5008200989
854 5034120026
855 5077296628
856 5038398105
857 5044078921
858 5019398608
859 5081688191
860 5082878434
861 5006044868
862 5067494330
863 5020760956
864 5068826928
865 5017991749
866 5068955023
867 5054154582
868 5018510946
869 5083586844
870 5029142300
871 5065689538
872 5047179180
873 5090604333
874 5086099553
875 5069937075
876 5038980069
877 5066577130
878 5007056691
879 5021780574
880 5059989970
881 5006968389
882 5022079679
883 5048104138
884 5082358375
885 5032212634
886 5065209470
887 5082427927
888 5052945096
889 5005103749
890 5055116527
891 5072737130
892 5049482326
893 5088082821
894 5073142937
895 5053140118
896 5012510621
897 5023083320
898 5006528228
899 5013927853
900 5070808813
901 5060800944
902 5067285971
903 5023063524
904 5049415924
905 5066403110
906 5020091882
907 5060048434
908 5056256429
909 5000432967
910 5051587395
911 5026022017
912 5047456908
913 5041768065
914 5003989320
915 5011999109
916 5004745888
917 5033546572
918 5008713578
919 5017534073
920 5000594503
921 5012345613
922 5026438718
923 5007525822
924 5034816457
925 5050747998
926 5038250577
927 5048664794
928 5055214765
929 5077096142
930 5060302736
931 5071689628
932 5027757403
933 5087315606
934 5089505331
935 5044026747
936 5003581663
937 5036972388
938 5068753451
939 5090676285
940 5063664464
941 5058302068
942 5003070798
943 5041833968
944 5019821396
945 5037337156
946 5057650206
947 5020270223
948 5038078162
949 5082884831
950 5088776221
951 5061980190
952 5083108695
953 5085988625
954 5084402271
955 5004713612
956 5027699287
957 5052717630
958 5015276254
959 5052018927
960 5054869562
961 5055506356
962 5038806020
963 5032235572
964 5046958549
965 5083312685
966 5013633267
967 5022581666
968 5001105113
969 5020915137
970 5077202610
971 5025218537
972 5022889155
973 5066062951
974 5046499549
975 5044454353
976 5002263442
977 5020766836
978 5031168379
979 5001474328
980 5031806795
981 5015614123
982 5015055144
983 5073501391
984 5087448806
985 5002034958
986 5060223489
987 5040821463
988 5072363876
989 5052553537
990 5027937806
991 5017357771
992 5005577673
993 5001812859
994 5057866050
995 5055873619
996 5017097104
997 5079517520
998 5019886336
999 5065964368
1000 5015761687
1001 5036368865
1002 5029418921
1003 5066926540
1004 5061649532
1005 5072360374
1006 5059835240
1007 5085312107
1008 5022499603
1009 5003650283
1010 5022021114
1011 5039615104
1012 5037671858
1013 5045979015
1014 5073703343
1015 5046140996
1016 5030626361
1017 5029323326
1018 5083689532
1019 5088663086
1020 5061460061
1021 5026230936
1022 5046641062
1023 5004113275
1024 5031297912
1025 5063194021
1026 5082358191
1027 5044033087
1028 5065692438
1029 5044312957
1030 5032860394
1031 5018565597
1032 5078098553
1033 5057008460
1034 5082953212
1035 5029959450
1036 5019938790
1037 5074613722
1038 5071303279
1039 5021541475
1040 5049780617
1041 5036034260
1042 5016865358
1043 5011296492
1044 5031150435
1045 5091547800
1046 5068500349
1047 5025338734
1048 5091301888
1049 5015080044
1050 5062403203
1051 5059236838
1052 5074320818
1053 5089236254
1054 5007854287
1055 5066219206
1056 5021281308
1057 5010102188
1058 5031631926
1059 5038201962
1060 5058103671
1061 5074302936
1062 5003615109
1063 5048185237
1064 5075976880
1065 5008935489
1066 5020134520
1067 5071248765
1068 5022475642
1069 5081828054
1070 5053306246
1071 5009307539
1072 5035232958
1073 5032185847
1074 5002615146
1075 5023112790
1076 5055038032
1077 5061427049
1078 5064234628
1079 5020490780
1080 5081365826
1081 5031050042
1082 5010346903
1083 5075715761
1084 5039799314
1085 5011788533
1086 5012709965
1087 5050515341
1088 5045665461
1089 5021907138
1090 5047792973
1091 5071010612
1092 5028191957
1093 5066732295
1094 5000533982
1095 5006939924
1096 5071892166
1097 5046565506
1098 5023201158
1099 5071155350
1100 5011256345
1101 5006822609
1102 5021516635
1103 5067229807
1104 5062479318
1105 5005126104
1106 5008761681
1107 5049954115
1108 5073847953
1109 5056243627
1110 5067277228
1111 5086726856
1112 5020069255
1113 5035958229
1114 5056141397
1115 5017906200
1116 5060284901
1117 5079623812
1118 5042757974
1119 5029999003
1120 5002343323
1121 5063100167
1122 5065482200
1123 5077453382
1124 5054592606
1125 5050004769
1126 5085604268
1127 5000065699
1128 5065778793
1129 5042395232
1130 5045068271
1131 5065396462
1132 5032951414
1133 5050424748
1134 5035252549
1135 5040052580
1136 5055506939
1137 5065102785
1138 5025187446
1139 5064164103
1140 5038085502
1141 5080479523
1142 5045518550
1143 5001848905
1144 5006114011
1145 5068238985
1146 5011279096
1147 5049692788
1148 5009499865
1149 5024007701
1150 5048983044
1151 5029308836
1152 5006628990
1153 5089070767
1154 5034737632
1155 5054921743
1156 5005461836
1157 5049359232
1158 5035455593
1159 5064933026
1160 5081601906
1161 5013737776
1162 5058629427
1163 5039180673
1164 5057969496
1165 5071473963
1166 5061018546
1167 5008225248
1168 5087457626
1169 5072246313
1170 5065588007
1171 5091240867
1172 5026914880
1173 5047996039
1174 5027478779
1175 5011122234
1176 5056653696
1177 5039493983
1178 5064327495
1179 5061315342
1180 5080574783
1181 5081237251
1182 5082881483
1183 5076745658
1184 5016253883
1185 5072514630
1186 5016360507
1187 5082123937
1188 5004857121
1189 5041684359
1190 5008049177
1191 5005706505
1192 5045659246
1193 5053956022
1194 5069238833
1195 5077624039
1196 5085965894
1197 5088827087
1198 5061128855
1199 5036258705
1200 5057977875
1201 5003046078
1202 5026919199
1203 5064247797
1204 5045667142
1205 5065043481
1206 5061981657
1207 5040255898
1208 5028376373
1209 5029236410
1210 5010465278
1211 5005118312
1212 5035909718
1213 5001513313
1214 5030954130
1215 5038329591
1216 5021570390
1217 5067294479
1218 5011228873
1219 5078699564
1220 5016767305
1221 5082519689
1222 5018441926
1223 5079886500
1224 5072513001
1225 5010661076
1226 5051806594
1227 5046188773
1228 5084222809
1229 5082217167
1230 5086345793
1231 5073146968
1232 5071908293
1233 5075498364
1234 5066626519
1235 5005425034
1236 5020706311
1237 5073002116
1238 5055359361
1239 5044734485
1240 5019696985
1241 5030457085
1242 5033779766
1243 5091239810
1244 5072884903
1245 5073781544
1246 5085280034
1247 5014074388
1248 5037214957
1249 5051143676
1250 5062226737
1251 5015565298
1252 5009370910
1253 5081794584
1254 5063934076
1255 5084818943
1256 5070931010
1257 5040601958
1258 5057768736
1259 5005659262
1260 5041032012
1261 5036322121
1262 5055652750
1263 5004139501
1264 5046805836
1265 5001962917
1266 5088453666
1267 5083509292
1268 5066098469
1269 5067941440
1270 5046790968
1271 5080218242
1272 5036996826
1273 5085232359
1274 5067299116
1275 5089996499
1276 5075765425
1277 5008789930
1278 5041045348
1279 5018596412
1280 5085247766
1281 5051011998
1282 5020919264
1283 5014314066
1284 5006128566
1285 5004246635
1286 5001294898
1287 5042555979
1288 5043733219
1289 5033919482
1290 5071634649
1291 5091272738
1292 5084102378
1293 5009319874
1294 5073729334
1295 5037574289
1296 5076436751
1297 5010600696
1298 5015065189
1299 5070719134
1300 5054599909
1301 5086937293
1302 5037842129
1303 5026853338
1304 5062009154
1305 5021211585
1306 5007861284
1307 5044417741
1308 5011836855
1309 5071899551
1310 5062688064
1311 5008458736
1312 5056168112
1313 5071063740
1314 5084618104
1315 5053964476
1316 5080477784
1317 5022067945
1318 5012146818
1319 5068957185
1320 5088272346
1321 5061657903
1322 5030934220
1323 5005034643
1324 5014866425
1325 5034373255
1326 5053327113
1327 5024077369
1328 5035405562
1329 5075432112
1330 5045703333
1331 5067809524
1332 5031620320
1333 5078984146
1334 5067400866
1335 5038018301
1336 5047259721
1337 5051471901
1338 5076891379
1339 5071083794
1340 5048563533
1341 5031473691
1342 5025902765
1343 5051587915
1344 5054177658
1345 5010812171
1346 5067999469
1347 5061560783
1348 5086166846
1349 5029357452
1350 5062734796
1351 5007342254
1352 5058177812
1353 5063125820
1354 5058684689
1355 5027080386
1356 5018738292
1357 5042253260
1358 5029337511
1359 5035511232
1360 5011045679
1361 5073531557
1362 5067549447
1363 5040713757
1364 5068614736
1365 5042185860
1366 5047021980
1367 5020193881
1368 5032240945
1369 5073043446
1370 5017315554
1371 5005651927
1372 5033229001
1373 5084080816
1374 5057065683
1375 5014209622
1376 5010460940
1377 5002649408
1378 5053468857
1379 5036604316
1380 5041099730
1381 5028683893
1382 5048266570
1383 5003678652
1384 5058063836
1385 5086501001
1386 5021769351
1387 5035240489
1388 5052554493
1389 5012792532
1390 5051182859
1391 5079303837
1392 5007550546
1393 5004315011
1394 5075011195
1395 5035589814
1396 5091769643
1397 5000972803
1398 5047236763
1399 5040894517
1400 5018760908
1401 5089570363
1402 5009248521
1403 5082927374
1404 5018485369
1405 5022754114
1406 5028708367
1407 5031146559
1408 5072967282
1409 5008131338
1410 5076699095
1411 5071299600
1412 5010097254
1413 5049442192
1414 5069473323
1415 5054151020
1416 5049610777
1417 5034298577
1418 5040120385
1419 5005831238
1420 5071577345
1421 5002294203
1422 5053379558
1423 5037919963
1424 5077848176
1425 5068161656
1426 5043964956
1427 5035052603
1428 5003920711
1429 5060724128
1430 5060850775
1431 5004023107
1432 5086464825
1433 5032350326
1434 5062318856
1435 5044737729
1436 5070310053
1437 5000765124
1438 5037946945
1439 5039245566
1440 5010678427
1441 5006709359
1442 5088401051
1443 5050759731
1444 5073492643
1445 5014704347
1446 5051952709
1447 5000805822
1448 5030319840
1449 5025398584
1450 5023140257
1451 5061603084
1452 5059091723
1453 5027512307
1454 5037087050
1455 5065058975
1456 5002112650
1457 5018745403
1458 5058003632
1459 5067224890
1460 5000149298
1461 5046448622
1462 5039842081
1463 5002202464
1464 5026803966
1465 5077038503
1466 5018244700
1467 5016751632
1468 5016038041
1469 5043166229
1470 5069154641
1471 5034211616
1472 5084552503
1473 5015710627
1474 5077055433
1475 5038669899
1476 5087862180
1477 5032700756
1478 5045568369
1479 5047976044
1480 5083897996
1481 5019398448
1482 5073855965
1483 5022028438
1484 5029108612
1485 5017406892
1486 5086725918
1487 5060183257
1488 5045726954
1489 5052599603
1490 5087714116
1491 5038851202
1492 5054883780
1493 5068865569
1494 5032969907
1495 5068556798
1496 5052575737
1497 5084928583
1498 5049134079
1499 5073672034
1500 5043211393
1501 5071117473
1502 5082913931
1503 5077039909
1504 5090466692
1505 5017332136
1506 5027754254
1507 5048136336
1508 5065452923
1509 5091334095
1510 5077276570
1511 5074878708
1512 5089852717
1513 5000602206
1514 5003087402
1515 5052932406
1516 5060484206
1517 5072046805
1518 5072013741
1519 5062468463
1520 5027673966
1521 5034039087
1522 5073282203
1523 5051902854
1524 5012498159
1525 5019002025
1526 5006299972
1527 5061292951
1528 5014649758
1529 5044138533
1530 5002455634
1531 5052912476
1532 5028407052
1533 5032058269
1534 5024845093
1535 5049128033
1536 5077695491
1537 5021923917
1538 5031723819
1539 5088333030
1540 5013432869
1541 5079978503
1542 5042061810
1543 5053394325
1544 5006218803
1545 5065565260
1546 5009409208
1547 5020888241
1548 5070657345
1549 5057999999
1550 5066532084
1551 5007007395
1552 5065854639
1553 5077085997
1554 5069972369
1555 5030256799
1556 5086063649
1557 5071169102
1558 5033272403
1559 5033941123
1560 5070740163
1561 5034372799
1562 5073875709
1563 5017807232
1564 5050966346
1565 5004186637
1566 5065682719
1567 5007348590
1568 5056777216
1569 5047198701
1570 5085091009
1571 5021152616
1572 5055841597
1573 5011900642
1574 5083332854
1575 5067081068
1576 5024774772
1577 5090466777
1578 5068052684
1579 5039138807
1580 5029135224
1581 5086595191
1582 5082233513
1583 5034553663
1584 5015711710
1585 5016845349
1586 5068033873
1587 5073011466
1588 5062318797
1589 5057908133
1590 5048953880
1591 5038398506
1592 5089701687
1593 5068353454
1594 5068974029
1595 5091434894
1596 5010616841
1597 5062925938
1598 5017393131
1599 5047363080
1600 5082338399
1601 5076424703
1602 5020962719
1603 5073789094
1604 5049687205
1605 5011280307
1606 5051434566
1607 5076695242
1608 5085270922
1609 5038186210
1610 5088690007
1611 5078861805
1612 5001380940
1613 5015396803
1614 5070920982
1615 5031364854
1616 5022414084
1617 5034510214
1618 5031207578
1619 5083607747
1620 5082640536
1621 5049797871
1622 5077130902
1623 5017648135
1624 5039679659
1625 5082765817
1626 5026993924
1627 5033698066
1628 5025801291
1629 5087720189
1630 5001695414
1631 5050175985
1632 5015051704
1633 5048449823
1634 5016514282
1635 5010403096
1636 5063284411
1637 5041772080
1638 5085649470
1639 5011808796
1640 5016850339
1641 5042241464
1642 5020836845
1643 5052985577
1644 5024925085
1645 5025894735
1646 5066791342
1647 5072710852
1648 5014360161
1649 5001358762
1650 5079925942
1651 5077194163
1652 5067697796
1653 5078904263
1654 5018973439
1655 5000385798
1656 5014961111
1657 5068179799
1658 5026824407
1659 5048624755
1660 5060232398
1661 5056559023
1662 5073459923
1663 5077079991
1664 5013262618
1665 5011368152
1666 5061483794
1667 5023775697
1668 5023997241
1669 5029288246
1670 5029874719
1671 5046597133
1672 5058796234
1673 5031600732
1674 5058986420
1675 5010201442
1676 5038858136
1677 5065413792
1678 5086604615
1679 5024464346
1680 5023461254
1681 5084321380
1682 5081768707
1683 5059191786
1684 5045471214
1685 5011016913
1686 5033588134
1687 5086073834
1688 5021423914
1689 5084438761
1690 5051942308
1691 5026490818
1692 5005434384
1693 5089848606
1694 5009715973
1695 5027079032
1696 5053417186
1697 5057571649
1698 5047847314
1699 5069884896
1700 5044193587
1701 5050563694
1702 5071854504
1703 5004372996
1704 5001457441
1705 5064613222
1706 5057670202
1707 5001994994
1708 5077291146
1709 5066858212
1710 5033425080
1711 5040214920
1712 5047997904
1713 5084308483
1714 5069681436
1715 5090319741
1716 5064223365
1717 5033002944
1718 5016760218
1719 5034541570
1720 5090982551
1721 5069410726
1722 5020648609
1723 5027239573
1724 5052831097
1725 5036913590
1726 5009164900
1727 5006279779
1728 5006779914
1729 5090297369
1730 5058010593
1731 5030113789
1732 5008707556
1733 5063955327
1734 5050426677
1735 5005301806
1736 5064532054
1737 5080707502
1738 5074995400
1739 5048176602
1740 5002721807
1741 5060215075
1742 5045427029
1743 5073910473
1744 5049544123
1745 5081551197
1746 5079617036
1747 5002007070
1748 5032518872
1749 5091428197
1750 5069803426
1751 5027918227
1752 5082240058
1753 5051507672
1754 5050692319
1755 5035458800
1756 5029925799
1757 5060442892
1758 5023510326
1759 5074185256
1760 5067266817
1761 5063992481
1762 5027140387
1763 5016751033
1764 5027033026
1765 5072295740
1766 5006738371
1767 5061970522
1768 5050648982
1769 5068195118
1770 5059134356
1771 5007615397
1772 5069143323
1773 5018173056
1774 5081866316
1775 5010411401
1776 5082024129
1777 5005867218
1778 5087258779
1779 5066245772
1780 5059690645
1781 5090970386
1782 5020137286
1783 5056107519
1784 5003818762
1785 5012033205
1786 5089447414
1787 5034202444
1788 5042428387
1789 5013789253
1790 5056188388
1791 5041549449
1792 5077836239
1793 5087569260
1794 5033813219
1795 5089934056
1796 5043029559
1797 5087079614
1798 5045054843
1799 5014942392
1800 5058317211
1801 5010240307
1802 5027039200
1803 5061616669
1804 5054795994
1805 5018669443
1806 5082996781
1807 5018019822
1808 5065478102
1809 5049422738
1810 5030864798
1811 5041757605
1812 5060874168
1813 5003624937
1814 5052027939
1815 5010904023
1816 5033081182
1817 5044153684
1818 5075298587
1819 5055710645
1820 5072263832
1821 5043960963
1822 5001035442
1823 5036939761
1824 5074511334
1825 5019955505
1826 5019170728
1827 5018555355
1828 5017541508
1829 5080897586
1830 5056235079
1831 5048385616
1832 5038153212
1833 5002793121
1834 5022031032
1835 5043442778
1836 5029222386
1837 5030787824
1838 5068784452
1839 5017413266
1840 5011588658
1841 5066159634
1842 5068312877
1843 5000767480
1844 5088557956
1845 5073674820
1846 5045388427
1847 5048046634
1848 5016957787
1849 5020127161
1850 5042789303
1851 5058209508
1852 5036493879
1853 5029619181
1854 5078072446
1855 5073024577
1856 5045669197
1857 5021556884
1858 5029879868
1859 5075272515
1860 5066281414
1861 5057781986
1862 5002490000
1863 5049240799
1864 5006354562
1865 5008584000
1866 5064939409
1867 5089425432
1868 5032295417
1869 5090535783
1870 5021231886
1871 5037300947
1872 5023812700
1873 5028293181
1874 5037566210
1875 5064234844
1876 5037991388
1877 5090271782
1878 5004169135
1879 5002236438
1880 5039481707
1881 5027858623
1882 5067151233
1883 5006547531
1884 5041274004
1885 5015877702
1886 5015978035
1887 5037899572
1888 5030765907
1889 5077212476
1890 5056287697
1891 5060224736
1892 5008740887
1893 5071710409
1894 5080643048
1895 5089505843
1896 5006670706
1897 5047514569
1898 5060106170
1899 5012905461
1900 5072756190
1901 5091076829
1902 5028396638
1903 5012751505
1904 5025090907
1905 5012493900
1906 5070922104
1907 5057217842
1908 5087515404
1909 5077223066
1910 5046022160
1911 5066498083
1912 5070545398
1913 5075783409
1914 5069972534
1915 5082992426
1916 5028533498
1917 5009434750
1918 5081870439
1919 5007158257
1920 5057697784
1921 5086396945
1922 5006492396
1923 5004664210
1924 5048454976
1925 5090298086
1926 5056345444
1927 5083283029
1928 5019531261
1929 5033655586
1930 5044711319
1931 5087547134
1932 5028610854
1933 5042329125
1934 5068922252
1935 5028011279
1936 5052235294
1937 5032602392
1938 5072560560
1939 5062315069
1940 5042369935
1941 5067535792
1942 5072266097
1943 5020884951
1944 5030960362
1945 5082648063
1946 5064143240
1947 5077476842
1948 5033203853
1949 5081449151
1950 5024031732
1951 5004502095
1952 5002281587
1953 5067450588
1954 5090760611
1955 5083121960
1956 5056360545
1957 5091699368
1958 5077922429
1959 5059808221
1960 5005529953
1961 5030778108
1962 5016081500
1963 5065820808
1964 5065844862
1965 5043271534
1966 5073768295
1967 5045565551
1968 5019906371
1969 5033660158
1970 5035223546
1971 5033477011
1972 5010296277
1973 5082332955
1974 5046638391
1975 5006395126
1976 5019708820
1977 5067398286
1978 5050183326
1979 5029121256
1980 5042185020
1981 5007872613
1982 5044225623
1983 5072455364
1984 5078170104
1985 5004569272
1986 5091737589
1987 5054296598
1988 5016957024
1989 5043344418
1990 5085041770
1991 5011435835
1992 5011282941
1993 5067140318
1994 5065384282
1995 5011892455
1996 5013217302
1997 5043262709
1998 5022956498
1999 5034855273
2000 5002129891
2001 5019914713
2002 5091293840
2003 5022485637
2004 5081807832
2005 5003679985
2006 5083720232
2007 5058628051
2008 5039245418
2009 5065873501
2010 5016431033
2011 5033584819
2012 5042312889
2013 5043685633
2014 5078003685
2015 5072532042
2016 5023554073
2017 5030022002
2018 5006322883
2019 5025128490
2020 5054824197
2021 5063367289
2022 5004611996
2023 5061851539
2024 5038823244
2025 5002933889
2026 5079326373
2027 5022255550
2028 5077716269
2029 5000803372
2030 5011702824
2031 5083316408
2032 5047100816
2033 5044268114
2034 5042098658
2035 5043479061
2036 5037586820
2037 5053537520
2038 5016844968
2039 5076750708
2040 5007847950
2041 5045411384
2042 5019554559
2043 5003378348
2044 5003822957
2045 5045892894
2046 5014074585
2047 5018461350
2048 5070551631
2049 5016001264
2050 5069455858
2051 5062908646
2052 5007466464
2053 5021346979
2054 5075774125
2055 5032100324
2056 5076190433
2057 5034369995
2058 5064589174
2059 5063551418
2060 5004103488
2061 5010016067
2062 5015583825
2063 5009912854
2064 5039266820
2065 5014847770
2066 5050214964
2067 5045756039
2068 5068653875
2069 5042775184
2070 5005002059
2071 5084525009
2072 5051330273
2073 5084385844
2074 5079779062
2075 5057140338
2076 5020288677
2077 5070779516
2078 5043692408
2079 5072140128
2080 5013324905
2081 5067777615
2082 5067155034
2083 5002078238
2084 5078651528
2085 5071259425
2086 5052271280
2087 5073733957
2088 5022774532
2089 5011107893
2090 5078144938
2091 5037371099
2092 5024538833
2093 5083724783
2094 5010863408
2095 5056624387
2096 5019400118
2097 5006681132
2098 5079000862
2099 5064449982
2100 5027903946
2101 5056499434
2102 5086715188
2103 5060661751
2104 5087844608
2105 5076024637
2106 5070103712
2107 5084860184
2108 5038687804
2109 5062113881
2110 5073364691
2111 5070493763
2112 5066096589
2113 5027136376
2114 5062737173
2115 5089977648
2116 5014076497
2117 5015580086
2118 5088030110
2119 5079156406
2120 5071535087
2121 5006375665
2122 5046458155
2123 5027977819
2124 5000749395
2125 5062493663
2126 5018161907
2127 5003288277
2128 5051195268
2129 5019560977
2130 5015348278
2131 5068668120
2132 5048965399
2133 5051842696
2134 5042679647
2135 5042656326
2136 5086651355
2137 5020643109
2138 5008622179
2139 5088714049
2140 5027512257
2141 5013637667
2142 5018496859
2143 5022390632
2144 5070913945
2145 5002134055
2146 5058735228
2147 5018639039
2148 5007996041
2149 5053178517
2150 5071245512
2151 5041882348
2152 5069397289
2153 5000468754
2154 5073714647
2155 5031703617
2156 5071543649
2157 5077637811
2158 5082911363
2159 5038412005
2160 5042284738
2161 5044634171
2162 5054609598
2163 5037216771
2164 5091057740
2165 5003790553
2166 5088184727
2167 5073384154
2168 5089762957
2169 5074932834
2170 5018438162
2171 5019813807
2172 5047701741
2173 5087935902
2174 5001276084
2175 5054586972
